#180504c
#

24     n      n     n  3.01758
25     n      n     n  2.72461
26 33.12 547.28     n  2.30957   29.9005194961839
27 35.6  547.08     n  2.18750   30.9612916396777
28 41.1  546.82     n  2.06543   34.3157979425646
29 25.7  546.09     n  1.89453   30.8556393862847
30 19.6  544.37     n  1.79688   37.8781523719084
31  8.3  542.40     n  1.60156   46.1726904414778
32  8.3  542.07     n  1.45508   50.06972375387
33 11.06 539.87     n  1.33301   55.583287092347
34  8.92 542.37     n  1.18652   127.122646453825
35  8.71 540.92     n  1.06445   114.937091057839
36  7.61 545.51     n  0.94238   88.8416109026305
#37 15.93 556        n  0.82031   110.565493795345
38  7.30 543        n  0.69824   88.8399003280075
39 13.71 544        n  0.57617   77.6821745096725
#40 13.96 551        n  0.45410   70.0617715868597
41 13.95 549        n  0.33203   76.7423051844831
42 13.43 548.52     n  0.20996   78.3537737416338
43 13.00 545.68     n  0.08789   69.3691499231472
44 13.66 541.41     n  -0.03418  74.8773466389355
45 13.68 538.90     n  -0.18066  79.2132863251257
46 13.02 540.24     n  -0.30273  78.1819562077374
47 13.14 538.14     n  -0.44922  85.2099029008331
48 13.57 534.52     n  -0.59570  87.1116015434775
49 11.61 531.45     n  -0.74219  105.514982677936
50 21.62 528.69     n  -0.88867  103.083616710979
51 18.07 523.11     n  -1.03516  105.819577264919
52 18.28 521.00     n  -1.20605  102.748125515263
53 14.41 516.88     n  -1.35254  125.980156955928
54 13.36 509.9      n  -1.49902  128.787716366456
55  9.59 501.7      n  -1.66992  134.681621832947
56  8.89 502.0      n  -1.84082  141.444573052277
57  8.47 489.53 538.0  -1.98730  306.2577188941
58 10.52 480.7  531.9  -2.18262  276.627565509552
59  8.95 475.6  530.8  -2.32910  194.462329715611
60  9.62     n  510.0  -2.47559
61  9.44     n    503  -2.59766
62  8.85 442      495  -2.79297  244.328700153891
63 12.07   411      n  -2.91504  130.315776596761
64  n        n      n  -3.06152

































































