#180504b
#
# file f1 f2      f3  shift   tau
03    n  578.5    n   0.50781
04    n  575.9    n   0.21484 61.6440915488411
05    n  584.2    n   0.09277 55.7990188292782
06    n  583.1    n  -0.07813 47.2020944338614
07    n  573.40   n  -0.39551 27.7226279559358
08    n  567.18   n  -0.88379 34.6018233546576
09    n  561.76   n  -1.05469 40.4526147433394
10    n  n        n  -1.25000
11    n  n    594.6  -1.54297
12    n  n        n  -1.90918

13 98.0  n        n   1.61621
14 96.7  582.3    n   1.42090 115.349243678695
15 74.6  594.8    n   1.22559 68.8787267052384
16 53.0  594.2    n   1.10352 42.4531066106307
17 20.6  588.21   n   0.93262 22.1461115157958
18 14.9  578.33   n   0.44434 18.562308979794
19 12.6  570.7    n  -0.87402 36.5464423432036
20 n     n        n  -1.04492 
21 n     n        n  -1.21582 
22 22.4 534.9 594.6  -1.63086 50.4535627381217
23 n     n        n  -1.97266 

24 91.9  n        n   1.65527 
25 101.9 n        n   1.53320 
26 91.5  594.1    n   1.31348 80.1170739292563
27 63.2  594.1    n   1.14258 49.4288550122909
28 19.4  586.52   n   0.92285 20.2151549026918
29 44.1  578.81   n   0.80078 14.7341323597065
30 10.3  578.58   n   0.55664 17.5676927985369
31 14.0  578.19   n   0.45898 15.4837301687272
32  9.6  578.08   n   0.36133 22.6429475687659
33  9.0  578.05   n   0.26367 31.4144763440922
34 10.4  574.9    n   0.09277 74.4057109351067
35  7.2  583.9    n  -0.22461 38.8895025105736
36 25.8  578.45   n  -0.49316 21.5500953233169
37 15.2  578.08   n  -0.61523 22.4081765301024
38 14.7  578.03   n  -0.73730 24.3819740681127
39 12.4  567.32   n  -0.88379 37.5355920988148
40 14.7  563.13   n  -0.98145 30.7418575585341
41  9.9  562    606  -1.10352 51.2632366741663
42 15.0  551    598  -1.25000
43 19.0  545    594  -1.39648 56.48062928093
44 19.4  n      595  -1.64063
45    n  n      589  -1.81152
46    n  n        n  -2.03125
























