 # TIME  LP  TMAB  TMDS  TMPC  TMZ
 1125.1  1.11111111  0.96723779  0.00804388  0.96727123 -0.25395471
 1125.2  1.11111111  0.96723823  0.00799020  0.96727123 -0.25395470
 1125.3  1.11111111  0.96725407  0.00603156  0.96727287 -0.25394840
 1125.4  1.11111111  0.96726847  0.00414044  0.96727733 -0.25393074
 1125.5  1.11111111  0.96728145  0.00237858  0.96728438 -0.25390252
 1125.6  1.11111111  0.96729349  0.00080221  0.96729383 -0.25386482
 1125.7  1.11111111  0.96730518 -0.00053936  0.96730533 -0.25381909
 1125.8  1.11111111  0.96731709 -0.00160559  0.96731842 -0.25376702
 1125.9  1.11111111  0.96732970 -0.00236624  0.96733259 -0.25371051
 1126.0  1.11111111  0.96734339 -0.00280180  0.96734745 -0.25365144
 1126.1  1.11111111  0.96735814 -0.00290341  0.96736250 -0.25359182
 1126.2  1.11111111  0.96737347 -0.00267371  0.96737717 -0.25353370
 1126.3  1.11111111  0.96738866 -0.00212647  0.96739099 -0.25347895
 1126.4  1.11111111  0.96740272 -0.00128566  0.96740357 -0.25342933
 1126.5  1.11111111  0.96741449 -0.00018452  0.96741451 -0.25338638
 1126.6  1.11111111  0.96742277  0.00113572  0.96742344 -0.25335146
 1126.7  1.11111111  0.96742650  0.00262689  0.96743006 -0.25332560
 1126.8  1.11111111  0.96742500  0.00423601  0.96743427 -0.25330947
 1126.9  1.11111111  0.96741789  0.00590723  0.96743593 -0.25330348
 1127.0  1.11111111  0.96740529  0.00758344  0.96743501 -0.25330766
 1127.1  1.11111111  0.96738776  0.00920823  0.96743158 -0.25332172
 1127.2  1.11111111  0.96736631  0.01072774  0.96742579 -0.25334501
 1127.3  1.11111111  0.96734232  0.01209273  0.96741791 -0.25337658
 1127.4  1.11111111  0.96731731  0.01326004  0.96740819 -0.25341523
 1127.5  1.11111111  0.96729286  0.01419375  0.96739699 -0.25345957
 1127.6  1.11111111  0.96727048  0.01486643  0.96738472 -0.25350797
 1127.7  1.11111111  0.96725145  0.01526004  0.96737182 -0.25355871
 1127.8  1.11111111  0.96723668  0.01536640  0.96735874 -0.25361005
 1127.9  1.11111111  0.96722666  0.01518707  0.96734588 -0.25366025
 1128.0  1.11111111  0.96722151  0.01473320  0.96733371 -0.25370762
 1128.1  1.11111111  0.96722096  0.01402516  0.96732264 -0.25375059
 1128.2  1.11111111  0.96722442  0.01309155  0.96731302 -0.25378781
 1128.3  1.11111111  0.96723109  0.01196800  0.96730513 -0.25381813
 1128.4  1.11111111  0.96724011  0.01069584  0.96729924 -0.25384064
 1128.5  1.11111111  0.96725062  0.00932073  0.96729553 -0.25385474
 1128.6  1.11111111  0.96726187  0.00789093  0.96729406 -0.25386013
 1128.7  1.11111111  0.96727331  0.00645551  0.96729485 -0.25385678
 1128.8  1.11111111  0.96728459  0.00506283  0.96729784 -0.25384498
 1128.9  1.11111111  0.96729559  0.00375891  0.96730289 -0.25382528
 1129.0  1.11111111  0.96730632  0.00258588  0.96730978 -0.25379851
 1129.1  1.11111111  0.96731694  0.00158062  0.96731823 -0.25376571
 1129.2  1.11111111  0.96732763  0.00077369  0.96732794 -0.25372807
 1129.3  1.11111111  0.96733853  0.00018850  0.96733855 -0.25368695
 1129.4  1.11111111  0.96734965 -0.00015950  0.96734966 -0.25364381
 1129.5  1.11111111  0.96736087 -0.00026305  0.96736091 -0.25360011
 1129.6  1.11111111  0.96737190 -0.00012322  0.96737190 -0.25355733
 1129.7  1.11111111  0.96738225  0.00025084  0.96738228 -0.25351689
 1129.8  1.11111111  0.96739133  0.00084226  0.96739170 -0.25348009
 1129.9  1.11111111  0.96739849  0.00162719  0.96739986 -0.25344810
 1130.0  1.11111111  0.96740310  0.00257577  0.96740653 -0.25342191
 1130.1  1.11111111  0.96740460  0.00365316  0.96741150 -0.25340228
 1130.2  1.11111111  0.96740262  0.00482082  0.96741463 -0.25338978
 1130.3  1.11111111  0.96739702  0.00603787  0.96741587 -0.25338468
 1130.4  1.11111111  0.96738793  0.00726247  0.96741519 -0.25338702
 1130.5  1.11111111  0.96737573  0.00845332  0.96741266 -0.25339660
 1130.6  1.11111111  0.96736106  0.00957095  0.96740841 -0.25341296
 1130.7  1.11111111  0.96734474  0.01057910  0.96740259 -0.25343544
 1130.8  1.11111111  0.96732773  0.01144582  0.96739544 -0.25346316
 1130.9  1.11111111  0.96731099  0.01214455  0.96738723 -0.25349509
 1131.0  1.11111111  0.96729547  0.01265488  0.96737825 -0.25353007
 1131.1  1.11111111  0.96728196  0.01296312  0.96736882 -0.25356688
 1131.2  1.11111111  0.96727108  0.01306268  0.96735928 -0.25360423
 1131.3  1.11111111  0.96726321  0.01295413  0.96734995 -0.25364084
 1131.4  1.11111111  0.96725850  0.01264505  0.96734115 -0.25367551
 1131.5  1.11111111  0.96725685  0.01214966  0.96733316 -0.25370709
 1131.6  1.11111111  0.96725801  0.01148815  0.96732623 -0.25373458
 1131.7  1.11111111  0.96726155  0.01068594  0.96732057 -0.25375714
 1131.8  1.11111111  0.96726699  0.00977268  0.96731636 -0.25377410
 1131.9  1.11111111  0.96727384  0.00878116  0.96731370 -0.25378500
 1132.0  1.11111111  0.96728162  0.00774616  0.96731264 -0.25378960
 1132.1  1.11111111  0.96728996  0.00670323  0.96731318 -0.25378787
 1132.2  1.11111111  0.96729856  0.00568748  0.96731528 -0.25378000
 1132.3  1.11111111  0.96730724  0.00473241  0.96731882 -0.25376635
 1132.4  1.11111111  0.96731592  0.00386884  0.96732366 -0.25374752
 1132.5  1.11111111  0.96732456  0.00312391  0.96732961 -0.25372422
 1132.6  1.11111111  0.96733316  0.00252029  0.96733644 -0.25369733
 1132.7  1.11111111  0.96734170  0.00207548  0.96734392 -0.25366780
 1132.8  1.11111111  0.96735011  0.00180135  0.96735179 -0.25363668
 1132.9  1.11111111  0.96735826  0.00170387  0.96735977 -0.25360502
 1133.0  1.11111111  0.96736595  0.00178300  0.96736760 -0.25357390
 1133.1  1.11111111  0.96737288  0.00203263  0.96737502 -0.25354436
 1133.2  1.11111111  0.96737873  0.00244154  0.96738181 -0.25351731
 1133.3  1.11111111  0.96738311  0.00299306  0.96738774 -0.25349364
 1133.4  1.11111111  0.96738569  0.00366611  0.96739264 -0.25347408
 1133.5  1.11111111  0.96738620  0.00443601  0.96739637 -0.25345919
 1133.6  1.11111111  0.96738443  0.00527529  0.96739882 -0.25344941
 1133.7  1.11111111  0.96738035  0.00615451  0.96739993 -0.25344495
 1133.8  1.11111111  0.96737406  0.00704352  0.96739970 -0.25344588
 1133.9  1.11111111  0.96736578  0.00791236  0.96739814 -0.25345208
 1134.0  1.11111111  0.96735594  0.00873226  0.96739535 -0.25346324
 1134.1  1.11111111  0.96734500  0.00947663  0.96739142 -0.25347890
 1134.2  1.11111111  0.96733356  0.01012184  0.96738651 -0.25349846
 1134.3  1.11111111  0.96732221  0.01064808  0.96738081 -0.25352119
 1134.4  1.11111111  0.96731150  0.01103977  0.96737450 -0.25354627
 1134.5  1.11111111  0.96730198  0.01128615  0.96736782 -0.25357282
 1134.6  1.11111111  0.96729403  0.01138162  0.96736099 -0.25359991
 1134.7  1.11111111  0.96728793  0.01132569  0.96735423 -0.25362664
 1134.8  1.11111111  0.96728384  0.01112297  0.96734779 -0.25365209
 1134.9  1.11111111  0.96728176  0.01078298  0.96734186 -0.25367544
 1135.0  1.11111111  0.96728159  0.01031960  0.96733664 -0.25369595
 1135.1  1.11111111  0.96728315  0.00975067  0.96733229 -0.25371297
 1135.2  1.11111111  0.96728616  0.00909722  0.96732893 -0.25372601
 1135.3  1.11111111  0.96729036  0.00838273  0.96732668 -0.25373468
 1135.4  1.11111111  0.96729547  0.00763233  0.96732558 -0.25373879
 1135.5  1.11111111  0.96730123  0.00687183  0.96732564 -0.25373829
 1135.6  1.11111111  0.96730746  0.00612695  0.96732687 -0.25373326
 1135.7  1.11111111  0.96731397  0.00542239  0.96732917 -0.25372397
 1135.8  1.11111111  0.96732066  0.00478104  0.96733247 -0.25371081
 1135.9  1.11111111  0.96732743  0.00422327  0.96733665 -0.25369428
 1136.0  1.11111111  0.96733419  0.00376625  0.96734152 -0.25367502
 1136.1  1.11111111  0.96734089  0.00342346  0.96734694 -0.25365369
 1136.2  1.11111111  0.96734740  0.00320435  0.96735271 -0.25363108
 1136.3  1.11111111  0.96735360  0.00311400  0.96735861 -0.25360794
 1136.4  1.11111111  0.96735932  0.00315311  0.96736446 -0.25358507
 1136.5  1.11111111  0.96736437  0.00331805  0.96737006 -0.25356323
 1136.6  1.11111111  0.96736852  0.00360099  0.96737522 -0.25354313
 1136.7  1.11111111  0.96737154  0.00399033  0.96737977 -0.25352542
 1136.8  1.11111111  0.96737325  0.00447107  0.96738358 -0.25351065
 1136.9  1.11111111  0.96737347  0.00502539  0.96738652 -0.25349925
 1137.0  1.11111111  0.96737212  0.00563340  0.96738852 -0.25349156
 1137.1  1.11111111  0.96736917  0.00627367  0.96738951 -0.25348777
 1137.2  1.11111111  0.96736471  0.00692410  0.96738949 -0.25348793
 1137.3  1.11111111  0.96735891  0.00756262  0.96738847 -0.25349198
 1137.4  1.11111111  0.96735202  0.00816796  0.96738650 -0.25349970
 1137.5  1.11111111  0.96734437  0.00872034  0.96738368 -0.25351078
 1137.6  1.11111111  0.96733632  0.00920214  0.96738009 -0.25352477
 1137.7  1.11111111  0.96732827  0.00959840  0.96737589 -0.25354115
 1137.8  1.11111111  0.96732059  0.00989734  0.96737122 -0.25355933
 1137.9  1.11111111  0.96731363  0.01009065  0.96736626 -0.25357867
 1138.0  1.11111111  0.96730766  0.01017370  0.96736116 -0.25359848
 1138.1  1.11111111  0.96730292  0.01014582  0.96735613 -0.25361809
 1138.2  1.11111111  0.96729952  0.01000999  0.96735131 -0.25363684
 1138.3  1.11111111  0.96729751  0.00977278  0.96734688 -0.25365412
 1138.4  1.11111111  0.96729687  0.00944409  0.96734297 -0.25366937
 1138.5  1.11111111  0.96729750  0.00903668  0.96733971 -0.25368211
 1138.6  1.11111111  0.96729928  0.00856573  0.96733721 -0.25369196
 1138.7  1.11111111  0.96730204  0.00804832  0.96733552 -0.25369865
 1138.8  1.11111111  0.96730559  0.00750270  0.96733469 -0.25370201
 1138.9  1.11111111  0.96730978  0.00694773  0.96733473 -0.25370199
 1139.0  1.11111111  0.96731444  0.00640228  0.96733563 -0.25369866
 1139.1  1.11111111  0.96731942  0.00588445  0.96733732 -0.25369220
 1139.2  1.11111111  0.96732461  0.00541111  0.96733975 -0.25368287
 1139.3  1.11111111  0.96732989  0.00499732  0.96734280 -0.25367106
 1139.4  1.11111111  0.96733517  0.00465582  0.96734637 -0.25365720
 1139.5  1.11111111  0.96734034  0.00439677  0.96735033 -0.25364179
 1139.6  1.11111111  0.96734529  0.00422724  0.96735452 -0.25362539
 1139.7  1.11111111  0.96734992  0.00415122  0.96735882 -0.25360856
 1139.8  1.11111111  0.96735408  0.00416957  0.96736307 -0.25359187
 1139.9  1.11111111  0.96735766  0.00427982  0.96736712 -0.25357588
 1140.0  1.11111111  0.96736051  0.00447660  0.96737086 -0.25356111
 1140.1  1.11111111  0.96736248  0.00475169  0.96737415 -0.25354804
 1140.2  1.11111111  0.96736350  0.00509439  0.96737691 -0.25353707
 1140.3  1.11111111  0.96736346  0.00549200  0.96737905 -0.25352852
 1140.4  1.11111111  0.96736232  0.00593012  0.96738049 -0.25352265
 1140.5  1.11111111  0.96736011  0.00639330  0.96738124 -0.25351958
 1140.6  1.11111111  0.96735688  0.00686559  0.96738125 -0.25351939
 1140.7  1.11111111  0.96735277  0.00733093  0.96738054 -0.25352202
 1140.8  1.11111111  0.96734793  0.00777388  0.96737917 -0.25352733
 1140.9  1.11111111  0.96734259  0.00817997  0.96737718 -0.25353510
 1141.0  1.11111111  0.96733699  0.00853627  0.96737465 -0.25354501
 1141.1  1.11111111  0.96733137  0.00883177  0.96737168 -0.25355669
 1141.2  1.11111111  0.96732597  0.00905766  0.96736837 -0.25356974
 1141.3  1.11111111  0.96732103  0.00920765  0.96736486 -0.25358366
 1141.4  1.11111111  0.96731674  0.00927814  0.96736123 -0.25359799
 1141.5  1.11111111  0.96731324  0.00926822  0.96735764 -0.25361224
 1141.6  1.11111111  0.96731064  0.00917973  0.96735420 -0.25362593
 1141.7  1.11111111  0.96730897  0.00901707  0.96735100 -0.25363861
 1141.8  1.11111111  0.96730826  0.00878708  0.96734817 -0.25364987
 1141.9  1.11111111  0.96730845  0.00849875  0.96734578 -0.25365936
 1142.0  1.11111111  0.96730947  0.00816278  0.96734391 -0.25366681
 1142.1  1.11111111  0.96731124  0.00779136  0.96734261 -0.25367198
 1142.2  1.11111111  0.96731363  0.00739757  0.96734191 -0.25367477
 1142.3  1.11111111  0.96731654  0.00699503  0.96734183 -0.25367511
 1142.4  1.11111111  0.96731985  0.00659739  0.96734235 -0.25367304
 1142.5  1.11111111  0.96732346  0.00621786  0.96734344 -0.25366868
 1142.6  1.11111111  0.96732727  0.00586885  0.96734507 -0.25366221
 1142.7  1.11111111  0.96733117  0.00556147  0.96734716 -0.25365389
 1142.8  1.11111111  0.96733509  0.00530524  0.96734964 -0.25364404
 1142.9  1.11111111  0.96733894  0.00510783  0.96735242 -0.25363300
 1143.0  1.11111111  0.96734261  0.00497474  0.96735540 -0.25362117
 1143.1  1.11111111  0.96734603  0.00490928  0.96735849 -0.25360896
 1143.2  1.11111111  0.96734909  0.00491241  0.96736156 -0.25359679
 1143.3  1.11111111  0.96735170  0.00498278  0.96736453 -0.25358506
 1143.4  1.11111111  0.96735377  0.00511681  0.96736730 -0.25357416
 1143.5  1.11111111  0.96735520  0.00530888  0.96736977 -0.25356444
 1143.6  1.11111111  0.96735594  0.00555146  0.96737187 -0.25355619
 1143.7  1.11111111  0.96735594  0.00583555  0.96737354 -0.25354968
 1143.8  1.11111111  0.96735517  0.00615087  0.96737473 -0.25354509
 1143.9  1.11111111  0.96735365  0.00648629  0.96737540 -0.25354253
 1144.0  1.11111111  0.96735142  0.00683019  0.96737554 -0.25354207
 1144.1  1.11111111  0.96734857  0.00717088  0.96737515 -0.25354367
 1144.2  1.11111111  0.96734521  0.00749696  0.96737426 -0.25354725
 1144.3  1.11111111  0.96734148  0.00779777  0.96737291 -0.25355265
 1144.4  1.11111111  0.96733753  0.00806364  0.96737114 -0.25355966
 1144.5  1.11111111  0.96733354  0.00828627  0.96736903 -0.25356802
 1144.6  1.11111111  0.96732966  0.00845891  0.96736664 -0.25357741
 1144.7  1.11111111  0.96732605  0.00857662  0.96736408 -0.25358751
 1144.8  1.11111111  0.96732286  0.00863650  0.96736141 -0.25359796
 1144.9  1.11111111  0.96732018  0.00863760  0.96735874 -0.25360840
 1145.0  1.11111111  0.96731810  0.00858091  0.96735616 -0.25361849
 1145.1  1.11111111  0.96731667  0.00846942  0.96735375 -0.25362788
 1145.2  1.11111111  0.96731592  0.00830786  0.96735159 -0.25363628
 1145.3  1.11111111  0.96731582  0.00810258  0.96734975 -0.25364343
 1145.4  1.11111111  0.96731635  0.00786129  0.96734829 -0.25364909
 1145.5  1.11111111  0.96731745  0.00759277  0.96734725 -0.25365311
 1145.6  1.11111111  0.96731906  0.00730655  0.96734666 -0.25365539
 1145.7  1.11111111  0.96732110  0.00701257  0.96734652 -0.25365588
 1145.8  1.11111111  0.96732350  0.00672086  0.96734685 -0.25365459
 1145.9  1.11111111  0.96732616  0.00644120  0.96734761 -0.25365161
 1146.0  1.11111111  0.96732901  0.00618277  0.96734877 -0.25364706
 1146.1  1.11111111  0.96733197  0.00595385  0.96735029 -0.25364113
 1146.2  1.11111111  0.96733496  0.00576160  0.96735211 -0.25363404
 1146.3  1.11111111  0.96733789  0.00561179  0.96735417 -0.25362605
 1146.4  1.11111111  0.96734069  0.00550869  0.96735638 -0.25361745
 1146.5  1.11111111  0.96734328  0.00545489  0.96735866 -0.25360854
 1146.6  1.11111111  0.96734559  0.00545126  0.96736095 -0.25359962
 1146.7  1.11111111  0.96734755  0.00549702  0.96736316 -0.25359099
 1146.8  1.11111111  0.96734907  0.00558972  0.96736522 -0.25358294
 1146.9  1.11111111  0.96735012  0.00572535  0.96736706 -0.25357573
 1147.0  1.11111111  0.96735065  0.00589857  0.96736864 -0.25356958
 1147.1  1.11111111  0.96735063  0.00610286  0.96736988 -0.25356468
 1147.2  1.11111111  0.96735005  0.00633080  0.96737077 -0.25356117
 1147.3  1.11111111  0.96734893  0.00657427  0.96737127 -0.25355915
 1147.4  1.11111111  0.96734731  0.00682479  0.96737138 -0.25355865
 1147.5  1.11111111  0.96734525  0.00707384  0.96737111 -0.25355966
 1147.6  1.11111111  0.96734282  0.00731306  0.96737047 -0.25356213
 1147.7  1.11111111  0.96734014  0.00753460  0.96736948 -0.25356593
 1147.8  1.11111111  0.96733729  0.00773133  0.96736819 -0.25357093
 1147.9  1.11111111  0.96733441  0.00789713  0.96736665 -0.25357692
 1148.0  1.11111111  0.96733161  0.00802699  0.96736491 -0.25358369
 1148.1  1.11111111  0.96732899  0.00811721  0.96736304 -0.25359100
 1148.2  1.11111111  0.96732664  0.00816551  0.96736111 -0.25359859
 1148.3  1.11111111  0.96732466  0.00817106  0.96735917 -0.25360619
 1148.4  1.11111111  0.96732310  0.00813446  0.96735730 -0.25361356
 1148.5  1.11111111  0.96732199  0.00805775  0.96735555 -0.25362046
 1148.6  1.11111111  0.96732136  0.00794423  0.96735399 -0.25362665
 1148.7  1.11111111  0.96732122  0.00779843  0.96735265 -0.25363194
 1148.8  1.11111111  0.96732153  0.00762584  0.96735159 -0.25363618
 1148.9  1.11111111  0.96732227  0.00743274  0.96735083 -0.25363923
 1149.0  1.11111111  0.96732340  0.00722602  0.96735039 -0.25364103
 1149.1  1.11111111  0.96732486  0.00701285  0.96735028 -0.25364153
 1149.2  1.11111111  0.96732659  0.00680051  0.96735049 -0.25364075
 1149.3  1.11111111  0.96732853  0.00659610  0.96735102 -0.25363873
 1149.4  1.11111111  0.96733062  0.00640632  0.96735183 -0.25363556
 1149.5  1.11111111  0.96733279  0.00623727  0.96735290 -0.25363137
 1149.6  1.11111111  0.96733499  0.00609421  0.96735418 -0.25362632
 1149.7  1.11111111  0.96733714  0.00598146  0.96735564 -0.25362060
 1149.8  1.11111111  0.96733920  0.00590223  0.96735720 -0.25361441
 1149.9  1.11111111  0.96734109  0.00585855  0.96735883 -0.25360797
 1150.0  1.11111111  0.96734277  0.00585122  0.96736047 -0.25360149
 1150.1  1.11111111  0.96734418  0.00587982  0.96736205 -0.25359520
 1150.2  1.11111111  0.96734529  0.00594271  0.96736354 -0.25358930
 1150.3  1.11111111  0.96734604  0.00603717  0.96736488 -0.25358398
 1150.4  1.11111111  0.96734642  0.00615944  0.96736603 -0.25357941
 1150.5  1.11111111  0.96734641  0.00630489  0.96736696 -0.25357573
 1150.6  1.11111111  0.96734601  0.00646818  0.96736763 -0.25357304
 1150.7  1.11111111  0.96734523  0.00664367  0.96736804 -0.25357142
 1150.8  1.11111111  0.96734410  0.00682516  0.96736817 -0.25357090
 1150.9  1.11111111  0.96734266  0.00700648  0.96736803 -0.25357147
 1151.0  1.11111111  0.96734096  0.00718154  0.96736762 -0.25357311
 1151.1  1.11111111  0.96733908  0.00734462  0.96736696 -0.25357574
 1151.2  1.11111111  0.96733708  0.00749048  0.96736608 -0.25357924
 1151.3  1.11111111  0.96733504  0.00761449  0.96736501 -0.25358349
 1151.4  1.11111111  0.96733304  0.00771292  0.96736379 -0.25358833
 1151.5  1.11111111  0.96733115  0.00778291  0.96736246 -0.25359359
 1151.6  1.11111111  0.96732944  0.00782258  0.96736107 -0.25359909
 1151.7  1.11111111  0.96732797  0.00783118  0.96735967 -0.25360463
 1151.8  1.11111111  0.96732678  0.00780900  0.96735830 -0.25361003
 1151.9  1.11111111  0.96732591  0.00775736  0.96735701 -0.25361511
 1152.0  1.11111111  0.96732537  0.00767853  0.96735585 -0.25361970
 1152.1  1.11111111  0.96732517  0.00757563  0.96735484 -0.25362366
 1152.2  1.11111111  0.96732531  0.00745257  0.96735401 -0.25362687
 1152.3  1.11111111  0.96732575  0.00731383  0.96735340 -0.25362923
 1152.4  1.11111111  0.96732650  0.00716436  0.96735303 -0.25363069
 1152.5  1.11111111  0.96732750  0.00700939  0.96735289 -0.25363120
 1152.6  1.11111111  0.96732871  0.00685421  0.96735299 -0.25363077
 1152.7  1.11111111  0.96733009  0.00670401  0.96735332 -0.25362943
 1152.8  1.11111111  0.96733160  0.00656374  0.96735387 -0.25362724
 1152.9  1.11111111  0.96733320  0.00643796  0.96735462 -0.25362428
 1153.0  1.11111111  0.96733481  0.00633063  0.96735553 -0.25362069
 1153.1  1.11111111  0.96733641  0.00624499  0.96735657 -0.25361658
 1153.2  1.11111111  0.96733795  0.00618351  0.96735771 -0.25361210
 1153.3  1.11111111  0.96733937  0.00614786  0.96735891 -0.25360740
 1153.4  1.11111111  0.96734064  0.00613877  0.96736012 -0.25360266
 1153.5  1.11111111  0.96734171  0.00615603  0.96736130 -0.25359804
 1153.6  1.11111111  0.96734256  0.00619857  0.96736242 -0.25359367
 1153.7  1.11111111  0.96734315  0.00626454  0.96736344 -0.25358971
 1153.8  1.11111111  0.96734347  0.00635132  0.96736432 -0.25358629
 1153.9  1.11111111  0.96734349  0.00645557  0.96736503 -0.25358350
 1154.0  1.11111111  0.96734323  0.00657344  0.96736556 -0.25358143
 1154.1  1.11111111  0.96734269  0.00670077  0.96736590 -0.25358014
 1154.2  1.11111111  0.96734189  0.00683312  0.96736603 -0.25357965
 1154.3  1.11111111  0.96734086  0.00696591  0.96736594 -0.25357998
 1154.4  1.11111111  0.96733964  0.00709465  0.96736566 -0.25358108
 1154.5  1.11111111  0.96733829  0.00721512  0.96736520 -0.25358291
 1154.6  1.11111111  0.96733684  0.00732345  0.96736456 -0.25358540
 1154.7  1.11111111  0.96733534  0.00741616  0.96736377 -0.25358845
 1154.8  1.11111111  0.96733388  0.00749043  0.96736288 -0.25359195
 1154.9  1.11111111  0.96733248  0.00754412  0.96736190 -0.25359576
 1155.0  1.11111111  0.96733121  0.00757582  0.96736088 -0.25359976
 1155.1  1.11111111  0.96733010  0.00758485  0.96735983 -0.25360382
 1155.2  1.11111111  0.96732919  0.00757130  0.96735882 -0.25360778
 1155.3  1.11111111  0.96732851  0.00753608  0.96735786 -0.25361152
 1155.4  1.11111111  0.96732807  0.00748078  0.96735700 -0.25361492
 1155.5  1.11111111  0.96732788  0.00740761  0.96735624 -0.25361787
 1155.6  1.11111111  0.96732794  0.00731936  0.96735563 -0.25362028
 1155.7  1.11111111  0.96732824  0.00721929  0.96735517 -0.25362208
 1155.8  1.11111111  0.96732875  0.00711099  0.96735489 -0.25362321
 1155.9  1.11111111  0.96732946  0.00699825  0.96735478 -0.25362366
 1156.0  1.11111111  0.96733034  0.00688491  0.96735484 -0.25362342
 1156.1  1.11111111  0.96733136  0.00677482  0.96735509 -0.25362251
 1156.2  1.11111111  0.96733248  0.00667163  0.96735548 -0.25362098
 1156.3  1.11111111  0.96733365  0.00657865  0.96735602 -0.25361889
 1156.4  1.11111111  0.96733485  0.00649880  0.96735668 -0.25361631
 1156.5  1.11111111  0.96733604  0.00643454  0.96735744 -0.25361335
 1156.6  1.11111111  0.96733718  0.00638776  0.96735827 -0.25361012
 1156.7  1.11111111  0.96733823  0.00635965  0.96735914 -0.25360672
 1156.8  1.11111111  0.96733917  0.00635079  0.96736002 -0.25360327
 1156.9  1.11111111  0.96733996  0.00636110  0.96736088 -0.25359989
 1157.0  1.11111111  0.96734058  0.00638990  0.96736169 -0.25359670
 1157.1  1.11111111  0.96734101  0.00643585  0.96736242 -0.25359378
 1157.2  1.11111111  0.96734124  0.00649712  0.96736306 -0.25359125
 1157.3  1.11111111  0.96734127  0.00657146  0.96736359 -0.25358916
 1157.4  1.11111111  0.96734108  0.00665607  0.96736398 -0.25358759
 1157.5  1.11111111  0.96734069  0.00674793  0.96736423 -0.25358658
 1157.6  1.11111111  0.96734012  0.00684380  0.96736433 -0.25358616
 1157.7  1.11111111  0.96733939  0.00694041  0.96736428 -0.25358632
 1157.8  1.11111111  0.96733852  0.00703449  0.96736409 -0.25358705
 1157.9  1.11111111  0.96733754  0.00712294  0.96736377 -0.25358832
 1158.0  1.11111111  0.96733650  0.00720290  0.96736332 -0.25359007
 1158.1  1.11111111  0.96733544  0.00727184  0.96736277 -0.25359223
 1158.2  1.11111111  0.96733438  0.00732766  0.96736214 -0.25359473
 1158.3  1.11111111  0.96733338  0.00736874  0.96736144 -0.25359747
 1158.4  1.11111111  0.96733245  0.00739397  0.96736071 -0.25360036
 1158.5  1.11111111  0.96733164  0.00740278  0.96735997 -0.25360330
 1158.6  1.11111111  0.96733097  0.00739519  0.96735924 -0.25360619
 1158.7  1.11111111  0.96733046  0.00737176  0.96735855 -0.25360893
 1158.8  1.11111111  0.96733011  0.00733356  0.96735791 -0.25361144
 1158.9  1.11111111  0.96732995  0.00728216  0.96735736 -0.25361363
 1159.0  1.11111111  0.96732997  0.00721955  0.96735691 -0.25361544
 1159.1  1.11111111  0.96733015  0.00714803  0.96735656 -0.25361681
 1159.2  1.11111111  0.96733050  0.00707015  0.96735633 -0.25361770
 1159.3  1.11111111  0.96733099  0.00698864  0.96735623 -0.25361811
 1159.4  1.11111111  0.96733160  0.00690629  0.96735626 -0.25361801
 1159.5  1.11111111  0.96733232  0.00682587  0.96735640 -0.25361742
 1159.6  1.11111111  0.96733312  0.00675003  0.96735667 -0.25361638
 1159.7  1.11111111  0.96733396  0.00668113  0.96735703 -0.25361492
 1159.8  1.11111111  0.96733483  0.00662146  0.96735749 -0.25361310
 1159.9  1.11111111  0.96733569  0.00657285  0.96735803 -0.25361099
 1160.0  1.11111111  0.96733653  0.00653672  0.96735861 -0.25360867
 1160.1  1.11111111  0.96733730  0.00651406  0.96735923 -0.25360621
 1160.2  1.11111111  0.96733800  0.00650537  0.96735987 -0.25360370
 1160.3  1.11111111  0.96733859  0.00651071  0.96736050 -0.25360122
 1160.4  1.11111111  0.96733906  0.00652964  0.96736109 -0.25359887
 1160.5  1.11111111  0.96733939  0.00656127  0.96736164 -0.25359671
 1160.6  1.11111111  0.96733958  0.00660431  0.96736213 -0.25359481
 1160.7  1.11111111  0.96733962  0.00665712  0.96736253 -0.25359323
 1160.8  1.11111111  0.96733951  0.00671776  0.96736284 -0.25359203
 1160.9  1.11111111  0.96733926  0.00678405  0.96736305 -0.25359123
 1161.0  1.11111111  0.96733887  0.00685365  0.96736314 -0.25359085
 1161.1  1.11111111  0.96733835  0.00692419  0.96736314 -0.25359090
 1161.2  1.11111111  0.96733774  0.00699326  0.96736302 -0.25359137
 1161.3  1.11111111  0.96733705  0.00705858  0.96736280 -0.25359223
 1161.4  1.11111111  0.96733631  0.00711803  0.96736249 -0.25359346
 1161.5  1.11111111  0.96733553  0.00716971  0.96736210 -0.25359499
 1161.6  1.11111111  0.96733477  0.00721203  0.96736165 -0.25359678
 1161.7  1.11111111  0.96733402  0.00724374  0.96736115 -0.25359877
 1161.8  1.11111111  0.96733334  0.00726396  0.96736061 -0.25360087
 1161.9  1.11111111  0.96733273  0.00727222  0.96736006 -0.25360302
 1162.0  1.11111111  0.96733221  0.00726845  0.96735952 -0.25360514
 1162.1  1.11111111  0.96733181  0.00725299  0.96735900 -0.25360717
 1162.2  1.11111111  0.96733153  0.00722658  0.96735852 -0.25360903
 1162.3  1.11111111  0.96733138  0.00719029  0.96735810 -0.25361068
 1162.4  1.11111111  0.96733136  0.00714554  0.96735775 -0.25361205
 1162.5  1.11111111  0.96733147  0.00709397  0.96735748 -0.25361310
 1162.6  1.11111111  0.96733170  0.00703743  0.96735730 -0.25361381
 1162.7  1.11111111  0.96733204  0.00697792  0.96735721 -0.25361415
 1162.8  1.11111111  0.96733248  0.00691750  0.96735721 -0.25361413
 1162.9  1.11111111  0.96733300  0.00685820  0.96735731 -0.25361375
 1163.0  1.11111111  0.96733358  0.00680200  0.96735749 -0.25361303
 1163.1  1.11111111  0.96733420  0.00675073  0.96735776 -0.25361200
 1163.2  1.11111111  0.96733485  0.00670602  0.96735809 -0.25361070
 1163.3  1.11111111  0.96733549  0.00666926  0.96735848 -0.25360917
 1163.4  1.11111111  0.96733612  0.00664156  0.96735892 -0.25360748
 1163.5  1.11111111  0.96733670  0.00662368  0.96735938 -0.25360569
 1163.6  1.11111111  0.96733722  0.00661603  0.96735985 -0.25360384
 1163.7  1.11111111  0.96733767  0.00661869  0.96736031 -0.25360202
 1163.8  1.11111111  0.96733803  0.00663140  0.96736076 -0.25360028
 1163.9  1.11111111  0.96733829  0.00665355  0.96736117 -0.25359868
 1164.0  1.11111111  0.96733844  0.00668421  0.96736153 -0.25359726
 1164.1  1.11111111  0.96733847  0.00672216  0.96736183 -0.25359608
 1164.2  1.11111111  0.96733840  0.00676600  0.96736206 -0.25359516
 1164.3  1.11111111  0.96733822  0.00681416  0.96736222 -0.25359454
 1164.4  1.11111111  0.96733794  0.00686493  0.96736230 -0.25359423
 1164.5  1.11111111  0.96733756  0.00691656  0.96736229 -0.25359424
 1164.6  1.11111111  0.96733712  0.00696730  0.96736221 -0.25359455
 1164.7  1.11111111  0.96733662  0.00701547  0.96736205 -0.25359515
 1164.8  1.11111111  0.96733607  0.00705950  0.96736183 -0.25359602
 1164.9  1.11111111  0.96733550  0.00709798  0.96736155 -0.25359712
 1165.0  1.11111111  0.96733494  0.00712972  0.96736122 -0.25359841
 1165.1  1.11111111  0.96733440  0.00715380  0.96736085 -0.25359984
 1165.2  1.11111111  0.96733389  0.00716954  0.96736046 -0.25360137
 1165.3  1.11111111  0.96733344  0.00717657  0.96736006 -0.25360294
 1165.4  1.11111111  0.96733306  0.00717480  0.96735966 -0.25360450
 1165.5  1.11111111  0.96733276  0.00716446  0.96735929 -0.25360599
 1165.6  1.11111111  0.96733254  0.00714607  0.96735894 -0.25360736
 1165.7  1.11111111  0.96733242  0.00712037  0.96735863 -0.25360858
 1165.8  1.11111111  0.96733240  0.00708838  0.96735837 -0.25360960
 1165.9  1.11111111  0.96733247  0.00705127  0.96735817 -0.25361039
 1166.0  1.11111111  0.96733264  0.00701039  0.96735804 -0.25361094
 1166.1  1.11111111  0.96733288  0.00696722  0.96735797 -0.25361122
 1166.2  1.11111111  0.96733319  0.00692321  0.96735796 -0.25361124
 1166.3  1.11111111  0.96733356  0.00687983  0.96735803 -0.25361099
 1166.4  1.11111111  0.96733400  0.00683858  0.96735817 -0.25361048
 1166.5  1.11111111  0.96733444  0.00680082  0.96735834 -0.25360976
 1166.6  1.11111111  0.96733490  0.00676765  0.96735858 -0.25360884
 1166.7  1.11111111  0.96733538  0.00674018  0.96735886 -0.25360775
 1166.8  1.11111111  0.96733583  0.00671919  0.96735917 -0.25360653
 1166.9  1.11111111  0.96733626  0.00670531  0.96735950 -0.25360523
 1167.0  1.11111111  0.96733663  0.00669882  0.96735982 -0.25360390
 1167.1  1.11111111  0.96733697  0.00669979  0.96736017 -0.25360257
 1167.2  1.11111111  0.96733723  0.00670813  0.96736049 -0.25360129
 1167.3  1.11111111  0.96733742  0.00672335  0.96736079 -0.25360012
 1167.4  1.11111111  0.96733754  0.00674485  0.96736105 -0.25359907
 1167.5  1.11111111  0.96733757  0.00677175  0.96736127 -0.25359819
 1167.6  1.11111111  0.96733753  0.00680310  0.96736146 -0.25359749
 1167.7  1.11111111  0.96733741  0.00683777  0.96736157 -0.25359701
 1167.8  1.11111111  0.96733721  0.00687449  0.96736163 -0.25359676
 1167.9  1.11111111  0.96733695  0.00691200  0.96736165 -0.25359672
 1168.0  1.11111111  0.96733664  0.00694907  0.96736160 -0.25359692
 1168.1  1.11111111  0.96733628  0.00698443  0.96736149 -0.25359733
 1168.2  1.11111111  0.96733589  0.00701694  0.96736134 -0.25359793
 1168.3  1.11111111  0.96733549  0.00704554  0.96736114 -0.25359871
 1168.4  1.11111111  0.96733508  0.00706936  0.96736092 -0.25359963
 1168.5  1.11111111  0.96733469  0.00708771  0.96736065 -0.25360066
 1168.6  1.11111111  0.96733431  0.00710003  0.96736037 -0.25360177
 1168.7  1.11111111  0.96733399  0.00710603  0.96736009 -0.25360290
 1168.8  1.11111111  0.96733370  0.00710565  0.96735980 -0.25360404
 1168.9  1.11111111  0.96733347  0.00709899  0.96735952 -0.25360513
 1169.0  1.11111111  0.96733330  0.00708641  0.96735926 -0.25360615
 1169.1  1.11111111  0.96733320  0.00706841  0.96735903 -0.25360706
 1169.2  1.11111111  0.96733318  0.00704571  0.96735884 -0.25360782
 1169.3  1.11111111  0.96733322  0.00701918  0.96735868 -0.25360842
 1169.4  1.11111111  0.96733332  0.00698974  0.96735857 -0.25360885
 1169.5  1.11111111  0.96733348  0.00695845  0.96735851 -0.25360908
 1169.6  1.11111111  0.96733370  0.00692640  0.96735850 -0.25360912
 1169.7  1.11111111  0.96733397  0.00689467  0.96735854 -0.25360897
 1169.8  1.11111111  0.96733427  0.00686433  0.96735862 -0.25360863
 1169.9  1.11111111  0.96733459  0.00683635  0.96735875 -0.25360813
 1170.0  1.11111111  0.96733493  0.00681165  0.96735892 -0.25360747
 1170.1  1.11111111  0.96733528  0.00679101  0.96735912 -0.25360669
 1170.2  1.11111111  0.96733561  0.00677502  0.96735933 -0.25360581
 1170.3  1.11111111  0.96733593  0.00676414  0.96735958 -0.25360487
 1170.4  1.11111111  0.96733621  0.00675865  0.96735982 -0.25360390
 1170.5  1.11111111  0.96733646  0.00675860  0.96736007 -0.25360293
 1170.6  1.11111111  0.96733666  0.00676392  0.96736031 -0.25360200
 1170.7  1.11111111  0.96733681  0.00677430  0.96736053 -0.25360112
 1170.8  1.11111111  0.96733691  0.00678932  0.96736073 -0.25360034
 1170.9  1.11111111  0.96733694  0.00680842  0.96736090 -0.25359968
 1171.0  1.11111111  0.96733692  0.00683089  0.96736104 -0.25359915
 1171.1  1.11111111  0.96733684  0.00685589  0.96736113 -0.25359878
 1171.2  1.11111111  0.96733671  0.00688254  0.96736119 -0.25359857
 1171.3  1.11111111  0.96733652  0.00690991  0.96736120 -0.25359852
 1171.4  1.11111111  0.96733630  0.00693708  0.96736117 -0.25359864
 1171.5  1.11111111  0.96733604  0.00696314  0.96736110 -0.25359892
 1171.6  1.11111111  0.96733576  0.00698723  0.96736099 -0.25359934
 1171.7  1.11111111  0.96733546  0.00700858  0.96736085 -0.25359989
 1171.8  1.11111111  0.96733516  0.00702652  0.96736068 -0.25360055
 1171.9  1.11111111  0.96733487  0.00704051  0.96736049 -0.25360129
 1172.0  1.11111111  0.96733459  0.00705014  0.96736029 -0.25360210
 1172.1  1.11111111  0.96733434  0.00705518  0.96736007 -0.25360293
 1172.2  1.11111111  0.96733413  0.00705554  0.96735986 -0.25360376
 1172.3  1.11111111  0.96733396  0.00705127  0.96735965 -0.25360456
 1172.4  1.11111111  0.96733383  0.00704262  0.96735946 -0.25360532
 1172.5  1.11111111  0.96733375  0.00702996  0.96735929 -0.25360599
 1172.6  1.11111111  0.96733372  0.00701380  0.96735914 -0.25360656
 1172.7  1.11111111  0.96733374  0.00699473  0.96735903 -0.25360702
 1172.8  1.11111111  0.96733381  0.00697347  0.96735895 -0.25360735
 1172.9  1.11111111  0.96733393  0.00695076  0.96735890 -0.25360754
 1173.0  1.11111111  0.96733408  0.00692739  0.96735889 -0.25360758
 1173.1  1.11111111  0.96733427  0.00690415  0.96735891 -0.25360749
 1173.2  1.11111111  0.96733450  0.00688183  0.96735897 -0.25360726
 1173.3  1.11111111  0.96733473  0.00686116  0.96735907 -0.25360690
 1173.4  1.11111111  0.96733498  0.00684279  0.96735918 -0.25360644
 1173.5  1.11111111  0.96733523  0.00682738  0.96735933 -0.25360588
 1173.6  1.11111111  0.96733548  0.00681527  0.96735949 -0.25360525
 1173.7  1.11111111  0.96733571  0.00680686  0.96735966 -0.25360457
 1173.8  1.11111111  0.96733593  0.00680234  0.96735984 -0.25360386
 1173.9  1.11111111  0.96733611  0.00680177  0.96736002 -0.25360315
 1174.0  1.11111111  0.96733626  0.00680514  0.96736020 -0.25360247
 1174.1  1.11111111  0.96733637  0.00681225  0.96736036 -0.25360182
 1174.2  1.11111111  0.96733645  0.00682281  0.96736051 -0.25360124
 1174.3  1.11111111  0.96733647  0.00683639  0.96736063 -0.25360075
 1174.4  1.11111111  0.96733646  0.00685247  0.96736073 -0.25360035
 1174.5  1.11111111  0.96733641  0.00687047  0.96736080 -0.25360006
 1174.6  1.11111111  0.96733631  0.00688976  0.96736085 -0.25359989
 1174.7  1.11111111  0.96733618  0.00690967  0.96736086 -0.25359985
 1174.8  1.11111111  0.96733602  0.00692950  0.96736084 -0.25359992
 1174.9  1.11111111  0.96733583  0.00694860  0.96736079 -0.25360011
 1175.0  1.11111111  0.96733563  0.00696634  0.96736072 -0.25360040
 1175.1  1.11111111  0.96733542  0.00698216  0.96736062 -0.25360079
 1175.2  1.11111111  0.96733520  0.00699556  0.96736049 -0.25360126
 1175.3  1.11111111  0.96733499  0.00700613  0.96736036 -0.25360180
 1175.4  1.11111111  0.96733479  0.00701355  0.96736021 -0.25360237
 1175.5  1.11111111  0.96733461  0.00701767  0.96736006 -0.25360297
 1175.6  1.11111111  0.96733445  0.00701839  0.96735991 -0.25360358
 1175.7  1.11111111  0.96733432  0.00701577  0.96735976 -0.25360417
 1175.8  1.11111111  0.96733422  0.00700994  0.96735962 -0.25360472
 1175.9  1.11111111  0.96733416  0.00700117  0.96735949 -0.25360521
 1176.0  1.11111111  0.96733413  0.00698983  0.96735939 -0.25360564
 1176.1  1.11111111  0.96733414  0.00697631  0.96735930 -0.25360599
 1176.2  1.11111111  0.96733419  0.00696111  0.96735923 -0.25360624
 1176.3  1.11111111  0.96733427  0.00694478  0.96735920 -0.25360639
 1176.4  1.11111111  0.96733438  0.00692789  0.96735918 -0.25360645
 1176.5  1.11111111  0.96733451  0.00691099  0.96735920 -0.25360640
 1176.6  1.11111111  0.96733466  0.00689466  0.96735923 -0.25360625
 1176.7  1.11111111  0.96733483  0.00687942  0.96735929 -0.25360601
 1176.8  1.11111111  0.96733501  0.00686576  0.96735938 -0.25360568
 1176.9  1.11111111  0.96733519  0.00685412  0.96735948 -0.25360529
 1177.0  1.11111111  0.96733537  0.00684483  0.96735959 -0.25360484
 1177.1  1.11111111  0.96733554  0.00683814  0.96735971 -0.25360435
 1177.2  1.11111111  0.96733570  0.00683425  0.96735984 -0.25360384
 1177.3  1.11111111  0.96733584  0.00683327  0.96735997 -0.25360332
 1177.4  1.11111111  0.96733595  0.00683517  0.96736010 -0.25360281
 1177.5  1.11111111  0.96733604  0.00683981  0.96736022 -0.25360234
 1177.6  1.11111111  0.96733610  0.00684699  0.96736033 -0.25360191
 1177.7  1.11111111  0.96733613  0.00685641  0.96736043 -0.25360154
 1177.8  1.11111111  0.96733613  0.00686773  0.96736051 -0.25360123
 1177.9  1.11111111  0.96733609  0.00688056  0.96736056 -0.25360100
 1178.0  1.11111111  0.96733603  0.00689443  0.96736060 -0.25360086
 1178.1  1.11111111  0.96733594  0.00690889  0.96736061 -0.25360081
 1178.2  1.11111111  0.96733583  0.00692345  0.96736061 -0.25360084
 1178.3  1.11111111  0.96733570  0.00693759  0.96736058 -0.25360096
 1178.4  1.11111111  0.96733556  0.00695084  0.96736053 -0.25360115
 1178.5  1.11111111  0.96733540  0.00696277  0.96736046 -0.25360142
 1178.6  1.11111111  0.96733524  0.00697301  0.96736037 -0.25360176
 1178.7  1.11111111  0.96733509  0.00698124  0.96736028 -0.25360214
 1178.8  1.11111111  0.96733494  0.00698722  0.96736017 -0.25360256
 1178.9  1.11111111  0.96733480  0.00699080  0.96736006 -0.25360299
 1179.0  1.11111111  0.96733468  0.00699189  0.96735995 -0.25360344
 1179.1  1.11111111  0.96733458  0.00699050  0.96735983 -0.25360388
 1179.2  1.11111111  0.96733450  0.00698671  0.96735973 -0.25360429
 1179.3  1.11111111  0.96733445  0.00698071  0.96735963 -0.25360467
 1179.4  1.11111111  0.96733442  0.00697272  0.96735955 -0.25360499
 1179.5  1.11111111  0.96733442  0.00696305  0.96735948 -0.25360526
 1179.6  1.11111111  0.96733445  0.00695207  0.96735943 -0.25360546
 1179.7  1.11111111  0.96733450  0.00694015  0.96735940 -0.25360559
 1179.8  1.11111111  0.96733458  0.00692771  0.96735938 -0.25360564
 1179.9  1.11111111  0.96733467  0.00691518  0.96735939 -0.25360562
 1180.0  1.11111111  0.96733478  0.00690299  0.96735941 -0.25360552
 1180.1  1.11111111  0.96733491  0.00689155  0.96735946 -0.25360535
 1180.2  1.11111111  0.96733504  0.00688123  0.96735952 -0.25360512
 1180.3  1.11111111  0.96733518  0.00687237  0.96735959 -0.25360484
 1180.4  1.11111111  0.96733531  0.00686522  0.96735967 -0.25360451
 1180.5  1.11111111  0.96733544  0.00686000  0.96735976 -0.25360416
 1180.6  1.11111111  0.96733556  0.00685685  0.96735986 -0.25360378
 1180.7  1.11111111  0.96733566  0.00685583  0.96735996 -0.25360340
 1180.8  1.11111111  0.96733575  0.00685694  0.96736005 -0.25360302
 1180.9  1.11111111  0.96733582  0.00686011  0.96736014 -0.25360267
 1181.0  1.11111111  0.96733586  0.00686518  0.96736023 -0.25360235
 1181.1  1.11111111  0.96733589  0.00687195  0.96736030 -0.25360206
 1181.2  1.11111111  0.96733589  0.00688016  0.96736036 -0.25360183
 1181.3  1.11111111  0.96733587  0.00688951  0.96736040 -0.25360166
 1181.4  1.11111111  0.96733582  0.00689966  0.96736043 -0.25360154
 1181.5  1.11111111  0.96733576  0.00691027  0.96736044 -0.25360150
 1181.6  1.11111111  0.96733568  0.00692097  0.96736043 -0.25360151
 1181.7  1.11111111  0.96733558  0.00693139  0.96736041 -0.25360160
 1181.8  1.11111111  0.96733548  0.00694120  0.96736038 -0.25360173
 1181.9  1.11111111  0.96733536  0.00695007  0.96736033 -0.25360193
 1182.0  1.11111111  0.96733525  0.00695772  0.96736027 -0.25360217
 1182.1  1.11111111  0.96733513  0.00696392  0.96736020 -0.25360245
 1182.2  1.11111111  0.96733502  0.00696848  0.96736012 -0.25360275
 1182.3  1.11111111  0.96733492  0.00697126  0.96736004 -0.25360307
 1182.4  1.11111111  0.96733483  0.00697224  0.96735996 -0.25360339
 1182.5  1.11111111  0.96733475  0.00697141  0.96735987 -0.25360371
 1182.6  1.11111111  0.96733469  0.00696884  0.96735980 -0.25360402
 1182.7  1.11111111  0.96733465  0.00696464  0.96735973 -0.25360429
 1182.8  1.11111111  0.96733463  0.00695899  0.96735966 -0.25360454
 1182.9  1.11111111  0.96733463  0.00695210  0.96735962 -0.25360474
 1183.0  1.11111111  0.96733465  0.00694422  0.96735958 -0.25360489
 1183.1  1.11111111  0.96733469  0.00693563  0.96735955 -0.25360499
 1183.2  1.11111111  0.96733474  0.00692664  0.96735954 -0.25360503
 1183.3  1.11111111  0.96733481  0.00691755  0.96735954 -0.25360503
 1183.4  1.11111111  0.96733489  0.00690868  0.96735956 -0.25360496
 1183.5  1.11111111  0.96733498  0.00690028  0.96735959 -0.25360485
 1183.6  1.11111111  0.96733507  0.00689266  0.96735963 -0.25360469
 1183.7  1.11111111  0.96733517  0.00688604  0.96735968 -0.25360449
 1183.8  1.11111111  0.96733527  0.00688061  0.96735974 -0.25360426
 1183.9  1.11111111  0.96733536  0.00687655  0.96735980 -0.25360401
 1184.0  1.11111111  0.96733545  0.00687396  0.96735987 -0.25360374
 1184.1  1.11111111  0.96733552  0.00687290  0.96735994 -0.25360346
 1184.2  1.11111111  0.96733559  0.00687336  0.96736001 -0.25360319
 1184.3  1.11111111  0.96733564  0.00687528  0.96736007 -0.25360293
 1184.4  1.11111111  0.96733568  0.00687858  0.96736013 -0.25360269
 1184.5  1.11111111  0.96733570  0.00688314  0.96736019 -0.25360248
 1184.6  1.11111111  0.96733570  0.00688879  0.96736023 -0.25360230
 1184.7  1.11111111  0.96733569  0.00689533  0.96736027 -0.25360217
 1184.8  1.11111111  0.96733567  0.00690250  0.96736029 -0.25360207
 1184.9  1.11111111  0.96733562  0.00691015  0.96736030 -0.25360202
 1185.0  1.11111111  0.96733557  0.00691796  0.96736031 -0.25360202
 1185.1  1.11111111  0.96733550  0.00692566  0.96736029 -0.25360206
 1185.2  1.11111111  0.96733543  0.00693299  0.96736027 -0.25360215
 1185.3  1.11111111  0.96733535  0.00693971  0.96736024 -0.25360228
 1185.4  1.11111111  0.96733526  0.00694559  0.96736020 -0.25360245
 1185.5  1.11111111  0.96733518  0.00695047  0.96736015 -0.25360264
 1185.6  1.11111111  0.96733510  0.00695418  0.96736009 -0.25360286
 1185.7  1.11111111  0.96733502  0.00695663  0.96736003 -0.25360309
 1185.8  1.11111111  0.96733495  0.00695775  0.96735997 -0.25360333
 1185.9  1.11111111  0.96733489  0.00695753  0.96735991 -0.25360357
 1186.0  1.11111111  0.96733485  0.00695600  0.96735986 -0.25360379
 1186.1  1.11111111  0.96733481  0.00695323  0.96735980 -0.25360400
 1186.2  1.11111111  0.96733479  0.00694934  0.96735975 -0.25360419
 1186.3  1.11111111  0.96733479  0.00694449  0.96735971 -0.25360435
 1186.4  1.11111111  0.96733480  0.00693884  0.96735968 -0.25360447
 1186.5  1.11111111  0.96733482  0.00693261  0.96735966 -0.25360455
 1186.6  1.11111111  0.96733486  0.00692602  0.96735965 -0.25360460
 1186.7  1.11111111  0.96733490  0.00691929  0.96735965 -0.25360460
 1186.8  1.11111111  0.96733496  0.00691265  0.96735966 -0.25360456
 1186.9  1.11111111  0.96733502  0.00690634  0.96735968 -0.25360449
 1187.0  1.11111111  0.96733509  0.00690055  0.96735971 -0.25360438
 1187.1  1.11111111  0.96733517  0.00689548  0.96735974 -0.25360423
 1187.2  1.11111111  0.96733524  0.00689127  0.96735978 -0.25360407
 1187.3  1.11111111  0.96733531  0.00688805  0.96735983 -0.25360388
 1187.4  1.11111111  0.96733537  0.00688591  0.96735988 -0.25360368
 1187.5  1.11111111  0.96733543  0.00688491  0.96735993 -0.25360348
 1187.6  1.11111111  0.96733548  0.00688505  0.96735999 -0.25360328
 1187.7  1.11111111  0.96733553  0.00688632  0.96736004 -0.25360308
 1187.8  1.11111111  0.96733555  0.00688867  0.96736008 -0.25360290
 1187.9  1.11111111  0.96733557  0.00689200  0.96736012 -0.25360274
 1188.0  1.11111111  0.96733558  0.00689616  0.96736016 -0.25360260
 1188.1  1.11111111  0.96733557  0.00690101  0.96736019 -0.25360250
 1188.2  1.11111111  0.96733555  0.00690636  0.96736020 -0.25360242
 1188.3  1.11111111  0.96733552  0.00691202  0.96736021 -0.25360238
 1188.4  1.11111111  0.96733548  0.00691780  0.96736022 -0.25360238
 1188.5  1.11111111  0.96733543  0.00692349  0.96736021 -0.25360241
 1188.6  1.11111111  0.96733538  0.00692891  0.96736019 -0.25360248
 1188.7  1.11111111  0.96733532  0.00693389  0.96736017 -0.25360257
 1188.8  1.11111111  0.96733525  0.00693826  0.96736014 -0.25360269
 1188.9  1.11111111  0.96733519  0.00694190  0.96736010 -0.25360283
 1189.0  1.11111111  0.96733513  0.00694467  0.96736006 -0.25360299
 1189.1  1.11111111  0.96733507  0.00694652  0.96736001 -0.25360316
 1189.2  1.11111111  0.96733502  0.00694739  0.96735997 -0.25360334
 1189.3  1.11111111  0.96733498  0.00694727  0.96735993 -0.25360351
 1189.4  1.11111111  0.96733494  0.00694620  0.96735988 -0.25360368
 1189.5  1.11111111  0.96733492  0.00694421  0.96735984 -0.25360384
 1189.6  1.11111111  0.96733490  0.00694139  0.96735981 -0.25360398
 1189.7  1.11111111  0.96733490  0.00693786  0.96735978 -0.25360409
 1189.8  1.11111111  0.96733490  0.00693374  0.96735975 -0.25360418
 1189.9  1.11111111  0.96733492  0.00692919  0.96735974 -0.25360425
 1190.0  1.11111111  0.96733495  0.00692437  0.96735973 -0.25360428
 1190.1  1.11111111  0.96733498  0.00691945  0.96735973 -0.25360428
 1190.2  1.11111111  0.96733502  0.00691460  0.96735974 -0.25360426
 1190.3  1.11111111  0.96733507  0.00690996  0.96735975 -0.25360420
 1190.4  1.11111111  0.96733512  0.00690569  0.96735977 -0.25360412
 1190.5  1.11111111  0.96733518  0.00690194  0.96735980 -0.25360402
 1190.6  1.11111111  0.96733523  0.00689882  0.96735983 -0.25360390
 1190.7  1.11111111  0.96733528  0.00689643  0.96735986 -0.25360377
 1190.8  1.11111111  0.96733533  0.00689481  0.96735990 -0.25360362
 1190.9  1.11111111  0.96733537  0.00689402  0.96735994 -0.25360347
 1191.0  1.11111111  0.96733541  0.00689407  0.96735998 -0.25360332
 1191.1  1.11111111  0.96733544  0.00689497  0.96736001 -0.25360318
 1191.2  1.11111111  0.96733546  0.00689662  0.96736004 -0.25360305
 1191.3  1.11111111  0.96733547  0.00689896  0.96736007 -0.25360293
 1191.4  1.11111111  0.96733548  0.00690192  0.96736010 -0.25360283
 1191.5  1.11111111  0.96733548  0.00690539  0.96736012 -0.25360275
 1191.6  1.11111111  0.96733546  0.00690924  0.96736013 -0.25360269
 1191.7  1.11111111  0.96733544  0.00691332  0.96736014 -0.25360266
 1191.8  1.11111111  0.96733541  0.00691750  0.96736014 -0.25360266
 1191.9  1.11111111  0.96733538  0.00692164  0.96736014 -0.25360268
 1192.0  1.11111111  0.96733534  0.00692560  0.96736013 -0.25360272
 1192.1  1.11111111  0.96733529  0.00692925  0.96736011 -0.25360279
 1192.2  1.11111111  0.96733525  0.00693248  0.96736009 -0.25360287
 1192.3  1.11111111  0.96733520  0.00693519  0.96736006 -0.25360297
 1192.4  1.11111111  0.96733516  0.00693729  0.96736003 -0.25360309
 1192.5  1.11111111  0.96733512  0.00693874  0.96736000 -0.25360321
 1192.6  1.11111111  0.96733508  0.00693950  0.96735997 -0.25360333
 1192.7  1.11111111  0.96733505  0.00693955  0.96735994 -0.25360346
 1192.8  1.11111111  0.96733502  0.00693891  0.96735991 -0.25360358
 1192.9  1.11111111  0.96733500  0.00693761  0.96735988 -0.25360370
 1193.0  1.11111111  0.96733499  0.00693569  0.96735985 -0.25360380
 1193.1  1.11111111  0.96733499  0.00693323  0.96735983 -0.25360389
 1193.2  1.11111111  0.96733499  0.00693033  0.96735981 -0.25360396
 1193.3  1.11111111  0.96733500  0.00692708  0.96735980 -0.25360401
 1193.4  1.11111111  0.96733502  0.00692360  0.96735979 -0.25360404
 1193.5  1.11111111  0.96733504  0.00692002  0.96735979 -0.25360405
 1193.6  1.11111111  0.96733507  0.00691645  0.96735979 -0.25360403
 1193.7  1.11111111  0.96733510  0.00691302  0.96735980 -0.25360400
 1193.8  1.11111111  0.96733514  0.00690983  0.96735982 -0.25360395
 1193.9  1.11111111  0.96733518  0.00690698  0.96735983 -0.25360388
 1194.0  1.11111111  0.96733521  0.00690457  0.96735986 -0.25360379
 1194.1  1.11111111  0.96733525  0.00690268  0.96735988 -0.25360369
 1194.2  1.11111111  0.96733529  0.00690136  0.96735991 -0.25360359
 1194.3  1.11111111  0.96733532  0.00690065  0.96735994 -0.25360348
 1194.4  1.11111111  0.96733535  0.00690055  0.96735996 -0.25360337
 1194.5  1.11111111  0.96733537  0.00690106  0.96735999 -0.25360326
 1194.6  1.11111111  0.96733539  0.00690214  0.96736001 -0.25360316
 1194.7  1.11111111  0.96733540  0.00690375  0.96736004 -0.25360307
 1194.8  1.11111111  0.96733541  0.00690583  0.96736006 -0.25360300
 1194.9  1.11111111  0.96733541  0.00690829  0.96736007 -0.25360294
 1195.0  1.11111111  0.96733540  0.00691105  0.96736008 -0.25360289
 1195.1  1.11111111  0.96733538  0.00691401  0.96736009 -0.25360286
 1195.2  1.11111111  0.96733536  0.00691708  0.96736009 -0.25360286
 1195.3  1.11111111  0.96733534  0.00692015  0.96736009 -0.25360287
 1195.4  1.11111111  0.96733531  0.00692312  0.96736008 -0.25360289
 1195.5  1.11111111  0.96733528  0.00692587  0.96736007 -0.25360294
 1195.6  1.11111111  0.96733525  0.00692834  0.96736006 -0.25360300
 1195.7  1.11111111  0.96733521  0.00693043  0.96736004 -0.25360307
 1195.8  1.11111111  0.96733518  0.00693208  0.96736002 -0.25360315
 1195.9  1.11111111  0.96733515  0.00693326  0.96736000 -0.25360324
 1196.0  1.11111111  0.96733512  0.00693392  0.96735997 -0.25360334
 1196.1  1.11111111  0.96733510  0.00693406  0.96735995 -0.25360343
 1196.2  1.11111111  0.96733508  0.00693369  0.96735992 -0.25360352
 1196.3  1.11111111  0.96733506  0.00693283  0.96735990 -0.25360360
 1196.4  1.11111111  0.96733505  0.00693152  0.96735988 -0.25360368
 1196.5  1.11111111  0.96733504  0.00692982  0.96735987 -0.25360375
 1196.6  1.11111111  0.96733505  0.00692779  0.96735985 -0.25360380
 1196.7  1.11111111  0.96733505  0.00692549  0.96735984 -0.25360384
 1196.8  1.11111111  0.96733506  0.00692301  0.96735984 -0.25360387
 1196.9  1.11111111  0.96733508  0.00692042  0.96735983 -0.25360388
 1197.0  1.11111111  0.96733510  0.00691781  0.96735983 -0.25360387
 1197.1  1.11111111  0.96733512  0.00691529  0.96735984 -0.25360385
 1197.2  1.11111111  0.96733515  0.00691289  0.96735985 -0.25360382
 1197.3  1.11111111  0.96733518  0.00691071  0.96735986 -0.25360377
 1197.4  1.11111111  0.96733520  0.00690881  0.96735988 -0.25360371
 1197.5  1.11111111  0.96733523  0.00690728  0.96735989 -0.25360364
 1197.6  1.11111111  0.96733526  0.00690614  0.96735991 -0.25360357
 1197.7  1.11111111  0.96733529  0.00690544  0.96735993 -0.25360349
 1197.8  1.11111111  0.96733531  0.00690519  0.96735995 -0.25360340
 1197.9  1.11111111  0.96733533  0.00690541  0.96735997 -0.25360332
 1198.0  1.11111111  0.96733534  0.00690606  0.96735999 -0.25360325
 1198.1  1.11111111  0.96733535  0.00690712  0.96736001 -0.25360318
 1198.2  1.11111111  0.96733536  0.00690856  0.96736003 -0.25360312
 1198.3  1.11111111  0.96733536  0.00691031  0.96736004 -0.25360307
 1198.4  1.11111111  0.96733535  0.00691232  0.96736005 -0.25360303
 1198.5  1.11111111  0.96733534  0.00691452  0.96736006 -0.25360300
 1198.6  1.11111111  0.96733533  0.00691683  0.96736006 -0.25360299
 1198.7  1.11111111  0.96733531  0.00691916  0.96736006 -0.25360300
 1198.8  1.11111111  0.96733529  0.00692143  0.96736005 -0.25360302
 1198.9  1.11111111  0.96733527  0.00692355  0.96736004 -0.25360305
 1199.0  1.11111111  0.96733524  0.00692547  0.96736003 -0.25360309
 1199.1  1.11111111  0.96733522  0.00692711  0.96736002 -0.25360314
 1199.2  1.11111111  0.96733519  0.00692843  0.96736000 -0.25360320
 1199.3  1.11111111  0.96733517  0.00692939  0.96735999 -0.25360327
 1199.4  1.11111111  0.96733515  0.00692997  0.96735997 -0.25360334
 1199.5  1.11111111  0.96733513  0.00693015  0.96735995 -0.25360341
 1199.6  1.11111111  0.96733511  0.00692994  0.96735993 -0.25360348
 1199.7  1.11111111  0.96733510  0.00692935  0.96735992 -0.25360354
 1199.8  1.11111111  0.96733509  0.00692841  0.96735990 -0.25360360
 1199.9  1.11111111  0.96733509  0.00692715  0.96735989 -0.25360365
 1200.0  1.11111111  0.96733509  0.00692563  0.96735988 -0.25360370
 1200.1  1.11111111  0.96733509  0.00692390  0.96735987 -0.25360373
 1200.2  1.11111111  0.96733510  0.00692202  0.96735987 -0.25360375
 1200.3  1.11111111  0.96733511  0.00692006  0.96735986 -0.25360376
 1200.4  1.11111111  0.96733513  0.00691808  0.96735987 -0.25360375
 1200.5  1.11111111  0.96733515  0.00691616  0.96735987 -0.25360374
 1200.6  1.11111111  0.96733517  0.00691437  0.96735988 -0.25360371
 1200.7  1.11111111  0.96733519  0.00691277  0.96735988 -0.25360368
 1200.8  1.11111111  0.96733521  0.00691138  0.96735990 -0.25360363
 1200.9  1.11111111  0.96733523  0.00691026  0.96735991 -0.25360358
 1201.0  1.11111111  0.96733525  0.00690944  0.96735992 -0.25360352
 1201.1  1.11111111  0.96733527  0.00690894  0.96735994 -0.25360347
 1201.2  1.11111111  0.96733528  0.00690877  0.96735995 -0.25360341
 1201.3  1.11111111  0.96733530  0.00690893  0.96735997 -0.25360335
 1201.4  1.11111111  0.96733531  0.00690941  0.96735998 -0.25360329
 1201.5  1.11111111  0.96733531  0.00691019  0.96736000 -0.25360324
 1201.6  1.11111111  0.96733532  0.00691124  0.96736001 -0.25360320
 1201.7  1.11111111  0.96733532  0.00691252  0.96736002 -0.25360316
 1201.8  1.11111111  0.96733531  0.00691397  0.96736002 -0.25360313
 1201.9  1.11111111  0.96733531  0.00691556  0.96736003 -0.25360312
 1202.0  1.11111111  0.96733530  0.00691722  0.96736003 -0.25360311
 1202.1  1.11111111  0.96733529  0.00691889  0.96736003 -0.25360311
 1202.2  1.11111111  0.96733527  0.00692053  0.96736003 -0.25360312
 1202.3  1.11111111  0.96733525  0.00692207  0.96736002 -0.25360314
 1202.4  1.11111111  0.96733524  0.00692347  0.96736001 -0.25360317
 1202.5  1.11111111  0.96733522  0.00692467  0.96736000 -0.25360321
 1202.6  1.11111111  0.96733520  0.00692565  0.96735999 -0.25360325
 1202.7  1.11111111  0.96733518  0.00692637  0.96735998 -0.25360330
 1202.8  1.11111111  0.96733517  0.00692683  0.96735997 -0.25360335
 1202.9  1.11111111  0.96733515  0.00692700  0.96735996 -0.25360340
 1203.0  1.11111111  0.96733514  0.00692690  0.96735994 -0.25360345
 1203.1  1.11111111  0.96733513  0.00692655  0.96735993 -0.25360350
 1203.2  1.11111111  0.96733513  0.00692594  0.96735992 -0.25360354
 1203.3  1.11111111  0.96733512  0.00692512  0.96735991 -0.25360358
 1203.4  1.11111111  0.96733512  0.00692409  0.96735990 -0.25360361
 1203.5  1.11111111  0.96733512  0.00692292  0.96735990 -0.25360363
 1203.6  1.11111111  0.96733513  0.00692163  0.96735989 -0.25360365
 1203.7  1.11111111  0.96733514  0.00692025  0.96735989 -0.25360366
 1203.8  1.11111111  0.96733515  0.00691885  0.96735989 -0.25360366
 1203.9  1.11111111  0.96733516  0.00691747  0.96735989 -0.25360365
 1204.0  1.11111111  0.96733517  0.00691615  0.96735989 -0.25360364
 1204.1  1.11111111  0.96733518  0.00691491  0.96735990 -0.25360362
 1204.2  1.11111111  0.96733520  0.00691384  0.96735991 -0.25360359
 1204.3  1.11111111  0.96733521  0.00691293  0.96735992 -0.25360355
 1204.4  1.11111111  0.96733523  0.00691221  0.96735993 -0.25360351
 1204.5  1.11111111  0.96733524  0.00691170  0.96735994 -0.25360347
 1204.6  1.11111111  0.96733526  0.00691144  0.96735995 -0.25360343
 1204.7  1.11111111  0.96733527  0.00691141  0.96735996 -0.25360339
 1204.8  1.11111111  0.96733528  0.00691163  0.96735997 -0.25360334
 1204.9  1.11111111  0.96733528  0.00691207  0.96735998 -0.25360330
 1205.0  1.11111111  0.96733529  0.00691273  0.96735999 -0.25360327
 1205.1  1.11111111  0.96733529  0.00691357  0.96736000 -0.25360324
 1205.2  1.11111111  0.96733529  0.00691457  0.96736000 -0.25360321
 1205.3  1.11111111  0.96733529  0.00691570  0.96736001 -0.25360320
 1205.4  1.11111111  0.96733528  0.00691690  0.96736001 -0.25360319
 1205.5  1.11111111  0.96733527  0.00691815  0.96736001 -0.25360318
 1205.6  1.11111111  0.96733526  0.00691939  0.96736001 -0.25360319
 1205.7  1.11111111  0.96733525  0.00692059  0.96736001 -0.25360320
 1205.8  1.11111111  0.96733524  0.00692169  0.96736000 -0.25360322
 1205.9  1.11111111  0.96733522  0.00692267  0.96735999 -0.25360325
 1206.0  1.11111111  0.96733521  0.00692349  0.96735999 -0.25360328
 1206.1  1.11111111  0.96733520  0.00692413  0.96735998 -0.25360331
 1206.2  1.11111111  0.96733518  0.00692458  0.96735997 -0.25360335
 1206.3  1.11111111  0.96733517  0.00692481  0.96735996 -0.25360338
 1206.4  1.11111111  0.96733516  0.00692482  0.96735995 -0.25360342
 1206.5  1.11111111  0.96733515  0.00692463  0.96735994 -0.25360346
 1206.6  1.11111111  0.96733515  0.00692423  0.96735993 -0.25360349
 1206.7  1.11111111  0.96733515  0.00692365  0.96735992 -0.25360352
 1206.8  1.11111111  0.96733514  0.00692291  0.96735992 -0.25360355
 1206.9  1.11111111  0.96733514  0.00692204  0.96735991 -0.25360357
 1207.0  1.11111111  0.96733515  0.00692106  0.96735991 -0.25360359
 1207.1  1.11111111  0.96733515  0.00692002  0.96735991 -0.25360360
 1207.2  1.11111111  0.96733516  0.00691895  0.96735990 -0.25360360
 1207.3  1.11111111  0.96733517  0.00691789  0.96735991 -0.25360359
 1207.4  1.11111111  0.96733518  0.00691687  0.96735991 -0.25360358
 1207.5  1.11111111  0.96733519  0.00691593  0.96735991 -0.25360357
 1207.6  1.11111111  0.96733520  0.00691509  0.96735992 -0.25360354
 1207.7  1.11111111  0.96733521  0.00691438  0.96735992 -0.25360352
 1207.8  1.11111111  0.96733522  0.00691383  0.96735993 -0.25360349
 1207.9  1.11111111  0.96733524  0.00691345  0.96735994 -0.25360346
 1208.0  1.11111111  0.96733525  0.00691325  0.96735995 -0.25360343
 1208.1  1.11111111  0.96733525  0.00691322  0.96735996 -0.25360340
 1208.2  1.11111111  0.96733526  0.00691337  0.96735996 -0.25360336
 1208.3  1.11111111  0.96733527  0.00691369  0.96735997 -0.25360334
 1208.4  1.11111111  0.96733527  0.00691414  0.96735998 -0.25360331
 1208.5  1.11111111  0.96733527  0.00691474  0.96735998 -0.25360329
 1208.6  1.11111111  0.96733527  0.00691543  0.96735999 -0.25360327
 1208.7  1.11111111  0.96733527  0.00691622  0.96735999 -0.25360326
 1208.8  1.11111111  0.96733526  0.00691706  0.96735999 -0.25360325
 1208.9  1.11111111  0.96733526  0.00691796  0.96735999 -0.25360324
 1209.0  1.11111111  0.96733525  0.00691883  0.96735999 -0.25360325
 1209.1  1.11111111  0.96733524  0.00691971  0.96735999 -0.25360325
 1209.2  1.11111111  0.96733523  0.00692054  0.96735999 -0.25360326
 1209.3  1.11111111  0.96733522  0.00692131  0.96735999 -0.25360328
 1209.4  1.11111111  0.96733521  0.00692198  0.96735998 -0.25360330
 1209.5  1.11111111  0.96733520  0.00692252  0.96735997 -0.25360332
 1209.6  1.11111111  0.96733520  0.00692294  0.96735997 -0.25360335
 1209.7  1.11111111  0.96733519  0.00692319  0.96735996 -0.25360338
 1209.8  1.11111111  0.96733518  0.00692330  0.96735995 -0.25360341
 1209.9  1.11111111  0.96733517  0.00692324  0.96735995 -0.25360343
 1210.0  1.11111111  0.96733517  0.00692302  0.96735994 -0.25360346
 1210.1  1.11111111  0.96733516  0.00692266  0.96735993 -0.25360349
 1210.2  1.11111111  0.96733516  0.00692217  0.96735993 -0.25360351
 1210.3  1.11111111  0.96733516  0.00692156  0.96735992 -0.25360353
 1210.4  1.11111111  0.96733516  0.00692086  0.96735992 -0.25360354
 1210.5  1.11111111  0.96733517  0.00692008  0.96735992 -0.25360355
 1210.6  1.11111111  0.96733517  0.00691925  0.96735992 -0.25360355
 1210.7  1.11111111  0.96733518  0.00691840  0.96735992 -0.25360355
 1210.8  1.11111111  0.96733518  0.00691759  0.96735992 -0.25360355
 1210.9  1.11111111  0.96733519  0.00691681  0.96735992 -0.25360354
 1211.0  1.11111111  0.96733520  0.00691611  0.96735992 -0.25360352
 1211.1  1.11111111  0.96733521  0.00691551  0.96735993 -0.25360350
 1211.2  1.11111111  0.96733522  0.00691502  0.96735993 -0.25360348
 1211.3  1.11111111  0.96733523  0.00691467  0.96735994 -0.25360346
 1211.4  1.11111111  0.96733524  0.00691445  0.96735995 -0.25360343
 1211.5  1.11111111  0.96733524  0.00691439  0.96735995 -0.25360340
 1211.6  1.11111111  0.96733525  0.00691447  0.96735996 -0.25360338
 1211.7  1.11111111  0.96733525  0.00691469  0.96735997 -0.25360336
 1211.8  1.11111111  0.96733526  0.00691504  0.96735997 -0.25360333
 1211.9  1.11111111  0.96733526  0.00691551  0.96735998 -0.25360331
 1212.0  1.11111111  0.96733526  0.00691607  0.96735998 -0.25360330
 1212.1  1.11111111  0.96733526  0.00691672  0.96735998 -0.25360329
 1212.2  1.11111111  0.96733525  0.00691741  0.96735998 -0.25360328
 1212.3  1.11111111  0.96733525  0.00691813  0.96735999 -0.25360328
 1212.4  1.11111111  0.96733524  0.00691886  0.96735999 -0.25360328
 1212.5  1.11111111  0.96733524  0.00691956  0.96735998 -0.25360329
 1212.6  1.11111111  0.96733523  0.00692022  0.96735998 -0.25360330
 1212.7  1.11111111  0.96733522  0.00692081  0.96735998 -0.25360331
 1212.8  1.11111111  0.96733521  0.00692132  0.96735997 -0.25360333
 1212.9  1.11111111  0.96733521  0.00692171  0.96735997 -0.25360335
 1213.0  1.11111111  0.96733520  0.00692198  0.96735996 -0.25360337
 1213.1  1.11111111  0.96733519  0.00692214  0.96735996 -0.25360339
 1213.2  1.11111111  0.96733519  0.00692218  0.96735995 -0.25360341
 1213.3  1.11111111  0.96733518  0.00692210  0.96735995 -0.25360343
 1213.4  1.11111111  0.96733518  0.00692191  0.96735994 -0.25360345
 1213.5  1.11111111  0.96733517  0.00692162  0.96735994 -0.25360347
 1213.6  1.11111111  0.96733517  0.00692123  0.96735993 -0.25360348
 1213.7  1.11111111  0.96733517  0.00692077  0.96735993 -0.25360350
 1213.8  1.11111111  0.96733517  0.00692024  0.96735993 -0.25360351
 1213.9  1.11111111  0.96733518  0.00691966  0.96735993 -0.25360351
 1214.0  1.11111111  0.96733518  0.00691905  0.96735993 -0.25360352
 1214.1  1.11111111  0.96733519  0.00691844  0.96735993 -0.25360352
 1214.2  1.11111111  0.96733519  0.00691784  0.96735993 -0.25360351
 1214.3  1.11111111  0.96733520  0.00691727  0.96735993 -0.25360350
 1214.4  1.11111111  0.96733520  0.00691675  0.96735993 -0.25360349
 1214.5  1.11111111  0.96733521  0.00691630  0.96735993 -0.25360348
 1214.6  1.11111111  0.96733522  0.00691594  0.96735994 -0.25360346
 1214.7  1.11111111  0.96733522  0.00691567  0.96735994 -0.25360345
 1214.8  1.11111111  0.96733523  0.00691550  0.96735995 -0.25360343
 1214.9  1.11111111  0.96733523  0.00691543  0.96735995 -0.25360341
 1215.0  1.11111111  0.96733524  0.00691546  0.96735996 -0.25360339
 1215.1  1.11111111  0.96733524  0.00691560  0.96735996 -0.25360337
 1215.2  1.11111111  0.96733525  0.00691583  0.96735997 -0.25360335
 1215.3  1.11111111  0.96733525  0.00691616  0.96735997 -0.25360334
 1215.4  1.11111111  0.96733525  0.00691656  0.96735997 -0.25360333
 1215.5  1.11111111  0.96733525  0.00691702  0.96735998 -0.25360332
 1215.6  1.11111111  0.96733524  0.00691753  0.96735998 -0.25360331
 1215.7  1.11111111  0.96733524  0.00691807  0.96735998 -0.25360331
 1215.8  1.11111111  0.96733524  0.00691862  0.96735998 -0.25360331
 1215.9  1.11111111  0.96733523  0.00691917  0.96735998 -0.25360331
 1216.0  1.11111111  0.96733523  0.00691968  0.96735998 -0.25360332
 1216.1  1.11111111  0.96733522  0.00692016  0.96735997 -0.25360333
 1216.2  1.11111111  0.96733522  0.00692058  0.96735997 -0.25360334
 1216.3  1.11111111  0.96733521  0.00692094  0.96735997 -0.25360335
 1216.4  1.11111111  0.96733520  0.00692122  0.96735996 -0.25360337
 1216.5  1.11111111  0.96733520  0.00692140  0.96735996 -0.25360338
 1216.6  1.11111111  0.96733519  0.00692150  0.96735995 -0.25360340
 1216.7  1.11111111  0.96733519  0.00692150  0.96735995 -0.25360342
 1216.8  1.11111111  0.96733518  0.00692140  0.96735995 -0.25360343
 1216.9  1.11111111  0.96733518  0.00692122  0.96735994 -0.25360345
 1217.0  1.11111111  0.96733518  0.00692095  0.96735994 -0.25360346
 1217.1  1.11111111  0.96733518  0.00692060  0.96735994 -0.25360348
 1217.2  1.11111111  0.96733518  0.00692020  0.96735993 -0.25360349
 1217.3  1.11111111  0.96733518  0.00691974  0.96735993 -0.25360349
 1217.4  1.11111111  0.96733518  0.00691925  0.96735993 -0.25360350
 1217.5  1.11111111  0.96733519  0.00691874  0.96735993 -0.25360350
 1217.6  1.11111111  0.96733519  0.00691822  0.96735993 -0.25360350
 1217.7  1.11111111  0.96733520  0.00691773  0.96735993 -0.25360349
 1217.8  1.11111111  0.96733520  0.00691726  0.96735993 -0.25360348
 1217.9  1.11111111  0.96733521  0.00691684  0.96735994 -0.25360347
 1218.0  1.11111111  0.96733521  0.00691648  0.96735994 -0.25360346
 1218.1  1.11111111  0.96733522  0.00691620  0.96735994 -0.25360345
 1218.2  1.11111111  0.96733522  0.00691599  0.96735995 -0.25360343
 1218.3  1.11111111  0.96733523  0.00691586  0.96735995 -0.25360342
 1218.4  1.11111111  0.96733523  0.00691583  0.96735995 -0.25360340
 1218.5  1.11111111  0.96733524  0.00691590  0.96735996 -0.25360338
 1218.6  1.11111111  0.96733524  0.00691605  0.96735996 -0.25360337
 1218.7  1.11111111  0.96733524  0.00691628  0.96735997 -0.25360336
 1218.8  1.11111111  0.96733524  0.00691659  0.96735997 -0.25360334
 1218.9  1.11111111  0.96733524  0.00691696  0.96735997 -0.25360333
 1219.0  1.11111111  0.96733524  0.00691739  0.96735997 -0.25360333
 1219.1  1.11111111  0.96733524  0.00691785  0.96735998 -0.25360332
 1219.2  1.11111111  0.96733524  0.00691833  0.96735998 -0.25360332
 1219.3  1.11111111  0.96733523  0.00691882  0.96735998 -0.25360332
 1219.4  1.11111111  0.96733523  0.00691930  0.96735997 -0.25360332
 1219.5  1.11111111  0.96733522  0.00691975  0.96735997 -0.25360333
 1219.6  1.11111111  0.96733522  0.00692016  0.96735997 -0.25360334
 1219.7  1.11111111  0.96733521  0.00692052  0.96735997 -0.25360335
 1219.8  1.11111111  0.96733521  0.00692081  0.96735996 -0.25360336
 1219.9  1.11111111  0.96733520  0.00692103  0.96735996 -0.25360338
 1220.0  1.11111111  0.96733520  0.00692117  0.96735996 -0.25360339
 1220.1  1.11111111  0.96733519  0.00692121  0.96735995 -0.25360341
 1220.2  1.11111111  0.96733519  0.00692117  0.96735995 -0.25360342
 1220.3  1.11111111  0.96733519  0.00692105  0.96735995 -0.25360344
 1220.4  1.11111111  0.96733518  0.00692084  0.96735994 -0.25360345
 1220.5  1.11111111  0.96733518  0.00692057  0.96735994 -0.25360346
 1220.6  1.11111111  0.96733518  0.00692022  0.96735994 -0.25360347
 1220.7  1.11111111  0.96733518  0.00691983  0.96735993 -0.25360348
 1220.8  1.11111111  0.96733519  0.00691940  0.96735993 -0.25360349
 1220.9  1.11111111  0.96733519  0.00691894  0.96735993 -0.25360349
 1221.0  1.11111111  0.96733519  0.00691847  0.96735993 -0.25360349
 1221.1  1.11111111  0.96733520  0.00691801  0.96735993 -0.25360349
 1221.2  1.11111111  0.96733520  0.00691757  0.96735993 -0.25360348
 1221.3  1.11111111  0.96733521  0.00691717  0.96735994 -0.25360347
 1221.4  1.11111111  0.96733521  0.00691682  0.96735994 -0.25360346
 1221.5  1.11111111  0.96733522  0.00691652  0.96735994 -0.25360345
 1221.6  1.11111111  0.96733522  0.00691629  0.96735995 -0.25360344
 1221.7  1.11111111  0.96733523  0.00691614  0.96735995 -0.25360342
 1221.8  1.11111111  0.96733523  0.00691608  0.96735995 -0.25360341
 1221.9  1.11111111  0.96733523  0.00691609  0.96735996 -0.25360339
 1222.0  1.11111111  0.96733524  0.00691619  0.96735996 -0.25360338
 1222.1  1.11111111  0.96733524  0.00691636  0.96735996 -0.25360337
 1222.2  1.11111111  0.96733524  0.00691661  0.96735997 -0.25360335
 1222.3  1.11111111  0.96733524  0.00691692  0.96735997 -0.25360334
 1222.4  1.11111111  0.96733524  0.00691729  0.96735997 -0.25360333
 1222.5  1.11111111  0.96733524  0.00691770  0.96735997 -0.25360333
 1222.6  1.11111111  0.96733524  0.00691814  0.96735997 -0.25360333
 1222.7  1.11111111  0.96733523  0.00691859  0.96735997 -0.25360333
 1222.8  1.11111111  0.96733523  0.00691903  0.96735997 -0.25360333
 1222.9  1.11111111  0.96733522  0.00691947  0.96735997 -0.25360333
 1223.0  1.11111111  0.96733522  0.00691987  0.96735997 -0.25360334
 1223.1  1.11111111  0.96733522  0.00692023  0.96735997 -0.25360335
 1223.2  1.11111111  0.96733521  0.00692053  0.96735997 -0.25360336
 1223.3  1.11111111  0.96733521  0.00692078  0.96735996 -0.25360337
 1223.4  1.11111111  0.96733520  0.00692094  0.96735996 -0.25360339
 1223.5  1.11111111  0.96733520  0.00692102  0.96735995 -0.25360340
 1223.6  1.11111111  0.96733519  0.00692103  0.96735995 -0.25360342
 1223.7  1.11111111  0.96733519  0.00692096  0.96735995 -0.25360343
 1223.8  1.11111111  0.96733519  0.00692081  0.96735994 -0.25360344
 1223.9  1.11111111  0.96733519  0.00692059  0.96735994 -0.25360346
 1224.0  1.11111111  0.96733518  0.00692029  0.96735994 -0.25360347
 1224.1  1.11111111  0.96733518  0.00691995  0.96735994 -0.25360347
 1224.2  1.11111111  0.96733519  0.00691957  0.96735993 -0.25360348
 1224.3  1.11111111  0.96733519  0.00691914  0.96735993 -0.25360348
 1224.4  1.11111111  0.96733519  0.00691871  0.96735993 -0.25360349
 1224.5  1.11111111  0.96733519  0.00691827  0.96735993 -0.25360348
 1224.6  1.11111111  0.96733520  0.00691784  0.96735993 -0.25360348
 1224.7  1.11111111  0.96733520  0.00691744  0.96735994 -0.25360347
 1224.8  1.11111111  0.96733521  0.00691708  0.96735994 -0.25360346
 1224.9  1.11111111  0.96733521  0.00691677  0.96735994 -0.25360345
 1225.0  1.11111111  0.96733522  0.00691652  0.96735994 -0.25360344
 1225.1  1.11111111  0.96733522  0.00691634  0.96735995 -0.25360343
