 # TIME  LP  TMAB  TMDS  TMPC  TMZ
 2657.6  0.94444444  0.96689529  0.00517501  0.96690914 -0.25523541
 2657.7  0.94444444  0.96690808  0.00324363  0.96691352 -0.25521852
 2657.8  0.94444444  0.96691977  0.00138216  0.96692076 -0.25519039
 2657.9  0.94444444  0.96693064 -0.00037566  0.96693071 -0.25515164
 2658.0  0.94444444  0.96694112 -0.00199833  0.96694318 -0.25510311
 2658.1  0.94444444  0.96695176 -0.00345715  0.96695794 -0.25504578
 2658.2  0.94444444  0.96696315 -0.00472667  0.96697470 -0.25498080
 2658.3  0.94444444  0.96697578 -0.00578522  0.96699308 -0.25490950
 2658.4  0.94444444  0.96699008 -0.00661546  0.96701271 -0.25483327
 2658.5  0.94444444  0.96700640 -0.00720450  0.96703324 -0.25475357
 2658.6  0.94444444  0.96702486 -0.00754413  0.96705429 -0.25467187
 2658.7  0.94444444  0.96704537 -0.00763082  0.96707548 -0.25458972
 2658.8  0.94444444  0.96706761 -0.00746571  0.96709643 -0.25450860
 2658.9  0.94444444  0.96709100 -0.00705458  0.96711673 -0.25443003
 2659.0  0.94444444  0.96711477 -0.00640787  0.96713600 -0.25435543
 2659.1  0.94444444  0.96713804 -0.00554036  0.96715391 -0.25428612
 2659.2  0.94444444  0.96715980 -0.00447089  0.96717013 -0.25422334
 2659.3  0.94444444  0.96717905 -0.00322191  0.96718441 -0.25416814
 2659.4  0.94444444  0.96719481 -0.00181887  0.96719652 -0.25412144
 2659.5  0.94444444  0.96720621 -0.00028969  0.96720626 -0.25408401
 2659.6  0.94444444  0.96721255  0.00133593  0.96721347 -0.25405644
 2659.7  0.94444444  0.96721331  0.00302717  0.96721805 -0.25403913
 2659.8  0.94444444  0.96720825  0.00475264  0.96721993 -0.25403231
 2659.9  0.94444444  0.96719737  0.00648089  0.96721908 -0.25403600
 2660.0  0.94444444  0.96718095  0.00818085  0.96721555 -0.25405006
 2660.1  0.94444444  0.96715954  0.00982222  0.96720942 -0.25407415
 2660.2  0.94444444  0.96713392  0.01137591  0.96720082 -0.25410772
 2660.3  0.94444444  0.96710506  0.01281450  0.96718996 -0.25415008
 2660.4  0.94444444  0.96707409  0.01411277  0.96717706 -0.25420037
 2660.5  0.94444444  0.96704218  0.01524813  0.96716239 -0.25425759
 2660.6  0.94444444  0.96701053  0.01620109  0.96714624 -0.25432060
 2660.7  0.94444444  0.96698027  0.01695561  0.96712891 -0.25438821
 2660.8  0.94444444  0.96695239  0.01749928  0.96711072 -0.25445912
 2660.9  0.94444444  0.96692775  0.01782356  0.96709201 -0.25453199
 2661.0  0.94444444  0.96690700  0.01792402  0.96707312 -0.25460543
 2661.1  0.94444444  0.96689058  0.01780050  0.96705442 -0.25467806
 2661.2  0.94444444  0.96687868  0.01745707  0.96703626 -0.25474853
 2661.3  0.94444444  0.96687126  0.01690209  0.96701898 -0.25481554
 2661.4  0.94444444  0.96686805  0.01614786  0.96700289 -0.25487788
 2661.5  0.94444444  0.96686861  0.01521029  0.96698824 -0.25493445
 2661.6  0.94444444  0.96687239  0.01410854  0.96697532 -0.25498426
 2661.7  0.94444444  0.96687876  0.01286468  0.96696434 -0.25502643
 2661.8  0.94444444  0.96688711  0.01150330  0.96695553 -0.25506024
 2661.9  0.94444444  0.96689678  0.01005104  0.96694902 -0.25508516
 2662.0  0.94444444  0.96690721  0.00853595  0.96694488 -0.25510083
 2662.1  0.94444444  0.96691791  0.00698689  0.96694315 -0.25510708
 2662.2  0.94444444  0.96692857  0.00543300  0.96694383 -0.25510389
 2662.3  0.94444444  0.96693902  0.00390318  0.96694689 -0.25509141
 2662.4  0.94444444  0.96694922  0.00242566  0.96695227 -0.25506995
 2662.5  0.94444444  0.96695926  0.00102740  0.96695981 -0.25504003
 2662.6  0.94444444  0.96696931 -0.00026643  0.96696935 -0.25500230
 2662.7  0.94444444  0.96697961 -0.00143291  0.96698068 -0.25495755
 2662.8  0.94444444  0.96699047 -0.00245180  0.96699358 -0.25490667
 2662.9  0.94444444  0.96700217 -0.00330577  0.96700782 -0.25485065
 2663.0  0.94444444  0.96701494 -0.00398071  0.96702313 -0.25479058
 2663.1  0.94444444  0.96702890 -0.00446594  0.96703922 -0.25472761
 2663.2  0.94444444  0.96704408 -0.00475442  0.96705577 -0.25466294
 2663.3  0.94444444  0.96706036 -0.00484288  0.96707248 -0.25459777
 2663.4  0.94444444  0.96707748 -0.00473181  0.96708905 -0.25453332
 2663.5  0.94444444  0.96709506 -0.00442540  0.96710519 -0.25447074
 2663.6  0.94444444  0.96711260 -0.00393137  0.96712059 -0.25441117
 2663.7  0.94444444  0.96712950 -0.00326080  0.96713500 -0.25435567
 2663.8  0.94444444  0.96714510 -0.00242789  0.96714815 -0.25430523
 2663.9  0.94444444  0.96715872 -0.00144967  0.96715980 -0.25426073
 2664.0  0.94444444  0.96716970 -0.00034566  0.96716977 -0.25422292
 2664.1  0.94444444  0.96717749  0.00086254  0.96717787 -0.25419245
 2664.2  0.94444444  0.96718160  0.00215167  0.96718399 -0.25416980
 2664.3  0.94444444  0.96718171  0.00349731  0.96718803 -0.25415532
 2664.4  0.94444444  0.96717766  0.00487431  0.96718994 -0.25414921
 2664.5  0.94444444  0.96716944  0.00625724  0.96718968 -0.25415152
 2664.6  0.94444444  0.96715726  0.00762075  0.96718728 -0.25416213
 2664.7  0.94444444  0.96714147  0.00894001  0.96718279 -0.25418080
 2664.8  0.94444444  0.96712260  0.01019108  0.96717629 -0.25420711
 2664.9  0.94444444  0.96710132  0.01135136  0.96716793 -0.25424052
 2665.0  0.94444444  0.96707839  0.01239999  0.96715789 -0.25428033
 2665.1  0.94444444  0.96705466  0.01331835  0.96714636 -0.25432576
 2665.2  0.94444444  0.96703095  0.01409041  0.96713359 -0.25437589
 2665.3  0.94444444  0.96700805  0.01470303  0.96711982 -0.25442977
 2665.4  0.94444444  0.96698670  0.01514616  0.96710531 -0.25448634
 2665.5  0.94444444  0.96696749  0.01541297  0.96709032 -0.25454454
 2665.6  0.94444444  0.96695092  0.01549995  0.96707514 -0.25460327
 2665.7  0.94444444  0.96693731  0.01540696  0.96706005 -0.25466142
 2665.8  0.94444444  0.96692687  0.01513730  0.96704535 -0.25471789
 2665.9  0.94444444  0.96691961  0.01469763  0.96703130 -0.25477163
 2666.0  0.94444444  0.96691540  0.01409780  0.96701817 -0.25482168
 2666.1  0.94444444  0.96691400  0.01335056  0.96700617 -0.25486714
 2666.2  0.94444444  0.96691508  0.01247125  0.96699551 -0.25490721
 2666.3  0.94444444  0.96691826  0.01147752  0.96698638 -0.25494120
 2666.4  0.94444444  0.96692314  0.01038903  0.96697895 -0.25496851
 2666.5  0.94444444  0.96692935  0.00922705  0.96697337 -0.25498871
 2666.6  0.94444444  0.96693649  0.00801408  0.96696971 -0.25500148
 2666.7  0.94444444  0.96694428  0.00677330  0.96696800 -0.25500669
 2666.8  0.94444444  0.96695246  0.00552813  0.96696826 -0.25500431
 2666.9  0.94444444  0.96696091  0.00430180  0.96697048 -0.25499447
 2667.0  0.94444444  0.96696958  0.00311696  0.96697460 -0.25497741
 2667.1  0.94444444  0.96697848  0.00199530  0.96698054 -0.25495353
 2667.2  0.94444444  0.96698769  0.00095713  0.96698816 -0.25492335
 2667.3  0.94444444  0.96699729  0.00002092  0.96699729 -0.25488750
 2667.4  0.94444444  0.96700741 -0.00079696  0.96700774 -0.25484671
 2667.5  0.94444444  0.96701817 -0.00148256  0.96701931 -0.25480177
 2667.6  0.94444444  0.96702967 -0.00202451  0.96703179 -0.25475356
 2667.7  0.94444444  0.96704192 -0.00241419  0.96704493 -0.25470300
 2667.8  0.94444444  0.96705487 -0.00264592  0.96705849 -0.25465105
 2667.9  0.94444444  0.96706838 -0.00271700  0.96707219 -0.25459870
 2668.0  0.94444444  0.96708222 -0.00262777  0.96708579 -0.25454691
 2668.1  0.94444444  0.96709609 -0.00238157  0.96709902 -0.25449663
 2668.2  0.94444444  0.96710963 -0.00198459  0.96711166 -0.25444878
 2668.3  0.94444444  0.96712240 -0.00144573  0.96712348 -0.25440421
 2668.4  0.94444444  0.96713395 -0.00077636  0.96713426 -0.25436371
 2668.5  0.94444444  0.96714381  0.00000987  0.96714381 -0.25432800
 2668.6  0.94444444  0.96715156  0.00089734  0.96715197 -0.25429770
 2668.7  0.94444444  0.96715679  0.00186873  0.96715859 -0.25427331
 2668.8  0.94444444  0.96715920  0.00290534  0.96716357 -0.25425525
 2668.9  0.94444444  0.96715860  0.00398747  0.96716682 -0.25424378
 2669.0  0.94444444  0.96715489  0.00509477  0.96716831 -0.25423906
 2669.1  0.94444444  0.96714809  0.00620659  0.96716801 -0.25424114
 2669.2  0.94444444  0.96713838  0.00730236  0.96716595 -0.25424991
 2669.3  0.94444444  0.96712603  0.00836193  0.96716217 -0.25426516
 2669.4  0.94444444  0.96711142  0.00936590  0.96715677 -0.25428656
 2669.5  0.94444444  0.96709504  0.01029599  0.96714984 -0.25431365
 2669.6  0.94444444  0.96707744  0.01113539  0.96714154 -0.25434588
 2669.7  0.94444444  0.96705921  0.01186912  0.96713205 -0.25438260
 2669.8  0.94444444  0.96704096  0.01248432  0.96712154 -0.25442306
 2669.9  0.94444444  0.96702325  0.01297046  0.96711024 -0.25446649
 2670.0  0.94444444  0.96700661  0.01331967  0.96709834 -0.25451204
 2670.1  0.94444444  0.96699148  0.01352661  0.96708608 -0.25455885
 2670.2  0.94444444  0.96697821  0.01358864  0.96707369 -0.25460602
 2670.3  0.94444444  0.96696708  0.01350586  0.96706140 -0.25465266
 2670.4  0.94444444  0.96695825  0.01328111  0.96704945 -0.25469790
 2670.5  0.94444444  0.96695176  0.01291998  0.96703807 -0.25474089
 2670.6  0.94444444  0.96694755  0.01243062  0.96702745 -0.25478087
 2670.7  0.94444444  0.96694551  0.01182345  0.96701779 -0.25481710
 2670.8  0.94444444  0.96694542  0.01111100  0.96700926 -0.25484895
 2670.9  0.94444444  0.96694707  0.01030762  0.96700201 -0.25487586
 2671.0  0.94444444  0.96695019  0.00942928  0.96699617 -0.25489738
 2671.1  0.94444444  0.96695454  0.00849319  0.96699184 -0.25491316
 2671.2  0.94444444  0.96695987  0.00751750  0.96698909 -0.25492296
 2671.3  0.94444444  0.96696595  0.00652089  0.96698794 -0.25492667
 2671.4  0.94444444  0.96697264  0.00552220  0.96698840 -0.25492429
 2671.5  0.94444444  0.96697980  0.00454012  0.96699046 -0.25491591
 2671.6  0.94444444  0.96698737  0.00359283  0.96699405 -0.25490177
 2671.7  0.94444444  0.96699534  0.00269767  0.96699911 -0.25488216
 2671.8  0.94444444  0.96700370  0.00187089  0.96700551 -0.25485754
 2671.9  0.94444444  0.96701245  0.00112723  0.96701311 -0.25482841
 2672.0  0.94444444  0.96702165  0.00047969  0.96702177 -0.25479536
 2672.1  0.94444444  0.96703129 -0.00006063  0.96703130 -0.25475905
 2672.2  0.94444444  0.96704140 -0.00048482  0.96704152 -0.25472018
 2672.3  0.94444444  0.96705193 -0.00078612  0.96705225 -0.25467949
 2672.4  0.94444444  0.96706277 -0.00096019  0.96706325 -0.25463778
 2672.5  0.94444444  0.96707381 -0.00100508  0.96707434 -0.25459582
 2672.6  0.94444444  0.96708485 -0.00092129  0.96708528 -0.25455441
 2672.7  0.94444444  0.96709563 -0.00071173  0.96709589 -0.25451429
 2672.8  0.94444444  0.96710590 -0.00038165  0.96710597 -0.25447621
 2672.9  0.94444444  0.96711534  0.00006158  0.96711534 -0.25444084
 2673.0  0.94444444  0.96712365  0.00060854  0.96712384 -0.25440882
 2673.1  0.94444444  0.96713050  0.00124802  0.96713130 -0.25438071
 2673.2  0.94444444  0.96713561  0.00196720  0.96713761 -0.25435700
 2673.3  0.94444444  0.96713875  0.00275190  0.96714266 -0.25433808
 2673.4  0.94444444  0.96713971  0.00358687  0.96714636 -0.25432426
 2673.5  0.94444444  0.96713839  0.00445608  0.96714866 -0.25431576
 2673.6  0.94444444  0.96713478  0.00534304  0.96714954 -0.25431267
 2673.7  0.94444444  0.96712891  0.00623110  0.96714898 -0.25431500
 2673.8  0.94444444  0.96712093  0.00710375  0.96714702 -0.25432267
 2673.9  0.94444444  0.96711106  0.00794493  0.96714369 -0.25433547
 2674.0  0.94444444  0.96709960  0.00873930  0.96713909 -0.25435313
 2674.1  0.94444444  0.96708690  0.00947248  0.96713329 -0.25437527
 2674.2  0.94444444  0.96707336  0.01013137  0.96712642 -0.25440143
 2674.3  0.94444444  0.96705939  0.01070437  0.96711863 -0.25443107
 2674.4  0.94444444  0.96704543  0.01118159  0.96711008 -0.25446363
 2674.5  0.94444444  0.96703189  0.01155506  0.96710092 -0.25449844
 2674.6  0.94444444  0.96701912  0.01181879  0.96709134 -0.25453484
 2674.7  0.94444444  0.96700744  0.01196891  0.96708151 -0.25457214
 2674.8  0.94444444  0.96699713  0.01200372  0.96707163 -0.25460963
 2674.9  0.94444444  0.96698838  0.01192368  0.96706189 -0.25464660
 2675.0  0.94444444  0.96698130  0.01173142  0.96705246 -0.25468236
 2675.1  0.94444444  0.96697596  0.01143165  0.96704353 -0.25471625
 2675.2  0.94444444  0.96697234  0.01103107  0.96703526 -0.25474766
 2675.3  0.94444444  0.96697036  0.01053822  0.96702779 -0.25477603
 2675.4  0.94444444  0.96696992  0.00996324  0.96702125 -0.25480086
 2675.5  0.94444444  0.96697087  0.00931773  0.96701576 -0.25482171
 2675.6  0.94444444  0.96697304  0.00861444  0.96701141 -0.25483826
 2675.7  0.94444444  0.96697627  0.00786715  0.96700827 -0.25485021
 2675.8  0.94444444  0.96698040  0.00709027  0.96700640 -0.25485741
 2675.9  0.94444444  0.96698528  0.00629865  0.96700579 -0.25485978
 2676.0  0.94444444  0.96699078  0.00550722  0.96700646 -0.25485732
 2676.1  0.94444444  0.96699679  0.00473075  0.96700837 -0.25485013
 2676.2  0.94444444  0.96700326  0.00398356  0.96701147 -0.25483839
 2676.3  0.94444444  0.96701013  0.00327929  0.96701570 -0.25482238
 2676.4  0.94444444  0.96701737  0.00263062  0.96702095 -0.25480243
 2676.5  0.94444444  0.96702496  0.00204907  0.96702713 -0.25477896
 2676.6  0.94444444  0.96703286  0.00154478  0.96703409 -0.25475245
 2676.7  0.94444444  0.96704106  0.00112632  0.96704171 -0.25472342
 2676.8  0.94444444  0.96704950  0.00080057  0.96704983 -0.25469245
 2676.9  0.94444444  0.96705814  0.00057260  0.96705831 -0.25466011
 2677.0  0.94444444  0.96706686  0.00044564  0.96706697 -0.25462702
 2677.1  0.94444444  0.96707556  0.00042098  0.96707565 -0.25459382
 2677.2  0.94444444  0.96708407  0.00049803  0.96708420 -0.25456112
 2677.3  0.94444444  0.96709221  0.00067426  0.96709245 -0.25452951
 2677.4  0.94444444  0.96709979  0.00094535  0.96710026 -0.25449958
 2677.5  0.94444444  0.96710660  0.00130524  0.96710748 -0.25447186
 2677.6  0.94444444  0.96711242  0.00174633  0.96711400 -0.25444684
 2677.7  0.94444444  0.96711705  0.00225956  0.96711969 -0.25442497
 2677.8  0.94444444  0.96712032  0.00283465  0.96712447 -0.25440660
 2677.9  0.94444444  0.96712206  0.00346030  0.96712825 -0.25439206
 2678.0  0.94444444  0.96712218  0.00412435  0.96713097 -0.25438156
 2678.1  0.94444444  0.96712061  0.00481409  0.96713259 -0.25437528
 2678.2  0.94444444  0.96711737  0.00551642  0.96713310 -0.25437328
 2678.3  0.94444444  0.96711251  0.00621820  0.96713250 -0.25437555
 2678.4  0.94444444  0.96710614  0.00690638  0.96713080 -0.25438202
 2678.5  0.94444444  0.96709845  0.00756835  0.96712806 -0.25439252
 2678.6  0.94444444  0.96708963  0.00819208  0.96712433 -0.25440682
 2678.7  0.94444444  0.96707996  0.00876635  0.96711969 -0.25442461
 2678.8  0.94444444  0.96706970  0.00928097  0.96711424 -0.25444554
 2678.9  0.94444444  0.96705916  0.00972695  0.96710808 -0.25446917
 2679.0  0.94444444  0.96704864  0.01009668  0.96710135 -0.25449504
 2679.1  0.94444444  0.96703841  0.01038403  0.96709416 -0.25452265
 2679.2  0.94444444  0.96702875  0.01058446  0.96708667 -0.25455146
 2679.3  0.94444444  0.96701987  0.01069512  0.96707901 -0.25458092
 2679.4  0.94444444  0.96701196  0.01071484  0.96707132 -0.25461048
 2679.5  0.94444444  0.96700518  0.01064414  0.96706376 -0.25463959
 2679.6  0.94444444  0.96699961  0.01048524  0.96705645 -0.25466770
 2679.7  0.94444444  0.96699530  0.01024198  0.96704954 -0.25469430
 2679.8  0.94444444  0.96699227  0.00991975  0.96704315 -0.25471892
 2679.9  0.94444444  0.96699047  0.00952537  0.96703739 -0.25474110
 2680.0  0.94444444  0.96698985  0.00906692  0.96703235 -0.25476048
 2680.1  0.94444444  0.96699031  0.00855358  0.96702814 -0.25477670
 2680.2  0.94444444  0.96699175  0.00799549  0.96702481 -0.25478951
 2680.3  0.94444444  0.96699408  0.00740349  0.96702242 -0.25479870
 2680.4  0.94444444  0.96699717  0.00678896  0.96702100 -0.25480414
 2680.5  0.94444444  0.96700093  0.00616359  0.96702058 -0.25480576
 2680.6  0.94444444  0.96700527  0.00553914  0.96702113 -0.25480358
 2680.7  0.94444444  0.96701010  0.00492722  0.96702265 -0.25479768
 2680.8  0.94444444  0.96701536  0.00433909  0.96702510 -0.25478821
 2680.9  0.94444444  0.96702100  0.00378542  0.96702841 -0.25477538
 2681.0  0.94444444  0.96702698  0.00327618  0.96703253 -0.25475947
 2681.1  0.94444444  0.96703324  0.00282036  0.96703736 -0.25474080
 2681.2  0.94444444  0.96703976  0.00242589  0.96704280 -0.25471974
 2681.3  0.94444444  0.96704647  0.00209946  0.96704875 -0.25469673
 2681.4  0.94444444  0.96705334  0.00184642  0.96705510 -0.25467219
 2681.5  0.94444444  0.96706027  0.00167069  0.96706172 -0.25464661
 2681.6  0.94444444  0.96706720  0.00157474  0.96706848 -0.25462046
 2681.7  0.94444444  0.96707401  0.00155952  0.96707527 -0.25459423
 2681.8  0.94444444  0.96708059  0.00162448  0.96708195 -0.25456842
 2681.9  0.94444444  0.96708680  0.00176758  0.96708841 -0.25454350
 2682.0  0.94444444  0.96709249  0.00198535  0.96709453 -0.25451992
 2682.1  0.94444444  0.96709752  0.00227299  0.96710019 -0.25449809
 2682.2  0.94444444  0.96710174  0.00262444  0.96710530 -0.25447842
 2682.3  0.94444444  0.96710502  0.00303255  0.96710977 -0.25446123
 2682.4  0.94444444  0.96710724  0.00348917  0.96711353 -0.25444683
 2682.5  0.94444444  0.96710830  0.00398537  0.96711651 -0.25443546
 2682.6  0.94444444  0.96710814  0.00451156  0.96711867 -0.25442729
 2682.7  0.94444444  0.96710674  0.00505771  0.96711996 -0.25442245
 2682.8  0.94444444  0.96710410  0.00561349  0.96712039 -0.25442099
 2682.9  0.94444444  0.96710027  0.00616853  0.96711994 -0.25442291
 2683.0  0.94444444  0.96709534  0.00671254  0.96711863 -0.25442815
 2683.1  0.94444444  0.96708944  0.00723555  0.96711651 -0.25443657
 2683.2  0.94444444  0.96708272  0.00772808  0.96711360 -0.25444798
 2683.3  0.94444444  0.96707537  0.00818127  0.96710998 -0.25446216
 2683.4  0.94444444  0.96706759  0.00858709  0.96710571 -0.25447880
 2683.5  0.94444444  0.96705958  0.00893844  0.96710089 -0.25449758
 2683.6  0.94444444  0.96705157  0.00922930  0.96709561 -0.25451812
 2683.7  0.94444444  0.96704374  0.00945484  0.96708996 -0.25454002
 2683.8  0.94444444  0.96703630  0.00961148  0.96708406 -0.25456288
 2683.9  0.94444444  0.96702941  0.00969696  0.96707803 -0.25458624
 2684.0  0.94444444  0.96702321  0.00971037  0.96707196 -0.25460967
 2684.1  0.94444444  0.96701781  0.00965214  0.96706598 -0.25463273
 2684.2  0.94444444  0.96701330  0.00952403  0.96706020 -0.25465500
 2684.3  0.94444444  0.96700971  0.00932910  0.96705471 -0.25467606
 2684.4  0.94444444  0.96700708  0.00907164  0.96704963 -0.25469554
 2684.5  0.94444444  0.96700539  0.00875705  0.96704504 -0.25471310
 2684.6  0.94444444  0.96700461  0.00839174  0.96704102 -0.25472841
 2684.7  0.94444444  0.96700469  0.00798303  0.96703764 -0.25474123
 2684.8  0.94444444  0.96700557  0.00753894  0.96703495 -0.25475133
 2684.9  0.94444444  0.96700718  0.00706811  0.96703301 -0.25475855
 2685.0  0.94444444  0.96700945  0.00657958  0.96703184 -0.25476279
 2685.1  0.94444444  0.96701232  0.00608261  0.96703145 -0.25476401
 2685.2  0.94444444  0.96701570  0.00558656  0.96703184 -0.25476220
 2685.3  0.94444444  0.96701955  0.00510065  0.96703300 -0.25475743
 2685.4  0.94444444  0.96702380  0.00463382  0.96703490 -0.25474983
 2685.5  0.94444444  0.96702840  0.00419458  0.96703749 -0.25473956
 2685.6  0.94444444  0.96703330  0.00379082  0.96704073 -0.25472684
 2685.7  0.94444444  0.96703847  0.00342971  0.96704455 -0.25471192
 2685.8  0.94444444  0.96704384  0.00311753  0.96704886 -0.25469512
 2685.9  0.94444444  0.96704936  0.00285960  0.96705359 -0.25467676
 2686.0  0.94444444  0.96705499  0.00266017  0.96705864 -0.25465719
 2686.1  0.94444444  0.96706063  0.00252237  0.96706392 -0.25463680
 2686.2  0.94444444  0.96706623  0.00244813  0.96706933 -0.25461597
 2686.3  0.94444444  0.96707169  0.00243819  0.96707476 -0.25459508
 2686.4  0.94444444  0.96707691  0.00249211  0.96708012 -0.25457453
 2686.5  0.94444444  0.96708179  0.00260825  0.96708530 -0.25455470
 2686.6  0.94444444  0.96708621  0.00278383  0.96709022 -0.25453594
 2686.7  0.94444444  0.96709007  0.00301499  0.96709477 -0.25451860
 2686.8  0.94444444  0.96709327  0.00329691  0.96709889 -0.25450298
 2686.9  0.94444444  0.96709571  0.00362384  0.96710250 -0.25448936
 2687.0  0.94444444  0.96709731  0.00398927  0.96710554 -0.25447796
 2687.1  0.94444444  0.96709800  0.00438606  0.96710795 -0.25446899
 2687.2  0.94444444  0.96709775  0.00480653  0.96710970 -0.25446258
 2687.3  0.94444444  0.96709655  0.00524266  0.96711076 -0.25445883
 2687.4  0.94444444  0.96709439  0.00568618  0.96711111 -0.25445779
 2687.5  0.94444444  0.96709134  0.00612880  0.96711076 -0.25445944
 2687.6  0.94444444  0.96708745  0.00656229  0.96710972 -0.25446374
 2687.7  0.94444444  0.96708283  0.00697869  0.96710801 -0.25447058
 2687.8  0.94444444  0.96707759  0.00737040  0.96710567 -0.25447980
 2687.9  0.94444444  0.96707186  0.00773038  0.96710276 -0.25449122
 2688.0  0.94444444  0.96706580  0.00805222  0.96709932 -0.25450461
 2688.1  0.94444444  0.96705955  0.00833028  0.96709543 -0.25451968
 2688.2  0.94444444  0.96705329  0.00855978  0.96709117 -0.25453615
 2688.3  0.94444444  0.96704715  0.00873690  0.96708662 -0.25455369
 2688.4  0.94444444  0.96704128  0.00885883  0.96708186 -0.25457198
 2688.5  0.94444444  0.96703581  0.00892381  0.96707699 -0.25459065
 2688.6  0.94444444  0.96703085  0.00893116  0.96707209 -0.25460936
 2688.7  0.94444444  0.96702649  0.00888130  0.96706727 -0.25462775
 2688.8  0.94444444  0.96702279  0.00877570  0.96706261 -0.25464549
 2688.9  0.94444444  0.96701980  0.00861685  0.96705819 -0.25466225
 2689.0  0.94444444  0.96701754  0.00840825  0.96705410 -0.25467773
 2689.1  0.94444444  0.96701602  0.00815426  0.96705040 -0.25469165
 2689.2  0.94444444  0.96701523  0.00786006  0.96704718 -0.25470377
 2689.3  0.94444444  0.96701514  0.00753155  0.96704447 -0.25471387
 2689.4  0.94444444  0.96701571  0.00717519  0.96704233 -0.25472179
 2689.5  0.94444444  0.96701690  0.00679791  0.96704079 -0.25472740
 2689.6  0.94444444  0.96701865  0.00640696  0.96703988 -0.25473063
 2689.7  0.94444444  0.96702093  0.00600977  0.96703960 -0.25473143
 2689.8  0.94444444  0.96702367  0.00561383  0.96703996 -0.25472981
 2689.9  0.94444444  0.96702682  0.00522659  0.96704094 -0.25472584
 2690.0  0.94444444  0.96703033  0.00485499  0.96704252 -0.25471960
 2690.1  0.94444444  0.96703416  0.00450591  0.96704466 -0.25471123
 2690.2  0.94444444  0.96703826  0.00418565  0.96704732 -0.25470092
 2690.3  0.94444444  0.96704257  0.00389988  0.96705044 -0.25468887
 2690.4  0.94444444  0.96704706  0.00365358  0.96705396 -0.25467533
 2690.5  0.94444444  0.96705165  0.00345098  0.96705781 -0.25466056
 2690.6  0.94444444  0.96705630  0.00329546  0.96706192 -0.25464485
 2690.7  0.94444444  0.96706094  0.00318942  0.96706620 -0.25462850
 2690.8  0.94444444  0.96706549  0.00313431  0.96707057 -0.25461183
 2690.9  0.94444444  0.96706989  0.00313065  0.96707496 -0.25459514
 2691.0  0.94444444  0.96707405  0.00317802  0.96707927 -0.25457875
 2691.1  0.94444444  0.96707789  0.00327503  0.96708344 -0.25456296
 2691.2  0.94444444  0.96708133  0.00341937  0.96708738 -0.25454806
 2691.3  0.94444444  0.96708429  0.00360788  0.96709102 -0.25453432
 2691.4  0.94444444  0.96708668  0.00383661  0.96709429 -0.25452198
 2691.5  0.94444444  0.96708845  0.00410091  0.96709714 -0.25451125
 2691.6  0.94444444  0.96708954  0.00439550  0.96709953 -0.25450233
 2691.7  0.94444444  0.96708991  0.00471459  0.96710140 -0.25449536
 2691.8  0.94444444  0.96708954  0.00505201  0.96710273 -0.25449045
 2691.9  0.94444444  0.96708842  0.00540129  0.96710351 -0.25448767
 2692.0  0.94444444  0.96708658  0.00575581  0.96710371 -0.25448706
 2692.1  0.94444444  0.96708405  0.00610890  0.96710334 -0.25448860
 2692.2  0.94444444  0.96708089  0.00645400  0.96710242 -0.25449225
 2692.3  0.94444444  0.96707717  0.00678475  0.96710097 -0.25449792
 2692.4  0.94444444  0.96707299  0.00709512  0.96709901 -0.25450548
 2692.5  0.94444444  0.96706844  0.00737952  0.96709660 -0.25451478
 2692.6  0.94444444  0.96706365  0.00763288  0.96709377 -0.25452562
 2692.7  0.94444444  0.96705873  0.00785080  0.96709060 -0.25453778
 2692.8  0.94444444  0.96705379  0.00802954  0.96708713 -0.25455103
 2692.9  0.94444444  0.96704896  0.00816613  0.96708344 -0.25456510
 2693.0  0.94444444  0.96704433  0.00825846  0.96707960 -0.25457973
 2693.1  0.94444444  0.96704001  0.00830521  0.96707568 -0.25459464
 2693.2  0.94444444  0.96703609  0.00830597  0.96707176 -0.25460954
 2693.3  0.94444444  0.96703262  0.00826118  0.96706790 -0.25462416
 2693.4  0.94444444  0.96702966  0.00817213  0.96706419 -0.25463823
 2693.5  0.94444444  0.96702726  0.00804091  0.96706069 -0.25465148
 2693.6  0.94444444  0.96702544  0.00787039  0.96705747 -0.25466368
 2693.7  0.94444444  0.96702420  0.00766416  0.96705457 -0.25467462
 2693.8  0.94444444  0.96702355  0.00742642  0.96705206 -0.25468409
 2693.9  0.94444444  0.96702346  0.00716194  0.96704998 -0.25469194
 2694.0  0.94444444  0.96702391  0.00687593  0.96704835 -0.25469804
 2694.1  0.94444444  0.96702487  0.00657394  0.96704722 -0.25470229
 2694.2  0.94444444  0.96702631  0.00626177  0.96704658 -0.25470463
 2694.3  0.94444444  0.96702818  0.00594537  0.96704645 -0.25470504
 2694.4  0.94444444  0.96703044  0.00563067  0.96704684 -0.25470353
 2694.5  0.94444444  0.96703306  0.00532354  0.96704771 -0.25470015
 2694.6  0.94444444  0.96703598  0.00502964  0.96704906 -0.25469498
 2694.7  0.94444444  0.96703916  0.00475431  0.96705085 -0.25468813
 2694.8  0.94444444  0.96704256  0.00450250  0.96705304 -0.25467975
 2694.9  0.94444444  0.96704612  0.00427866  0.96705559 -0.25467001
 2695.0  0.94444444  0.96704981  0.00408669  0.96705845 -0.25465912
 2695.1  0.94444444  0.96705357  0.00392984  0.96706156 -0.25464727
 2695.2  0.94444444  0.96705734  0.00381067  0.96706485 -0.25463471
 2695.3  0.94444444  0.96706108  0.00373102  0.96706828 -0.25462167
 2695.4  0.94444444  0.96706471  0.00369196  0.96707176 -0.25460840
 2695.5  0.94444444  0.96706818  0.00369382  0.96707524 -0.25459516
 2695.6  0.94444444  0.96707143  0.00373613  0.96707865 -0.25458218
 2695.7  0.94444444  0.96707439  0.00381769  0.96708192 -0.25456971
 2695.8  0.94444444  0.96707699  0.00393658  0.96708500 -0.25455797
 2695.9  0.94444444  0.96707919  0.00409021  0.96708784 -0.25454718
 2696.0  0.94444444  0.96708093  0.00427535  0.96709038 -0.25453752
 2696.1  0.94444444  0.96708216  0.00448825  0.96709257 -0.25452917
 2696.2  0.94444444  0.96708285  0.00472465  0.96709439 -0.25452227
 2696.3  0.94444444  0.96708297  0.00497992  0.96709579 -0.25451692
 2696.4  0.94444444  0.96708252  0.00524910  0.96709677 -0.25451322
 2696.5  0.94444444  0.96708150  0.00552705  0.96709730 -0.25451122
 2696.6  0.94444444  0.96707993  0.00580850  0.96709738 -0.25451094
 2696.7  0.94444444  0.96707785  0.00608817  0.96709701 -0.25451236
 2696.8  0.94444444  0.96707529  0.00636087  0.96709621 -0.25451544
 2696.9  0.94444444  0.96707232  0.00662160  0.96709499 -0.25452012
 2697.0  0.94444444  0.96706901  0.00686561  0.96709338 -0.25452627
 2697.1  0.94444444  0.96706543  0.00708853  0.96709141 -0.25453379
 2697.2  0.94444444  0.96706168  0.00728642  0.96708913 -0.25454250
 2697.3  0.94444444  0.96705785  0.00745583  0.96708659 -0.25455225
 2697.4  0.94444444  0.96705400  0.00759391  0.96708382 -0.25456283
 2697.5  0.94444444  0.96705025  0.00769838  0.96708089 -0.25457403
 2697.6  0.94444444  0.96704665  0.00776764  0.96707785 -0.25458566
 2697.7  0.94444444  0.96704330  0.00780075  0.96707476 -0.25459747
 2697.8  0.94444444  0.96704024  0.00779746  0.96707168 -0.25460926
 2697.9  0.94444444  0.96703754  0.00775819  0.96706866 -0.25462080
 2698.0  0.94444444  0.96703524  0.00768405  0.96706577 -0.25463187
 2698.1  0.94444444  0.96703336  0.00757677  0.96706304 -0.25464228
 2698.2  0.94444444  0.96703193  0.00743867  0.96706054 -0.25465185
 2698.3  0.94444444  0.96703096  0.00727266  0.96705831 -0.25466039
 2698.4  0.94444444  0.96703045  0.00708211  0.96705638 -0.25466776
 2698.5  0.94444444  0.96703039  0.00687082  0.96705479 -0.25467384
 2698.6  0.94444444  0.96703075  0.00664294  0.96705357 -0.25467852
 2698.7  0.94444444  0.96703153  0.00640290  0.96705273 -0.25468174
 2698.8  0.94444444  0.96703269  0.00615528  0.96705228 -0.25468344
 2698.9  0.94444444  0.96703421  0.00590478  0.96705223 -0.25468362
 2699.0  0.94444444  0.96703604  0.00565610  0.96705258 -0.25468228
 2699.1  0.94444444  0.96703816  0.00541385  0.96705331 -0.25467946
 2699.2  0.94444444  0.96704052  0.00518248  0.96705441 -0.25467524
 2699.3  0.94444444  0.96704310  0.00496618  0.96705585 -0.25466971
 2699.4  0.94444444  0.96704584  0.00476883  0.96705760 -0.25466298
 2699.5  0.94444444  0.96704872  0.00459390  0.96705963 -0.25465519
 2699.6  0.94444444  0.96705168  0.00444443  0.96706189 -0.25464649
 2699.7  0.94444444  0.96705469  0.00432293  0.96706435 -0.25463706
 2699.8  0.94444444  0.96705769  0.00423137  0.96706695 -0.25462709
 2699.9  0.94444444  0.96706064  0.00417116  0.96706964 -0.25461675
 2700.0  0.94444444  0.96706349  0.00414308  0.96707237 -0.25460625
 2700.1  0.94444444  0.96706620  0.00414733  0.96707509 -0.25459579
 2700.2  0.94444444  0.96706871  0.00418350  0.96707776 -0.25458555
 2700.3  0.94444444  0.96707098  0.00425059  0.96708032 -0.25457573
 2700.4  0.94444444  0.96707295  0.00434703  0.96708272 -0.25456650
 2700.5  0.94444444  0.96707459  0.00447073  0.96708493 -0.25455803
 2700.6  0.94444444  0.96707587  0.00461912  0.96708690 -0.25455047
 2700.7  0.94444444  0.96707674  0.00478918  0.96708860 -0.25454395
 2700.8  0.94444444  0.96707719  0.00497754  0.96709000 -0.25453859
 2700.9  0.94444444  0.96707720  0.00518050  0.96709108 -0.25453446
 2701.0  0.94444444  0.96707678  0.00539416  0.96709182 -0.25453163
 2701.1  0.94444444  0.96707592  0.00561442  0.96709222 -0.25453015
 2701.2  0.94444444  0.96707464  0.00583713  0.96709226 -0.25453003
 2701.3  0.94444444  0.96707297  0.00605813  0.96709195 -0.25453125
 2701.4  0.94444444  0.96707095  0.00627332  0.96709130 -0.25453379
 2701.5  0.94444444  0.96706862  0.00647877  0.96709033 -0.25453757
 2701.6  0.94444444  0.96706604  0.00667075  0.96708905 -0.25454252
 2701.7  0.94444444  0.96706327  0.00684583  0.96708750 -0.25454853
 2701.8  0.94444444  0.96706036  0.00700092  0.96708570 -0.25455549
 2701.9  0.94444444  0.96705738  0.00713333  0.96708369 -0.25456325
 2702.0  0.94444444  0.96705440  0.00724082  0.96708151 -0.25457165
 2702.1  0.94444444  0.96705149  0.00732165  0.96707921 -0.25458055
 2702.2  0.94444444  0.96704870  0.00737458  0.96707682 -0.25458976
 2702.3  0.94444444  0.96704608  0.00739888  0.96707439 -0.25459911
 2702.4  0.94444444  0.96704370  0.00739441  0.96707197 -0.25460844
 2702.5  0.94444444  0.96704158  0.00736152  0.96706960 -0.25461755
 2702.6  0.94444444  0.96703976  0.00730111  0.96706732 -0.25462629
 2702.7  0.94444444  0.96703827  0.00721457  0.96706519 -0.25463450
 2702.8  0.94444444  0.96703713  0.00710379  0.96706322 -0.25464202
 2702.9  0.94444444  0.96703634  0.00697105  0.96706147 -0.25464873
 2703.0  0.94444444  0.96703591  0.00681905  0.96705996 -0.25465452
 2703.1  0.94444444  0.96703584  0.00665082  0.96705871 -0.25465927
 2703.2  0.94444444  0.96703611  0.00646963  0.96705775 -0.25466291
 2703.3  0.94444444  0.96703670  0.00627901  0.96705709 -0.25466539
 2703.4  0.94444444  0.96703761  0.00608259  0.96705674 -0.25466668
 2703.5  0.94444444  0.96703880  0.00588408  0.96705670 -0.25466675
 2703.6  0.94444444  0.96704025  0.00568720  0.96705697 -0.25466563
 2703.7  0.94444444  0.96704194  0.00549559  0.96705755 -0.25466333
 2703.8  0.94444444  0.96704383  0.00531278  0.96705842 -0.25465993
 2703.9  0.94444444  0.96704589  0.00514206  0.96705956 -0.25465549
 2704.0  0.94444444  0.96704808  0.00498651  0.96706094 -0.25465011
 2704.1  0.94444444  0.96705039  0.00484885  0.96706254 -0.25464389
 2704.2  0.94444444  0.96705276  0.00473147  0.96706433 -0.25463696
 2704.3  0.94444444  0.96705516  0.00463636  0.96706627 -0.25462946
 2704.4  0.94444444  0.96705755  0.00456504  0.96706832 -0.25462152
 2704.5  0.94444444  0.96705990  0.00451863  0.96707045 -0.25461331
 2704.6  0.94444444  0.96706216  0.00449772  0.96707262 -0.25460498
 2704.7  0.94444444  0.96706429  0.00450252  0.96707477 -0.25459668
 2704.8  0.94444444  0.96706626  0.00453253  0.96707688 -0.25458857
 2704.9  0.94444444  0.96706803  0.00458694  0.96707891 -0.25458080
 2705.0  0.94444444  0.96706957  0.00466456  0.96708081 -0.25457351
 2705.1  0.94444444  0.96707083  0.00476380  0.96708257 -0.25456681
 2705.2  0.94444444  0.96707181  0.00488254  0.96708413 -0.25456085
 2705.3  0.94444444  0.96707246  0.00501838  0.96708549 -0.25455571
 2705.4  0.94444444  0.96707279  0.00516862  0.96708660 -0.25455149
 2705.5  0.94444444  0.96707277  0.00533035  0.96708746 -0.25454826
 2705.6  0.94444444  0.96707241  0.00550043  0.96708805 -0.25454607
 2705.7  0.94444444  0.96707172  0.00567563  0.96708837 -0.25454494
 2705.8  0.94444444  0.96707070  0.00585265  0.96708841 -0.25454489
 2705.9  0.94444444  0.96706938  0.00602818  0.96708816 -0.25454591
 2706.0  0.94444444  0.96706778  0.00619897  0.96708765 -0.25454797
 2706.1  0.94444444  0.96706595  0.00636189  0.96708688 -0.25455103
 2706.2  0.94444444  0.96706392  0.00651400  0.96708586 -0.25455501
 2706.3  0.94444444  0.96706174  0.00665256  0.96708462 -0.25455983
 2706.4  0.94444444  0.96705946  0.00677513  0.96708319 -0.25456540
 2706.5  0.94444444  0.96705712  0.00687956  0.96708159 -0.25457160
 2706.6  0.94444444  0.96705478  0.00696407  0.96707985 -0.25457831
 2706.7  0.94444444  0.96705248  0.00702728  0.96707801 -0.25458541
 2706.8  0.94444444  0.96705028  0.00706825  0.96707611 -0.25459276
 2706.9  0.94444444  0.96704820  0.00708640  0.96707417 -0.25460021
 2707.0  0.94444444  0.96704630  0.00708160  0.96707223 -0.25460763
 2707.1  0.94444444  0.96704461  0.00705415  0.96707034 -0.25461488
 2707.2  0.94444444  0.96704315  0.00700482  0.96706852 -0.25462182
 2707.3  0.94444444  0.96704195  0.00693475  0.96706681 -0.25462833
 2707.4  0.94444444  0.96704101  0.00684544  0.96706524 -0.25463430
 2707.5  0.94444444  0.96704036  0.00673875  0.96706384 -0.25463961
 2707.6  0.94444444  0.96703999  0.00661681  0.96706263 -0.25464417
 2707.7  0.94444444  0.96703991  0.00648207  0.96706163 -0.25464791
 2707.8  0.94444444  0.96704010  0.00633714  0.96706087 -0.25465077
 2707.9  0.94444444  0.96704056  0.00618484  0.96706034 -0.25465269
 2708.0  0.94444444  0.96704128  0.00602808  0.96706007 -0.25465365
 2708.1  0.94444444  0.96704223  0.00586982  0.96706004 -0.25465366
 2708.2  0.94444444  0.96704339  0.00571303  0.96706027 -0.25465270
 2708.3  0.94444444  0.96704475  0.00556061  0.96706074 -0.25465082
 2708.4  0.94444444  0.96704628  0.00541537  0.96706144 -0.25464805
 2708.5  0.94444444  0.96704795  0.00527993  0.96706236 -0.25464446
 2708.6  0.94444444  0.96704973  0.00515672  0.96706348 -0.25464012
 2708.7  0.94444444  0.96705159  0.00504792  0.96706477 -0.25463511
 2708.8  0.94444444  0.96705351  0.00495542  0.96706621 -0.25462955
 2708.9  0.94444444  0.96705546  0.00488078  0.96706777 -0.25462354
 2709.0  0.94444444  0.96705739  0.00482522  0.96706943 -0.25461719
 2709.1  0.94444444  0.96705928  0.00478957  0.96707114 -0.25461062
 2709.2  0.94444444  0.96706109  0.00477430  0.96707288 -0.25460397
 2709.3  0.94444444  0.96706280  0.00477950  0.96707461 -0.25459735
 2709.4  0.94444444  0.96706437  0.00480487  0.96707630 -0.25459089
 2709.5  0.94444444  0.96706577  0.00484974  0.96707793 -0.25458471
 2709.6  0.94444444  0.96706698  0.00491308  0.96707946 -0.25457891
 2709.7  0.94444444  0.96706796  0.00499354  0.96708085 -0.25457361
 2709.8  0.94444444  0.96706871  0.00508944  0.96708210 -0.25456890
 2709.9  0.94444444  0.96706920  0.00519884  0.96708317 -0.25456486
 2710.0  0.94444444  0.96706943  0.00531956  0.96708406 -0.25456155
 2710.1  0.94444444  0.96706938  0.00544926  0.96708474 -0.25455903
 2710.2  0.94444444  0.96706907  0.00558543  0.96708520 -0.25455735
 2710.3  0.94444444  0.96706848  0.00572548  0.96708543 -0.25455653
 2710.4  0.94444444  0.96706764  0.00586675  0.96708544 -0.25455657
 2710.5  0.94444444  0.96706657  0.00600659  0.96708522 -0.25455746
 2710.6  0.94444444  0.96706528  0.00614241  0.96708479 -0.25455917
 2710.7  0.94444444  0.96706381  0.00627171  0.96708415 -0.25456168
 2710.8  0.94444444  0.96706220  0.00639217  0.96708332 -0.25456491
 2710.9  0.94444444  0.96706046  0.00650164  0.96708231 -0.25456882
 2711.0  0.94444444  0.96705863  0.00659816  0.96708114 -0.25457332
 2711.1  0.94444444  0.96705677  0.00668006  0.96707985 -0.25457830
 2711.2  0.94444444  0.96705491  0.00674596  0.96707844 -0.25458369
 2711.3  0.94444444  0.96705308  0.00679476  0.96707695 -0.25458938
 2711.4  0.94444444  0.96705133  0.00682574  0.96707542 -0.25459525
 2711.5  0.94444444  0.96704969  0.00683851  0.96707386 -0.25460119
 2711.6  0.94444444  0.96704817  0.00683301  0.96707231 -0.25460710
 2711.7  0.94444444  0.96704682  0.00680950  0.96707079 -0.25461286
 2711.8  0.94444444  0.96704566  0.00676861  0.96706934 -0.25461837
 2711.9  0.94444444  0.96704470  0.00671125  0.96706798 -0.25462353
 2712.0  0.94444444  0.96704395  0.00663867  0.96706674 -0.25462824
 2712.1  0.94444444  0.96704344  0.00655237  0.96706564 -0.25463241
 2712.2  0.94444444  0.96704315  0.00645413  0.96706469 -0.25463599
 2712.3  0.94444444  0.96704309  0.00634586  0.96706391 -0.25463890
 2712.4  0.94444444  0.96704325  0.00622970  0.96706332 -0.25464110
 2712.5  0.94444444  0.96704363  0.00610789  0.96706292 -0.25464256
 2712.6  0.94444444  0.96704422  0.00598274  0.96706272 -0.25464326
 2712.7  0.94444444  0.96704500  0.00585663  0.96706274 -0.25464318
 2712.8  0.94444444  0.96704596  0.00573194  0.96706295 -0.25464234
 2712.9  0.94444444  0.96704707  0.00561098  0.96706334 -0.25464077
 2713.0  0.94444444  0.96704831  0.00549595  0.96706393 -0.25463850
 2713.1  0.94444444  0.96704967  0.00538896  0.96706469 -0.25463557
 2713.2  0.94444444  0.96705112  0.00529189  0.96706560 -0.25463206
 2713.3  0.94444444  0.96705264  0.00520646  0.96706665 -0.25462802
 2713.4  0.94444444  0.96705420  0.00513417  0.96706783 -0.25462355
 2713.5  0.94444444  0.96705576  0.00507622  0.96706909 -0.25461872
 2713.6  0.94444444  0.96705732  0.00503356  0.96707042 -0.25461364
 2713.7  0.94444444  0.96705883  0.00500683  0.96707179 -0.25460840
 2713.8  0.94444444  0.96706027  0.00499635  0.96707318 -0.25460311
 2713.9  0.94444444  0.96706162  0.00500216  0.96707456 -0.25459784
 2714.0  0.94444444  0.96706286  0.00502398  0.96707591 -0.25459272
 2714.1  0.94444444  0.96706395  0.00506127  0.96707720 -0.25458782
 2714.2  0.94444444  0.96706489  0.00511316  0.96707840 -0.25458325
 2714.3  0.94444444  0.96706564  0.00517856  0.96707950 -0.25457908
 2714.4  0.94444444  0.96706619  0.00525609  0.96708048 -0.25457538
 2714.5  0.94444444  0.96706654  0.00534419  0.96708131 -0.25457222
 2714.6  0.94444444  0.96706668  0.00544110  0.96708199 -0.25456966
 2714.7  0.94444444  0.96706661  0.00554494  0.96708250 -0.25456773
 2714.8  0.94444444  0.96706632  0.00565370  0.96708284 -0.25456646
 2714.9  0.94444444  0.96706582  0.00576533  0.96708301 -0.25456587
 2715.0  0.94444444  0.96706512  0.00587771  0.96708298 -0.25456598
 2715.1  0.94444444  0.96706424  0.00598872  0.96708279 -0.25456676
 2715.2  0.94444444  0.96706320  0.00609632  0.96708241 -0.25456819
 2715.3  0.94444444  0.96706202  0.00619852  0.96708188 -0.25457025
 2715.4  0.94444444  0.96706072  0.00629348  0.96708120 -0.25457289
 2715.5  0.94444444  0.96705933  0.00637950  0.96708037 -0.25457604
 2715.6  0.94444444  0.96705789  0.00645509  0.96707943 -0.25457966
 2715.7  0.94444444  0.96705641  0.00651891  0.96707838 -0.25458367
 2715.8  0.94444444  0.96705494  0.00656989  0.96707725 -0.25458798
 2715.9  0.94444444  0.96705349  0.00660720  0.96707606 -0.25459252
 2716.0  0.94444444  0.96705211  0.00663029  0.96707484 -0.25459720
 2716.1  0.94444444  0.96705081  0.00663887  0.96707360 -0.25460192
 2716.2  0.94444444  0.96704963  0.00663294  0.96707238 -0.25460661
 2716.3  0.94444444  0.96704857  0.00661276  0.96707118 -0.25461116
 2716.4  0.94444444  0.96704766  0.00657885  0.96707004 -0.25461552
 2716.5  0.94444444  0.96704691  0.00653196  0.96706897 -0.25461958
 2716.6  0.94444444  0.96704633  0.00647309  0.96706800 -0.25462328
 2716.7  0.94444444  0.96704594  0.00640347  0.96706714 -0.25462655
 2716.8  0.94444444  0.96704573  0.00632450  0.96706641 -0.25462933
 2716.9  0.94444444  0.96704570  0.00623777  0.96706582 -0.25463158
 2717.0  0.94444444  0.96704585  0.00614498  0.96706537 -0.25463327
 2717.1  0.94444444  0.96704617  0.00604790  0.96706508 -0.25463437
 2717.2  0.94444444  0.96704665  0.00594838  0.96706494 -0.25463486
 2717.3  0.94444444  0.96704729  0.00584829  0.96706497 -0.25463473
 2717.4  0.94444444  0.96704807  0.00574951  0.96706516 -0.25463400
 2717.5  0.94444444  0.96704898  0.00565388  0.96706550 -0.25463269
 2717.6  0.94444444  0.96704999  0.00556316  0.96706599 -0.25463083
 2717.7  0.94444444  0.96705108  0.00547899  0.96706660 -0.25462846
 2717.8  0.94444444  0.96705225  0.00540284  0.96706734 -0.25462563
 2717.9  0.94444444  0.96705346  0.00533606  0.96706818 -0.25462239
 2718.0  0.94444444  0.96705470  0.00527979  0.96706912 -0.25461881
 2718.1  0.94444444  0.96705596  0.00523497  0.96707012 -0.25461496
 2718.2  0.94444444  0.96705719  0.00520234  0.96707119 -0.25461091
 2718.3  0.94444444  0.96705839  0.00518241  0.96707227 -0.25460675
 2718.4  0.94444444  0.96705952  0.00517539  0.96707337 -0.25460254
 2718.5  0.94444444  0.96706057  0.00518127  0.96707445 -0.25459838
 2718.6  0.94444444  0.96706153  0.00519981  0.96707551 -0.25459433
 2718.7  0.94444444  0.96706238  0.00523053  0.96707652 -0.25459047
 2718.8  0.94444444  0.96706309  0.00527274  0.96707747 -0.25458687
 2718.9  0.94444444  0.96706366  0.00532557  0.96707833 -0.25458359
 2719.0  0.94444444  0.96706408  0.00538793  0.96707909 -0.25458070
 2719.1  0.94444444  0.96706432  0.00545856  0.96707973 -0.25457824
 2719.2  0.94444444  0.96706440  0.00553602  0.96708024 -0.25457626
 2719.3  0.94444444  0.96706431  0.00561881  0.96708063 -0.25457478
 2719.4  0.94444444  0.96706406  0.00570533  0.96708089 -0.25457382
 2719.5  0.94444444  0.96706364  0.00579395  0.96708100 -0.25457341
 2719.6  0.94444444  0.96706308  0.00588301  0.96708097 -0.25457354
 2719.7  0.94444444  0.96706237  0.00597087  0.96708080 -0.25457420
 2719.8  0.94444444  0.96706153  0.00605587  0.96708049 -0.25457539
 2719.9  0.94444444  0.96706058  0.00613644  0.96708005 -0.25457707
 2720.0  0.94444444  0.96705956  0.00621111  0.96707950 -0.25457920
 2720.1  0.94444444  0.96705846  0.00627857  0.96707885 -0.25458173
 2720.2  0.94444444  0.96705733  0.00633766  0.96707810 -0.25458463
 2720.3  0.94444444  0.96705617  0.00638737  0.96707727 -0.25458782
 2720.4  0.94444444  0.96705502  0.00642687  0.96707637 -0.25459126
 2720.5  0.94444444  0.96705388  0.00645551  0.96707543 -0.25459487
 2720.6  0.94444444  0.96705280  0.00647283  0.96707446 -0.25459859
 2720.7  0.94444444  0.96705178  0.00647865  0.96707348 -0.25460233
 2720.8  0.94444444  0.96705086  0.00647296  0.96707252 -0.25460603
 2720.9  0.94444444  0.96705004  0.00645602  0.96707159 -0.25460963
 2721.0  0.94444444  0.96704933  0.00642827  0.96707069 -0.25461306
 2721.1  0.94444444  0.96704874  0.00639031  0.96706985 -0.25461626
 2721.2  0.94444444  0.96704829  0.00634293  0.96706909 -0.25461917
 2721.3  0.94444444  0.96704798  0.00628711  0.96706842 -0.25462173
 2721.4  0.94444444  0.96704782  0.00622397  0.96706785 -0.25462391
 2721.5  0.94444444  0.96704781  0.00615478  0.96706739 -0.25462565
 2721.6  0.94444444  0.96704794  0.00608091  0.96706705 -0.25462695
 2721.7  0.94444444  0.96704820  0.00600378  0.96706683 -0.25462779
 2721.8  0.94444444  0.96704858  0.00592483  0.96706673 -0.25462814
 2721.9  0.94444444  0.96704909  0.00584553  0.96706676 -0.25462801
 2722.0  0.94444444  0.96704972  0.00576737  0.96706691 -0.25462740
 2722.1  0.94444444  0.96705044  0.00569180  0.96706719 -0.25462632
 2722.2  0.94444444  0.96705125  0.00562021  0.96706758 -0.25462481
 2722.3  0.94444444  0.96705213  0.00555391  0.96706808 -0.25462290
 2722.4  0.94444444  0.96705305  0.00549407  0.96706866 -0.25462063
 2722.5  0.94444444  0.96705402  0.00544172  0.96706933 -0.25461805
 2722.6  0.94444444  0.96705500  0.00539775  0.96707007 -0.25461519
 2722.7  0.94444444  0.96705599  0.00536291  0.96707086 -0.25461213
 2722.8  0.94444444  0.96705697  0.00533774  0.96707170 -0.25460891
 2722.9  0.94444444  0.96705792  0.00532265  0.96707256 -0.25460560
 2723.0  0.94444444  0.96705881  0.00531782  0.96707343 -0.25460227
 2723.1  0.94444444  0.96705964  0.00532321  0.96707429 -0.25459897
 2723.2  0.94444444  0.96706038  0.00533861  0.96707512 -0.25459577
 2723.3  0.94444444  0.96706104  0.00536362  0.96707591 -0.25459272
 2723.4  0.94444444  0.96706159  0.00539767  0.96707666 -0.25458989
 2723.5  0.94444444  0.96706203  0.00544006  0.96707733 -0.25458731
 2723.6  0.94444444  0.96706235  0.00548993  0.96707793 -0.25458503
 2723.7  0.94444444  0.96706253  0.00554627  0.96707844 -0.25458311
 2723.8  0.94444444  0.96706258  0.00560796  0.96707884 -0.25458156
 2723.9  0.94444444  0.96706250  0.00567383  0.96707914 -0.25458041
 2724.0  0.94444444  0.96706229  0.00574264  0.96707934 -0.25457968
 2724.1  0.94444444  0.96706196  0.00581301  0.96707943 -0.25457938
 2724.2  0.94444444  0.96706150  0.00588365  0.96707940 -0.25457950
 2724.3  0.94444444  0.96706094  0.00595325  0.96707927 -0.25458006
 2724.4  0.94444444  0.96706028  0.00602053  0.96707902 -0.25458102
 2724.5  0.94444444  0.96705953  0.00608424  0.96707867 -0.25458237
 2724.6  0.94444444  0.96705872  0.00614324  0.96707823 -0.25458408
 2724.7  0.94444444  0.96705786  0.00619645  0.96707771 -0.25458611
 2724.8  0.94444444  0.96705696  0.00624296  0.96707711 -0.25458843
 2724.9  0.94444444  0.96705605  0.00628198  0.96707645 -0.25459098
 2725.0  0.94444444  0.96705514  0.00631285  0.96707575 -0.25459371
 2725.1  0.94444444  0.96705425  0.00633508  0.96707500 -0.25459658
 2725.2  0.94444444  0.96705339  0.00634834  0.96707423 -0.25459954
 2725.3  0.94444444  0.96705259  0.00635247  0.96707345 -0.25460251
 2725.4  0.94444444  0.96705186  0.00634746  0.96707269 -0.25460545
 2725.5  0.94444444  0.96705120  0.00633353  0.96707194 -0.25460830
 2725.6  0.94444444  0.96705065  0.00631100  0.96707124 -0.25461102
 2725.7  0.94444444  0.96705018  0.00628039  0.96707058 -0.25461354
 2725.8  0.94444444  0.96704983  0.00624236  0.96706997 -0.25461584
 2725.9  0.94444444  0.96704958  0.00619768  0.96706944 -0.25461787
 2726.0  0.94444444  0.96704945  0.00614722  0.96706898 -0.25461958
 2726.1  0.94444444  0.96704943  0.00609198  0.96706862 -0.25462096
 2726.2  0.94444444  0.96704953  0.00603304  0.96706835 -0.25462197
 2726.3  0.94444444  0.96704974  0.00597156  0.96706818 -0.25462261
 2726.4  0.94444444  0.96705006  0.00590871  0.96706811 -0.25462286
 2726.5  0.94444444  0.96705046  0.00584567  0.96706813 -0.25462274
 2726.6  0.94444444  0.96705096  0.00578361  0.96706825 -0.25462223
 2726.7  0.94444444  0.96705153  0.00572366  0.96706847 -0.25462137
 2726.8  0.94444444  0.96705218  0.00566690  0.96706878 -0.25462015
 2726.9  0.94444444  0.96705288  0.00561437  0.96706918 -0.25461861
 2727.0  0.94444444  0.96705363  0.00556704  0.96706965 -0.25461678
 2727.1  0.94444444  0.96705440  0.00552574  0.96707019 -0.25461471
 2727.2  0.94444444  0.96705519  0.00549118  0.96707078 -0.25461243
 2727.3  0.94444444  0.96705597  0.00546390  0.96707141 -0.25460998
 2727.4  0.94444444  0.96705675  0.00544433  0.96707207 -0.25460742
 2727.5  0.94444444  0.96705750  0.00543277  0.96707276 -0.25460478
 2727.6  0.94444444  0.96705822  0.00542935  0.96707346 -0.25460212
 2727.7  0.94444444  0.96705888  0.00543410  0.96707415 -0.25459950
 2727.8  0.94444444  0.96705947  0.00544684  0.96707481 -0.25459695
 2727.9  0.94444444  0.96705999  0.00546724  0.96707544 -0.25459454
 2728.0  0.94444444  0.96706042  0.00549483  0.96707603 -0.25459229
 2728.1  0.94444444  0.96706076  0.00552902  0.96707656 -0.25459025
 2728.2  0.94444444  0.96706100  0.00556910  0.96707704 -0.25458845
 2728.3  0.94444444  0.96706115  0.00561429  0.96707745 -0.25458693
 2728.4  0.94444444  0.96706119  0.00566372  0.96707778 -0.25458571
 2728.5  0.94444444  0.96706112  0.00571644  0.96707802 -0.25458482
 2728.6  0.94444444  0.96706094  0.00577141  0.96707816 -0.25458426
 2728.7  0.94444444  0.96706066  0.00582756  0.96707822 -0.25458405
 2728.8  0.94444444  0.96706030  0.00588381  0.96707819 -0.25458418
 2728.9  0.94444444  0.96705985  0.00593914  0.96707808 -0.25458464
 2729.0  0.94444444  0.96705932  0.00599255  0.96707789 -0.25458542
 2729.1  0.94444444  0.96705873  0.00604308  0.96707761 -0.25458652
 2729.2  0.94444444  0.96705808  0.00608981  0.96707726 -0.25458790
 2729.3  0.94444444  0.96705739  0.00613190  0.96707683 -0.25458954
 2729.4  0.94444444  0.96705667  0.00616856  0.96707634 -0.25459141
 2729.5  0.94444444  0.96705594  0.00619918  0.96707581 -0.25459345
 2729.6  0.94444444  0.96705522  0.00622325  0.96707524 -0.25459564
 2729.7  0.94444444  0.96705452  0.00624041  0.96707465 -0.25459793
 2729.8  0.94444444  0.96705384  0.00625044  0.96707404 -0.25460028
 2729.9  0.94444444  0.96705320  0.00625320  0.96707342 -0.25460266
 2730.0  0.94444444  0.96705261  0.00624869  0.96707280 -0.25460501
 2730.1  0.94444444  0.96705208  0.00623704  0.96707220 -0.25460728
 2730.2  0.94444444  0.96705164  0.00621853  0.96707163 -0.25460943
 2730.3  0.94444444  0.96705128  0.00619360  0.96707111 -0.25461143
 2730.4  0.94444444  0.96705100  0.00616282  0.96707064 -0.25461324
 2730.5  0.94444444  0.96705081  0.00612681  0.96707022 -0.25461483
 2730.6  0.94444444  0.96705070  0.00608629  0.96706986 -0.25461618
 2730.7  0.94444444  0.96705069  0.00604202  0.96706956 -0.25461726
 2730.8  0.94444444  0.96705077  0.00599485  0.96706935 -0.25461804
 2730.9  0.94444444  0.96705094  0.00594570  0.96706922 -0.25461852
 2731.0  0.94444444  0.96705120  0.00589553  0.96706917 -0.25461870
 2731.1  0.94444444  0.96705154  0.00584531  0.96706921 -0.25461857
 2731.2  0.94444444  0.96705194  0.00579599  0.96706931 -0.25461814
 2731.3  0.94444444  0.96705240  0.00574843  0.96706949 -0.25461743
 2731.4  0.94444444  0.96705292  0.00570347  0.96706974 -0.25461644
 2731.5  0.94444444  0.96705349  0.00566195  0.96707006 -0.25461519
 2731.6  0.94444444  0.96705409  0.00562461  0.96707045 -0.25461372
 2731.7  0.94444444  0.96705472  0.00559213  0.96707089 -0.25461205
 2731.8  0.94444444  0.96705535  0.00556509  0.96707136 -0.25461021
 2731.9  0.94444444  0.96705598  0.00554390  0.96707187 -0.25460826
 2732.0  0.94444444  0.96705660  0.00552889  0.96707240 -0.25460621
 2732.1  0.94444444  0.96705719  0.00552026  0.96707295 -0.25460411
 2732.2  0.94444444  0.96705776  0.00551810  0.96707350 -0.25460200
 2732.3  0.94444444  0.96705829  0.00552240  0.96707405 -0.25459991
 2732.4  0.94444444  0.96705876  0.00553305  0.96707459 -0.25459789
 2732.5  0.94444444  0.96705917  0.00554980  0.96707509 -0.25459597
 2732.6  0.94444444  0.96705950  0.00557226  0.96707556 -0.25459419
 2732.7  0.94444444  0.96705976  0.00559994  0.96707598 -0.25459259
 2732.8  0.94444444  0.96705995  0.00563226  0.96707635 -0.25459118
 2732.9  0.94444444  0.96706005  0.00566857  0.96707667 -0.25458999
 2733.0  0.94444444  0.96706008  0.00570817  0.96707692 -0.25458904
 2733.1  0.94444444  0.96706002  0.00575032  0.96707711 -0.25458834
 2733.2  0.94444444  0.96705987  0.00579420  0.96707722 -0.25458792
 2733.3  0.94444444  0.96705964  0.00583897  0.96707726 -0.25458778
 2733.4  0.94444444  0.96705933  0.00588375  0.96707723 -0.25458791
 2733.5  0.94444444  0.96705896  0.00592771  0.96707713 -0.25458830
 2733.6  0.94444444  0.96705854  0.00597004  0.96707697 -0.25458895
 2733.7  0.94444444  0.96705807  0.00600999  0.96707674 -0.25458984
 2733.8  0.94444444  0.96705755  0.00604687  0.96707645 -0.25459096
 2733.9  0.94444444  0.96705699  0.00607999  0.96707611 -0.25459228
 2734.0  0.94444444  0.96705642  0.00610877  0.96707571 -0.25459378
 2734.1  0.94444444  0.96705584  0.00613270  0.96707528 -0.25459543
 2734.2  0.94444444  0.96705526  0.00615136  0.96707482 -0.25459718
 2734.3  0.94444444  0.96705470  0.00616450  0.96707435 -0.25459901
 2734.4  0.94444444  0.96705417  0.00617193  0.96707386 -0.25460088
 2734.5  0.94444444  0.96705366  0.00617357  0.96707337 -0.25460276
 2734.6  0.94444444  0.96705320  0.00616946  0.96707288 -0.25460463
 2734.7  0.94444444  0.96705278  0.00615969  0.96707240 -0.25460643
 2734.8  0.94444444  0.96705243  0.00614450  0.96707195 -0.25460813
 2734.9  0.94444444  0.96705215  0.00612424  0.96707154 -0.25460971
 2735.0  0.94444444  0.96705193  0.00609933  0.96707117 -0.25461113
 2735.1  0.94444444  0.96705179  0.00607032  0.96707084 -0.25461238
 2735.2  0.94444444  0.96705171  0.00603779  0.96707056 -0.25461343
 2735.3  0.94444444  0.96705171  0.00600236  0.96707034 -0.25461426
 2735.4  0.94444444  0.96705178  0.00596472  0.96707018 -0.25461487
 2735.5  0.94444444  0.96705192  0.00592557  0.96707008 -0.25461523
 2735.6  0.94444444  0.96705213  0.00588568  0.96707005 -0.25461535
 2735.7  0.94444444  0.96705241  0.00584582  0.96707008 -0.25461522
 2735.8  0.94444444  0.96705274  0.00580672  0.96707017 -0.25461486
 2735.9  0.94444444  0.96705312  0.00576910  0.96707032 -0.25461427
 2736.0  0.94444444  0.96705353  0.00573363  0.96707053 -0.25461347
 2736.1  0.94444444  0.96705398  0.00570094  0.96707079 -0.25461246
 2736.2  0.94444444  0.96705446  0.00567159  0.96707110 -0.25461128
 2736.3  0.94444444  0.96705497  0.00564612  0.96707145 -0.25460994
 2736.4  0.94444444  0.96705547  0.00562499  0.96707183 -0.25460847
 2736.5  0.94444444  0.96705598  0.00560855  0.96707224 -0.25460691
 2736.6  0.94444444  0.96705647  0.00559705  0.96707267 -0.25460527
 2736.7  0.94444444  0.96705694  0.00559066  0.96707310 -0.25460360
 2736.8  0.94444444  0.96705739  0.00558942  0.96707354 -0.25460192
 2736.9  0.94444444  0.96705780  0.00559330  0.96707397 -0.25460027
 2737.0  0.94444444  0.96705817  0.00560220  0.96707440 -0.25459867
 2737.1  0.94444444  0.96705849  0.00561591  0.96707480 -0.25459715
 2737.2  0.94444444  0.96705875  0.00563414  0.96707516 -0.25459575
 2737.3  0.94444444  0.96705895  0.00565648  0.96707549 -0.25459449
 2737.4  0.94444444  0.96705909  0.00568248  0.96707578 -0.25459338
 2737.5  0.94444444  0.96705916  0.00571159  0.96707602 -0.25459246
 2737.6  0.94444444  0.96705916  0.00574325  0.96707622 -0.25459172
 2737.7  0.94444444  0.96705911  0.00577685  0.96707636 -0.25459119
 2737.8  0.94444444  0.96705899  0.00581177  0.96707645 -0.25459088
 2737.9  0.94444444  0.96705880  0.00584734  0.96707648 -0.25459078
 2738.0  0.94444444  0.96705855  0.00588289  0.96707645 -0.25459090
 2738.1  0.94444444  0.96705825  0.00591773  0.96707636 -0.25459123
 2738.2  0.94444444  0.96705790  0.00595122  0.96707622 -0.25459177
 2738.3  0.94444444  0.96705752  0.00598274  0.96707603 -0.25459250
 2738.4  0.94444444  0.96705711  0.00601175  0.96707580 -0.25459340
 2738.5  0.94444444  0.96705668  0.00603775  0.96707553 -0.25459445
 2738.6  0.94444444  0.96705623  0.00606028  0.96707521 -0.25459565
 2738.7  0.94444444  0.96705576  0.00607895  0.96707487 -0.25459697
 2738.8  0.94444444  0.96705530  0.00609343  0.96707450 -0.25459837
 2738.9  0.94444444  0.96705486  0.00610348  0.96707412 -0.25459983
 2739.0  0.94444444  0.96705444  0.00610896  0.96707373 -0.25460132
 2739.1  0.94444444  0.96705404  0.00610985  0.96707334 -0.25460281
 2739.2  0.94444444  0.96705369  0.00610617  0.96707296 -0.25460428
 2739.3  0.94444444  0.96705336  0.00609806  0.96707259 -0.25460570
 2739.4  0.94444444  0.96705309  0.00608568  0.96707223 -0.25460705
 2739.5  0.94444444  0.96705286  0.00606930  0.96707190 -0.25460830
 2739.6  0.94444444  0.96705269  0.00604924  0.96707161 -0.25460942
 2739.7  0.94444444  0.96705258  0.00602593  0.96707136 -0.25461039
 2739.8  0.94444444  0.96705253  0.00599986  0.96707115 -0.25461121
 2739.9  0.94444444  0.96705254  0.00597155  0.96707098 -0.25461185
 2740.0  0.94444444  0.96705260  0.00594156  0.96707085 -0.25461232
 2740.1  0.94444444  0.96705272  0.00591044  0.96707078 -0.25461259
 2740.2  0.94444444  0.96705288  0.00587875  0.96707075 -0.25461268
 2740.3  0.94444444  0.96705310  0.00584710  0.96707078 -0.25461256
 2740.4  0.94444444  0.96705337  0.00581607  0.96707086 -0.25461226
 2740.5  0.94444444  0.96705368  0.00578627  0.96707099 -0.25461177
 2740.6  0.94444444  0.96705402  0.00575826  0.96707116 -0.25461111
 2740.7  0.94444444  0.96705438  0.00573253  0.96707137 -0.25461030
 2740.8  0.94444444  0.96705475  0.00570952  0.96707161 -0.25460936
 2740.9  0.94444444  0.96705515  0.00568959  0.96707188 -0.25460829
 2741.0  0.94444444  0.96705555  0.00567310  0.96707219 -0.25460712
 2741.1  0.94444444  0.96705595  0.00566034  0.96707252 -0.25460586
 2741.2  0.94444444  0.96705635  0.00565152  0.96707286 -0.25460456
 2741.3  0.94444444  0.96705673  0.00564680  0.96707321 -0.25460323
 2741.4  0.94444444  0.96705707  0.00564619  0.96707355 -0.25460190
 2741.5  0.94444444  0.96705739  0.00564965  0.96707389 -0.25460060
 2741.6  0.94444444  0.96705767  0.00565704  0.96707422 -0.25459933
 2741.7  0.94444444  0.96705792  0.00566820  0.96707453 -0.25459814
 2741.8  0.94444444  0.96705813  0.00568290  0.96707483 -0.25459703
 2741.9  0.94444444  0.96705829  0.00570087  0.96707509 -0.25459603
 2742.0  0.94444444  0.96705839  0.00572174  0.96707532 -0.25459516
 2742.1  0.94444444  0.96705844  0.00574508  0.96707550 -0.25459444
 2742.2  0.94444444  0.96705843  0.00577038  0.96707565 -0.25459388
 2742.3  0.94444444  0.96705838  0.00579716  0.96707575 -0.25459347
 2742.4  0.94444444  0.96705828  0.00582490  0.96707582 -0.25459323
 2742.5  0.94444444  0.96705813  0.00585311  0.96707585 -0.25459316
 2742.6  0.94444444  0.96705794  0.00588129  0.96707583 -0.25459327
 2742.7  0.94444444  0.96705770  0.00590891  0.96707575 -0.25459354
 2742.8  0.94444444  0.96705742  0.00593544  0.96707563 -0.25459399
 2742.9  0.94444444  0.96705711  0.00596035  0.96707548 -0.25459458
 2743.0  0.94444444  0.96705678  0.00598320  0.96707529 -0.25459531
 2743.1  0.94444444  0.96705644  0.00600360  0.96707507 -0.25459616
 2743.2  0.94444444  0.96705609  0.00602122  0.96707483 -0.25459711
 2743.3  0.94444444  0.96705573  0.00603579  0.96707456 -0.25459815
 2743.4  0.94444444  0.96705536  0.00604706  0.96707427 -0.25459927
 2743.5  0.94444444  0.96705501  0.00605481  0.96707396 -0.25460044
 2743.6  0.94444444  0.96705467  0.00605892  0.96707365 -0.25460163
 2743.7  0.94444444  0.96705436  0.00605932  0.96707334 -0.25460281
 2743.8  0.94444444  0.96705408  0.00605610  0.96707304 -0.25460397
 2743.9  0.94444444  0.96705383  0.00604936  0.96707276 -0.25460509
 2744.0  0.94444444  0.96705362  0.00603929  0.96707248 -0.25460615
 2744.1  0.94444444  0.96705344  0.00602609  0.96707222 -0.25460714
 2744.2  0.94444444  0.96705330  0.00601001  0.96707198 -0.25460803
 2744.3  0.94444444  0.96705321  0.00599133  0.96707177 -0.25460880
 2744.4  0.94444444  0.96705317  0.00597045  0.96707161 -0.25460944
 2744.5  0.94444444  0.96705319  0.00594781  0.96707148 -0.25460993
 2744.6  0.94444444  0.96705325  0.00592388  0.96707139 -0.25461029
 2744.7  0.94444444  0.96705334  0.00589912  0.96707134 -0.25461049
 2744.8  0.94444444  0.96705347  0.00587399  0.96707131 -0.25461055
 2744.9  0.94444444  0.96705364  0.00584890  0.96707133 -0.25461046
 2745.0  0.94444444  0.96705385  0.00582431  0.96707139 -0.25461021
 2745.1  0.94444444  0.96705410  0.00580068  0.96707150 -0.25460981
 2745.2  0.94444444  0.96705438  0.00577850  0.96707164 -0.25460927
 2745.3  0.94444444  0.96705467  0.00575818  0.96707181 -0.25460861
 2745.4  0.94444444  0.96705497  0.00574009  0.96707201 -0.25460785
 2745.5  0.94444444  0.96705528  0.00572449  0.96707222 -0.25460700
 2745.6  0.94444444  0.96705559  0.00571162  0.96707246 -0.25460607
 2745.7  0.94444444  0.96705591  0.00570169  0.96707271 -0.25460508
 2745.8  0.94444444  0.96705622  0.00569487  0.96707299 -0.25460404
 2745.9  0.94444444  0.96705653  0.00569130  0.96707328 -0.25460297
 2746.0  0.94444444  0.96705681  0.00569105  0.96707355 -0.25460191
 2746.1  0.94444444  0.96705706  0.00569405  0.96707382 -0.25460088
 2746.2  0.94444444  0.96705727  0.00570019  0.96707407 -0.25459988
 2746.3  0.94444444  0.96705746  0.00570929  0.96707432 -0.25459894
 2746.4  0.94444444  0.96705762  0.00572116  0.96707455 -0.25459807
 2746.5  0.94444444  0.96705775  0.00573557  0.96707476 -0.25459727
 2746.6  0.94444444  0.96705784  0.00575228  0.96707495 -0.25459659
 2746.7  0.94444444  0.96705788  0.00577096  0.96707510 -0.25459602
 2746.8  0.94444444  0.96705787  0.00579122  0.96707521 -0.25459558
 2746.9  0.94444444  0.96705782  0.00581261  0.96707528 -0.25459528
 2747.0  0.94444444  0.96705773  0.00583473  0.96707533 -0.25459510
 2747.1  0.94444444  0.96705761  0.00585715  0.96707535 -0.25459505
 2747.2  0.94444444  0.96705746  0.00587950  0.96707534 -0.25459514
 2747.3  0.94444444  0.96705728  0.00590139  0.96707528 -0.25459537
 2747.4  0.94444444  0.96705705  0.00592242  0.96707519 -0.25459573
 2747.5  0.94444444  0.96705680  0.00594216  0.96707506 -0.25459621
 2747.6  0.94444444  0.96705654  0.00596023  0.96707490 -0.25459680
 2747.7  0.94444444  0.96705626  0.00597630  0.96707472 -0.25459748
 2747.8  0.94444444  0.96705598  0.00599012  0.96707453 -0.25459825
 2747.9  0.94444444  0.96705570  0.00600150  0.96707433 -0.25459908
 2748.0  0.94444444  0.96705542  0.00601025  0.96707409 -0.25459997
 2748.1  0.94444444  0.96705513  0.00601621  0.96707385 -0.25460089
 2748.2  0.94444444  0.96705486  0.00601929  0.96707360 -0.25460184
 2748.3  0.94444444  0.96705461  0.00601942  0.96707334 -0.25460279
 2748.4  0.94444444  0.96705439  0.00601664  0.96707310 -0.25460371
 2748.5  0.94444444  0.96705420  0.00601105  0.96707288 -0.25460460
 2748.6  0.94444444  0.96705403  0.00600283  0.96707266 -0.25460544
 2748.7  0.94444444  0.96705389  0.00599214  0.96707246 -0.25460621
 2748.8  0.94444444  0.96705379  0.00597920  0.96707227 -0.25460691
 2748.9  0.94444444  0.96705371  0.00596423  0.96707210 -0.25460752
 2749.0  0.94444444  0.96705368  0.00594752  0.96707197 -0.25460803
 2749.1  0.94444444  0.96705369  0.00592943  0.96707187 -0.25460841
 2749.2  0.94444444  0.96705374  0.00591033  0.96707180 -0.25460869
 2749.3  0.94444444  0.96705382  0.00589059  0.96707176 -0.25460884
 2749.4  0.94444444  0.96705393  0.00587059  0.96707175 -0.25460887
 2749.5  0.94444444  0.96705407  0.00585067  0.96707177 -0.25460879
 2749.6  0.94444444  0.96705423  0.00583120  0.96707181 -0.25460858
 2749.7  0.94444444  0.96705443  0.00581251  0.96707189 -0.25460826
 2749.8  0.94444444  0.96705465  0.00579496  0.96707201 -0.25460783
 2749.9  0.94444444  0.96705488  0.00577887  0.96707215 -0.25460730
 2750.0  0.94444444  0.96705513  0.00576457  0.96707231 -0.25460668
 2750.1  0.94444444  0.96705538  0.00575229  0.96707249 -0.25460600
 2750.2  0.94444444  0.96705563  0.00574223  0.96707268 -0.25460525
 2750.3  0.94444444  0.96705588  0.00573453  0.96707288 -0.25460446
 2750.4  0.94444444  0.96705612  0.00572930  0.96707309 -0.25460364
 2750.5  0.94444444  0.96705636  0.00572663  0.96707332 -0.25460279
 2750.6  0.94444444  0.96705659  0.00572658  0.96707354 -0.25460194
 2750.7  0.94444444  0.96705679  0.00572913  0.96707376 -0.25460112
 2750.8  0.94444444  0.96705697  0.00573419  0.96707397 -0.25460033
 2750.9  0.94444444  0.96705711  0.00574163  0.96707416 -0.25459958
 2751.0  0.94444444  0.96705723  0.00575127  0.96707434 -0.25459889
 2751.1  0.94444444  0.96705733  0.00576289  0.96707450 -0.25459827
 2751.2  0.94444444  0.96705740  0.00577629  0.96707465 -0.25459773
 2751.3  0.94444444  0.96705743  0.00579122  0.96707477 -0.25459728
 2751.4  0.94444444  0.96705743  0.00580740  0.96707486 -0.25459694
 2751.5  0.94444444  0.96705738  0.00582451  0.96707492 -0.25459670
 2751.6  0.94444444  0.96705731  0.00584218  0.96707496 -0.25459657
 2751.7  0.94444444  0.96705721  0.00586007  0.96707496 -0.25459655
 2751.8  0.94444444  0.96705708  0.00587783  0.96707494 -0.25459663
 2751.9  0.94444444  0.96705693  0.00589518  0.96707490 -0.25459682
 2752.0  0.94444444  0.96705676  0.00591181  0.96707483 -0.25459710
 2752.1  0.94444444  0.96705657  0.00592744  0.96707473 -0.25459749
 2752.2  0.94444444  0.96705635  0.00594174  0.96707460 -0.25459797
 2752.3  0.94444444  0.96705612  0.00595445  0.96707445 -0.25459852
 2752.4  0.94444444  0.96705589  0.00596533  0.96707429 -0.25459914
 2752.5  0.94444444  0.96705567  0.00597420  0.96707412 -0.25459981
 2752.6  0.94444444  0.96705545  0.00598094  0.96707394 -0.25460051
 2752.7  0.94444444  0.96705523  0.00598549  0.96707376 -0.25460125
 2752.8  0.94444444  0.96705502  0.00598777  0.96707356 -0.25460200
 2752.9  0.94444444  0.96705482  0.00598774  0.96707335 -0.25460276
 2753.0  0.94444444  0.96705463  0.00598538  0.96707315 -0.25460350
 2753.1  0.94444444  0.96705447  0.00598076  0.96707297 -0.25460421
 2753.2  0.94444444  0.96705435  0.00597401  0.96707280 -0.25460487
 2753.3  0.94444444  0.96705425  0.00596530  0.96707265 -0.25460547
 2753.4  0.94444444  0.96705417  0.00595485  0.96707250 -0.25460602
 2753.5  0.94444444  0.96705411  0.00594284  0.96707237 -0.25460650
 2753.6  0.94444444  0.96705408  0.00592949  0.96707226 -0.25460690
 2753.7  0.94444444  0.96705408  0.00591502  0.96707217 -0.25460721
 2753.8  0.94444444  0.96705413  0.00589972  0.96707212 -0.25460741
 2753.9  0.94444444  0.96705420  0.00588392  0.96707210 -0.25460752
 2754.0  0.94444444  0.96705429  0.00586795  0.96707210 -0.25460754
 2754.1  0.94444444  0.96705441  0.00585211  0.96707212 -0.25460745
 2754.2  0.94444444  0.96705454  0.00583668  0.96707216 -0.25460728
 2754.3  0.94444444  0.96705469  0.00582191  0.96707221 -0.25460703
 2754.4  0.94444444  0.96705486  0.00580803  0.96707230 -0.25460668
 2754.5  0.94444444  0.96705506  0.00579532  0.96707242 -0.25460625
 2754.6  0.94444444  0.96705526  0.00578404  0.96707255 -0.25460575
 2754.7  0.94444444  0.96705546  0.00577441  0.96707270 -0.25460520
 2754.8  0.94444444  0.96705567  0.00576659  0.96707286 -0.25460460
 2754.9  0.94444444  0.96705586  0.00576069  0.96707302 -0.25460397
 2755.0  0.94444444  0.96705605  0.00575675  0.96707318 -0.25460332
 2755.1  0.94444444  0.96705623  0.00575481  0.96707336 -0.25460265
 2755.2  0.94444444  0.96705642  0.00575493  0.96707354 -0.25460197
 2755.3  0.94444444  0.96705658  0.00575711  0.96707372 -0.25460131
 2755.4  0.94444444  0.96705672  0.00576131  0.96707388 -0.25460068
 2755.5  0.94444444  0.96705684  0.00576742  0.96707404 -0.25460009
 2755.6  0.94444444  0.96705693  0.00577528  0.96707417 -0.25459955
 2755.7  0.94444444  0.96705699  0.00578468  0.96707429 -0.25459907
 2755.8  0.94444444  0.96705704  0.00579545  0.96707441 -0.25459865
 2755.9  0.94444444  0.96705707  0.00580740  0.96707451 -0.25459830
 2756.0  0.94444444  0.96705707  0.00582031  0.96707458 -0.25459803
 2756.1  0.94444444  0.96705704  0.00583396  0.96707463 -0.25459784
 2756.2  0.94444444  0.96705697  0.00584807  0.96707465 -0.25459775
 2756.3  0.94444444  0.96705688  0.00586233  0.96707465 -0.25459774
 2756.4  0.94444444  0.96705677  0.00587645  0.96707463 -0.25459782
 2756.5  0.94444444  0.96705665  0.00589018  0.96707459 -0.25459798
 2756.6  0.94444444  0.96705652  0.00590330  0.96707454 -0.25459821
 2756.7  0.94444444  0.96705637  0.00591560  0.96707446 -0.25459852
 2756.8  0.94444444  0.96705620  0.00592685  0.96707436 -0.25459890
 2756.9  0.94444444  0.96705602  0.00593686  0.96707424 -0.25459935
 2757.0  0.94444444  0.96705583  0.00594539  0.96707410 -0.25459985
 2757.1  0.94444444  0.96705564  0.00595230  0.96707396 -0.25460039
 2757.2  0.94444444  0.96705547  0.00595748  0.96707382 -0.25460095
 2757.3  0.94444444  0.96705530  0.00596090  0.96707367 -0.25460153
 2757.4  0.94444444  0.96705514  0.00596252  0.96707352 -0.25460213
 2757.5  0.94444444  0.96705498  0.00596233  0.96707336 -0.25460272
