 # TIME  LP  TMAB  TMDS  TMPC  TMZ
 4032.3  2.00000000  0.96197078  0.05647098  0.96362687 -0.26732664
 4032.4  2.00000000  0.96197078  0.05647098  0.96362687 -0.26732664
 4032.5  2.00000000  0.96197078  0.05647098  0.96362687 -0.26732664
 4032.6  2.00000000  0.96197078  0.05647098  0.96362687 -0.26732664
 4032.7  2.00000000  0.96197078  0.05647098  0.96362687 -0.26732664
 4032.8  2.00000000  0.96197078  0.05647098  0.96362687 -0.26732664
 4032.9  2.00000000  0.96197078  0.05647098  0.96362687 -0.26732664
 4033.0  2.00000000  0.96197078  0.05647098  0.96362687 -0.26732664
 4033.1  2.00000000  0.96197159  0.05645723  0.96362687 -0.26732664
 4033.2  2.00000000  0.96208594  0.05450303  0.96362853 -0.26732065
 4033.3  2.00000000  0.96219744  0.05258472  0.96363326 -0.26730333
 4033.4  2.00000000  0.96230433  0.05073617  0.96364090 -0.26727539
 4033.5  2.00000000  0.96240517  0.04898880  0.96365119 -0.26723775
 4033.6  2.00000000  0.96249884  0.04737098  0.96366385 -0.26719144
 4033.7  2.00000000  0.96258450  0.04590768  0.96367859 -0.26713764
 4033.8  2.00000000  0.96266154  0.04462013  0.96369507 -0.26707761
 4033.9  2.00000000  0.96272953  0.04352560  0.96371294 -0.26701266
 4034.0  2.00000000  0.96278820  0.04263719  0.96373183 -0.26694417
 4034.1  2.00000000  0.96283736  0.04196377  0.96375139 -0.26687350
 4034.2  2.00000000  0.96287690  0.04150993  0.96377124 -0.26680204
 4034.3  2.00000000  0.96290676  0.04127612  0.96379103 -0.26673110
 4034.4  2.00000000  0.96292690  0.04125872  0.96381040 -0.26666197
 4034.5  2.00000000  0.96293733  0.04145032  0.96382905 -0.26659585
 4034.6  2.00000000  0.96293810  0.04183991  0.96384664 -0.26653383
 4034.7  2.00000000  0.96292931  0.04241328  0.96386293 -0.26647690
 4034.8  2.00000000  0.96291116  0.04315332  0.96387764 -0.26642593
 4034.9  2.00000000  0.96288395  0.04404050  0.96389058 -0.26638164
 4035.0  2.00000000  0.96284810  0.04505326  0.96390158 -0.26634461
 4035.1  2.00000000  0.96280418  0.04616849  0.96391049 -0.26631526
 4035.2  2.00000000  0.96275295  0.04736201  0.96391722 -0.26629386
 4035.3  2.00000000  0.96269530  0.04860905  0.96392172 -0.26628053
 4035.4  2.00000000  0.96263231  0.04988471  0.96392399 -0.26627524
 4035.5  2.00000000  0.96256519  0.05116446  0.96392404 -0.26627779
 4035.6  2.00000000  0.96249529  0.05242457  0.96392195 -0.26628788
 4035.7  2.00000000  0.96242404  0.05364242  0.96391781 -0.26630504
 4035.8  2.00000000  0.96235295  0.05479699  0.96391178 -0.26632873
 4035.9  2.00000000  0.96228352  0.05586923  0.96390401 -0.26635826
 4036.0  2.00000000  0.96221720  0.05684221  0.96389470 -0.26639290
 4036.1  2.00000000  0.96215541  0.05770140  0.96388406 -0.26643181
 4036.2  2.00000000  0.96209938  0.05843507  0.96387234 -0.26647414
 4036.3  2.00000000  0.96205022  0.05903410  0.96385976 -0.26651897
 4036.4  2.00000000  0.96200882  0.05949219  0.96384661 -0.26656537
 4036.5  2.00000000  0.96197585  0.05980593  0.96383312 -0.26661245
 4036.6  2.00000000  0.96195175  0.05997463  0.96381955 -0.26665930
 4036.7  2.00000000  0.96193673  0.06000039  0.96380616 -0.26670505
 4036.8  2.00000000  0.96193074  0.05988782  0.96379318 -0.26674890
 4036.9  2.00000000  0.96193353  0.05964398  0.96378085 -0.26679010
 4037.0  2.00000000  0.96194464  0.05927809  0.96376936 -0.26682799
 4037.1  2.00000000  0.96196343  0.05880129  0.96375891 -0.26686197
 4037.2  2.00000000  0.96198912  0.05822640  0.96374965 -0.26689155
 4037.3  2.00000000  0.96202083  0.05756757  0.96374172 -0.26691636
 4037.4  2.00000000  0.96205760  0.05684002  0.96373524 -0.26693609
 4037.5  2.00000000  0.96209840  0.05605967  0.96373027 -0.26695057
 4037.6  2.00000000  0.96214224  0.05524288  0.96372686 -0.26695972
 4037.7  2.00000000  0.96218809  0.05440604  0.96372503 -0.26696357
 4037.8  2.00000000  0.96223500  0.05356538  0.96372477 -0.26696222
 4037.9  2.00000000  0.96228204  0.05273657  0.96372603 -0.26695591
 4038.0  2.00000000  0.96232838  0.05193451  0.96372875 -0.26694491
 4038.1  2.00000000  0.96237325  0.05117306  0.96373282 -0.26692962
 4038.2  2.00000000  0.96241596  0.05046485  0.96373813 -0.26691046
 4038.3  2.00000000  0.96245591  0.04982105  0.96374453 -0.26688793
 4038.4  2.00000000  0.96249259  0.04925123  0.96375187 -0.26686257
 4038.5  2.00000000  0.96252556  0.04876327  0.96375999 -0.26683495
 4038.6  2.00000000  0.96255446  0.04836324  0.96376869 -0.26680566
 4038.7  2.00000000  0.96257901  0.04805536  0.96377781 -0.26677531
 4038.8  2.00000000  0.96259898  0.04784201  0.96378714 -0.26674448
 4038.9  2.00000000  0.96261423  0.04772372  0.96379651 -0.26671377
 4039.0  2.00000000  0.96262468  0.04769925  0.96380573 -0.26668375
 4039.1  2.00000000  0.96263031  0.04776569  0.96381464 -0.26665493
 4039.2  2.00000000  0.96263116  0.04791848  0.96382308 -0.26662782
 4039.3  2.00000000  0.96262735  0.04815167  0.96383090 -0.26660285
 4039.4  2.00000000  0.96261906  0.04845803  0.96383798 -0.26658041
 4039.5  2.00000000  0.96260653  0.04882943  0.96384420 -0.26656081
 4039.6  2.00000000  0.96259006  0.04925654  0.96384949 -0.26654432
 4039.7  2.00000000  0.96257003  0.04972941  0.96385376 -0.26653114
 4039.8  2.00000000  0.96254686  0.05023767  0.96385699 -0.26652138
 4039.9  2.00000000  0.96252105  0.05077061  0.96385913 -0.26651512
 4040.0  2.00000000  0.96249311  0.05131747  0.96386019 -0.26651233
 4040.1  2.00000000  0.96246362  0.05186763  0.96386019 -0.26651296
 4040.2  2.00000000  0.96243316  0.05241074  0.96385916 -0.26651685
 4040.3  2.00000000  0.96240235  0.05293698  0.96385715 -0.26652383
 4040.4  2.00000000  0.96237180  0.05343720  0.96385425 -0.26653366
 4040.5  2.00000000  0.96234209  0.05390308  0.96385053 -0.26654604
 4040.6  2.00000000  0.96231380  0.05432722  0.96384609 -0.26656065
 4040.7  2.00000000  0.96228745  0.05470325  0.96384105 -0.26657715
 4040.8  2.00000000  0.96226351  0.05502596  0.96383552 -0.26659516
 4040.9  2.00000000  0.96224239  0.05529129  0.96382962 -0.26661429
 4041.0  2.00000000  0.96222443  0.05549641  0.96382348 -0.26663414
 4041.1  2.00000000  0.96220988  0.05563970  0.96381722 -0.26665432
 4041.2  2.00000000  0.96219893  0.05572077  0.96381097 -0.26667443
 4041.3  2.00000000  0.96219166  0.05574038  0.96380485 -0.26669412
 4041.4  2.00000000  0.96218809  0.05570040  0.96379897 -0.26671303
 4041.5  2.00000000  0.96218813  0.05560374  0.96379343 -0.26673083
 4041.6  2.00000000  0.96219165  0.05545428  0.96378833 -0.26674724
 4041.7  2.00000000  0.96219843  0.05525670  0.96378375 -0.26676200
 4041.8  2.00000000  0.96220820  0.05501644  0.96377976 -0.26677490
 4041.9  2.00000000  0.96222065  0.05473950  0.96377642 -0.26678576
 4042.0  2.00000000  0.96223541  0.05443237  0.96377376 -0.26679447
 4042.1  2.00000000  0.96225210  0.05410184  0.96377181 -0.26680094
 4042.2  2.00000000  0.96227031  0.05375488  0.96377059 -0.26680513
 4042.3  2.00000000  0.96228964  0.05339851  0.96377008 -0.26680704
 4042.4  2.00000000  0.96230968  0.05303966  0.96377026 -0.26680674
 4042.5  2.00000000  0.96233001  0.05268508  0.96377112 -0.26680429
 4042.6  2.00000000  0.96235026  0.05234116  0.96377260 -0.26679984
 4042.7  2.00000000  0.96237007  0.05201387  0.96377466 -0.26679353
 4042.8  2.00000000  0.96238908  0.05170867  0.96377722 -0.26678554
 4042.9  2.00000000  0.96240700  0.05143043  0.96378023 -0.26677610
 4043.0  2.00000000  0.96242356  0.05118328  0.96378360 -0.26676542
 4043.1  2.00000000  0.96243851  0.05097065  0.96378726 -0.26675376
 4043.2  2.00000000  0.96245166  0.05079521  0.96379113 -0.26674135
 4043.3  2.00000000  0.96246284  0.05065888  0.96379513 -0.26672847
 4043.4  2.00000000  0.96247194  0.05056272  0.96379916 -0.26671536
 4043.5  2.00000000  0.96247887  0.05050699  0.96380317 -0.26670228
 4043.6  2.00000000  0.96248360  0.05049125  0.96380706 -0.26668947
 4043.7  2.00000000  0.96248611  0.05051432  0.96381078 -0.26667715
 4043.8  2.00000000  0.96248644  0.05057436  0.96381426 -0.26666553
 4043.9  2.00000000  0.96248466  0.05066890  0.96381744 -0.26665481
 4044.0  2.00000000  0.96248086  0.05079495  0.96382028 -0.26664514
 4044.1  2.00000000  0.96247518  0.05094898  0.96382274 -0.26663667
 4044.2  2.00000000  0.96246778  0.05112713  0.96382478 -0.26662951
 4044.3  2.00000000  0.96245885  0.05132521  0.96382639 -0.26662374
 4044.4  2.00000000  0.96244859  0.05153884  0.96382755 -0.26661942
 4044.5  2.00000000  0.96243725  0.05176351  0.96382826 -0.26661658
 4044.6  2.00000000  0.96242506  0.05199466  0.96382853 -0.26661521
 4044.7  2.00000000  0.96241227  0.05222779  0.96382837 -0.26661528
 4044.8  2.00000000  0.96239914  0.05245851  0.96382779 -0.26661675
 4044.9  2.00000000  0.96238594  0.05268265  0.96382683 -0.26661952
 4045.0  2.00000000  0.96237290  0.05289634  0.96382551 -0.26662351
 4045.1  2.00000000  0.96236028  0.05309602  0.96382389 -0.26662859
 4045.2  2.00000000  0.96234829  0.05327851  0.96382200 -0.26663463
 4045.3  2.00000000  0.96233716  0.05344108  0.96381988 -0.26664149
 4045.4  2.00000000  0.96232706  0.05358145  0.96381759 -0.26664900
 4045.5  2.00000000  0.96231815  0.05369784  0.96381517 -0.26665701
 4045.6  2.00000000  0.96231057  0.05378899  0.96381268 -0.26666534
 4045.7  2.00000000  0.96230440  0.05385415  0.96381016 -0.26667384
 4045.8  2.00000000  0.96229972  0.05389305  0.96380766 -0.26668234
 4045.9  2.00000000  0.96229656  0.05390596  0.96380523 -0.26669068
 4046.0  2.00000000  0.96229493  0.05389357  0.96380291 -0.26669872
 4046.1  2.00000000  0.96229479  0.05385705  0.96380073 -0.26670631
 4046.2  2.00000000  0.96229610  0.05379794  0.96379874 -0.26671334
 4046.3  2.00000000  0.96229877  0.05371818  0.96379695 -0.26671970
 4046.4  2.00000000  0.96230269  0.05361998  0.96379540 -0.26672529
 4046.5  2.00000000  0.96230774  0.05350583  0.96379410 -0.26673003
 4046.6  2.00000000  0.96231378  0.05337841  0.96379307 -0.26673388
 4046.7  2.00000000  0.96232066  0.05324056  0.96379231 -0.26673679
 4046.8  2.00000000  0.96232821  0.05309520  0.96379182 -0.26673875
 4046.9  2.00000000  0.96233626  0.05294528  0.96379161 -0.26673976
 4047.0  2.00000000  0.96234464  0.05279371  0.96379167 -0.26673982
 4047.1  2.00000000  0.96235320  0.05264334  0.96379199 -0.26673898
 4047.2  2.00000000  0.96236175  0.05249690  0.96379254 -0.26673728
 4047.3  2.00000000  0.96237015  0.05235694  0.96379331 -0.26673478
 4047.4  2.00000000  0.96237824  0.05222580  0.96379428 -0.26673156
 4047.5  2.00000000  0.96238590  0.05210558  0.96379542 -0.26672771
 4047.6  2.00000000  0.96239300  0.05199811  0.96379671 -0.26672332
 4047.7  2.00000000  0.96239944  0.05190490  0.96379811 -0.26671848
 4047.8  2.00000000  0.96240512  0.05182714  0.96379960 -0.26671331
 4047.9  2.00000000  0.96240998  0.05176572  0.96380115 -0.26670791
 4048.0  2.00000000  0.96241394  0.05172116  0.96380272 -0.26670239
 4048.1  2.00000000  0.96241699  0.05169370  0.96380429 -0.26669686
 4048.2  2.00000000  0.96241909  0.05168322  0.96380582 -0.26669142
 4048.3  2.00000000  0.96242025  0.05168925  0.96380730 -0.26668616
 4048.4  2.00000000  0.96242048  0.05171109  0.96380870 -0.26668117
 4048.5  2.00000000  0.96241980  0.05174777  0.96381000 -0.26667654
 4048.6  2.00000000  0.96241827  0.05179808  0.96381117 -0.26667234
 4048.7  2.00000000  0.96241594  0.05186061  0.96381220 -0.26666863
 4048.8  2.00000000  0.96241288  0.05193376  0.96381309 -0.26666547
 4048.9  2.00000000  0.96240917  0.05201579  0.96381381 -0.26666288
 4049.0  2.00000000  0.96240490  0.05210488  0.96381436 -0.26666089
 4049.1  2.00000000  0.96240017  0.05219913  0.96381473 -0.26665953
 4049.2  2.00000000  0.96239509  0.05229661  0.96381494 -0.26665879
 4049.3  2.00000000  0.96238975  0.05239541  0.96381497 -0.26665867
 4049.4  2.00000000  0.96238426  0.05249368  0.96381485 -0.26665914
 4049.5  2.00000000  0.96237874  0.05258962  0.96381456 -0.26666017
 4049.6  2.00000000  0.96237328  0.05268154  0.96381413 -0.26666173
 4049.7  2.00000000  0.96236798  0.05276791  0.96381356 -0.26666377
 4049.8  2.00000000  0.96236294  0.05284732  0.96381288 -0.26666623
 4049.9  2.00000000  0.96235823  0.05291857  0.96381209 -0.26666905
 4050.0  2.00000000  0.96235395  0.05298064  0.96381122 -0.26667217
 4050.1  2.00000000  0.96235014  0.05303271  0.96381028 -0.26667552
 4050.2  2.00000000  0.96234687  0.05307420  0.96380930 -0.26667902
 4050.3  2.00000000  0.96234417  0.05310472  0.96380829 -0.26668262
 4050.4  2.00000000  0.96234208  0.05312409  0.96380727 -0.26668624
 4050.5  2.00000000  0.96234061  0.05313237  0.96380626 -0.26668981
 4050.6  2.00000000  0.96233977  0.05312980  0.96380527 -0.26669327
 4050.7  2.00000000  0.96233955  0.05311681  0.96380434 -0.26669655
 4050.8  2.00000000  0.96233992  0.05309402  0.96380346 -0.26669961
 4050.9  2.00000000  0.96234087  0.05306221  0.96380265 -0.26670240
 4051.0  2.00000000  0.96234235  0.05302227  0.96380193 -0.26670487
 4051.1  2.00000000  0.96234431  0.05297526  0.96380131 -0.26670699
 4051.2  2.00000000  0.96234671  0.05292226  0.96380079 -0.26670873
 4051.3  2.00000000  0.96234947  0.05286450  0.96380038 -0.26671008
 4051.4  2.00000000  0.96235253  0.05280320  0.96380007 -0.26671103
 4051.5  2.00000000  0.96235584  0.05273961  0.96379989 -0.26671156
 4051.6  2.00000000  0.96235931  0.05267501  0.96379982 -0.26671170
 4051.7  2.00000000  0.96236288  0.05261059  0.96379986 -0.26671144
 4051.8  2.00000000  0.96236647  0.05254757  0.96380002 -0.26671080
 4051.9  2.00000000  0.96237003  0.05248707  0.96380027 -0.26670982
 4052.0  2.00000000  0.96237348  0.05243011  0.96380062 -0.26670853
 4052.1  2.00000000  0.96237677  0.05237759  0.96380105 -0.26670695
 4052.2  2.00000000  0.96237984  0.05233031  0.96380155 -0.26670513
 4052.3  2.00000000  0.96238266  0.05228896  0.96380211 -0.26670311
 4052.4  2.00000000  0.96238517  0.05225408  0.96380273 -0.26670093
 4052.5  2.00000000  0.96238734  0.05222609  0.96380338 -0.26669865
 4052.6  2.00000000  0.96238915  0.05220526  0.96380406 -0.26669630
 4052.7  2.00000000  0.96239057  0.05219169  0.96380474 -0.26669394
 4052.8  2.00000000  0.96239160  0.05218537  0.96380543 -0.26669160
 4052.9  2.00000000  0.96239223  0.05218612  0.96380610 -0.26668933
 4053.0  2.00000000  0.96239246  0.05219372  0.96380674 -0.26668716
 4053.1  2.00000000  0.96239230  0.05220778  0.96380734 -0.26668514
 4053.2  2.00000000  0.96239178  0.05222783  0.96380790 -0.26668329
 4053.3  2.00000000  0.96239090  0.05225327  0.96380841 -0.26668164
 4053.4  2.00000000  0.96238970  0.05228349  0.96380885 -0.26668021
 4053.5  2.00000000  0.96238821  0.05231778  0.96380922 -0.26667903
 4053.6  2.00000000  0.96238646  0.05235531  0.96380952 -0.26667811
 4053.7  2.00000000  0.96238451  0.05239527  0.96380974 -0.26667745
 4053.8  2.00000000  0.96238239  0.05243683  0.96380988 -0.26667707
 4053.9  2.00000000  0.96238014  0.05247919  0.96380994 -0.26667694
 4054.0  2.00000000  0.96237781  0.05252153  0.96380992 -0.26667708
 4054.1  2.00000000  0.96237545  0.05256308  0.96380983 -0.26667746
 4054.2  2.00000000  0.96237311  0.05260309  0.96380967 -0.26667808
 4054.3  2.00000000  0.96237081  0.05264088  0.96380944 -0.26667890
 4054.4  2.00000000  0.96236861  0.05267582  0.96380915 -0.26667992
 4054.5  2.00000000  0.96236654  0.05270737  0.96380882 -0.26668110
 4054.6  2.00000000  0.96236465  0.05273503  0.96380843 -0.26668242
 4054.7  2.00000000  0.96236294  0.05275846  0.96380801 -0.26668384
 4054.8  2.00000000  0.96236146  0.05277737  0.96380757 -0.26668534
 4054.9  2.00000000  0.96236022  0.05279158  0.96380711 -0.26668689
 4055.0  2.00000000  0.96235923  0.05280098  0.96380664 -0.26668845
 4055.1  2.00000000  0.96235851  0.05280559  0.96380617 -0.26669000
 4055.2  2.00000000  0.96235806  0.05280547  0.96380571 -0.26669150
 4055.3  2.00000000  0.96235787  0.05280078  0.96380527 -0.26669294
 4055.4  2.00000000  0.96235795  0.05279181  0.96380486 -0.26669428
 4055.5  2.00000000  0.96235828  0.05277886  0.96380448 -0.26669551
 4055.6  2.00000000  0.96235885  0.05276234  0.96380414 -0.26669660
 4055.7  2.00000000  0.96235963  0.05274268  0.96380384 -0.26669755
 4055.8  2.00000000  0.96236060  0.05272034  0.96380359 -0.26669833
 4055.9  2.00000000  0.96236175  0.05269585  0.96380339 -0.26669895
 4056.0  2.00000000  0.96236303  0.05266972  0.96380325 -0.26669939
 4056.1  2.00000000  0.96236443  0.05264250  0.96380316 -0.26669965
 4056.2  2.00000000  0.96236591  0.05261475  0.96380313 -0.26669974
 4056.3  2.00000000  0.96236745  0.05258699  0.96380314 -0.26669966
 4056.4  2.00000000  0.96236901  0.05255974  0.96380321 -0.26669941
 4056.5  2.00000000  0.96237056  0.05253348  0.96380333 -0.26669902
 4056.6  2.00000000  0.96237207  0.05250866  0.96380349 -0.26669848
 4056.7  2.00000000  0.96237352  0.05248569  0.96380369 -0.26669782
 4056.8  2.00000000  0.96237489  0.05246493  0.96380392 -0.26669705
 4056.9  2.00000000  0.96237614  0.05244668  0.96380418 -0.26669620
 4057.0  2.00000000  0.96237727  0.05243118  0.96380446 -0.26669527
 4057.1  2.00000000  0.96237826  0.05241863  0.96380476 -0.26669429
 4057.2  2.00000000  0.96237908  0.05240915  0.96380507 -0.26669328
 4057.3  2.00000000  0.96237974  0.05240281  0.96380539 -0.26669226
 4057.4  2.00000000  0.96238023  0.05239961  0.96380570 -0.26669125
 4057.5  2.00000000  0.96238054  0.05239948  0.96380600 -0.26669026
 4057.6  2.00000000  0.96238067  0.05240233  0.96380629 -0.26668932
 4057.7  2.00000000  0.96238063  0.05240800  0.96380656 -0.26668844
 4057.8  2.00000000  0.96238043  0.05241627  0.96380680 -0.26668764
 4057.9  2.00000000  0.96238007  0.05242689  0.96380703 -0.26668692
 4058.0  2.00000000  0.96237957  0.05243959  0.96380722 -0.26668629
 4058.1  2.00000000  0.96237894  0.05245405  0.96380737 -0.26668577
 4058.2  2.00000000  0.96237820  0.05246995  0.96380750 -0.26668537
 4058.3  2.00000000  0.96237736  0.05248693  0.96380758 -0.26668507
 4058.4  2.00000000  0.96237645  0.05250464  0.96380764 -0.26668489
 4058.5  2.00000000  0.96237547  0.05252273  0.96380765 -0.26668483
 4058.6  2.00000000  0.96237447  0.05254085  0.96380764 -0.26668487
 4058.7  2.00000000  0.96237345  0.05255866  0.96380759 -0.26668502
 4058.8  2.00000000  0.96237243  0.05257584  0.96380750 -0.26668528
 4058.9  2.00000000  0.96237143  0.05259211  0.96380740 -0.26668562
 4059.0  2.00000000  0.96237047  0.05260718  0.96380726 -0.26668605
 4059.1  2.00000000  0.96236957  0.05262084  0.96380711 -0.26668654
 4059.2  2.00000000  0.96236874  0.05263288  0.96380694 -0.26668710
 4059.3  2.00000000  0.96236799  0.05264313  0.96380675 -0.26668770
 4059.4  2.00000000  0.96236734  0.05265148  0.96380655 -0.26668833
 4059.5  2.00000000  0.96236679  0.05265783  0.96380635 -0.26668899
 4059.6  2.00000000  0.96236635  0.05266214  0.96380615 -0.26668966
 4059.7  2.00000000  0.96236603  0.05266441  0.96380595 -0.26669032
 4059.8  2.00000000  0.96236582  0.05266466  0.96380576 -0.26669096
 4059.9  2.00000000  0.96236573  0.05266296  0.96380557 -0.26669158
 4060.0  2.00000000  0.96236575  0.05265942  0.96380540 -0.26669215
 4060.1  2.00000000  0.96236588  0.05265417  0.96380524 -0.26669268
 4060.2  2.00000000  0.96236611  0.05264737  0.96380510 -0.26669316
 4060.3  2.00000000  0.96236644  0.05263919  0.96380498 -0.26669357
 4060.4  2.00000000  0.96236685  0.05262985  0.96380489 -0.26669391
 4060.5  2.00000000  0.96236734  0.05261955  0.96380481 -0.26669419
 4060.6  2.00000000  0.96236789  0.05260852  0.96380475 -0.26669439
 4060.7  2.00000000  0.96236849  0.05259699  0.96380472 -0.26669451
 4060.8  2.00000000  0.96236912  0.05258519  0.96380471 -0.26669456
 4060.9  2.00000000  0.96236978  0.05257336  0.96380473 -0.26669453
 4061.0  2.00000000  0.96237045  0.05256170  0.96380476 -0.26669444
 4061.1  2.00000000  0.96237112  0.05255042  0.96380481 -0.26669428
 4061.2  2.00000000  0.96237177  0.05253972  0.96380488 -0.26669406
 4061.3  2.00000000  0.96237240  0.05252978  0.96380497 -0.26669379
 4061.4  2.00000000  0.96237299  0.05252075  0.96380507 -0.26669347
 4061.5  2.00000000  0.96237354  0.05251277  0.96380518 -0.26669311
 4061.6  2.00000000  0.96237403  0.05250594  0.96380529 -0.26669272
 4061.7  2.00000000  0.96237446  0.05250036  0.96380542 -0.26669231
 4061.8  2.00000000  0.96237482  0.05249607  0.96380554 -0.26669188
 4061.9  2.00000000  0.96237511  0.05249312  0.96380567 -0.26669145
 4062.0  2.00000000  0.96237532  0.05249150  0.96380580 -0.26669101
 4062.1  2.00000000  0.96237546  0.05249122  0.96380592 -0.26669059
 4062.2  2.00000000  0.96237553  0.05249221  0.96380604 -0.26669019
 4062.3  2.00000000  0.96237551  0.05249444  0.96380615 -0.26668981
 4062.4  2.00000000  0.96237543  0.05249781  0.96380625 -0.26668946
 4062.5  2.00000000  0.96237528  0.05250220  0.96380634 -0.26668914
 4062.6  2.00000000  0.96237507  0.05250751  0.96380642 -0.26668887
 4062.7  2.00000000  0.96237480  0.05251358  0.96380648 -0.26668864
 4062.8  2.00000000  0.96237448  0.05252029  0.96380653 -0.26668846
 4062.9  2.00000000  0.96237413  0.05252747  0.96380656 -0.26668832
 4063.0  2.00000000  0.96237374  0.05253499  0.96380659 -0.26668824
 4063.1  2.00000000  0.96237332  0.05254270  0.96380659 -0.26668820
 4063.2  2.00000000  0.96237289  0.05255044  0.96380659 -0.26668822
 4063.3  2.00000000  0.96237246  0.05255808  0.96380657 -0.26668827
 4063.4  2.00000000  0.96237202  0.05256549  0.96380654 -0.26668837
 4063.5  2.00000000  0.96237160  0.05257252  0.96380649 -0.26668851
 4063.6  2.00000000  0.96237119  0.05257907  0.96380644 -0.26668869
 4063.7  2.00000000  0.96237080  0.05258502  0.96380638 -0.26668889
 4063.8  2.00000000  0.96237044  0.05259031  0.96380631 -0.26668913
 4063.9  2.00000000  0.96237012  0.05259485  0.96380624 -0.26668938
 4064.0  2.00000000  0.96236984  0.05259859  0.96380616 -0.26668965
 4064.1  2.00000000  0.96236960  0.05260146  0.96380608 -0.26668993
 4064.2  2.00000000  0.96236941  0.05260348  0.96380600 -0.26669021
 4064.3  2.00000000  0.96236927  0.05260462  0.96380592 -0.26669050
 4064.4  2.00000000  0.96236917  0.05260489  0.96380584 -0.26669077
 4064.5  2.00000000  0.96236913  0.05260431  0.96380576 -0.26669104
 4064.6  2.00000000  0.96236913  0.05260293  0.96380569 -0.26669129
 4064.7  2.00000000  0.96236918  0.05260079  0.96380563 -0.26669152
 4064.8  2.00000000  0.96236928  0.05259796  0.96380557 -0.26669173
 4064.9  2.00000000  0.96236942  0.05259453  0.96380552 -0.26669191
 4065.0  2.00000000  0.96236959  0.05259058  0.96380547 -0.26669206
 4065.1  2.00000000  0.96236979  0.05258622  0.96380544 -0.26669218
 4065.2  2.00000000  0.96237002  0.05258153  0.96380542 -0.26669227
 4065.3  2.00000000  0.96237028  0.05257661  0.96380540 -0.26669233
 4065.4  2.00000000  0.96237054  0.05257156  0.96380539 -0.26669236
 4065.5  2.00000000  0.96237082  0.05256649  0.96380539 -0.26669235
 4065.6  2.00000000  0.96237111  0.05256147  0.96380540 -0.26669232
 4065.7  2.00000000  0.96237139  0.05255661  0.96380542 -0.26669226
 4065.8  2.00000000  0.96237167  0.05255197  0.96380545 -0.26669217
 4065.9  2.00000000  0.96237194  0.05254764  0.96380548 -0.26669205
 4066.0  2.00000000  0.96237219  0.05254369  0.96380551 -0.26669192
 4066.1  2.00000000  0.96237242  0.05254018  0.96380556 -0.26669177
 4066.2  2.00000000  0.96237263  0.05253717  0.96380560 -0.26669160
 4066.3  2.00000000  0.96237282  0.05253466  0.96380565 -0.26669143
 4066.4  2.00000000  0.96237298  0.05253273  0.96380571 -0.26669124
 4066.5  2.00000000  0.96237311  0.05253135  0.96380576 -0.26669106
 4066.6  2.00000000  0.96237320  0.05253056  0.96380581 -0.26669087
 4066.7  2.00000000  0.96237327  0.05253033  0.96380586 -0.26669069
 4066.8  2.00000000  0.96237330  0.05253067  0.96380591 -0.26669051
 4066.9  2.00000000  0.96237330  0.05253153  0.96380596 -0.26669035
 4067.0  2.00000000  0.96237327  0.05253290  0.96380601 -0.26669019
 4067.1  2.00000000  0.96237321  0.05253471  0.96380605 -0.26669005
 4067.2  2.00000000  0.96237313  0.05253695  0.96380608 -0.26668993
 4067.3  2.00000000  0.96237302  0.05253954  0.96380611 -0.26668983
 4067.4  2.00000000  0.96237288  0.05254242  0.96380614 -0.26668975
 4067.5  2.00000000  0.96237273  0.05254551  0.96380616 -0.26668969
 4067.6  2.00000000  0.96237257  0.05254877  0.96380617 -0.26668965
 4067.7  2.00000000  0.96237239  0.05255211  0.96380618 -0.26668963
 4067.8  2.00000000  0.96237221  0.05255547  0.96380618 -0.26668963
 4067.9  2.00000000  0.96237202  0.05255879  0.96380617 -0.26668966
 4068.0  2.00000000  0.96237184  0.05256200  0.96380616 -0.26668970
 4068.1  2.00000000  0.96237165  0.05256505  0.96380614 -0.26668976
 4068.2  2.00000000  0.96237148  0.05256789  0.96380612 -0.26668983
 4068.3  2.00000000  0.96237131  0.05257048  0.96380610 -0.26668992
 4068.4  2.00000000  0.96237116  0.05257278  0.96380607 -0.26669002
 4068.5  2.00000000  0.96237102  0.05257476  0.96380604 -0.26669013
 4068.6  2.00000000  0.96237090  0.05257639  0.96380601 -0.26669024
 4068.7  2.00000000  0.96237079  0.05257766  0.96380597 -0.26669036
 4068.8  2.00000000  0.96237071  0.05257855  0.96380594 -0.26669049
 4068.9  2.00000000  0.96237064  0.05257907  0.96380590 -0.26669061
 4069.0  2.00000000  0.96237060  0.05257920  0.96380587 -0.26669073
 4069.1  2.00000000  0.96237058  0.05257898  0.96380583 -0.26669084
 4069.2  2.00000000  0.96237058  0.05257840  0.96380580 -0.26669095
 4069.3  2.00000000  0.96237060  0.05257751  0.96380577 -0.26669105
 4069.4  2.00000000  0.96237063  0.05257631  0.96380574 -0.26669114
 4069.5  2.00000000  0.96237069  0.05257486  0.96380572 -0.26669122
 4069.6  2.00000000  0.96237076  0.05257317  0.96380570 -0.26669129
 4069.7  2.00000000  0.96237085  0.05257130  0.96380568 -0.26669134
 4069.8  2.00000000  0.96237094  0.05256929  0.96380567 -0.26669138
 4069.9  2.00000000  0.96237105  0.05256718  0.96380566 -0.26669141
 4070.0  2.00000000  0.96237116  0.05256500  0.96380565 -0.26669142
 4070.1  2.00000000  0.96237128  0.05256282  0.96380565 -0.26669142
 4070.2  2.00000000  0.96237140  0.05256065  0.96380566 -0.26669140
 4070.3  2.00000000  0.96237153  0.05255856  0.96380566 -0.26669138
 4070.4  2.00000000  0.96237165  0.05255656  0.96380567 -0.26669134
 4070.5  2.00000000  0.96237176  0.05255470  0.96380569 -0.26669129
 4070.6  2.00000000  0.96237187  0.05255300  0.96380570 -0.26669123
 4070.7  2.00000000  0.96237197  0.05255150  0.96380572 -0.26669117
 4070.8  2.00000000  0.96237206  0.05255021  0.96380575 -0.26669110
 4070.9  2.00000000  0.96237214  0.05254914  0.96380577 -0.26669102
 4071.0  2.00000000  0.96237221  0.05254832  0.96380579 -0.26669094
 4071.1  2.00000000  0.96237227  0.05254774  0.96380581 -0.26669086
 4071.2  2.00000000  0.96237231  0.05254741  0.96380584 -0.26669078
 4071.3  2.00000000  0.96237234  0.05254732  0.96380586 -0.26669070
 4071.4  2.00000000  0.96237235  0.05254748  0.96380588 -0.26669063
 4071.5  2.00000000  0.96237235  0.05254785  0.96380591 -0.26669056
 4071.6  2.00000000  0.96237234  0.05254844  0.96380593 -0.26669049
 4071.7  2.00000000  0.96237232  0.05254923  0.96380595 -0.26669043
 4071.8  2.00000000  0.96237228  0.05255018  0.96380596 -0.26669038
 4071.9  2.00000000  0.96237224  0.05255128  0.96380598 -0.26669034
 4072.0  2.00000000  0.96237218  0.05255250  0.96380599 -0.26669030
 4072.1  2.00000000  0.96237212  0.05255381  0.96380599 -0.26669028
 4072.2  2.00000000  0.96237205  0.05255519  0.96380600 -0.26669026
 4072.3  2.00000000  0.96237197  0.05255660  0.96380600 -0.26669026
 4072.4  2.00000000  0.96237189  0.05255803  0.96380600 -0.26669026
 4072.5  2.00000000  0.96237181  0.05255943  0.96380600 -0.26669027
 4072.6  2.00000000  0.96237173  0.05256080  0.96380599 -0.26669028
 4072.7  2.00000000  0.96237166  0.05256210  0.96380599 -0.26669031
 4072.8  2.00000000  0.96237158  0.05256330  0.96380598 -0.26669034
 4072.9  2.00000000  0.96237151  0.05256440  0.96380597 -0.26669038
 4073.0  2.00000000  0.96237144  0.05256538  0.96380595 -0.26669042
 4073.1  2.00000000  0.96237138  0.05256622  0.96380594 -0.26669047
 4073.2  2.00000000  0.96237133  0.05256691  0.96380592 -0.26669051
 4073.3  2.00000000  0.96237129  0.05256744  0.96380591 -0.26669057
 4073.4  2.00000000  0.96237125  0.05256782  0.96380589 -0.26669062
 4073.5  2.00000000  0.96237122  0.05256804  0.96380588 -0.26669067
 4073.6  2.00000000  0.96237120  0.05256811  0.96380586 -0.26669072
 4073.7  2.00000000  0.96237119  0.05256802  0.96380585 -0.26669077
 4073.8  2.00000000  0.96237119  0.05256779  0.96380583 -0.26669081
 4073.9  2.00000000  0.96237120  0.05256743  0.96380582 -0.26669085
 4074.0  2.00000000  0.96237121  0.05256694  0.96380581 -0.26669089
 4074.1  2.00000000  0.96237124  0.05256635  0.96380580 -0.26669093
 4074.2  2.00000000  0.96237126  0.05256567  0.96380579 -0.26669095
 4074.3  2.00000000  0.96237130  0.05256491  0.96380578 -0.26669098
 4074.4  2.00000000  0.96237134  0.05256409  0.96380578 -0.26669100
 4074.5  2.00000000  0.96237138  0.05256323  0.96380577 -0.26669101
 4074.6  2.00000000  0.96237143  0.05256234  0.96380577 -0.26669101
 4074.7  2.00000000  0.96237148  0.05256144  0.96380577 -0.26669101
 4074.8  2.00000000  0.96237153  0.05256052  0.96380577 -0.26669101
 4074.9  2.00000000  0.96237158  0.05255966  0.96380578 -0.26669100
 4075.0  2.00000000  0.96237163  0.05255881  0.96380578 -0.26669099
 4075.1  2.00000000  0.96237168  0.05255800  0.96380579 -0.26669097
 4075.2  2.00000000  0.96237173  0.05255724  0.96380579 -0.26669095
 4075.3  2.00000000  0.96237177  0.05255656  0.96380580 -0.26669092
 4075.4  2.00000000  0.96237182  0.05255596  0.96380581 -0.26669089
 4075.5  2.00000000  0.96237185  0.05255544  0.96380582 -0.26669086
 4075.6  2.00000000  0.96237189  0.05255503  0.96380583 -0.26669083
 4075.7  2.00000000  0.96237191  0.05255472  0.96380584 -0.26669079
 4075.8  2.00000000  0.96237193  0.05255451  0.96380585 -0.26669076
 4075.9  2.00000000  0.96237195  0.05255441  0.96380586 -0.26669072
 4076.0  2.00000000  0.96237196  0.05255442  0.96380587 -0.26669069
 4076.1  2.00000000  0.96237196  0.05255452  0.96380588 -0.26669066
 4076.2  2.00000000  0.96237196  0.05255473  0.96380589 -0.26669063
 4076.3  2.00000000  0.96237195  0.05255502  0.96380590 -0.26669060
 4076.4  2.00000000  0.96237194  0.05255540  0.96380590 -0.26669058
 4076.5  2.00000000  0.96237192  0.05255584  0.96380591 -0.26669056
 4076.6  2.00000000  0.96237190  0.05255635  0.96380592 -0.26669054
 4076.7  2.00000000  0.96237187  0.05255691  0.96380592 -0.26669052
 4076.8  2.00000000  0.96237184  0.05255751  0.96380592 -0.26669052
 4076.9  2.00000000  0.96237181  0.05255814  0.96380592 -0.26669051
 4077.0  2.00000000  0.96237178  0.05255878  0.96380592 -0.26669051
 4077.1  2.00000000  0.96237174  0.05255941  0.96380592 -0.26669051
 4077.2  2.00000000  0.96237170  0.05256005  0.96380592 -0.26669052
 4077.3  2.00000000  0.96237167  0.05256065  0.96380592 -0.26669053
 4077.4  2.00000000  0.96237163  0.05256122  0.96380591 -0.26669054
 4077.5  2.00000000  0.96237160  0.05256175  0.96380591 -0.26669056
 4077.6  2.00000000  0.96237157  0.05256222  0.96380590 -0.26669057
 4077.7  2.00000000  0.96237154  0.05256263  0.96380590 -0.26669060
 4077.8  2.00000000  0.96237151  0.05256296  0.96380589 -0.26669062
 4077.9  2.00000000  0.96237149  0.05256323  0.96380588 -0.26669064
 4078.0  2.00000000  0.96237147  0.05256343  0.96380588 -0.26669066
 4078.1  2.00000000  0.96237146  0.05256354  0.96380587 -0.26669069
 4078.2  2.00000000  0.96237145  0.05256359  0.96380586 -0.26669071
 4078.3  2.00000000  0.96237145  0.05256356  0.96380586 -0.26669073
 4078.4  2.00000000  0.96237145  0.05256346  0.96380585 -0.26669075
 4078.5  2.00000000  0.96237145  0.05256330  0.96380584 -0.26669077
 4078.6  2.00000000  0.96237146  0.05256307  0.96380584 -0.26669079
 4078.7  2.00000000  0.96237147  0.05256280  0.96380583 -0.26669081
 4078.8  2.00000000  0.96237148  0.05256249  0.96380583 -0.26669082
 4078.9  2.00000000  0.96237150  0.05256213  0.96380583 -0.26669083
 4079.0  2.00000000  0.96237152  0.05256174  0.96380583 -0.26669084
 4079.1  2.00000000  0.96237154  0.05256134  0.96380582 -0.26669085
 4079.2  2.00000000  0.96237156  0.05256092  0.96380582 -0.26669085
 4079.3  2.00000000  0.96237158  0.05256050  0.96380582 -0.26669085
 4079.4  2.00000000  0.96237160  0.05256008  0.96380582 -0.26669085
 4079.5  2.00000000  0.96237163  0.05255967  0.96380583 -0.26669084
 4079.6  2.00000000  0.96237165  0.05255929  0.96380583 -0.26669083
 4079.7  2.00000000  0.96237167  0.05255893  0.96380583 -0.26669082
 4079.8  2.00000000  0.96237170  0.05255859  0.96380583 -0.26669081
 4079.9  2.00000000  0.96237172  0.05255830  0.96380584 -0.26669080
 4080.0  2.00000000  0.96237173  0.05255804  0.96380584 -0.26669079
 4080.1  2.00000000  0.96237175  0.05255784  0.96380585 -0.26669077
 4080.2  2.00000000  0.96237176  0.05255767  0.96380585 -0.26669076
 4080.3  2.00000000  0.96237177  0.05255756  0.96380585 -0.26669074
 4080.4  2.00000000  0.96237178  0.05255749  0.96380586 -0.26669073
 4080.5  2.00000000  0.96237179  0.05255748  0.96380586 -0.26669071
 4080.6  2.00000000  0.96237179  0.05255751  0.96380587 -0.26669070
 4080.7  2.00000000  0.96237179  0.05255758  0.96380587 -0.26669068
 4080.8  2.00000000  0.96237179  0.05255770  0.96380588 -0.26669067
 4080.9  2.00000000  0.96237178  0.05255785  0.96380588 -0.26669066
 4081.0  2.00000000  0.96237177  0.05255805  0.96380588 -0.26669065
 4081.1  2.00000000  0.96237176  0.05255827  0.96380588 -0.26669064
 4081.2  2.00000000  0.96237175  0.05255851  0.96380589 -0.26669063
 4081.3  2.00000000  0.96237174  0.05255877  0.96380589 -0.26669063
 4081.4  2.00000000  0.96237172  0.05255905  0.96380589 -0.26669062
 4081.5  2.00000000  0.96237171  0.05255935  0.96380589 -0.26669062
 4081.6  2.00000000  0.96237169  0.05255964  0.96380589 -0.26669062
 4081.7  2.00000000  0.96237168  0.05255993  0.96380589 -0.26669063
 4081.8  2.00000000  0.96237166  0.05256021  0.96380589 -0.26669063
 4081.9  2.00000000  0.96237164  0.05256047  0.96380589 -0.26669064
 4082.0  2.00000000  0.96237163  0.05256071  0.96380588 -0.26669064
 4082.1  2.00000000  0.96237161  0.05256093  0.96380588 -0.26669065
 4082.2  2.00000000  0.96237160  0.05256112  0.96380588 -0.26669066
 4082.3  2.00000000  0.96237159  0.05256128  0.96380588 -0.26669067
 4082.4  2.00000000  0.96237158  0.05256141  0.96380587 -0.26669068
 4082.5  2.00000000  0.96237157  0.05256150  0.96380587 -0.26669069
 4082.6  2.00000000  0.96237157  0.05256156  0.96380587 -0.26669070
 4082.7  2.00000000  0.96237156  0.05256158  0.96380586 -0.26669071
 4082.8  2.00000000  0.96237156  0.05256157  0.96380586 -0.26669072
 4082.9  2.00000000  0.96237156  0.05256153  0.96380586 -0.26669073
 4083.0  2.00000000  0.96237156  0.05256145  0.96380585 -0.26669074
 4083.1  2.00000000  0.96237156  0.05256134  0.96380585 -0.26669075
 4083.2  2.00000000  0.96237157  0.05256121  0.96380585 -0.26669076
 4083.3  2.00000000  0.96237158  0.05256106  0.96380585 -0.26669076
 4083.4  2.00000000  0.96237158  0.05256089  0.96380585 -0.26669077
 4083.5  2.00000000  0.96237159  0.05256070  0.96380585 -0.26669077
 4083.6  2.00000000  0.96237160  0.05256051  0.96380585 -0.26669077
 4083.7  2.00000000  0.96237161  0.05256031  0.96380584 -0.26669078
 4083.8  2.00000000  0.96237162  0.05256010  0.96380584 -0.26669078
 4083.9  2.00000000  0.96237163  0.05255991  0.96380584 -0.26669077
 4084.0  2.00000000  0.96237165  0.05255972  0.96380585 -0.26669077
 4084.1  2.00000000  0.96237166  0.05255954  0.96380585 -0.26669077
 4084.2  2.00000000  0.96237167  0.05255937  0.96380585 -0.26669076
 4084.3  2.00000000  0.96237168  0.05255922  0.96380585 -0.26669076
 4084.4  2.00000000  0.96237169  0.05255910  0.96380585 -0.26669075
 4084.5  2.00000000  0.96237169  0.05255898  0.96380585 -0.26669074
 4084.6  2.00000000  0.96237170  0.05255889  0.96380586 -0.26669074
 4084.7  2.00000000  0.96237171  0.05255882  0.96380586 -0.26669073
 4084.8  2.00000000  0.96237171  0.05255878  0.96380586 -0.26669072
 4084.9  2.00000000  0.96237171  0.05255876  0.96380586 -0.26669071
 4085.0  2.00000000  0.96237172  0.05255876  0.96380586 -0.26669071
 4085.1  2.00000000  0.96237172  0.05255879  0.96380587 -0.26669070
 4085.2  2.00000000  0.96237172  0.05255884  0.96380587 -0.26669069
 4085.3  2.00000000  0.96237171  0.05255891  0.96380587 -0.26669069
 4085.4  2.00000000  0.96237171  0.05255899  0.96380587 -0.26669068
 4085.5  2.00000000  0.96237171  0.05255909  0.96380587 -0.26669068
 4085.6  2.00000000  0.96237170  0.05255920  0.96380587 -0.26669067
 4085.7  2.00000000  0.96237170  0.05255932  0.96380587 -0.26669067
 4085.8  2.00000000  0.96237169  0.05255945  0.96380588 -0.26669067
 4085.9  2.00000000  0.96237168  0.05255959  0.96380588 -0.26669067
 4086.0  2.00000000  0.96237168  0.05255973  0.96380588 -0.26669067
 4086.1  2.00000000  0.96237167  0.05255986  0.96380588 -0.26669067
 4086.2  2.00000000  0.96237166  0.05256000  0.96380588 -0.26669067
 4086.3  2.00000000  0.96237165  0.05256013  0.96380588 -0.26669067
 4086.4  2.00000000  0.96237165  0.05256025  0.96380587 -0.26669068
 4086.5  2.00000000  0.96237164  0.05256037  0.96380587 -0.26669068
 4086.6  2.00000000  0.96237163  0.05256047  0.96380587 -0.26669068
 4086.7  2.00000000  0.96237162  0.05256056  0.96380587 -0.26669069
 4086.8  2.00000000  0.96237162  0.05256063  0.96380587 -0.26669069
 4086.9  2.00000000  0.96237161  0.05256069  0.96380587 -0.26669070
 4087.0  2.00000000  0.96237161  0.05256074  0.96380587 -0.26669070
 4087.1  2.00000000  0.96237161  0.05256078  0.96380586 -0.26669071
 4087.2  2.00000000  0.96237160  0.05256079  0.96380586 -0.26669071
 4087.3  2.00000000  0.96237160  0.05256079  0.96380586 -0.26669072
 4087.4  2.00000000  0.96237160  0.05256077  0.96380586 -0.26669072
 4087.5  2.00000000  0.96237160  0.05256073  0.96380586 -0.26669073
 4087.6  2.00000000  0.96237160  0.05256069  0.96380586 -0.26669073
 4087.7  2.00000000  0.96237161  0.05256063  0.96380586 -0.26669074
 4087.8  2.00000000  0.96237161  0.05256056  0.96380585 -0.26669074
 4087.9  2.00000000  0.96237161  0.05256047  0.96380585 -0.26669074
 4088.0  2.00000000  0.96237162  0.05256038  0.96380585 -0.26669075
 4088.1  2.00000000  0.96237162  0.05256029  0.96380585 -0.26669075
 4088.2  2.00000000  0.96237163  0.05256018  0.96380585 -0.26669075
 4088.3  2.00000000  0.96237163  0.05256008  0.96380585 -0.26669075
 4088.4  2.00000000  0.96237164  0.05255997  0.96380585 -0.26669075
 4088.5  2.00000000  0.96237164  0.05255987  0.96380585 -0.26669075
 4088.6  2.00000000  0.96237165  0.05255977  0.96380585 -0.26669075
 4088.7  2.00000000  0.96237166  0.05255967  0.96380585 -0.26669074
 4088.8  2.00000000  0.96237166  0.05255958  0.96380585 -0.26669074
 4088.9  2.00000000  0.96237167  0.05255949  0.96380585 -0.26669074
 4089.0  2.00000000  0.96237167  0.05255942  0.96380586 -0.26669074
 4089.1  2.00000000  0.96237168  0.05255936  0.96380586 -0.26669073
 4089.2  2.00000000  0.96237168  0.05255931  0.96380586 -0.26669073
 4089.3  2.00000000  0.96237168  0.05255926  0.96380586 -0.26669072
 4089.4  2.00000000  0.96237169  0.05255923  0.96380586 -0.26669072
 4089.5  2.00000000  0.96237169  0.05255922  0.96380586 -0.26669072
 4089.6  2.00000000  0.96237169  0.05255922  0.96380586 -0.26669071
 4089.7  2.00000000  0.96237169  0.05255923  0.96380586 -0.26669071
 4089.8  2.00000000  0.96237169  0.05255924  0.96380587 -0.26669070
 4089.9  2.00000000  0.96237169  0.05255927  0.96380587 -0.26669070
 4090.0  2.00000000  0.96237169  0.05255931  0.96380587 -0.26669070
 4090.1  2.00000000  0.96237169  0.05255937  0.96380587 -0.26669069
 4090.2  2.00000000  0.96237169  0.05255943  0.96380587 -0.26669069
 4090.3  2.00000000  0.96237168  0.05255949  0.96380587 -0.26669069
 4090.4  2.00000000  0.96237168  0.05255956  0.96380587 -0.26669069
 4090.5  2.00000000  0.96237168  0.05255964  0.96380587 -0.26669069
 4090.6  2.00000000  0.96237167  0.05255972  0.96380587 -0.26669069
 4090.7  2.00000000  0.96237167  0.05255980  0.96380587 -0.26669069
 4090.8  2.00000000  0.96237166  0.05255988  0.96380587 -0.26669069
 4090.9  2.00000000  0.96237166  0.05255996  0.96380587 -0.26669069
 4091.0  2.00000000  0.96237165  0.05256003  0.96380587 -0.26669069
 4091.1  2.00000000  0.96237165  0.05256010  0.96380587 -0.26669069
 4091.2  2.00000000  0.96237164  0.05256017  0.96380587 -0.26669069
 4091.3  2.00000000  0.96237164  0.05256023  0.96380587 -0.26669070
 4091.4  2.00000000  0.96237164  0.05256029  0.96380587 -0.26669070
 4091.5  2.00000000  0.96237163  0.05256034  0.96380587 -0.26669070
 4091.6  2.00000000  0.96237163  0.05256037  0.96380587 -0.26669070
 4091.7  2.00000000  0.96237163  0.05256040  0.96380586 -0.26669071
 4091.8  2.00000000  0.96237162  0.05256042  0.96380586 -0.26669071
 4091.9  2.00000000  0.96237162  0.05256043  0.96380586 -0.26669071
 4092.0  2.00000000  0.96237162  0.05256044  0.96380586 -0.26669072
 4092.1  2.00000000  0.96237162  0.05256043  0.96380586 -0.26669072
 4092.2  2.00000000  0.96237162  0.05256041  0.96380586 -0.26669072
 4092.3  2.00000000  0.96237162  0.05256039  0.96380586 -0.26669072
 4092.4  2.00000000  0.96237162  0.05256036  0.96380586 -0.26669073
 4092.5  2.00000000  0.96237162  0.05256032  0.96380586 -0.26669073
 4092.6  2.00000000  0.96237163  0.05256027  0.96380586 -0.26669073
 4092.7  2.00000000  0.96237163  0.05256022  0.96380586 -0.26669073
 4092.8  2.00000000  0.96237163  0.05256016  0.96380586 -0.26669073
 4092.9  2.00000000  0.96237163  0.05256011  0.96380586 -0.26669073
 4093.0  2.00000000  0.96237164  0.05256005  0.96380586 -0.26669074
 4093.1  2.00000000  0.96237164  0.05255999  0.96380586 -0.26669074
 4093.2  2.00000000  0.96237164  0.05255992  0.96380586 -0.26669073
 4093.3  2.00000000  0.96237165  0.05255986  0.96380586 -0.26669073
 4093.4  2.00000000  0.96237165  0.05255981  0.96380586 -0.26669073
 4093.5  2.00000000  0.96237166  0.05255975  0.96380586 -0.26669073
 4093.6  2.00000000  0.96237166  0.05255970  0.96380586 -0.26669073
 4093.7  2.00000000  0.96237166  0.05255965  0.96380586 -0.26669073
 4093.8  2.00000000  0.96237166  0.05255961  0.96380586 -0.26669073
 4093.9  2.00000000  0.96237167  0.05255957  0.96380586 -0.26669072
 4094.0  2.00000000  0.96237167  0.05255954  0.96380586 -0.26669072
 4094.1  2.00000000  0.96237167  0.05255952  0.96380586 -0.26669072
 4094.2  2.00000000  0.96237167  0.05255951  0.96380586 -0.26669072
 4094.3  2.00000000  0.96237167  0.05255950  0.96380586 -0.26669071
 4094.4  2.00000000  0.96237168  0.05255949  0.96380586 -0.26669071
 4094.5  2.00000000  0.96237168  0.05255950  0.96380586 -0.26669071
 4094.6  2.00000000  0.96237168  0.05255951  0.96380586 -0.26669071
 4094.7  2.00000000  0.96237168  0.05255953  0.96380587 -0.26669071
 4094.8  2.00000000  0.96237167  0.05255955  0.96380587 -0.26669070
 4094.9  2.00000000  0.96237167  0.05255958  0.96380587 -0.26669070
 4095.0  2.00000000  0.96237167  0.05255962  0.96380587 -0.26669070
 4095.1  2.00000000  0.96237167  0.05255965  0.96380587 -0.26669070
 4095.2  2.00000000  0.96237167  0.05255970  0.96380587 -0.26669070
 4095.3  2.00000000  0.96237167  0.05255974  0.96380587 -0.26669070
 4095.4  2.00000000  0.96237166  0.05255979  0.96380587 -0.26669070
 4095.5  2.00000000  0.96237166  0.05255983  0.96380587 -0.26669070
 4095.6  2.00000000  0.96237166  0.05255988  0.96380587 -0.26669070
 4095.7  2.00000000  0.96237166  0.05255993  0.96380587 -0.26669070
 4095.8  2.00000000  0.96237165  0.05255997  0.96380587 -0.26669070
 4095.9  2.00000000  0.96237165  0.05256001  0.96380587 -0.26669070
 4096.0  2.00000000  0.96237165  0.05256005  0.96380587 -0.26669070
 4096.1  2.00000000  0.96237165  0.05256009  0.96380587 -0.26669070
 4096.2  2.00000000  0.96237164  0.05256012  0.96380587 -0.26669070
 4096.3  2.00000000  0.96237164  0.05256015  0.96380586 -0.26669071
 4096.4  2.00000000  0.96237164  0.05256017  0.96380586 -0.26669071
 4096.5  2.00000000  0.96237164  0.05256019  0.96380586 -0.26669071
 4096.6  2.00000000  0.96237164  0.05256021  0.96380586 -0.26669071
 4096.7  2.00000000  0.96237164  0.05256021  0.96380586 -0.26669071
 4096.8  2.00000000  0.96237164  0.05256021  0.96380586 -0.26669071
 4096.9  2.00000000  0.96237163  0.05256021  0.96380586 -0.26669072
 4097.0  2.00000000  0.96237163  0.05256020  0.96380586 -0.26669072
 4097.1  2.00000000  0.96237163  0.05256019  0.96380586 -0.26669072
 4097.2  2.00000000  0.96237164  0.05256017  0.96380586 -0.26669072
 4097.3  2.00000000  0.96237164  0.05256015  0.96380586 -0.26669072
 4097.4  2.00000000  0.96237164  0.05256013  0.96380586 -0.26669072
 4097.5  2.00000000  0.96237164  0.05256010  0.96380586 -0.26669072
 4097.6  2.00000000  0.96237164  0.05256008  0.96380586 -0.26669073
 4097.7  2.00000000  0.96237164  0.05256005  0.96380586 -0.26669073
 4097.8  2.00000000  0.96237164  0.05256001  0.96380586 -0.26669073
 4097.9  2.00000000  0.96237164  0.05255998  0.96380586 -0.26669073
 4098.0  2.00000000  0.96237165  0.05255994  0.96380586 -0.26669073
 4098.1  2.00000000  0.96237165  0.05255991  0.96380586 -0.26669073
 4098.2  2.00000000  0.96237165  0.05255988  0.96380586 -0.26669073
 4098.3  2.00000000  0.96237165  0.05255985  0.96380586 -0.26669073
 4098.4  2.00000000  0.96237165  0.05255982  0.96380586 -0.26669073
 4098.5  2.00000000  0.96237166  0.05255979  0.96380586 -0.26669072
 4098.6  2.00000000  0.96237166  0.05255976  0.96380586 -0.26669072
 4098.7  2.00000000  0.96237166  0.05255974  0.96380586 -0.26669072
 4098.8  2.00000000  0.96237166  0.05255972  0.96380586 -0.26669072
 4098.9  2.00000000  0.96237166  0.05255970  0.96380586 -0.26669072
 4099.0  2.00000000  0.96237166  0.05255968  0.96380586 -0.26669072
 4099.1  2.00000000  0.96237166  0.05255967  0.96380586 -0.26669072
 4099.2  2.00000000  0.96237167  0.05255965  0.96380586 -0.26669072
 4099.3  2.00000000  0.96237167  0.05255965  0.96380586 -0.26669072
 4099.4  2.00000000  0.96237167  0.05255964  0.96380586 -0.26669071
 4099.5  2.00000000  0.96237167  0.05255964  0.96380586 -0.26669071
 4099.6  2.00000000  0.96237167  0.05255964  0.96380586 -0.26669071
 4099.7  2.00000000  0.96237167  0.05255965  0.96380586 -0.26669071
 4099.8  2.00000000  0.96237167  0.05255965  0.96380586 -0.26669071
 4099.9  2.00000000  0.96237167  0.05255967  0.96380586 -0.26669071
 4100.0  2.00000000  0.96237167  0.05255968  0.96380586 -0.26669071
 4100.1  2.00000000  0.96237167  0.05255969  0.96380586 -0.26669071
 4100.2  2.00000000  0.96237167  0.05255970  0.96380586 -0.26669071
 4100.3  2.00000000  0.96237166  0.05255972  0.96380586 -0.26669071
 4100.4  2.00000000  0.96237166  0.05255974  0.96380586 -0.26669071
 4100.5  2.00000000  0.96237166  0.05255976  0.96380586 -0.26669071
 4100.6  2.00000000  0.96237166  0.05255978  0.96380586 -0.26669071
 4100.7  2.00000000  0.96237166  0.05255981  0.96380586 -0.26669071
 4100.8  2.00000000  0.96237166  0.05255984  0.96380586 -0.26669070
 4100.9  2.00000000  0.96237166  0.05255986  0.96380586 -0.26669070
 4101.0  2.00000000  0.96237166  0.05255988  0.96380586 -0.26669071
 4101.1  2.00000000  0.96237165  0.05255990  0.96380586 -0.26669071
 4101.2  2.00000000  0.96237165  0.05255992  0.96380586 -0.26669071
 4101.3  2.00000000  0.96237165  0.05255994  0.96380586 -0.26669071
 4101.4  2.00000000  0.96237165  0.05255996  0.96380586 -0.26669071
 4101.5  2.00000000  0.96237165  0.05255998  0.96380586 -0.26669071
 4101.6  2.00000000  0.96237165  0.05256000  0.96380586 -0.26669071
 4101.7  2.00000000  0.96237165  0.05256001  0.96380586 -0.26669071
 4101.8  2.00000000  0.96237165  0.05256003  0.96380586 -0.26669071
 4101.9  2.00000000  0.96237165  0.05256004  0.96380586 -0.26669071
 4102.0  2.00000000  0.96237165  0.05256005  0.96380586 -0.26669071
 4102.1  2.00000000  0.96237164  0.05256006  0.96380586 -0.26669071
 4102.2  2.00000000  0.96237164  0.05256006  0.96380586 -0.26669071
 4102.3  2.00000000  0.96237164  0.05256007  0.96380586 -0.26669071
 4102.4  2.00000000  0.96237164  0.05256007  0.96380586 -0.26669071
 4102.5  2.00000000  0.96237164  0.05256007  0.96380586 -0.26669071
 4102.6  2.00000000  0.96237164  0.05256007  0.96380586 -0.26669072
 4102.7  2.00000000  0.96237164  0.05256006  0.96380586 -0.26669072
 4102.8  2.00000000  0.96237164  0.05256006  0.96380586 -0.26669072
 4102.9  2.00000000  0.96237164  0.05256005  0.96380586 -0.26669072
 4103.0  2.00000000  0.96237164  0.05256004  0.96380586 -0.26669072
 4103.1  2.00000000  0.96237164  0.05256003  0.96380586 -0.26669072
 4103.2  2.00000000  0.96237164  0.05256002  0.96380586 -0.26669072
 4103.3  2.00000000  0.96237165  0.05256001  0.96380586 -0.26669072
 4103.4  2.00000000  0.96237165  0.05256000  0.96380586 -0.26669072
 4103.5  2.00000000  0.96237165  0.05255998  0.96380586 -0.26669072
 4103.6  2.00000000  0.96237165  0.05255997  0.96380586 -0.26669072
 4103.7  2.00000000  0.96237165  0.05255995  0.96380586 -0.26669072
 4103.8  2.00000000  0.96237165  0.05255994  0.96380586 -0.26669072
 4103.9  2.00000000  0.96237165  0.05255993  0.96380586 -0.26669072
 4104.0  2.00000000  0.96237165  0.05255992  0.96380586 -0.26669072
 4104.1  2.00000000  0.96237165  0.05255991  0.96380586 -0.26669072
 4104.2  2.00000000  0.96237165  0.05255990  0.96380586 -0.26669072
 4104.3  2.00000000  0.96237165  0.05255989  0.96380586 -0.26669072
 4104.4  2.00000000  0.96237165  0.05255987  0.96380586 -0.26669072
 4104.5  2.00000000  0.96237165  0.05255986  0.96380586 -0.26669072
 4104.6  2.00000000  0.96237165  0.05255985  0.96380586 -0.26669072
 4104.7  2.00000000  0.96237165  0.05255984  0.96380586 -0.26669072
 4104.8  2.00000000  0.96237166  0.05255984  0.96380586 -0.26669072
 4104.9  2.00000000  0.96237166  0.05255983  0.96380586 -0.26669072
 4105.0  2.00000000  0.96237166  0.05255983  0.96380586 -0.26669072
 4105.1  2.00000000  0.96237166  0.05255983  0.96380586 -0.26669072
 4105.2  2.00000000  0.96237166  0.05255982  0.96380586 -0.26669072
 4105.3  2.00000000  0.96237166  0.05255982  0.96380586 -0.26669072
 4105.4  2.00000000  0.96237166  0.05255982  0.96380586 -0.26669071
 4105.5  2.00000000  0.96237166  0.05255983  0.96380586 -0.26669071
 4105.6  2.00000000  0.96237166  0.05255983  0.96380586 -0.26669071
 4105.7  2.00000000  0.96237166  0.05255983  0.96380586 -0.26669071
 4105.8  2.00000000  0.96237166  0.05255983  0.96380586 -0.26669071
 4105.9  2.00000000  0.96237166  0.05255984  0.96380586 -0.26669071
 4106.0  2.00000000  0.96237166  0.05255984  0.96380586 -0.26669071
 4106.1  2.00000000  0.96237166  0.05255984  0.96380586 -0.26669071
 4106.2  2.00000000  0.96237166  0.05255985  0.96380586 -0.26669071
 4106.3  2.00000000  0.96237166  0.05255985  0.96380586 -0.26669071
 4106.4  2.00000000  0.96237166  0.05255986  0.96380586 -0.26669071
 4106.5  2.00000000  0.96237165  0.05255987  0.96380586 -0.26669071
 4106.6  2.00000000  0.96237165  0.05255987  0.96380586 -0.26669071
 4106.7  2.00000000  0.96237165  0.05255988  0.96380586 -0.26669071
 4106.8  2.00000000  0.96237165  0.05255989  0.96380586 -0.26669071
 4106.9  2.00000000  0.96237165  0.05255989  0.96380586 -0.26669071
 4107.0  2.00000000  0.96237165  0.05255989  0.96380586 -0.26669071
 4107.1  2.00000000  0.96237165  0.05255990  0.96380586 -0.26669071
 4107.2  2.00000000  0.96237165  0.05255990  0.96380586 -0.26669071
 4107.3  2.00000000  0.96237165  0.05255990  0.96380586 -0.26669071
 4107.4  2.00000000  0.96237165  0.05255991  0.96380586 -0.26669071
 4107.5  2.00000000  0.96237165  0.05255991  0.96380586 -0.26669071
 4107.6  2.00000000  0.96237165  0.05255992  0.96380586 -0.26669071
 4107.7  2.00000000  0.96237165  0.05255992  0.96380586 -0.26669071
 4107.8  2.00000000  0.96237165  0.05255992  0.96380586 -0.26669071
 4107.9  2.00000000  0.96237165  0.05255992  0.96380586 -0.26669071
 4108.0  2.00000000  0.96237165  0.05255992  0.96380586 -0.26669071
 4108.1  2.00000000  0.96237165  0.05255992  0.96380586 -0.26669071
 4108.2  2.00000000  0.96237165  0.05255992  0.96380586 -0.26669071
 4108.3  2.00000000  0.96237165  0.05255992  0.96380586 -0.26669071
 4108.4  2.00000000  0.96237165  0.05255992  0.96380586 -0.26669071
 4108.5  2.00000000  0.96237165  0.05255992  0.96380586 -0.26669071
 4108.6  2.00000000  0.96237165  0.05255992  0.96380586 -0.26669071
 4108.7  2.00000000  0.96237165  0.05255992  0.96380586 -0.26669071
 4108.8  2.00000000  0.96237165  0.05255992  0.96380586 -0.26669071
 4108.9  2.00000000  0.96237165  0.05255992  0.96380586 -0.26669071
 4109.0  2.00000000  0.96237165  0.05255992  0.96380586 -0.26669071
 4109.1  2.00000000  0.96237165  0.05255991  0.96380586 -0.26669071
 4109.2  2.00000000  0.96237165  0.05255991  0.96380586 -0.26669071
 4109.3  2.00000000  0.96237165  0.05255991  0.96380586 -0.26669071
 4109.4  2.00000000  0.96237165  0.05255991  0.96380586 -0.26669071
 4109.5  2.00000000  0.96237165  0.05255991  0.96380586 -0.26669071
 4109.6  2.00000000  0.96237165  0.05255991  0.96380586 -0.26669071
 4109.7  2.00000000  0.96237165  0.05255991  0.96380586 -0.26669071
 4109.8  2.00000000  0.96237165  0.05255991  0.96380586 -0.26669071
 4109.9  2.00000000  0.96237165  0.05255991  0.96380586 -0.26669071
 4110.0  2.00000000  0.96237165  0.05255991  0.96380586 -0.26669071
 4110.1  2.00000000  0.96237165  0.05255991  0.96380586 -0.26669071
 4110.2  2.00000000  0.96237165  0.05255991  0.96380586 -0.26669071
 4110.3  2.00000000  0.96237165  0.05255991  0.96380586 -0.26669071
 4110.4  2.00000000  0.96237165  0.05255990  0.96380586 -0.26669071
 4110.5  2.00000000  0.96237165  0.05255990  0.96380586 -0.26669071
 4110.6  2.00000000  0.96237165  0.05255990  0.96380586 -0.26669071
 4110.7  2.00000000  0.96237165  0.05255990  0.96380586 -0.26669071
 4110.8  2.00000000  0.96237165  0.05255990  0.96380586 -0.26669071
 4110.9  2.00000000  0.96237165  0.05255990  0.96380586 -0.26669071
 4111.0  2.00000000  0.96237165  0.05255990  0.96380586 -0.26669071
 4111.1  2.00000000  0.96237165  0.05255990  0.96380586 -0.26669071
 4111.2  2.00000000  0.96237165  0.05255990  0.96380586 -0.26669071
 4111.3  2.00000000  0.96237165  0.05255990  0.96380586 -0.26669071
 4111.4  2.00000000  0.96237165  0.05255990  0.96380586 -0.26669071
 4111.5  2.00000000  0.96237165  0.05255990  0.96380586 -0.26669071
 4111.6  2.00000000  0.96237165  0.05255990  0.96380586 -0.26669071
 4111.7  2.00000000  0.96237165  0.05255990  0.96380586 -0.26669071
 4111.8  2.00000000  0.96237165  0.05255990  0.96380586 -0.26669071
 4111.9  2.00000000  0.96237165  0.05255990  0.96380586 -0.26669071
 4112.0  2.00000000  0.96237165  0.05255990  0.96380586 -0.26669071
 4112.1  2.00000000  0.96237165  0.05255990  0.96380586 -0.26669071
 4112.2  2.00000000  0.96237165  0.05255990  0.96380586 -0.26669071
 4112.3  2.00000000  0.96237165  0.05255990  0.96380586 -0.26669071
 4112.4  2.00000000  0.96237165  0.05255990  0.96380586 -0.26669071
 4112.5  2.00000000  0.96237165  0.05255990  0.96380586 -0.26669071
 4112.6  2.00000000  0.96237165  0.05255990  0.96380586 -0.26669071
 4112.7  2.00000000  0.96237165  0.05255990  0.96380586 -0.26669071
 4112.8  2.00000000  0.96237165  0.05255990  0.96380586 -0.26669071
 4112.9  2.00000000  0.96237165  0.05255990  0.96380586 -0.26669071
 4113.0  2.00000000  0.96237165  0.05255990  0.96380586 -0.26669071
 4113.1  2.00000000  0.96237165  0.05255990  0.96380586 -0.26669071
 4113.2  2.00000000  0.96237165  0.05255990  0.96380586 -0.26669071
 4113.3  2.00000000  0.96237165  0.05255990  0.96380586 -0.26669071
 4113.4  2.00000000  0.96237165  0.05255990  0.96380586 -0.26669071
 4113.5  2.00000000  0.96237165  0.05255990  0.96380586 -0.26669071
 4113.6  2.00000000  0.96237165  0.05255990  0.96380586 -0.26669071
 4113.7  2.00000000  0.96237165  0.05255990  0.96380586 -0.26669071
 4113.8  2.00000000  0.96237165  0.05255990  0.96380586 -0.26669071
 4113.9  2.00000000  0.96237165  0.05255990  0.96380586 -0.26669071
 4114.0  2.00000000  0.96237165  0.05255990  0.96380586 -0.26669071
 4114.1  2.00000000  0.96237165  0.05255990  0.96380586 -0.26669071
 4114.2  2.00000000  0.96237165  0.05255990  0.96380586 -0.26669071
 4114.3  2.00000000  0.96237165  0.05255990  0.96380586 -0.26669071
 4114.4  2.00000000  0.96237165  0.05255990  0.96380586 -0.26669071
 4114.5  2.00000000  0.96237165  0.05255990  0.96380586 -0.26669071
 4114.6  2.00000000  0.96237165  0.05255990  0.96380586 -0.26669071
 4114.7  2.00000000  0.96237165  0.05255990  0.96380586 -0.26669071
 4114.8  2.00000000  0.96237165  0.05255990  0.96380586 -0.26669071
 4114.9  2.00000000  0.96237165  0.05255990  0.96380586 -0.26669071
 4115.0  2.00000000  0.96237165  0.05255990  0.96380586 -0.26669071
 4115.1  2.00000000  0.96237165  0.05255990  0.96380586 -0.26669071
 4115.2  2.00000000  0.96237165  0.05255990  0.96380586 -0.26669071
 4115.3  2.00000000  0.96237165  0.05255990  0.96380586 -0.26669071
 4115.4  2.00000000  0.96237165  0.05255990  0.96380586 -0.26669071
 4115.5  2.00000000  0.96237165  0.05255990  0.96380586 -0.26669071
 4115.6  2.00000000  0.96237165  0.05255990  0.96380586 -0.26669071
 4115.7  2.00000000  0.96237165  0.05255990  0.96380586 -0.26669071
 4115.8  2.00000000  0.96237165  0.05255990  0.96380586 -0.26669071
 4115.9  2.00000000  0.96237165  0.05255990  0.96380586 -0.26669071
 4116.0  2.00000000  0.96237165  0.05255990  0.96380586 -0.26669071
 4116.1  2.00000000  0.96237165  0.05255990  0.96380586 -0.26669071
 4116.2  2.00000000  0.96237165  0.05255990  0.96380586 -0.26669071
 4116.3  2.00000000  0.96237165  0.05255990  0.96380586 -0.26669071
 4116.4  2.00000000  0.96237165  0.05255990  0.96380586 -0.26669071
 4116.5  2.00000000  0.96237165  0.05255990  0.96380586 -0.26669071
 4116.6  2.00000000  0.96237165  0.05255990  0.96380586 -0.26669071
 4116.7  2.00000000  0.96237165  0.05255990  0.96380586 -0.26669071
 4116.8  2.00000000  0.96237165  0.05255990  0.96380586 -0.26669071
 4116.9  2.00000000  0.96237165  0.05255990  0.96380586 -0.26669071
 4117.0  2.00000000  0.96237165  0.05255990  0.96380586 -0.26669071
 4117.1  2.00000000  0.96237165  0.05255990  0.96380586 -0.26669071
 4117.2  2.00000000  0.96237165  0.05255990  0.96380586 -0.26669071
 4117.3  2.00000000  0.96237165  0.05255990  0.96380586 -0.26669071
 4117.4  2.00000000  0.96237165  0.05255990  0.96380586 -0.26669071
 4117.5  2.00000000  0.96237165  0.05255990  0.96380586 -0.26669071
 4117.6  2.00000000  0.96237165  0.05255990  0.96380586 -0.26669071
 4117.7  2.00000000  0.96237165  0.05255990  0.96380586 -0.26669071
 4117.8  2.00000000  0.96237165  0.05255990  0.96380586 -0.26669071
 4117.9  2.00000000  0.96237165  0.05255990  0.96380586 -0.26669071
 4118.0  2.00000000  0.96237165  0.05255990  0.96380586 -0.26669071
 4118.1  2.00000000  0.96237165  0.05255990  0.96380586 -0.26669071
 4118.2  2.00000000  0.96237165  0.05255990  0.96380586 -0.26669071
 4118.3  2.00000000  0.96237165  0.05255990  0.96380586 -0.26669071
 4118.4  2.00000000  0.96237165  0.05255990  0.96380586 -0.26669071
 4118.5  2.00000000  0.96237165  0.05255990  0.96380586 -0.26669071
 4118.6  2.00000000  0.96237165  0.05255990  0.96380586 -0.26669071
 4118.7  2.00000000  0.96237165  0.05255990  0.96380586 -0.26669071
 4118.8  2.00000000  0.96237165  0.05255990  0.96380586 -0.26669071
 4118.9  2.00000000  0.96237165  0.05255990  0.96380586 -0.26669071
 4119.0  2.00000000  0.96237165  0.05255990  0.96380586 -0.26669071
 4119.1  2.00000000  0.96237165  0.05255990  0.96380586 -0.26669071
 4119.2  2.00000000  0.96237165  0.05255990  0.96380586 -0.26669071
 4119.3  2.00000000  0.96237165  0.05255990  0.96380586 -0.26669071
 4119.4  2.00000000  0.96237165  0.05255990  0.96380586 -0.26669071
 4119.5  2.00000000  0.96237165  0.05255990  0.96380586 -0.26669071
 4119.6  2.00000000  0.96237165  0.05255990  0.96380586 -0.26669071
 4119.7  2.00000000  0.96237165  0.05255990  0.96380586 -0.26669071
 4119.8  2.00000000  0.96237165  0.05255990  0.96380586 -0.26669071
 4119.9  2.00000000  0.96237165  0.05255990  0.96380586 -0.26669071
 4120.0  2.00000000  0.96237165  0.05255990  0.96380586 -0.26669071
 4120.1  2.00000000  0.96237165  0.05255990  0.96380586 -0.26669071
 4120.2  2.00000000  0.96237165  0.05255990  0.96380586 -0.26669071
 4120.3  2.00000000  0.96237165  0.05255990  0.96380586 -0.26669071
 4120.4  2.00000000  0.96237165  0.05255990  0.96380586 -0.26669071
 4120.5  2.00000000  0.96237165  0.05255990  0.96380586 -0.26669071
 4120.6  2.00000000  0.96237165  0.05255990  0.96380586 -0.26669071
 4120.7  2.00000000  0.96237165  0.05255990  0.96380586 -0.26669071
 4120.8  2.00000000  0.96237165  0.05255990  0.96380586 -0.26669071
 4120.9  2.00000000  0.96237165  0.05255990  0.96380586 -0.26669071
 4121.0  2.00000000  0.96237165  0.05255990  0.96380586 -0.26669071
 4121.1  2.00000000  0.96237165  0.05255990  0.96380586 -0.26669071
 4121.2  2.00000000  0.96237165  0.05255990  0.96380586 -0.26669071
 4121.3  2.00000000  0.96237165  0.05255990  0.96380586 -0.26669071
 4121.4  2.00000000  0.96237165  0.05255990  0.96380586 -0.26669071
 4121.5  2.00000000  0.96237165  0.05255990  0.96380586 -0.26669071
 4121.6  2.00000000  0.96237165  0.05255990  0.96380586 -0.26669071
 4121.7  2.00000000  0.96237165  0.05255990  0.96380586 -0.26669071
 4121.8  2.00000000  0.96237165  0.05255990  0.96380586 -0.26669071
 4121.9  2.00000000  0.96237165  0.05255990  0.96380586 -0.26669071
 4122.0  2.00000000  0.96237165  0.05255990  0.96380586 -0.26669071
 4122.1  2.00000000  0.96237165  0.05255990  0.96380586 -0.26669071
 4122.2  2.00000000  0.96237165  0.05255990  0.96380586 -0.26669071
 4122.3  2.00000000  0.96237165  0.05255990  0.96380586 -0.26669071
 4122.4  2.00000000  0.96237165  0.05255990  0.96380586 -0.26669071
 4122.5  2.00000000  0.96237165  0.05255990  0.96380586 -0.26669071
 4122.6  2.00000000  0.96237165  0.05255990  0.96380586 -0.26669071
 4122.7  2.00000000  0.96237165  0.05255990  0.96380586 -0.26669071
 4122.8  2.00000000  0.96237165  0.05255990  0.96380586 -0.26669071
 4122.9  2.00000000  0.96237165  0.05255990  0.96380586 -0.26669071
 4123.0  2.00000000  0.96237165  0.05255990  0.96380586 -0.26669071
 4123.1  2.00000000  0.96237165  0.05255990  0.96380586 -0.26669071
 4123.2  2.00000000  0.96237165  0.05255990  0.96380586 -0.26669071
 4123.3  2.00000000  0.96237165  0.05255990  0.96380586 -0.26669071
 4123.4  2.00000000  0.96237165  0.05255990  0.96380586 -0.26669071
 4123.5  2.00000000  0.96237165  0.05255990  0.96380586 -0.26669071
 4123.6  2.00000000  0.96237165  0.05255990  0.96380586 -0.26669071
 4123.7  2.00000000  0.96237165  0.05255990  0.96380586 -0.26669071
 4123.8  2.00000000  0.96237165  0.05255990  0.96380586 -0.26669071
 4123.9  2.00000000  0.96237165  0.05255990  0.96380586 -0.26669071
 4124.0  2.00000000  0.96237165  0.05255990  0.96380586 -0.26669071
 4124.1  2.00000000  0.96237165  0.05255990  0.96380586 -0.26669071
 4124.2  2.00000000  0.96237165  0.05255990  0.96380586 -0.26669071
 4124.3  2.00000000  0.96237165  0.05255990  0.96380586 -0.26669071
 4124.4  2.00000000  0.96237165  0.05255990  0.96380586 -0.26669071
 4124.5  2.00000000  0.96237165  0.05255990  0.96380586 -0.26669071
 4124.6  2.00000000  0.96237165  0.05255990  0.96380586 -0.26669071
 4124.7  2.00000000  0.96237165  0.05255990  0.96380586 -0.26669071
 4124.8  2.00000000  0.96237165  0.05255990  0.96380586 -0.26669071
 4124.9  2.00000000  0.96237165  0.05255990  0.96380586 -0.26669071
 4125.0  2.00000000  0.96237165  0.05255990  0.96380586 -0.26669071
 4125.1  2.00000000  0.96237165  0.05255990  0.96380586 -0.26669071
 4125.2  2.00000000  0.96237165  0.05255990  0.96380586 -0.26669071
 4125.3  2.00000000  0.96237165  0.05255990  0.96380586 -0.26669071
 4125.4  2.00000000  0.96237165  0.05255990  0.96380586 -0.26669071
 4125.5  2.00000000  0.96237165  0.05255990  0.96380586 -0.26669071
 4125.6  2.00000000  0.96237165  0.05255990  0.96380586 -0.26669071
 4125.7  2.00000000  0.96237165  0.05255990  0.96380586 -0.26669071
 4125.8  2.00000000  0.96237165  0.05255990  0.96380586 -0.26669071
 4125.9  2.00000000  0.96237165  0.05255990  0.96380586 -0.26669071
 4126.0  2.00000000  0.96237165  0.05255990  0.96380586 -0.26669071
 4126.1  2.00000000  0.96237165  0.05255990  0.96380586 -0.26669071
 4126.2  2.00000000  0.96237165  0.05255990  0.96380586 -0.26669071
 4126.3  2.00000000  0.96237165  0.05255990  0.96380586 -0.26669071
 4126.4  2.00000000  0.96237165  0.05255990  0.96380586 -0.26669071
 4126.5  2.00000000  0.96237165  0.05255990  0.96380586 -0.26669071
 4126.6  2.00000000  0.96237165  0.05255990  0.96380586 -0.26669071
 4126.7  2.00000000  0.96237165  0.05255990  0.96380586 -0.26669071
 4126.8  2.00000000  0.96237165  0.05255990  0.96380586 -0.26669071
 4126.9  2.00000000  0.96237165  0.05255990  0.96380586 -0.26669071
 4127.0  2.00000000  0.96237165  0.05255990  0.96380586 -0.26669071
 4127.1  2.00000000  0.96237165  0.05255990  0.96380586 -0.26669071
 4127.2  2.00000000  0.96237165  0.05255990  0.96380586 -0.26669071
 4127.3  2.00000000  0.96237165  0.05255990  0.96380586 -0.26669071
 4127.4  2.00000000  0.96237165  0.05255990  0.96380586 -0.26669071
 4127.5  2.00000000  0.96237165  0.05255990  0.96380586 -0.26669071
 4127.6  2.00000000  0.96237165  0.05255990  0.96380586 -0.26669071
 4127.7  2.00000000  0.96237165  0.05255990  0.96380586 -0.26669071
 4127.8  2.00000000  0.96237165  0.05255990  0.96380586 -0.26669071
 4127.9  2.00000000  0.96237165  0.05255990  0.96380586 -0.26669071
 4128.0  2.00000000  0.96237165  0.05255990  0.96380586 -0.26669071
 4128.1  2.00000000  0.96237165  0.05255990  0.96380586 -0.26669071
 4128.2  2.00000000  0.96237165  0.05255990  0.96380586 -0.26669071
 4128.3  2.00000000  0.96237165  0.05255990  0.96380586 -0.26669071
 4128.4  2.00000000  0.96237165  0.05255990  0.96380586 -0.26669071
 4128.5  2.00000000  0.96237165  0.05255990  0.96380586 -0.26669071
 4128.6  2.00000000  0.96237165  0.05255990  0.96380586 -0.26669071
 4128.7  2.00000000  0.96237165  0.05255990  0.96380586 -0.26669071
 4128.8  2.00000000  0.96237165  0.05255990  0.96380586 -0.26669071
 4128.9  2.00000000  0.96237165  0.05255990  0.96380586 -0.26669071
 4129.0  2.00000000  0.96237165  0.05255990  0.96380586 -0.26669071
 4129.1  2.00000000  0.96237165  0.05255990  0.96380586 -0.26669071
 4129.2  2.00000000  0.96237165  0.05255990  0.96380586 -0.26669071
 4129.3  2.00000000  0.96237165  0.05255990  0.96380586 -0.26669071
 4129.4  2.00000000  0.96237165  0.05255990  0.96380586 -0.26669071
 4129.5  2.00000000  0.96237165  0.05255990  0.96380586 -0.26669071
 4129.6  2.00000000  0.96237165  0.05255990  0.96380586 -0.26669071
 4129.7  2.00000000  0.96237165  0.05255990  0.96380586 -0.26669071
 4129.8  2.00000000  0.96237165  0.05255990  0.96380586 -0.26669071
 4129.9  2.00000000  0.96237165  0.05255990  0.96380586 -0.26669071
 4130.0  2.00000000  0.96237165  0.05255990  0.96380586 -0.26669071
 4130.1  2.00000000  0.96237165  0.05255990  0.96380586 -0.26669071
 4130.2  2.00000000  0.96237165  0.05255990  0.96380586 -0.26669071
 4130.3  2.00000000  0.96237165  0.05255990  0.96380586 -0.26669071
 4130.4  2.00000000  0.96237165  0.05255990  0.96380586 -0.26669071
 4130.5  2.00000000  0.96237165  0.05255990  0.96380586 -0.26669071
 4130.6  2.00000000  0.96237165  0.05255990  0.96380586 -0.26669071
 4130.7  2.00000000  0.96237165  0.05255990  0.96380586 -0.26669071
 4130.8  2.00000000  0.96237165  0.05255990  0.96380586 -0.26669071
 4130.9  2.00000000  0.96237165  0.05255990  0.96380586 -0.26669071
 4131.0  2.00000000  0.96237165  0.05255990  0.96380586 -0.26669071
 4131.1  2.00000000  0.96237165  0.05255990  0.96380586 -0.26669071
 4131.2  2.00000000  0.96237165  0.05255990  0.96380586 -0.26669071
 4131.3  2.00000000  0.96237165  0.05255990  0.96380586 -0.26669071
 4131.4  2.00000000  0.96237165  0.05255990  0.96380586 -0.26669071
 4131.5  2.00000000  0.96237165  0.05255990  0.96380586 -0.26669071
 4131.6  2.00000000  0.96237165  0.05255990  0.96380586 -0.26669071
 4131.7  2.00000000  0.96237165  0.05255990  0.96380586 -0.26669071
 4131.8  2.00000000  0.96237165  0.05255990  0.96380586 -0.26669071
 4131.9  2.00000000  0.96237165  0.05255990  0.96380586 -0.26669071
 4132.0  2.00000000  0.96237165  0.05255990  0.96380586 -0.26669071
 4132.1  2.00000000  0.96237165  0.05255990  0.96380586 -0.26669071
 4132.2  2.00000000  0.96237165  0.05255990  0.96380586 -0.26669071
 4132.3  2.00000000  0.96237165  0.05255990  0.96380586 -0.26669071
