 # AA:        367250.02967137686     
 # FLEGG:     232028.32655413673     
 # AF0:     -5.33308614247767210E-002
 # CPAR:      555.55779854881382     
 # Diff:     0.12463198212018202     
 # TF:       2.19089023002066404E-007
 # H:         284.00000000000000     
 # GRAD:     0.10000000000000001     
 # HR:       3.00000000000000006E-003
 # LP:       0.17999999997609886     
 # TIME  LP  TMAB  TMDS  TMPC  TMZ
34916.1  0.94444444  0.96817714 -0.00055280  0.96817730 -0.25046251
34916.2  0.94444444  0.96817794 -0.00209535  0.96818021 -0.25044757
34916.3  0.94444444  0.96817931 -0.00299315  0.96818393 -0.25042628
34916.4  0.94444444  0.96818300 -0.00309421  0.96818794 -0.25040271
34916.5  0.94444444  0.96818830 -0.00240344  0.96819129 -0.25038150
34916.6  0.94444444  0.96819313 -0.00107007  0.96819372 -0.25036633
34916.7  0.94444444  0.96819442  0.00064292  0.96819463 -0.25036007
34916.8  0.94444444  0.96819067  0.00239108  0.96819362 -0.25036392
34916.9  0.94444444  0.96818388  0.00383149  0.96819146 -0.25037643
34917.0  0.94444444  0.96817742  0.00471026  0.96818888 -0.25039473
34917.1  0.94444444  0.96817352  0.00489662  0.96818590 -0.25041562
34917.2  0.94444444  0.96817284  0.00438383  0.96818276 -0.25043552
34917.3  0.94444444  0.96817389  0.00325571  0.96817936 -0.25045128
34917.4  0.94444444  0.96817572  0.00169935  0.96817721 -0.25045919
34917.5  0.94444444  0.96817782  0.00003888  0.96817782 -0.25045691
34917.6  0.94444444  0.96817957 -0.00137357  0.96818054 -0.25044548
34917.7  0.94444444  0.96818150 -0.00226155  0.96818414 -0.25042791
34917.8  0.94444444  0.96818401 -0.00248753  0.96818720 -0.25040833
34917.9  0.94444444  0.96818755 -0.00204936  0.96818972 -0.25039004
34918.0  0.94444444  0.96819131 -0.00103908  0.96819187 -0.25037587
34918.1  0.94444444  0.96819295  0.00035064  0.96819301 -0.25036860
34918.2  0.94444444  0.96819105  0.00184633  0.96819281 -0.25036961
34918.3  0.94444444  0.96818622  0.00315971  0.96819138 -0.25037848
34918.4  0.94444444  0.96818033  0.00404004  0.96818876 -0.25039348
34918.5  0.94444444  0.96817629  0.00433008  0.96818597 -0.25041126
34918.6  0.94444444  0.96817533  0.00400942  0.96818363 -0.25042836
34918.7  0.94444444  0.96817636  0.00315867  0.96818151 -0.25044212
34918.8  0.94444444  0.96817808  0.00193519  0.96818001 -0.25045002
34918.9  0.94444444  0.96817916  0.00055838  0.96817932 -0.25045074
34919.0  0.94444444  0.96817988 -0.00071492  0.96818014 -0.25044379
34919.1  0.94444444  0.96818136 -0.00162428  0.96818272 -0.25043022
34919.2  0.94444444  0.96818391 -0.00198750  0.96818595 -0.25041324
34919.3  0.94444444  0.96818728 -0.00175029  0.96818886 -0.25039650
34919.4  0.94444444  0.96819054 -0.00097818  0.96819104 -0.25038311
34919.5  0.94444444  0.96819210  0.00016479  0.96819211 -0.25037549
34919.6  0.94444444  0.96819104  0.00145132  0.96819213 -0.25037480
34919.7  0.94444444  0.96818746  0.00263507  0.96819105 -0.25038108
34919.8  0.94444444  0.96818267  0.00348734  0.96818895 -0.25039306
34919.9  0.94444444  0.96817893  0.00385435  0.96818660 -0.25040798
34920.0  0.94444444  0.96817735  0.00369032  0.96818438 -0.25042305
34920.1  0.94444444  0.96817767  0.00304568  0.96818246 -0.25043564
34920.2  0.94444444  0.96817883  0.00204777  0.96818099 -0.25044362
34920.3  0.94444444  0.96817977  0.00087526  0.96818017 -0.25044560
34920.4  0.94444444  0.96818062 -0.00025342  0.96818066 -0.25044089
34920.5  0.94444444  0.96818200 -0.00111095  0.96818264 -0.25043026
34920.6  0.94444444  0.96818415 -0.00152650  0.96818535 -0.25041611
34920.7  0.94444444  0.96818695 -0.00142912  0.96818801 -0.25040146
34920.8  0.94444444  0.96818970 -0.00085352  0.96819007 -0.25038918
34920.9  0.94444444  0.96819127  0.00007451  0.96819127 -0.25038147
34921.0  0.94444444  0.96819087  0.00117173  0.96819158 -0.25037954
34921.1  0.94444444  0.96818824  0.00222667  0.96819080 -0.25038379
34921.2  0.94444444  0.96818427  0.00303331  0.96818902 -0.25039333
34921.3  0.94444444  0.96818057  0.00343854  0.96818668 -0.25040611
34921.4  0.94444444  0.96817853  0.00337465  0.96818441 -0.25041943
34921.5  0.94444444  0.96817857  0.00287596  0.96818284 -0.25043062
34921.6  0.94444444  0.96817980  0.00206091  0.96818199 -0.25043784
34921.7  0.94444444  0.96818101  0.00108692  0.96818162 -0.25044017
34921.8  0.94444444  0.96818183  0.00012527  0.96818183 -0.25043724
34921.9  0.94444444  0.96818262 -0.00065071  0.96818284 -0.25042949
34922.0  0.94444444  0.96818410 -0.00109185  0.96818472 -0.25041820
34922.1  0.94444444  0.96818647 -0.00110821  0.96818710 -0.25040558
34922.2  0.94444444  0.96818890 -0.00070044  0.96818916 -0.25039438
34922.3  0.94444444  0.96819041  0.00003988  0.96819041 -0.25038683
34922.4  0.94444444  0.96819024  0.00095964  0.96819071 -0.25038420
34922.5  0.94444444  0.96818827  0.00187580  0.96819009 -0.25038686
34922.6  0.94444444  0.96818530  0.00261336  0.96818882 -0.25039405
34922.7  0.94444444  0.96818240  0.00303850  0.96818716 -0.25040430
34922.8  0.94444444  0.96818047  0.00307947  0.96818537 -0.25041562
34922.9  0.94444444  0.96817992  0.00274045  0.96818380 -0.25042583
34923.0  0.94444444  0.96818040  0.00209626  0.96818267 -0.25043311
34923.1  0.94444444  0.96818131  0.00127328  0.96818214 -0.25043618
34923.2  0.94444444  0.96818224  0.00042803  0.96818234 -0.25043452
34923.3  0.94444444  0.96818314 -0.00028200  0.96818319 -0.25042857
34923.4  0.94444444  0.96818435 -0.00072578  0.96818462 -0.25041944
34923.5  0.94444444  0.96818603 -0.00082122  0.96818638 -0.25040889
34923.6  0.94444444  0.96818790 -0.00055526  0.96818806 -0.25039899
34923.7  0.94444444  0.96818938  0.00001557  0.96818938 -0.25039160
34923.8  0.94444444  0.96818976  0.00077795  0.96819007 -0.25038812
34923.9  0.94444444  0.96818870  0.00158318  0.96818999 -0.25038913
34924.0  0.94444444  0.96818648  0.00227708  0.96818916 -0.25039441
34924.1  0.94444444  0.96818381  0.00272640  0.96818765 -0.25040294
34924.2  0.94444444  0.96818160  0.00284455  0.96818578 -0.25041300
34924.3  0.94444444  0.96818056  0.00261450  0.96818409 -0.25042245
34924.4  0.94444444  0.96818074  0.00209290  0.96818300 -0.25042942
34924.5  0.94444444  0.96818163  0.00139302  0.96818263 -0.25043271
34924.6  0.94444444  0.96818261  0.00065382  0.96818283 -0.25043196
34924.7  0.94444444  0.96818346  0.00000895  0.96818346 -0.25042751
34924.8  0.94444444  0.96818445 -0.00042746  0.96818454 -0.25042012
34924.9  0.94444444  0.96818584 -0.00057505  0.96818602 -0.25041113
34925.0  0.94444444  0.96818753 -0.00040646  0.96818761 -0.25040225
34925.1  0.94444444  0.96818893  0.00004380  0.96818893 -0.25039525
34925.2  0.94444444  0.96818934  0.00068331  0.96818958 -0.25039156
34925.3  0.94444444  0.96818849  0.00138247  0.96818948 -0.25039181
34925.4  0.94444444  0.96818663  0.00200410  0.96818871 -0.25039582
34925.5  0.94444444  0.96818443  0.00243052  0.96818748 -0.25040268
34925.6  0.94444444  0.96818265  0.00258637  0.96818610 -0.25041099
34925.7  0.94444444  0.96818168  0.00245080  0.96818478 -0.25041916
34925.8  0.94444444  0.96818153  0.00205650  0.96818371 -0.25042569
34925.9  0.94444444  0.96818198  0.00148327  0.96818311 -0.25042938
34926.0  0.94444444  0.96818273  0.00084351  0.96818310 -0.25042956
34926.1  0.94444444  0.96818366  0.00026055  0.96818369 -0.25042626
34926.2  0.94444444  0.96818474 -0.00015509  0.96818475 -0.25042020
34926.3  0.94444444  0.96818593 -0.00032914  0.96818598 -0.25041266
34926.4  0.94444444  0.96818714 -0.00023597  0.96818717 -0.25040509
34926.5  0.94444444  0.96818811  0.00010003  0.96818812 -0.25039888
34926.6  0.94444444  0.96818851  0.00061018  0.96818871 -0.25039513
34926.7  0.94444444  0.96818812  0.00119580  0.96818886 -0.25039448
34926.8  0.94444444  0.96818696  0.00174668  0.96818853 -0.25039701
34926.9  0.94444444  0.96818533  0.00215999  0.96818774 -0.25040223
34927.0  0.94444444  0.96818372  0.00235904  0.96818659 -0.25040915
34927.1  0.94444444  0.96818256  0.00230743  0.96818531 -0.25041643
34927.2  0.94444444  0.96818211  0.00201779  0.96818421 -0.25042259
34927.3  0.94444444  0.96818234  0.00155169  0.96818359 -0.25042642
34927.4  0.94444444  0.96818299  0.00100452  0.96818351 -0.25042726
34927.5  0.94444444  0.96818379  0.00048317  0.96818391 -0.25042508
34927.6  0.94444444  0.96818463  0.00008420  0.96818464 -0.25042042
34927.7  0.94444444  0.96818559 -0.00012202  0.96818559 -0.25041419
34927.8  0.94444444  0.96818667 -0.00010027  0.96818668 -0.25040751
34927.9  0.94444444  0.96818768  0.00014291  0.96818769 -0.25040165
34928.0  0.94444444  0.96818825  0.00055854  0.96818841 -0.25039774
34928.1  0.94444444  0.96818808  0.00106416  0.96818866 -0.25039653
34928.2  0.94444444  0.96818711  0.00156016  0.96818837 -0.25039823
34928.3  0.94444444  0.96818568  0.00195059  0.96818764 -0.25040241
34928.4  0.94444444  0.96818425  0.00216336  0.96818667 -0.25040819
34928.5  0.94444444  0.96818322  0.00216290  0.96818563 -0.25041444
34928.6  0.94444444  0.96818274  0.00195481  0.96818472 -0.25041998
34928.7  0.94444444  0.96818275  0.00158246  0.96818404 -0.25042380
34928.8  0.94444444  0.96818310  0.00111830  0.96818375 -0.25042521
34928.9  0.94444444  0.96818373  0.00065231  0.96818395 -0.25042393
34929.0  0.94444444  0.96818457  0.00027509  0.96818461 -0.25042023
34929.1  0.94444444  0.96818558  0.00005853  0.96818558 -0.25041491
34929.2  0.94444444  0.96818660  0.00004079  0.96818660 -0.25040907
34929.3  0.94444444  0.96818743  0.00021926  0.96818745 -0.25040385
34929.4  0.94444444  0.96818784  0.00055366  0.96818800 -0.25040021
34929.5  0.94444444  0.96818770  0.00097628  0.96818819 -0.25039878
34929.6  0.94444444  0.96818699  0.00140530  0.96818801 -0.25039974
34929.7  0.94444444  0.96818592  0.00176046  0.96818752 -0.25040285
34929.8  0.94444444  0.96818476  0.00197717  0.96818678 -0.25040752
34929.9  0.94444444  0.96818379  0.00201726  0.96818589 -0.25041285
34930.0  0.94444444  0.96818323  0.00187599  0.96818505 -0.25041781
34930.1  0.94444444  0.96818313  0.00158327  0.96818442 -0.25042145
34930.2  0.94444444  0.96818342  0.00119811  0.96818416 -0.25042308
34930.3  0.94444444  0.96818398  0.00079671  0.96818430 -0.25042243
34930.4  0.94444444  0.96818467  0.00045592  0.96818478 -0.25041972
34930.5  0.94444444  0.96818544  0.00023842  0.96818547 -0.25041550
34930.6  0.94444444  0.96818623  0.00018207  0.96818625 -0.25041062
34930.7  0.94444444  0.96818696  0.00029390  0.96818700 -0.25040597
34930.8  0.94444444  0.96818744  0.00055003  0.96818759 -0.25040244
34930.9  0.94444444  0.96818748  0.00089937  0.96818790 -0.25040067
34931.0  0.94444444  0.96818701  0.00127342  0.96818785 -0.25040099
34931.1  0.94444444  0.96818613  0.00159994  0.96818746 -0.25040330
34931.2  0.94444444  0.96818512  0.00181746  0.96818682 -0.25040709
34931.3  0.94444444  0.96818426  0.00188746  0.96818610 -0.25041160
34931.4  0.94444444  0.96818374  0.00180102  0.96818541 -0.25041595
34931.5  0.94444444  0.96818357  0.00157826  0.96818486 -0.25041937
34931.6  0.94444444  0.96818370  0.00126324  0.96818452 -0.25042124
34931.7  0.94444444  0.96818403  0.00091590  0.96818446 -0.25042123
34931.8  0.94444444  0.96818454  0.00060219  0.96818473 -0.25041934
34931.9  0.94444444  0.96818523  0.00038232  0.96818531 -0.25041593
34932.0  0.94444444  0.96818601  0.00029813  0.96818606 -0.25041170
34932.1  0.94444444  0.96818672  0.00036347  0.96818679 -0.25040751
34932.2  0.94444444  0.96818720  0.00056223  0.96818736 -0.25040417
34932.3  0.94444444  0.96818728  0.00085264  0.96818765 -0.25040231
34932.4  0.94444444  0.96818694  0.00117668  0.96818766 -0.25040221
34932.5  0.94444444  0.96818627  0.00147231  0.96818739 -0.25040385
34932.6  0.94444444  0.96818542  0.00168424  0.96818688 -0.25040689
34932.7  0.94444444  0.96818463  0.00177424  0.96818625 -0.25041072
34932.8  0.94444444  0.96818405  0.00172779  0.96818559 -0.25041461
34932.9  0.94444444  0.96818378  0.00155606  0.96818503 -0.25041781
34933.0  0.94444444  0.96818384  0.00129445  0.96818471 -0.25041972
34933.1  0.94444444  0.96818416  0.00099514  0.96818467 -0.25041999
34933.2  0.94444444  0.96818465  0.00071599  0.96818491 -0.25041863
34933.3  0.94444444  0.96818524  0.00050975  0.96818538 -0.25041592
34933.4  0.94444444  0.96818587  0.00041370  0.96818596 -0.25041242
34933.5  0.94444444  0.96818646  0.00044339  0.96818656 -0.25040880
34933.6  0.94444444  0.96818690  0.00059104  0.96818708 -0.25040575
34933.7  0.94444444  0.96818705  0.00082618  0.96818740 -0.25040383
34933.8  0.94444444  0.96818685  0.00110220  0.96818747 -0.25040341
34933.9  0.94444444  0.96818630  0.00136529  0.96818726 -0.25040453
34934.0  0.94444444  0.96818557  0.00156480  0.96818683 -0.25040694
34934.1  0.94444444  0.96818486  0.00166421  0.96818629 -0.25041014
34934.2  0.94444444  0.96818435  0.00164763  0.96818575 -0.25041348
34934.3  0.94444444  0.96818412  0.00152180  0.96818531 -0.25041633
34934.4  0.94444444  0.96818414  0.00131359  0.96818503 -0.25041820
34934.5  0.94444444  0.96818435  0.00106355  0.96818493 -0.25041876
34934.6  0.94444444  0.96818470  0.00081866  0.96818504 -0.25041794
34934.7  0.94444444  0.96818516  0.00062490  0.96818536 -0.25041589
34934.8  0.94444444  0.96818569  0.00051828  0.96818583 -0.25041301
34934.9  0.94444444  0.96818623  0.00051812  0.96818637 -0.25040987
34935.0  0.94444444  0.96818664  0.00062272  0.96818684 -0.25040710
34935.1  0.94444444  0.96818681  0.00080955  0.96818715 -0.25040521
34935.2  0.94444444  0.96818669  0.00104105  0.96818725 -0.25040454
34935.3  0.94444444  0.96818631  0.00127214  0.96818714 -0.25040519
34935.4  0.94444444  0.96818576  0.00145918  0.96818686 -0.25040699
34935.5  0.94444444  0.96818517  0.00156801  0.96818644 -0.25040959
34935.6  0.94444444  0.96818468  0.00157950  0.96818596 -0.25041250
34935.7  0.94444444  0.96818436  0.00149304  0.96818551 -0.25041514
34935.8  0.94444444  0.96818428  0.00132683  0.96818519 -0.25041702
34935.9  0.94444444  0.96818441  0.00111410  0.96818505 -0.25041779
34936.0  0.94444444  0.96818471  0.00089672  0.96818513 -0.25041732
34936.1  0.94444444  0.96818513  0.00071637  0.96818539 -0.25041573
34936.2  0.94444444  0.96818559  0.00060625  0.96818578 -0.25041337
34936.3  0.94444444  0.96818605  0.00058562  0.96818623 -0.25041068
34936.4  0.94444444  0.96818642  0.00065655  0.96818664 -0.25040818
34936.5  0.94444444  0.96818664  0.00080401  0.96818697 -0.25040634
34936.6  0.94444444  0.96818662  0.00099888  0.96818713 -0.25040549
34936.7  0.94444444  0.96818634  0.00120300  0.96818709 -0.25040580
34936.8  0.94444444  0.96818587  0.00137678  0.96818685 -0.25040718
34936.9  0.94444444  0.96818532  0.00148713  0.96818646 -0.25040935
34937.0  0.94444444  0.96818484  0.00151407  0.96818602 -0.25041186
34937.1  0.94444444  0.96818454  0.00145474  0.96818563 -0.25041422
34937.2  0.94444444  0.96818445  0.00132308  0.96818535 -0.25041597
34937.3  0.94444444  0.96818454  0.00114599  0.96818522 -0.25041682
34937.4  0.94444444  0.96818478  0.00095794  0.96818526 -0.25041663
34937.5  0.94444444  0.96818512  0.00079432  0.96818544 -0.25041547
34937.6  0.94444444  0.96818552  0.00068552  0.96818576 -0.25041355
34937.7  0.94444444  0.96818593  0.00065135  0.96818615 -0.25041126
34937.8  0.94444444  0.96818628  0.00069696  0.96818653 -0.25040904
34937.9  0.94444444  0.96818647  0.00081196  0.96818681 -0.25040733
34938.0  0.94444444  0.96818646  0.00097265  0.96818695 -0.25040644
34938.1  0.94444444  0.96818624  0.00114715  0.96818692 -0.25040651
34938.2  0.94444444  0.96818588  0.00130209  0.96818675 -0.25040751
34938.3  0.94444444  0.96818545  0.00140885  0.96818648 -0.25040921
34938.4  0.94444444  0.96818506  0.00144852  0.96818614 -0.25041129
34938.5  0.94444444  0.96818477  0.00141506  0.96818581 -0.25041336
34938.6  0.94444444  0.96818463  0.00131604  0.96818553 -0.25041501
34938.7  0.94444444  0.96818466  0.00117139  0.96818537 -0.25041595
34938.8  0.94444444  0.96818483  0.00100967  0.96818536 -0.25041600
34938.9  0.94444444  0.96818512  0.00086219  0.96818550 -0.25041517
34939.0  0.94444444  0.96818546  0.00075677  0.96818576 -0.25041365
34939.1  0.94444444  0.96818580  0.00071228  0.96818607 -0.25041174
34939.2  0.94444444  0.96818609  0.00073554  0.96818637 -0.25040981
34939.3  0.94444444  0.96818628  0.00082069  0.96818663 -0.25040822
34939.4  0.94444444  0.96818633  0.00095056  0.96818680 -0.25040726
34939.5  0.94444444  0.96818622  0.00109997  0.96818684 -0.25040710
34939.6  0.94444444  0.96818595  0.00124031  0.96818674 -0.25040776
34939.7  0.94444444  0.96818559  0.00134483  0.96818652 -0.25040911
34939.8  0.94444444  0.96818522  0.00139400  0.96818622 -0.25041088
34939.9  0.94444444  0.96818492  0.00137942  0.96818591 -0.25041271
34940.0  0.94444444  0.96818477  0.00130528  0.96818565 -0.25041425
34940.1  0.94444444  0.96818476  0.00118722  0.96818549 -0.25041521
34940.2  0.94444444  0.96818488  0.00104872  0.96818545 -0.25041543
34940.3  0.94444444  0.96818510  0.00091637  0.96818553 -0.25041488
34940.4  0.94444444  0.96818539  0.00081505  0.96818573 -0.25041369
34940.5  0.94444444  0.96818570  0.00076345  0.96818600 -0.25041208
34940.6  0.94444444  0.96818599  0.00077061  0.96818629 -0.25041037
34940.7  0.94444444  0.96818619  0.00083417  0.96818655 -0.25040889
34940.8  0.94444444  0.96818626  0.00094075  0.96818672 -0.25040793
34940.9  0.94444444  0.96818617  0.00106885  0.96818676 -0.25040766
34941.0  0.94444444  0.96818594  0.00119336  0.96818667 -0.25040811
34941.1  0.94444444  0.96818563  0.00129065  0.96818649 -0.25040917
34941.2  0.94444444  0.96818532  0.00134304  0.96818625 -0.25041063
34941.3  0.94444444  0.96818506  0.00134176  0.96818599 -0.25041221
34941.4  0.94444444  0.96818490  0.00128818  0.96818575 -0.25041360
34941.5  0.94444444  0.96818486  0.00119344  0.96818559 -0.25041455
34941.6  0.94444444  0.96818494  0.00107633  0.96818553 -0.25041488
34941.7  0.94444444  0.96818512  0.00095970  0.96818560 -0.25041453
34941.8  0.94444444  0.96818538  0.00086600  0.96818576 -0.25041360
34941.9  0.94444444  0.96818565  0.00081261  0.96818599 -0.25041227
34942.0  0.94444444  0.96818589  0.00080862  0.96818623 -0.25041082
34942.1  0.94444444  0.96818606  0.00085344  0.96818644 -0.25040951
34942.2  0.94444444  0.96818613  0.00093734  0.96818658 -0.25040859
34942.3  0.94444444  0.96818608  0.00104365  0.96818664 -0.25040822
34942.4  0.94444444  0.96818592  0.00115194  0.96818661 -0.25040846
34942.5  0.94444444  0.96818568  0.00124172  0.96818648 -0.25040925
34942.6  0.94444444  0.96818541  0.00129631  0.96818628 -0.25041044
34942.7  0.94444444  0.96818518  0.00130596  0.96818606 -0.25041179
34942.8  0.94444444  0.96818502  0.00126976  0.96818585 -0.25041304
34942.9  0.94444444  0.96818497  0.00119566  0.96818570 -0.25041394
34943.0  0.94444444  0.96818502  0.00109862  0.96818564 -0.25041435
34943.1  0.94444444  0.96818515  0.00099748  0.96818566 -0.25041419
34943.2  0.94444444  0.96818534  0.00091136  0.96818577 -0.25041351
34943.3  0.94444444  0.96818556  0.00085616  0.96818594 -0.25041245
34943.4  0.94444444  0.96818578  0.00084179  0.96818614 -0.25041121
34943.5  0.94444444  0.96818595  0.00087035  0.96818635 -0.25041002
34943.6  0.94444444  0.96818605  0.00093569  0.96818650 -0.25040912
34943.7  0.94444444  0.96818604  0.00102461  0.96818658 -0.25040868
34943.8  0.94444444  0.96818592  0.00111953  0.96818656 -0.25040877
34943.9  0.94444444  0.96818572  0.00120216  0.96818646 -0.25040936
34944.0  0.94444444  0.96818549  0.00125707  0.96818630 -0.25041032
34944.1  0.94444444  0.96818528  0.00127450  0.96818612 -0.25041147
34944.2  0.94444444  0.96818512  0.00125201  0.96818593 -0.25041258
34944.3  0.94444444  0.96818505  0.00119462  0.96818578 -0.25041345
34944.4  0.94444444  0.96818506  0.00111382  0.96818570 -0.25041392
34944.5  0.94444444  0.96818515  0.00102539  0.96818570 -0.25041389
34944.6  0.94444444  0.96818532  0.00094643  0.96818578 -0.25041339
34944.7  0.94444444  0.96818552  0.00089197  0.96818593 -0.25041252
34944.8  0.94444444  0.96818572  0.00087198  0.96818612 -0.25041145
34944.9  0.94444444  0.96818589  0.00088944  0.96818629 -0.25041041
34945.0  0.94444444  0.96818598  0.00094011  0.96818643 -0.25040957
34945.1  0.94444444  0.96818598  0.00101353  0.96818651 -0.25040911
34945.2  0.94444444  0.96818589  0.00109526  0.96818651 -0.25040909
34945.3  0.94444444  0.96818573  0.00116964  0.96818644 -0.25040951
34945.4  0.94444444  0.96818554  0.00122269  0.96818631 -0.25041029
34945.5  0.94444444  0.96818534  0.00124472  0.96818614 -0.25041126
34945.6  0.94444444  0.96818519  0.00123217  0.96818598 -0.25041224
34945.7  0.94444444  0.96818512  0.00118823  0.96818584 -0.25041303
34945.8  0.94444444  0.96818512  0.00112207  0.96818577 -0.25041350
34945.9  0.94444444  0.96818520  0.00104683  0.96818577 -0.25041356
34946.0  0.94444444  0.96818533  0.00097696  0.96818583 -0.25041321
34946.1  0.94444444  0.96818550  0.00092547  0.96818594 -0.25041253
34946.2  0.94444444  0.96818566  0.00090165  0.96818608 -0.25041165
34946.3  0.94444444  0.96818580  0.00090943  0.96818623 -0.25041075
34946.4  0.94444444  0.96818590  0.00094676  0.96818636 -0.25040998
34946.5  0.94444444  0.96818592  0.00100598  0.96818644 -0.25040950
34946.6  0.94444444  0.96818586  0.00107535  0.96818645 -0.25040940
34946.7  0.94444444  0.96818573  0.00114139  0.96818641 -0.25040968
34946.8  0.94444444  0.96818557  0.00119159  0.96818630 -0.25041028
34946.9  0.94444444  0.96818541  0.00121683  0.96818617 -0.25041108
34947.0  0.94444444  0.96818528  0.00121297  0.96818604 -0.25041193
34947.1  0.94444444  0.96818520  0.00118139  0.96818592 -0.25041266
34947.2  0.94444444  0.96818518  0.00112861  0.96818584 -0.25041313
34947.3  0.94444444  0.96818523  0.00106494  0.96818581 -0.25041328
34947.4  0.94444444  0.96818532  0.00100265  0.96818584 -0.25041306
34947.5  0.94444444  0.96818546  0.00095358  0.96818593 -0.25041254
34947.6  0.94444444  0.96818561  0.00092688  0.96818605 -0.25041180
34947.7  0.94444444  0.96818574  0.00092722  0.96818618 -0.25041101
34947.8  0.94444444  0.96818583  0.00095394  0.96818630 -0.25041031
34947.9  0.94444444  0.96818586  0.00100139  0.96818638 -0.25040983
34948.0  0.94444444  0.96818583  0.00106017  0.96818641 -0.25040967
34948.1  0.94444444  0.96818574  0.00111886  0.96818639 -0.25040983
34948.2  0.94444444  0.96818561  0.00116629  0.96818631 -0.25041029
34948.3  0.94444444  0.96818547  0.00119366  0.96818620 -0.25041096
34948.4  0.94444444  0.96818534  0.00119607  0.96818607 -0.25041170
34948.5  0.94444444  0.96818525  0.00117348  0.96818596 -0.25041237
34948.6  0.94444444  0.96818522  0.00113076  0.96818588 -0.25041284
34948.7  0.94444444  0.96818525  0.00107659  0.96818585 -0.25041302
34948.8  0.94444444  0.96818533  0.00102161  0.96818587 -0.25041290
34948.9  0.94444444  0.96818545  0.00097629  0.96818594 -0.25041249
34949.0  0.94444444  0.96818558  0.00094901  0.96818604 -0.25041188
34949.1  0.94444444  0.96818569  0.00094453  0.96818615 -0.25041120
34949.2  0.94444444  0.96818578  0.00096320  0.96818626 -0.25041057
34949.3  0.94444444  0.96818583  0.00100116  0.96818634 -0.25041011
34949.4  0.94444444  0.96818580  0.00105074  0.96818637 -0.25040991
34949.5  0.94444444  0.96818573  0.00110193  0.96818636 -0.25041001
34949.6  0.94444444  0.96818562  0.00114524  0.96818630 -0.25041036
34949.7  0.94444444  0.96818548  0.00117233  0.96818619 -0.25041091
34949.8  0.94444444  0.96818538  0.00117842  0.96818610 -0.25041153
34949.9  0.94444444  0.96818531  0.00116336  0.96818600 -0.25041212
34950.0  0.94444444  0.96818527  0.00112996  0.96818592 -0.25041257
34950.1  0.94444444  0.96818529  0.00108524  0.96818590 -0.25041277
34950.2  0.94444444  0.96818534  0.00103788  0.96818590 -0.25041273
34950.3  0.94444444  0.96818544  0.00099657  0.96818595 -0.25041243
34950.4  0.94444444  0.96818555  0.00096951  0.96818604 -0.25041193
34950.5  0.94444444  0.96818565  0.00096134  0.96818613 -0.25041136
34950.6  0.94444444  0.96818573  0.00097309  0.96818622 -0.25041080
34950.7  0.94444444  0.96818578  0.00100235  0.96818629 -0.25041037
34950.8  0.94444444  0.96818576  0.00104286  0.96818632 -0.25041016
34950.9  0.94444444  0.96818572  0.00108678  0.96818633 -0.25041017
34951.0  0.94444444  0.96818563  0.00112605  0.96818629 -0.25041042
34951.1  0.94444444  0.96818552  0.00115295  0.96818621 -0.25041086
34951.2  0.94444444  0.96818543  0.00116291  0.96818613 -0.25041138
34951.3  0.94444444  0.96818535  0.00115428  0.96818604 -0.25041191
34951.4  0.94444444  0.96818531  0.00112877  0.96818597 -0.25041233
34951.5  0.94444444  0.96818532  0.00109198  0.96818593 -0.25041256
34951.6  0.94444444  0.96818535  0.00105094  0.96818592 -0.25041257
34951.7  0.94444444  0.96818543  0.00101358  0.96818596 -0.25041236
34951.8  0.94444444  0.96818552  0.00098706  0.96818603 -0.25041197
34951.9  0.94444444  0.96818561  0.00097593  0.96818610 -0.25041149
34952.0  0.94444444  0.96818569  0.00098207  0.96818619 -0.25041099
34952.1  0.94444444  0.96818574  0.00100415  0.96818626 -0.25041059
34952.2  0.94444444  0.96818574  0.00103745  0.96818630 -0.25041035
34952.3  0.94444444  0.96818571  0.00107562  0.96818631 -0.25041031
34952.4  0.94444444  0.96818564  0.00111119  0.96818628 -0.25041049
34952.5  0.94444444  0.96818555  0.00113720  0.96818622 -0.25041084
34952.6  0.94444444  0.96818546  0.00114917  0.96818614 -0.25041129
34952.7  0.94444444  0.96818538  0.00114492  0.96818606 -0.25041175
34952.8  0.94444444  0.96818535  0.00112572  0.96818600 -0.25041214
34952.9  0.94444444  0.96818534  0.00109568  0.96818596 -0.25041237
34953.0  0.94444444  0.96818537  0.00106049  0.96818595 -0.25041243
34953.1  0.94444444  0.96818543  0.00102708  0.96818597 -0.25041228
34953.2  0.94444444  0.96818551  0.00100182  0.96818603 -0.25041197
34953.3  0.94444444  0.96818559  0.00098922  0.96818609 -0.25041156
34953.4  0.94444444  0.96818567  0.00099162  0.96818617 -0.25041113
34953.5  0.94444444  0.96818571  0.00100812  0.96818623 -0.25041077
34953.6  0.94444444  0.96818572  0.00103513  0.96818627 -0.25041053
34953.7  0.94444444  0.96818569  0.00106744  0.96818628 -0.25041046
34953.8  0.94444444  0.96818563  0.00109863  0.96818625 -0.25041058
34953.9  0.94444444  0.96818556  0.00112293  0.96818621 -0.25041085
34954.0  0.94444444  0.96818549  0.00113596  0.96818615 -0.25041122
34954.1  0.94444444  0.96818542  0.00113534  0.96818609 -0.25041162
34954.2  0.94444444  0.96818538  0.00112157  0.96818603 -0.25041197
34954.3  0.94444444  0.96818537  0.00109751  0.96818599 -0.25041220
34954.4  0.94444444  0.96818539  0.00106791  0.96818598 -0.25041228
34954.5  0.94444444  0.96818544  0.00103865  0.96818599 -0.25041219
34954.6  0.94444444  0.96818550  0.00101521  0.96818603 -0.25041196
34954.7  0.94444444  0.96818557  0.00100184  0.96818609 -0.25041162
34954.8  0.94444444  0.96818563  0.00100094  0.96818615 -0.25041126
34954.9  0.94444444  0.96818567  0.00101228  0.96818620 -0.25041093
34955.0  0.94444444  0.96818569  0.00103356  0.96818624 -0.25041069
34955.1  0.94444444  0.96818567  0.00106060  0.96818626 -0.25041060
34955.2  0.94444444  0.96818563  0.00108805  0.96818625 -0.25041066
34955.3  0.94444444  0.96818558  0.00111078  0.96818621 -0.25041086
34955.4  0.94444444  0.96818551  0.00112448  0.96818616 -0.25041117
34955.5  0.94444444  0.96818545  0.00112670  0.96818610 -0.25041151
34955.6  0.94444444  0.96818541  0.00111737  0.96818605 -0.25041182
34955.7  0.94444444  0.96818539  0.00109845  0.96818601 -0.25041205
34955.8  0.94444444  0.96818540  0.00107372  0.96818600 -0.25041216
34955.9  0.94444444  0.96818544  0.00104802  0.96818600 -0.25041211
34956.0  0.94444444  0.96818549  0.00102617  0.96818603 -0.25041194
34956.1  0.94444444  0.96818555  0.00101232  0.96818608 -0.25041166
34956.2  0.94444444  0.96818560  0.00100898  0.96818613 -0.25041135
34956.3  0.94444444  0.96818565  0.00101655  0.96818618 -0.25041105
34956.4  0.94444444  0.96818567  0.00103342  0.96818622 -0.25041082
34956.5  0.94444444  0.96818566  0.00105609  0.96818624 -0.25041072
34956.6  0.94444444  0.96818563  0.00108010  0.96818623 -0.25041074
34956.7  0.94444444  0.96818558  0.00110091  0.96818621 -0.25041089
34956.8  0.94444444  0.96818552  0.00111459  0.96818617 -0.25041114
34956.9  0.94444444  0.96818547  0.00111873  0.96818612 -0.25041143
34957.0  0.94444444  0.96818543  0.00111274  0.96818607 -0.25041171
34957.1  0.94444444  0.96818541  0.00109790  0.96818603 -0.25041193
34957.2  0.94444444  0.96818541  0.00107728  0.96818601 -0.25041204
34957.3  0.94444444  0.96818544  0.00105495  0.96818602 -0.25041203
34957.4  0.94444444  0.96818549  0.00103518  0.96818604 -0.25041190
34957.5  0.94444444  0.96818554  0.00102174  0.96818608 -0.25041168
34957.6  0.94444444  0.96818559  0.00101699  0.96818612 -0.25041141
34957.7  0.94444444  0.96818563  0.00102160  0.96818617 -0.25041115
34957.8  0.94444444  0.96818565  0.00103452  0.96818620 -0.25041094
34957.9  0.94444444  0.96818564  0.00105310  0.96818622 -0.25041083
34958.0  0.94444444  0.96818562  0.00107371  0.96818622 -0.25041082
34958.1  0.94444444  0.96818558  0.00109240  0.96818620 -0.25041093
34958.2  0.94444444  0.96818554  0.00110562  0.96818617 -0.25041113
34958.3  0.94444444  0.96818549  0.00111100  0.96818613 -0.25041137
34958.4  0.94444444  0.96818545  0.00110765  0.96818609 -0.25041162
34958.5  0.94444444  0.96818543  0.00109657  0.96818605 -0.25041182
34958.6  0.94444444  0.96818543  0.00108002  0.96818604 -0.25041194
34958.7  0.94444444  0.96818545  0.00106119  0.96818603 -0.25041195
34958.8  0.94444444  0.96818548  0.00104362  0.96818605 -0.25041187
34958.9  0.94444444  0.96818552  0.00103055  0.96818607 -0.25041170
34959.0  0.94444444  0.96818557  0.00102433  0.96818611 -0.25041147
34959.1  0.94444444  0.96818560  0.00102611  0.96818615 -0.25041124
34959.2  0.94444444  0.96818563  0.00103533  0.96818618 -0.25041105
34959.3  0.94444444  0.96818563  0.00105011  0.96818620 -0.25041093
34959.4  0.94444444  0.96818562  0.00106764  0.96818621 -0.25041090
34959.5  0.94444444  0.96818559  0.00108453  0.96818620 -0.25041096
34959.6  0.94444444  0.96818555  0.00109755  0.96818617 -0.25041111
34959.7  0.94444444  0.96818551  0.00110428  0.96818614 -0.25041132
34959.8  0.94444444  0.96818547  0.00110356  0.96818610 -0.25041153
34959.9  0.94444444  0.96818545  0.00109568  0.96818607 -0.25041172
34960.0  0.94444444  0.96818544  0.00108226  0.96818605 -0.25041185
34960.1  0.94444444  0.96818545  0.00106593  0.96818604 -0.25041189
34960.2  0.94444444  0.96818548  0.00104990  0.96818605 -0.25041183
34960.3  0.94444444  0.96818552  0.00103726  0.96818607 -0.25041170
34960.4  0.94444444  0.96818556  0.00103034  0.96818610 -0.25041151
34960.5  0.94444444  0.96818559  0.00103039  0.96818614 -0.25041131
34960.6  0.94444444  0.96818561  0.00103723  0.96818617 -0.25041113
34960.7  0.94444444  0.96818562  0.00104934  0.96818619 -0.25041101
34960.8  0.94444444  0.96818561  0.00106432  0.96818620 -0.25041096
34960.9  0.94444444  0.96818559  0.00107937  0.96818619 -0.25041100
34961.0  0.94444444  0.96818555  0.00109155  0.96818617 -0.25041112
34961.1  0.94444444  0.96818552  0.00109847  0.96818614 -0.25041130
34961.2  0.94444444  0.96818549  0.00109914  0.96818611 -0.25041148
34961.3  0.94444444  0.96818546  0.00109346  0.96818608 -0.25041166
34961.4  0.94444444  0.96818545  0.00108252  0.96818606 -0.25041177
34961.5  0.94444444  0.96818547  0.00106889  0.96818606 -0.25041182
34961.6  0.94444444  0.96818548  0.00105503  0.96818606 -0.25041179
34961.7  0.94444444  0.96818551  0.00104336  0.96818607 -0.25041169
34961.8  0.94444444  0.96818555  0.00103625  0.96818610 -0.25041153
34961.9  0.94444444  0.96818557  0.00103493  0.96818613 -0.25041136
34962.0  0.94444444  0.96818560  0.00103936  0.96818615 -0.25041120
34962.1  0.94444444  0.96818561  0.00104893  0.96818618 -0.25041108
34962.2  0.94444444  0.96818560  0.00106152  0.96818618 -0.25041103
34962.3  0.94444444  0.96818558  0.00107447  0.96818618 -0.25041105
34962.4  0.94444444  0.96818556  0.00108573  0.96818617 -0.25041113
34962.5  0.94444444  0.96818552  0.00109287  0.96818614 -0.25041128
34962.6  0.94444444  0.96818550  0.00109457  0.96818612 -0.25041143
34962.7  0.94444444  0.96818548  0.00109117  0.96818610 -0.25041158
34962.8  0.94444444  0.96818546  0.00108282  0.96818607 -0.25041171
34962.9  0.94444444  0.96818548  0.00107132  0.96818607 -0.25041175
34963.0  0.94444444  0.96818549  0.00105937  0.96818607 -0.25041175
34963.1  0.94444444  0.96818550  0.00104853  0.96818607 -0.25041168
34963.2  0.94444444  0.96818554  0.00104126  0.96818610 -0.25041155
34963.3  0.94444444  0.96818557  0.00103915  0.96818612 -0.25041140
34963.4  0.94444444  0.96818558  0.00104172  0.96818614 -0.25041127
34963.5  0.94444444  0.96818561  0.00104905  0.96818617 -0.25041114
34963.6  0.94444444  0.96818559  0.00105957  0.96818617 -0.25041109
34963.7  0.94444444  0.96818558  0.00107059  0.96818617 -0.25041109
34963.8  0.94444444  0.96818557  0.00108096  0.96818618 -0.25041114
34963.9  0.94444444  0.96818553  0.00108818  0.96818614 -0.25041127
34964.0  0.94444444  0.96818551  0.00109069  0.96818613 -0.25041139
34964.1  0.94444444  0.96818550  0.00108894  0.96818611 -0.25041153
34964.2  0.94444444  0.96818547  0.00108238  0.96818607 -0.25041165
34964.3  0.94444444  0.96818549  0.00107288  0.96818608 -0.25041170
34964.4  0.94444444  0.96818549  0.00106257  0.96818607 -0.25041171
34964.5  0.94444444  0.96818550  0.00105267  0.96818607 -0.25041166
34964.6  0.94444444  0.96818554  0.00104578  0.96818610 -0.25041155
34964.7  0.94444444  0.96818555  0.00104289  0.96818611 -0.25041144
34964.8  0.94444444  0.96818557  0.00104410  0.96818614 -0.25041131
34964.9  0.94444444  0.96818559  0.00104980  0.96818616 -0.25041119
34965.0  0.94444444  0.96818558  0.00105831  0.96818616 -0.25041114
34965.1  0.94444444  0.96818558  0.00106793  0.96818617 -0.25041112
34965.2  0.94444444  0.96818556  0.00107731  0.96818616 -0.25041117
34965.3  0.94444444  0.96818553  0.00108394  0.96818614 -0.25041127
34965.4  0.94444444  0.96818552  0.00108708  0.96818613 -0.25041137
34965.5  0.94444444  0.96818550  0.00108630  0.96818610 -0.25041149
34965.6  0.94444444  0.96818548  0.00108131  0.96818609 -0.25041159
34965.7  0.94444444  0.96818549  0.00107382  0.96818609 -0.25041165
34965.8  0.94444444  0.96818549  0.00106494  0.96818607 -0.25041167
34965.9  0.94444444  0.96818551  0.00105624  0.96818608 -0.25041163
34966.0  0.94444444  0.96818553  0.00104981  0.96818610 -0.25041155
34966.1  0.94444444  0.96818554  0.00104644  0.96818611 -0.25041146
34966.2  0.94444444  0.96818557  0.00104678  0.96818613 -0.25041134
34966.3  0.94444444  0.96818558  0.00105096  0.96818615 -0.25041125
34966.4  0.94444444  0.96818557  0.00105764  0.96818615 -0.25041119
34966.5  0.94444444  0.96818558  0.00106578  0.96818617 -0.25041116
34966.6  0.94444444  0.96818556  0.00107391  0.96818616 -0.25041120
34966.7  0.94444444  0.96818554  0.00108010  0.96818614 -0.25041126
34966.8  0.94444444  0.96818553  0.00108367  0.96818614 -0.25041135
34966.9  0.94444444  0.96818550  0.00108378  0.96818611 -0.25041146
34967.0  0.94444444  0.96818550  0.00108030  0.96818610 -0.25041155
34967.1  0.94444444  0.96818550  0.00107438  0.96818609 -0.25041161
34967.2  0.94444444  0.96818549  0.00106682  0.96818608 -0.25041163
34967.3  0.94444444  0.96818551  0.00105923  0.96818609 -0.25041161
34967.4  0.94444444  0.96818553  0.00105323  0.96818610 -0.25041155
34967.5  0.94444444  0.96818554  0.00104956  0.96818611 -0.25041147
34967.6  0.94444444  0.96818556  0.00104914  0.96818613 -0.25041137
34967.7  0.94444444  0.96818557  0.00105197  0.96818614 -0.25041129
34967.8  0.94444444  0.96818557  0.00105721  0.96818615 -0.25041123
34967.9  0.94444444  0.96818557  0.00106418  0.96818616 -0.25041120
34968.0  0.94444444  0.96818556  0.00107129  0.96818615 -0.25041122
34968.1  0.94444444  0.96818555  0.00107712  0.96818615 -0.25041126
34968.2  0.94444444  0.96818553  0.00108084  0.96818613 -0.25041134
34968.3  0.94444444  0.96818551  0.00108149  0.96818611 -0.25041143
34968.4  0.94444444  0.96818550  0.00107919  0.96818611 -0.25041151
34968.5  0.94444444  0.96818550  0.00107450  0.96818609 -0.25041157
34968.6  0.94444444  0.96818550  0.00106814  0.96818609 -0.25041160
34968.7  0.94444444  0.96818551  0.00106155  0.96818609 -0.25041159
34968.8  0.94444444  0.96818552  0.00105593  0.96818610 -0.25041155
34968.9  0.94444444  0.96818554  0.00105222  0.96818611 -0.25041148
34969.0  0.94444444  0.96818556  0.00105132  0.96818613 -0.25041139
34969.1  0.94444444  0.96818556  0.00105316  0.96818613 -0.25041132
34969.2  0.94444444  0.96818557  0.00105735  0.96818615 -0.25041126
34969.3  0.94444444  0.96818557  0.00106316  0.96818615 -0.25041123
34969.4  0.94444444  0.96818556  0.00106925  0.96818615 -0.25041124
34969.5  0.94444444  0.96818555  0.00107459  0.96818615 -0.25041127
34969.6  0.94444444  0.96818553  0.00107822  0.96818613 -0.25041134
34969.7  0.94444444  0.96818552  0.00107933  0.96818612 -0.25041141
34969.8  0.94444444  0.96818551  0.00107794  0.96818611 -0.25041148
34969.9  0.94444444  0.96818550  0.00107426  0.96818610 -0.25041154
34970.0  0.94444444  0.96818550  0.00106901  0.96818609 -0.25041157
34970.1  0.94444444  0.96818551  0.00106336  0.96818610 -0.25041157
34970.2  0.94444444  0.96818552  0.00105827  0.96818610 -0.25041154
34970.3  0.94444444  0.96818554  0.00105473  0.96818611 -0.25041148
34970.4  0.94444444  0.96818555  0.00105345  0.96818612 -0.25041141
34970.5  0.94444444  0.96818556  0.00105446  0.96818613 -0.25041135
34970.6  0.94444444  0.96818556  0.00105765  0.96818614 -0.25041129
34970.7  0.94444444  0.96818556  0.00106235  0.96818614 -0.25041126
34970.8  0.94444444  0.96818556  0.00106757  0.96818615 -0.25041126
34970.9  0.94444444  0.96818555  0.00107243  0.96818614 -0.25041128
34971.0  0.94444444  0.96818553  0.00107591  0.96818613 -0.25041133
34971.1  0.94444444  0.96818552  0.00107737  0.96818612 -0.25041140
34971.2  0.94444444  0.96818552  0.00107668  0.96818611 -0.25041146
34971.3  0.94444444  0.96818551  0.00107390  0.96818610 -0.25041151
34971.4  0.94444444  0.96818551  0.00106968  0.96818610 -0.25041154
34971.5  0.94444444  0.96818551  0.00106486  0.96818610 -0.25041155
34971.6  0.94444444  0.96818552  0.00106026  0.96818610 -0.25041153
34971.7  0.94444444  0.96818553  0.00105693  0.96818611 -0.25041148
34971.8  0.94444444  0.96818554  0.00105532  0.96818612 -0.25041143
34971.9  0.94444444  0.96818555  0.00105571  0.96818613 -0.25041137
34972.0  0.94444444  0.96818556  0.00105804  0.96818614 -0.25041132
34972.1  0.94444444  0.96818556  0.00106183  0.96818614 -0.25041129
34972.2  0.94444444  0.96818556  0.00106628  0.96818614 -0.25041128
34972.3  0.94444444  0.96818555  0.00107058  0.96818614 -0.25041129
34972.4  0.94444444  0.96818554  0.00107392  0.96818613 -0.25041133
34972.5  0.94444444  0.96818553  0.00107565  0.96818613 -0.25041138
34972.6  0.94444444  0.96818552  0.00107548  0.96818612 -0.25041144
34972.7  0.94444444  0.96818551  0.00107351  0.96818611 -0.25041149
34972.8  0.94444444  0.96818551  0.00107013  0.96818610 -0.25041152
34972.9  0.94444444  0.96818551  0.00106604  0.96818610 -0.25041153
34973.0  0.94444444  0.96818552  0.00106203  0.96818610 -0.25041152
34973.1  0.94444444  0.96818553  0.00105877  0.96818611 -0.25041148
34973.2  0.94444444  0.96818554  0.00105690  0.96818612 -0.25041144
34973.3  0.94444444  0.96818555  0.00105679  0.96818613 -0.25041139
34973.4  0.94444444  0.96818555  0.00105838  0.96818613 -0.25041134
34973.5  0.94444444  0.96818556  0.00106128  0.96818614 -0.25041131
34973.6  0.94444444  0.96818555  0.00106499  0.96818614 -0.25041129
34973.7  0.94444444  0.96818555  0.00106879  0.96818614 -0.25041130
34973.8  0.94444444  0.96818554  0.00107203  0.96818613 -0.25041133
34973.9  0.94444444  0.96818553  0.00107407  0.96818613 -0.25041137
34974.0  0.94444444  0.96818552  0.00107451  0.96818612 -0.25041142
34974.1  0.94444444  0.96818552  0.00107332  0.96818611 -0.25041146
34974.2  0.94444444  0.96818551  0.00107079  0.96818611 -0.25041150
34974.3  0.94444444  0.96818552  0.00106739  0.96818610 -0.25041151
34974.4  0.94444444  0.96818552  0.00106379  0.96818610 -0.25041151
34974.5  0.94444444  0.96818553  0.00106062  0.96818611 -0.25041149
34974.6  0.94444444  0.96818554  0.00105843  0.96818611 -0.25041145
34974.7  0.94444444  0.96818554  0.00105767  0.96818612 -0.25041141
34974.8  0.94444444  0.96818555  0.00105846  0.96818613 -0.25041136
34974.9  0.94444444  0.96818555  0.00106065  0.96818613 -0.25041133
34975.0  0.94444444  0.96818555  0.00106380  0.96818614 -0.25041131
34975.1  0.94444444  0.96818555  0.00106731  0.96818614 -0.25041131
34975.2  0.94444444  0.96818554  0.00107052  0.96818614 -0.25041133
34975.3  0.94444444  0.96818553  0.00107281  0.96818613 -0.25041136
34975.4  0.94444444  0.96818553  0.00107376  0.96818612 -0.25041140
34975.5  0.94444444  0.96818552  0.00107321  0.96818612 -0.25041145
34975.6  0.94444444  0.96818552  0.00107128  0.96818611 -0.25041148
34975.7  0.94444444  0.96818552  0.00106835  0.96818611 -0.25041150
34975.8  0.94444444  0.96818552  0.00106499  0.96818611 -0.25041151
34975.9  0.94444444  0.96818553  0.00106183  0.96818611 -0.25041149
34976.0  0.94444444  0.96818553  0.00105945  0.96818611 -0.25041146
34976.1  0.94444444  0.96818554  0.00105831  0.96818612 -0.25041142
34976.2  0.94444444  0.96818555  0.00105861  0.96818613 -0.25041138
34976.3  0.94444444  0.96818555  0.00106029  0.96818613 -0.25041134
34976.4  0.94444444  0.96818555  0.00106303  0.96818614 -0.25041132
34976.5  0.94444444  0.96818555  0.00106627  0.96818614 -0.25041131
34976.6  0.94444444  0.96818554  0.00106940  0.96818614 -0.25041133
34976.7  0.94444444  0.96818554  0.00107183  0.96818613 -0.25041135
34976.8  0.94444444  0.96818553  0.00107311  0.96818612 -0.25041139
34976.9  0.94444444  0.96818552  0.00107302  0.96818612 -0.25041143
34977.0  0.94444444  0.96818552  0.00107157  0.96818611 -0.25041147
34977.1  0.94444444  0.96818552  0.00106906  0.96818611 -0.25041149
34977.2  0.94444444  0.96818552  0.00106594  0.96818611 -0.25041150
34977.3  0.94444444  0.96818552  0.00106282  0.96818611 -0.25041149
34977.4  0.94444444  0.96818553  0.00106028  0.96818611 -0.25041147
34977.5  0.94444444  0.96818554  0.00105883  0.96818612 -0.25041143
34977.6  0.94444444  0.96818555  0.00105874  0.96818613 -0.25041139
34977.7  0.94444444  0.96818555  0.00106004  0.96818613 -0.25041135
34977.8  0.94444444  0.96818555  0.00106248  0.96818614 -0.25041133
34977.9  0.94444444  0.96818555  0.00106555  0.96818614 -0.25041132
34978.0  0.94444444  0.96818554  0.00106863  0.96818613 -0.25041133
34978.1  0.94444444  0.96818554  0.00107111  0.96818613 -0.25041135
34978.2  0.94444444  0.96818553  0.00107255  0.96818612 -0.25041138
34978.3  0.94444444  0.96818553  0.00107274  0.96818612 -0.25041142
34978.4  0.94444444  0.96818552  0.00107169  0.96818612 -0.25041146
34978.5  0.94444444  0.96818552  0.00106958  0.96818611 -0.25041148
34978.6  0.94444444  0.96818552  0.00106675  0.96818611 -0.25041150
34978.7  0.94444444  0.96818552  0.00106372  0.96818611 -0.25041149
34978.8  0.94444444  0.96818553  0.00106114  0.96818611 -0.25041147
34978.9  0.94444444  0.96818554  0.00105954  0.96818612 -0.25041144
34979.0  0.94444444  0.96818555  0.00105923  0.96818613 -0.25041140
34979.1  0.94444444  0.96818555  0.00106027  0.96818613 -0.25041136
34979.2  0.94444444  0.96818555  0.00106232  0.96818613 -0.25041134
34979.3  0.94444444  0.96818554  0.00106484  0.96818613 -0.25041133
34979.4  0.94444444  0.96818554  0.00106745  0.96818613 -0.25041133
34979.5  0.94444444  0.96818554  0.00106985  0.96818613 -0.25041135
34979.6  0.94444444  0.96818554  0.00107151  0.96818613 -0.25041137
34979.7  0.94444444  0.96818553  0.00107210  0.96818612 -0.25041141
34979.8  0.94444444  0.96818552  0.00107149  0.96818612 -0.25041144
34979.9  0.94444444  0.96818552  0.00106975  0.96818611 -0.25041147
34980.0  0.94444444  0.96818552  0.00106730  0.96818611 -0.25041148
34980.1  0.94444444  0.96818552  0.00106470  0.96818611 -0.25041148
34980.2  0.94444444  0.96818553  0.00106245  0.96818611 -0.25041147
34980.3  0.94444444  0.96818554  0.00106090  0.96818612 -0.25041144
34980.4  0.94444444  0.96818554  0.00106025  0.96818612 -0.25041141
34980.5  0.94444444  0.96818554  0.00106061  0.96818612 -0.25041138
34980.6  0.94444444  0.96818555  0.00106193  0.96818613 -0.25041136
34980.7  0.94444444  0.96818555  0.00106401  0.96818613 -0.25041134
34980.8  0.94444444  0.96818555  0.00106652  0.96818614 -0.25041134
34980.9  0.94444444  0.96818554  0.00106891  0.96818613 -0.25041135
34981.0  0.94444444  0.96818553  0.00107060  0.96818613 -0.25041137
34981.1  0.94444444  0.96818553  0.00107124  0.96818612 -0.25041140
34981.2  0.94444444  0.96818552  0.00107082  0.96818612 -0.25041143
34981.3  0.94444444  0.96818552  0.00106952  0.96818611 -0.25041145
34981.4  0.94444444  0.96818553  0.00106764  0.96818611 -0.25041147
34981.5  0.94444444  0.96818553  0.00106554  0.96818611 -0.25041147
34981.6  0.94444444  0.96818553  0.00106348  0.96818611 -0.25041147
34981.7  0.94444444  0.96818553  0.00106174  0.96818611 -0.25041145
34981.8  0.94444444  0.96818554  0.00106077  0.96818612 -0.25041142
34981.9  0.94444444  0.96818555  0.00106093  0.96818613 -0.25041139
34982.0  0.94444444  0.96818555  0.00106214  0.96818613 -0.25041136
34982.1  0.94444444  0.96818555  0.00106404  0.96818613 -0.25041135
34982.2  0.94444444  0.96818555  0.00106624  0.96818613 -0.25041135
34982.3  0.94444444  0.96818553  0.00106815  0.96818612 -0.25041136
34982.4  0.94444444  0.96818553  0.00106944  0.96818612 -0.25041138
34982.5  0.94444444  0.96818554  0.00107024  0.96818613 -0.25041139
34982.6  0.94444444  0.96818553  0.00107036  0.96818612 -0.25041142
34982.7  0.94444444  0.96818553  0.00106961  0.96818612 -0.25041144
34982.8  0.94444444  0.96818552  0.00106812  0.96818611 -0.25041146
34982.9  0.94444444  0.96818552  0.00106615  0.96818611 -0.25041147
34983.0  0.94444444  0.96818552  0.00106410  0.96818611 -0.25041146
34983.1  0.94444444  0.96818553  0.00106249  0.96818612 -0.25041144
34983.2  0.94444444  0.96818554  0.00106169  0.96818612 -0.25041142
34983.3  0.94444444  0.96818554  0.00106175  0.96818612 -0.25041140
34983.4  0.94444444  0.96818554  0.00106247  0.96818612 -0.25041138
34983.5  0.94444444  0.96818554  0.00106373  0.96818613 -0.25041137
34983.6  0.94444444  0.96818554  0.00106532  0.96818613 -0.25041136
34983.7  0.94444444  0.96818554  0.00106704  0.96818613 -0.25041136
34983.8  0.94444444  0.96818554  0.00106866  0.96818613 -0.25041137
34983.9  0.94444444  0.96818554  0.00106981  0.96818613 -0.25041139
34984.0  0.94444444  0.96818553  0.00107007  0.96818612 -0.25041142
34984.1  0.94444444  0.96818552  0.00106938  0.96818611 -0.25041144
34984.2  0.94444444  0.96818552  0.00106801  0.96818611 -0.25041145
34984.3  0.94444444  0.96818553  0.00106633  0.96818611 -0.25041146
34984.4  0.94444444  0.96818553  0.00106472  0.96818612 -0.25041145
34984.5  0.94444444  0.96818554  0.00106345  0.96818612 -0.25041144
34984.6  0.94444444  0.96818553  0.00106256  0.96818612 -0.25041143
34984.7  0.94444444  0.96818553  0.00106213  0.96818612 -0.25041141
34984.8  0.94444444  0.96818554  0.00106237  0.96818612 -0.25041139
34984.9  0.94444444  0.96818555  0.00106340  0.96818613 -0.25041137
34985.0  0.94444444  0.96818555  0.00106502  0.96818613 -0.25041136
34985.1  0.94444444  0.96818555  0.00106682  0.96818613 -0.25041136
34985.2  0.94444444  0.96818554  0.00106832  0.96818613 -0.25041137
34985.3  0.94444444  0.96818553  0.00106917  0.96818612 -0.25041139
34985.4  0.94444444  0.96818553  0.00106930  0.96818612 -0.25041141
34985.5  0.94444444  0.96818553  0.00106890  0.96818612 -0.25041142
34985.6  0.94444444  0.96818553  0.00106810  0.96818612 -0.25041144
34985.7  0.94444444  0.96818553  0.00106695  0.96818612 -0.25041145
34985.8  0.94444444  0.96818553  0.00106555  0.96818611 -0.25041145
34985.9  0.94444444  0.96818553  0.00106409  0.96818611 -0.25041145
34986.0  0.94444444  0.96818553  0.00106291  0.96818611 -0.25041143
34986.1  0.94444444  0.96818554  0.00106237  0.96818612 -0.25041141
34986.2  0.94444444  0.96818555  0.00106269  0.96818613 -0.25041139
34986.3  0.94444444  0.96818555  0.00106371  0.96818613 -0.25041137
34986.4  0.94444444  0.96818554  0.00106501  0.96818613 -0.25041137
34986.5  0.94444444  0.96818554  0.00106628  0.96818612 -0.25041137
34986.6  0.94444444  0.96818553  0.00106739  0.96818612 -0.25041138
34986.7  0.94444444  0.96818554  0.00106824  0.96818613 -0.25041139
34986.8  0.94444444  0.96818554  0.00106880  0.96818613 -0.25041140
34986.9  0.94444444  0.96818553  0.00106894  0.96818613 -0.25041141
34987.0  0.94444444  0.96818552  0.00106838  0.96818611 -0.25041144
34987.1  0.94444444  0.96818552  0.00106709  0.96818611 -0.25041145
34987.2  0.94444444  0.96818553  0.00106557  0.96818611 -0.25041145
34987.3  0.94444444  0.96818553  0.00106429  0.96818612 -0.25041144
34987.4  0.94444444  0.96818554  0.00106343  0.96818612 -0.25041142
34987.5  0.94444444  0.96818554  0.00106321  0.96818613 -0.25041141
34987.6  0.94444444  0.96818554  0.00106338  0.96818612 -0.25041140
34987.7  0.94444444  0.96818553  0.00106373  0.96818612 -0.25041139
34987.8  0.94444444  0.96818554  0.00106445  0.96818612 -0.25041138
34987.9  0.94444444  0.96818554  0.00106559  0.96818613 -0.25041137
34988.0  0.94444444  0.96818554  0.00106689  0.96818613 -0.25041137
34988.1  0.94444444  0.96818554  0.00106803  0.96818613 -0.25041138
34988.2  0.94444444  0.96818553  0.00106869  0.96818612 -0.25041140
34988.3  0.94444444  0.96818552  0.00106860  0.96818611 -0.25041142
34988.4  0.94444444  0.96818552  0.00106791  0.96818611 -0.25041143
34988.5  0.94444444  0.96818553  0.00106700  0.96818612 -0.25041143
34988.6  0.94444444  0.96818553  0.00106606  0.96818612 -0.25041144
34988.7  0.94444444  0.96818553  0.00106514  0.96818612 -0.25041144
34988.8  0.94444444  0.96818553  0.00106430  0.96818612 -0.25041143
34988.9  0.94444444  0.96818553  0.00106364  0.96818611 -0.25041142
34989.0  0.94444444  0.96818553  0.00106330  0.96818612 -0.25041141
34989.1  0.94444444  0.96818554  0.00106352  0.96818613 -0.25041139
34989.2  0.94444444  0.96818555  0.00106441  0.96818613 -0.25041138
34989.3  0.94444444  0.96818554  0.00106564  0.96818613 -0.25041137
34989.4  0.94444444  0.96818554  0.00106674  0.96818612 -0.25041138
34989.5  0.94444444  0.96818553  0.00106753  0.96818612 -0.25041139
34989.6  0.94444444  0.96818553  0.00106792  0.96818612 -0.25041140
34989.7  0.94444444  0.96818553  0.00106793  0.96818612 -0.25041141
34989.8  0.94444444  0.96818554  0.00106781  0.96818613 -0.25041141
34989.9  0.94444444  0.96818553  0.00106747  0.96818612 -0.25041143
34990.0  0.94444444  0.96818552  0.00106654  0.96818611 -0.25041144
34990.1  0.94444444  0.96818553  0.00106537  0.96818611 -0.25041144
34990.2  0.94444444  0.96818553  0.00106439  0.96818612 -0.25041143
34990.3  0.94444444  0.96818553  0.00106370  0.96818612 -0.25041142
34990.4  0.94444444  0.96818555  0.00106363  0.96818613 -0.25041140
34990.5  0.94444444  0.96818554  0.00106414  0.96818613 -0.25041139
34990.6  0.94444444  0.96818553  0.00106472  0.96818612 -0.25041139
34990.7  0.94444444  0.96818553  0.00106532  0.96818612 -0.25041139
34990.8  0.94444444  0.96818554  0.00106608  0.96818612 -0.25041138
34990.9  0.94444444  0.96818554  0.00106684  0.96818613 -0.25041139
34991.0  0.94444444  0.96818554  0.00106751  0.96818613 -0.25041139
34991.1  0.94444444  0.96818554  0.00106797  0.96818613 -0.25041140
34991.2  0.94444444  0.96818553  0.00106794  0.96818612 -0.25041142
34991.3  0.94444444  0.96818552  0.00106731  0.96818611 -0.25041143
34991.4  0.94444444  0.96818553  0.00106640  0.96818612 -0.25041143
34991.5  0.94444444  0.96818553  0.00106555  0.96818612 -0.25041143
34991.6  0.94444444  0.96818554  0.00106487  0.96818612 -0.25041143
34991.7  0.94444444  0.96818554  0.00106443  0.96818612 -0.25041142
34991.8  0.94444444  0.96818554  0.00106425  0.96818612 -0.25041141
34991.9  0.94444444  0.96818553  0.00106421  0.96818612 -0.25041141
34992.0  0.94444444  0.96818553  0.00106437  0.96818612 -0.25041140
34992.1  0.94444444  0.96818554  0.00106491  0.96818613 -0.25041139
34992.2  0.94444444  0.96818554  0.00106580  0.96818613 -0.25041138
34992.3  0.94444444  0.96818554  0.00106670  0.96818613 -0.25041139
34992.4  0.94444444  0.96818554  0.00106736  0.96818612 -0.25041139
34992.5  0.94444444  0.96818553  0.00106765  0.96818612 -0.25041141
34992.6  0.94444444  0.96818553  0.00106749  0.96818612 -0.25041142
34992.7  0.94444444  0.96818553  0.00106704  0.96818612 -0.25041142
34992.8  0.94444444  0.96818554  0.00106658  0.96818612 -0.25041142
34992.9  0.94444444  0.96818553  0.00106609  0.96818612 -0.25041143
34993.0  0.94444444  0.96818553  0.00106542  0.96818612 -0.25041143
34993.1  0.94444444  0.96818553  0.00106474  0.96818612 -0.25041142
34993.2  0.94444444  0.96818553  0.00106426  0.96818612 -0.25041142
34993.3  0.94444444  0.96818554  0.00106407  0.96818612 -0.25041141
34993.4  0.94444444  0.96818555  0.00106444  0.96818613 -0.25041139
34993.5  0.94444444  0.96818554  0.00106524  0.96818613 -0.25041139
34993.6  0.94444444  0.96818553  0.00106588  0.96818612 -0.25041139
34993.7  0.94444444  0.96818554  0.00106637  0.96818612 -0.25041139
34993.8  0.94444444  0.96818553  0.00106689  0.96818612 -0.25041140
34993.9  0.94444444  0.96818553  0.00106708  0.96818612 -0.25041140
34994.0  0.94444444  0.96818554  0.00106726  0.96818613 -0.25041140
34994.1  0.94444444  0.96818553  0.00106738  0.96818612 -0.25041141
34994.2  0.94444444  0.96818552  0.00106682  0.96818611 -0.25041143
34994.3  0.94444444  0.96818553  0.00106604  0.96818612 -0.25041142
34994.4  0.94444444  0.96818553  0.00106544  0.96818612 -0.25041143
34994.5  0.94444444  0.96818553  0.00106469  0.96818612 -0.25041142
34994.6  0.94444444  0.96818555  0.00106455  0.96818613 -0.25041140
34994.7  0.94444444  0.96818553  0.00106479  0.96818612 -0.25041141
34994.8  0.94444444  0.96818553  0.00106467  0.96818611 -0.25041141
34994.9  0.94444444  0.96818554  0.00106506  0.96818613 -0.25041139
34995.0  0.94444444  0.96818553  0.00106556  0.96818611 -0.25041140
34995.1  0.94444444  0.96818554  0.00106586  0.96818613 -0.25041139
34995.2  0.94444444  0.96818555  0.00106684  0.96818614 -0.25041138
34995.3  0.94444444  0.96818552  0.00106726  0.96818611 -0.25041141
34995.4  0.94444444  0.96818554  0.00106705  0.96818612 -0.25041141
34995.5  0.94444444  0.96818554  0.00106717  0.96818612 -0.25041141
34995.6  0.94444444  0.96818552  0.00106646  0.96818610 -0.25041143
34995.7  0.94444444  0.96818555  0.00106592  0.96818614 -0.25041141
34995.8  0.94444444  0.96818553  0.00106602  0.96818612 -0.25041142
34995.9  0.94444444  0.96818552  0.00106512  0.96818610 -0.25041143
34996.0  0.94444444  0.96818555  0.00106486  0.96818614 -0.25041140
34996.1  0.94444444  0.96818552  0.00106488  0.96818611 -0.25041142
34996.2  0.94444444  0.96818553  0.00106429  0.96818612 -0.25041141
34996.3  0.94444444  0.96818556  0.00106516  0.96818615 -0.25041138
34996.4  0.94444444  0.96818552  0.00106580  0.96818610 -0.25041141
34996.5  0.94444444  0.96818554  0.00106579  0.96818613 -0.25041139
34996.6  0.94444444  0.96818555  0.00106684  0.96818613 -0.25041139
34996.7  0.94444444  0.96818551  0.00106669  0.96818609 -0.25041142
34996.8  0.94444444  0.96818556  0.00106653  0.96818614 -0.25041139
34996.9  0.94444444  0.96818554  0.00106732  0.96818613 -0.25041141
34997.0  0.94444444  0.96818551  0.00106652  0.96818610 -0.25041143
34997.1  0.94444444  0.96818556  0.00106625  0.96818615 -0.25041140
34997.2  0.94444444  0.96818551  0.00106621  0.96818610 -0.25041144
34997.3  0.94444444  0.96818552  0.00106476  0.96818611 -0.25041143
34997.4  0.94444444  0.96818557  0.00106507  0.96818615 -0.25041139
34997.5  0.94444444  0.96818551  0.00106514  0.96818609 -0.25041143
34997.6  0.94444444  0.96818555  0.00106449  0.96818613 -0.25041140
34997.7  0.94444444  0.96818555  0.00106562  0.96818614 -0.25041139
34997.8  0.94444444  0.96818550  0.00106543  0.96818609 -0.25041143
34997.9  0.94444444  0.96818556  0.00106544  0.96818615 -0.25041138
34998.0  0.94444444  0.96818554  0.00106673  0.96818613 -0.25041140
34998.1  0.94444444  0.96818552  0.00106638  0.96818610 -0.25041142
34998.2  0.94444444  0.96818556  0.00106687  0.96818615 -0.25041138
34998.3  0.94444444  0.96818551  0.00106722  0.96818610 -0.25041143
34998.4  0.94444444  0.96818553  0.00106612  0.96818611 -0.25041142
34998.5  0.94444444  0.96818556  0.00106636  0.96818614 -0.25041140
34998.6  0.94444444  0.96818551  0.00106595  0.96818610 -0.25041144
34998.7  0.94444444  0.96818555  0.00106520  0.96818613 -0.25041141
34998.8  0.94444444  0.96818554  0.00106564  0.96818613 -0.25041141
34998.9  0.94444444  0.96818551  0.00106494  0.96818610 -0.25041143
34999.0  0.94444444  0.96818556  0.00106477  0.96818614 -0.25041139
34999.1  0.94444444  0.96818553  0.00106541  0.96818612 -0.25041141
34999.2  0.94444444  0.96818553  0.00106517  0.96818611 -0.25041140
34999.3  0.94444444  0.96818556  0.00106594  0.96818614 -0.25041138
34999.4  0.94444444  0.96818552  0.00106648  0.96818611 -0.25041141
34999.5  0.94444444  0.96818553  0.00106619  0.96818612 -0.25041140
34999.6  0.94444444  0.96818555  0.00106677  0.96818613 -0.25041140
34999.7  0.94444444  0.96818552  0.00106662  0.96818610 -0.25041142
34999.8  0.94444444  0.96818555  0.00106631  0.96818613 -0.25041140
34999.9  0.94444444  0.96818554  0.00106661  0.96818613 -0.25041141
35000.0  0.94444444  0.96818552  0.00106596  0.96818610 -0.25041143
35000.1  0.94444444  0.96818555  0.00106549  0.96818613 -0.25041141
35000.2  0.94444444  0.96818553  0.00106550  0.96818612 -0.25041142
35000.3  0.94444444  0.96818553  0.00106491  0.96818611 -0.25041142
35000.4  0.94444444  0.96818555  0.00106514  0.96818614 -0.25041139
35000.5  0.94444444  0.96818553  0.00106550  0.96818611 -0.25041141
35000.6  0.94444444  0.96818553  0.00106526  0.96818612 -0.25041140
35000.7  0.94444444  0.96818555  0.00106586  0.96818614 -0.25041139
35000.8  0.94444444  0.96818552  0.00106608  0.96818611 -0.25041141
35000.9  0.94444444  0.96818555  0.00106605  0.96818613 -0.25041139
35001.0  0.94444444  0.96818554  0.00106681  0.96818613 -0.25041140
35001.1  0.94444444  0.96818552  0.00106658  0.96818610 -0.25041142
35001.2  0.94444444  0.96818555  0.00106637  0.96818613 -0.25041140
35001.3  0.94444444  0.96818553  0.00106650  0.96818612 -0.25041142
35001.4  0.94444444  0.96818552  0.00106574  0.96818611 -0.25041142
35001.5  0.94444444  0.96818555  0.00106569  0.96818614 -0.25041140
35001.6  0.94444444  0.96818552  0.00106568  0.96818611 -0.25041142
35001.7  0.94444444  0.96818553  0.00106511  0.96818612 -0.25041141
35001.8  0.94444444  0.96818554  0.00106538  0.96818613 -0.25041140
35001.9  0.94444444  0.96818552  0.00106528  0.96818611 -0.25041142
35002.0  0.94444444  0.96818555  0.00106521  0.96818613 -0.25041139
35002.1  0.94444444  0.96818554  0.00106591  0.96818613 -0.25041140
35002.2  0.94444444  0.96818552  0.00106595  0.96818611 -0.25041141
35002.3  0.94444444  0.96818555  0.00106622  0.96818613 -0.25041139
35002.4  0.94444444  0.96818553  0.00106659  0.96818612 -0.25041141
35002.5  0.94444444  0.96818553  0.00106625  0.96818612 -0.25041141
35002.6  0.94444444  0.96818555  0.00106642  0.96818613 -0.25041140
35002.7  0.94444444  0.96818552  0.00106637  0.96818611 -0.25041142
35002.8  0.94444444  0.96818554  0.00106593  0.96818612 -0.25041141
35002.9  0.94444444  0.96818554  0.00106597  0.96818613 -0.25041141
35003.0  0.94444444  0.96818552  0.00106554  0.96818611 -0.25041142
35003.1  0.94444444  0.96818554  0.00106523  0.96818613 -0.25041141
35003.2  0.94444444  0.96818554  0.00106543  0.96818612 -0.25041141
35003.3  0.94444444  0.96818553  0.00106528  0.96818612 -0.25041141
35003.4  0.94444444  0.96818554  0.00106552  0.96818613 -0.25041140
35003.5  0.94444444  0.96818553  0.00106583  0.96818612 -0.25041141
35003.6  0.94444444  0.96818553  0.00106576  0.96818612 -0.25041140
35003.7  0.94444444  0.96818554  0.00106615  0.96818613 -0.25041140
35003.8  0.94444444  0.96818553  0.00106632  0.96818612 -0.25041141
35003.9  0.94444444  0.96818554  0.00106630  0.96818613 -0.25041140
35004.0  0.94444444  0.96818554  0.00106652  0.96818612 -0.25041141
35004.1  0.94444444  0.96818553  0.00106623  0.96818611 -0.25041142
35004.2  0.94444444  0.96818554  0.00106598  0.96818613 -0.25041141
35004.3  0.94444444  0.96818553  0.00106591  0.96818612 -0.25041142
35004.4  0.94444444  0.96818553  0.00106555  0.96818612 -0.25041142
35004.5  0.94444444  0.96818554  0.00106553  0.96818613 -0.25041141
35004.6  0.94444444  0.96818553  0.00106551  0.96818612 -0.25041141
35004.7  0.94444444  0.96818553  0.00106532  0.96818612 -0.25041141
35004.8  0.94444444  0.96818554  0.00106553  0.96818613 -0.25041140
35004.9  0.94444444  0.96818553  0.00106564  0.96818612 -0.25041141
35005.0  0.94444444  0.96818554  0.00106580  0.96818613 -0.25041140
35005.1  0.94444444  0.96818554  0.00106618  0.96818612 -0.25041140
35005.2  0.94444444  0.96818553  0.00106621  0.96818612 -0.25041141
35005.3  0.94444444  0.96818554  0.00106628  0.96818613 -0.25041140
35005.4  0.94444444  0.96818553  0.00106633  0.96818612 -0.25041141
35005.5  0.94444444  0.96818553  0.00106613  0.96818612 -0.25041141
35005.6  0.94444444  0.96818554  0.00106611  0.96818613 -0.25041141
35005.7  0.94444444  0.96818553  0.00106596  0.96818612 -0.25041142
35005.8  0.94444444  0.96818553  0.00106568  0.96818612 -0.25041141
35005.9  0.94444444  0.96818554  0.00106560  0.96818612 -0.25041141
35006.0  0.94444444  0.96818553  0.00106543  0.96818612 -0.25041141
35006.1  0.94444444  0.96818554  0.00106541  0.96818613 -0.25041140
35006.2  0.94444444  0.96818554  0.00106561  0.96818612 -0.25041140
35006.3  0.94444444  0.96818553  0.00106566  0.96818612 -0.25041141
35006.4  0.94444444  0.96818554  0.00106585  0.96818612 -0.25041140
35006.5  0.94444444  0.96818553  0.00106602  0.96818612 -0.25041141
35006.6  0.94444444  0.96818554  0.00106606  0.96818612 -0.25041140
35006.7  0.94444444  0.96818554  0.00106625  0.96818612 -0.25041140
35006.8  0.94444444  0.96818553  0.00106628  0.96818612 -0.25041141
35006.9  0.94444444  0.96818554  0.00106618  0.96818612 -0.25041141
35007.0  0.94444444  0.96818553  0.00106613  0.96818612 -0.25041141
35007.1  0.94444444  0.96818553  0.00106589  0.96818612 -0.25041141
35007.2  0.94444444  0.96818554  0.00106573  0.96818612 -0.25041141
35007.3  0.94444444  0.96818553  0.00106567  0.96818612 -0.25041141
35007.4  0.94444444  0.96818553  0.00106554  0.96818612 -0.25041141
35007.5  0.94444444  0.96818554  0.00106556  0.96818612 -0.25041141
35007.6  0.94444444  0.96818553  0.00106559  0.96818612 -0.25041141
35007.7  0.94444444  0.96818554  0.00106561  0.96818612 -0.25041140
35007.8  0.94444444  0.96818554  0.00106581  0.96818612 -0.25041140
35007.9  0.94444444  0.96818553  0.00106595  0.96818612 -0.25041140
35008.0  0.94444444  0.96818554  0.00106608  0.96818612 -0.25041140
35008.1  0.94444444  0.96818553  0.00106622  0.96818612 -0.25041141
35008.2  0.94444444  0.96818553  0.00106617  0.96818612 -0.25041141
35008.3  0.94444444  0.96818554  0.00106613  0.96818612 -0.25041141
35008.4  0.94444444  0.96818553  0.00106608  0.96818612 -0.25041141
35008.5  0.94444444  0.96818553  0.00106594  0.96818612 -0.25041141
35008.6  0.94444444  0.96818554  0.00106585  0.96818612 -0.25041141
35008.7  0.94444444  0.96818553  0.00106571  0.96818612 -0.25041141
35008.8  0.94444444  0.96818553  0.00106557  0.96818612 -0.25041141
35008.9  0.94444444  0.96818554  0.00106557  0.96818612 -0.25041141
35009.0  0.94444444  0.96818553  0.00106558  0.96818612 -0.25041141
35009.1  0.94444444  0.96818554  0.00106567  0.96818612 -0.25041140
35009.2  0.94444444  0.96818554  0.00106581  0.96818612 -0.25041140
35009.3  0.94444444  0.96818553  0.00106592  0.96818612 -0.25041141
35009.4  0.94444444  0.96818553  0.00106600  0.96818612 -0.25041141
35009.5  0.94444444  0.96818553  0.00106608  0.96818612 -0.25041141
35009.6  0.94444444  0.96818553  0.00106612  0.96818612 -0.25041141
35009.7  0.94444444  0.96818553  0.00106613  0.96818612 -0.25041141
35009.8  0.94444444  0.96818553  0.00106608  0.96818612 -0.25041141
35009.9  0.94444444  0.96818553  0.00106600  0.96818612 -0.25041141
35010.0  0.94444444  0.96818553  0.00106590  0.96818612 -0.25041141
35010.1  0.94444444  0.96818553  0.00106580  0.96818612 -0.25041141
35010.2  0.94444444  0.96818553  0.00106572  0.96818612 -0.25041141
35010.3  0.94444444  0.96818553  0.00106566  0.96818612 -0.25041141
35010.4  0.94444444  0.96818553  0.00106564  0.96818612 -0.25041141
35010.5  0.94444444  0.96818554  0.00106566  0.96818612 -0.25041141
35010.6  0.94444444  0.96818554  0.00106570  0.96818612 -0.25041141
35010.7  0.94444444  0.96818554  0.00106577  0.96818612 -0.25041141
35010.8  0.94444444  0.96818554  0.00106584  0.96818612 -0.25041141
35010.9  0.94444444  0.96818553  0.00106591  0.96818612 -0.25041141
35011.0  0.94444444  0.96818553  0.00106597  0.96818612 -0.25041141
35011.1  0.94444444  0.96818553  0.00106601  0.96818612 -0.25041141
35011.2  0.94444444  0.96818553  0.00106602  0.96818612 -0.25041141
35011.3  0.94444444  0.96818553  0.00106602  0.96818612 -0.25041141
35011.4  0.94444444  0.96818553  0.00106599  0.96818612 -0.25041141
35011.5  0.94444444  0.96818553  0.00106595  0.96818612 -0.25041141
35011.6  0.94444444  0.96818553  0.00106590  0.96818612 -0.25041141
35011.7  0.94444444  0.96818553  0.00106585  0.96818612 -0.25041141
35011.8  0.94444444  0.96818553  0.00106582  0.96818612 -0.25041141
35011.9  0.94444444  0.96818553  0.00106578  0.96818612 -0.25041141
35012.0  0.94444444  0.96818553  0.00106577  0.96818612 -0.25041141
35012.1  0.94444444  0.96818553  0.00106577  0.96818612 -0.25041141
35012.2  0.94444444  0.96818553  0.00106578  0.96818612 -0.25041141
35012.3  0.94444444  0.96818553  0.00106580  0.96818612 -0.25041141
35012.4  0.94444444  0.96818553  0.00106583  0.96818612 -0.25041141
35012.5  0.94444444  0.96818553  0.00106585  0.96818612 -0.25041141
35012.6  0.94444444  0.96818553  0.00106587  0.96818612 -0.25041141
35012.7  0.94444444  0.96818553  0.00106589  0.96818612 -0.25041141
35012.8  0.94444444  0.96818553  0.00106592  0.96818612 -0.25041141
35012.9  0.94444444  0.96818553  0.00106593  0.96818612 -0.25041141
35013.0  0.94444444  0.96818553  0.00106594  0.96818612 -0.25041141
35013.1  0.94444444  0.96818553  0.00106594  0.96818612 -0.25041141
35013.2  0.94444444  0.96818553  0.00106593  0.96818612 -0.25041141
35013.3  0.94444444  0.96818553  0.00106593  0.96818612 -0.25041141
35013.4  0.94444444  0.96818553  0.00106592  0.96818612 -0.25041141
35013.5  0.94444444  0.96818553  0.00106590  0.96818612 -0.25041141
35013.6  0.94444444  0.96818553  0.00106588  0.96818612 -0.25041141
35013.7  0.94444444  0.96818553  0.00106587  0.96818612 -0.25041141
35013.8  0.94444444  0.96818553  0.00106586  0.96818612 -0.25041141
35013.9  0.94444444  0.96818553  0.00106585  0.96818612 -0.25041141
35014.0  0.94444444  0.96818553  0.00106584  0.96818612 -0.25041141
35014.1  0.94444444  0.96818553  0.00106584  0.96818612 -0.25041141
35014.2  0.94444444  0.96818553  0.00106585  0.96818612 -0.25041141
35014.3  0.94444444  0.96818553  0.00106585  0.96818612 -0.25041141
35014.4  0.94444444  0.96818553  0.00106585  0.96818612 -0.25041141
35014.5  0.94444444  0.96818553  0.00106586  0.96818612 -0.25041141
35014.6  0.94444444  0.96818553  0.00106586  0.96818612 -0.25041141
35014.7  0.94444444  0.96818553  0.00106586  0.96818612 -0.25041141
35014.8  0.94444444  0.96818553  0.00106586  0.96818612 -0.25041141
35014.9  0.94444444  0.96818553  0.00106587  0.96818612 -0.25041141
35015.0  0.94444444  0.96818553  0.00106587  0.96818612 -0.25041141
35015.1  0.94444444  0.96818553  0.00106587  0.96818612 -0.25041141
35015.2  0.94444444  0.96818553  0.00106587  0.96818612 -0.25041141
35015.3  0.94444444  0.96818553  0.00106587  0.96818612 -0.25041141
35015.4  0.94444444  0.96818553  0.00106587  0.96818612 -0.25041141
35015.5  0.94444444  0.96818553  0.00106587  0.96818612 -0.25041141
35015.6  0.94444444  0.96818553  0.00106587  0.96818612 -0.25041141
35015.7  0.94444444  0.96818553  0.00106587  0.96818612 -0.25041141
35015.8  0.94444444  0.96818553  0.00106587  0.96818612 -0.25041141
