 # AA:        120019.02243261988     
 # FLEGG:     132643.24273798766     
 # AF0:     -5.33308614247767210E-002
 # CPAR:      555.55779854881382     
 # Diff:     0.12463198212018202     
 # TF:       2.19089023002066404E-007
 # H:         284.00000000000000     
 # GRAD:     0.10000000000000001     
 # HR:       3.00000000000000006E-003
 # LP:       0.17995999777933253     
 # TIME  LP  TMAB  TMDS  TMPC  TMZ
 7656.3  0.94444444  0.96794979  0.00017248  0.96794981 -0.25132514
 7656.4  0.94444444  0.96795492 -0.00136280  0.96795588 -0.25129890
 7656.5  0.94444444  0.96796031 -0.00253464  0.96796362 -0.25126531
 7656.6  0.94444444  0.96796695 -0.00327027  0.96797247 -0.25122689
 7656.7  0.94444444  0.96797553 -0.00352795  0.96798196 -0.25118628
 7656.8  0.94444444  0.96798573 -0.00329871  0.96799135 -0.25114641
 7656.9  0.94444444  0.96799629 -0.00260958  0.96799980 -0.25111020
 7657.0  0.94444444  0.96800561 -0.00152063  0.96800681 -0.25108005
 7657.1  0.94444444  0.96801192 -0.00011845  0.96801193 -0.25105789
 7657.2  0.94444444  0.96801373  0.00148970  0.96801488 -0.25104509
 7657.3  0.94444444  0.96801042  0.00318604  0.96801567 -0.25104218
 7657.4  0.94444444  0.96800211  0.00485203  0.96801427 -0.25104917
 7657.5  0.94444444  0.96798974  0.00637520  0.96801073 -0.25106544
 7657.6  0.94444444  0.96797497  0.00765582  0.96800525 -0.25108977
 7657.7  0.94444444  0.96795974  0.00860961  0.96799803 -0.25112049
 7657.8  0.94444444  0.96794618  0.00917202  0.96798964 -0.25115529
 7657.9  0.94444444  0.96793617  0.00930722  0.96798091 -0.25119143
 7658.0  0.94444444  0.96793073  0.00901370  0.96797270 -0.25122613
 7658.1  0.94444444  0.96792985  0.00832441  0.96796564 -0.25125691
 7658.2  0.94444444  0.96793243  0.00730020  0.96795996 -0.25128190
 7658.3  0.94444444  0.96793698  0.00601968  0.96795570 -0.25129971
 7658.4  0.94444444  0.96794244  0.00457458  0.96795325 -0.25130917
 7658.5  0.94444444  0.96794823  0.00306905  0.96795309 -0.25130952
 7658.6  0.94444444  0.96795396  0.00161331  0.96795531 -0.25130083
 7658.7  0.94444444  0.96795939  0.00031244  0.96795944 -0.25128414
 7658.8  0.94444444  0.96796455 -0.00074558  0.96796484 -0.25126107
 7658.9  0.94444444  0.96796998 -0.00149532  0.96797113 -0.25123336
 7659.0  0.94444444  0.96797628 -0.00189324  0.96797813 -0.25120284
 7659.1  0.94444444  0.96798356 -0.00191853  0.96798546 -0.25117158
 7659.2  0.94444444  0.96799127 -0.00157537  0.96799256 -0.25114184
 7659.3  0.94444444  0.96799834 -0.00089449  0.96799875 -0.25111580
 7659.4  0.94444444  0.96800351  0.00006817  0.96800351 -0.25109531
 7659.5  0.94444444  0.96800581  0.00123642  0.96800659 -0.25108164
 7659.6  0.94444444  0.96800465  0.00252147  0.96800793 -0.25107550
 7659.7  0.94444444  0.96800001  0.00382976  0.96800759 -0.25107706
 7659.8  0.94444444  0.96799239  0.00507043  0.96800567 -0.25108600
 7659.9  0.94444444  0.96798263  0.00616105  0.96800224 -0.25110162
 7660.0  0.94444444  0.96797186  0.00703065  0.96799739 -0.25112283
 7660.1  0.94444444  0.96796139  0.00762213  0.96799140 -0.25114812
 7660.2  0.94444444  0.96795254  0.00789653  0.96798475 -0.25117559
 7660.3  0.94444444  0.96794642  0.00783889  0.96797816 -0.25120305
 7660.4  0.94444444  0.96794349  0.00746146  0.96797224 -0.25122843
 7660.5  0.94444444  0.96794344  0.00680111  0.96796733 -0.25125004
 7660.6  0.94444444  0.96794543  0.00591213  0.96796349 -0.25126666
 7660.7  0.94444444  0.96794864  0.00485992  0.96796084 -0.25127735
 7660.8  0.94444444  0.96795258  0.00371899  0.96795972 -0.25128133
 7660.9  0.94444444  0.96795703  0.00257154  0.96796045 -0.25127825
 7661.0  0.94444444  0.96796177  0.00150146  0.96796293 -0.25126850
 7661.1  0.94444444  0.96796652  0.00058471  0.96796670 -0.25125311
 7661.2  0.94444444  0.96797126 -0.00011854  0.96797127 -0.25123347
 7661.3  0.94444444  0.96797621 -0.00056642  0.96797638 -0.25121097
 7661.4  0.94444444  0.96798160 -0.00073461  0.96798188 -0.25118708
 7661.5  0.94444444  0.96798727 -0.00061647  0.96798747 -0.25116343
 7661.6  0.94444444  0.96799265 -0.00022446  0.96799268 -0.25114174
 7661.7  0.94444444  0.96799691  0.00040899  0.96799700 -0.25112359
 7661.8  0.94444444  0.96799928  0.00123323  0.96800007 -0.25111027
 7661.9  0.94444444  0.96799929  0.00218400  0.96800175 -0.25110256
 7662.0  0.94444444  0.96799682  0.00318996  0.96800208 -0.25110078
 7662.1  0.94444444  0.96799214  0.00417910  0.96800116 -0.25110484
 7662.2  0.94444444  0.96798573  0.00508393  0.96799908 -0.25111433
 7662.3  0.94444444  0.96797825  0.00584496  0.96799590 -0.25112855
 7662.4  0.94444444  0.96797049  0.00641265  0.96799173 -0.25114652
 7662.5  0.94444444  0.96796331  0.00674975  0.96798684 -0.25116693
 7662.6  0.94444444  0.96795759  0.00683528  0.96798172 -0.25118819
 7662.7  0.94444444  0.96795392  0.00666812  0.96797688 -0.25120865
 7662.8  0.94444444  0.96795242  0.00626741  0.96797271 -0.25122684
 7662.9  0.94444444  0.96795275  0.00566880  0.96796935 -0.25124165
 7663.0  0.94444444  0.96795434  0.00491872  0.96796684 -0.25125224
 7663.1  0.94444444  0.96795680  0.00407102  0.96796536 -0.25125798
 7663.2  0.94444444  0.96795991  0.00318574  0.96796515 -0.25125841
 7663.3  0.94444444  0.96796355  0.00232678  0.96796635 -0.25125352
 7663.4  0.94444444  0.96796752  0.00155623  0.96796877 -0.25124383
 7663.5  0.94444444  0.96797158  0.00092744  0.96797202 -0.25123027
 7663.6  0.94444444  0.96797566  0.00048023  0.96797578 -0.25121396
 7663.7  0.94444444  0.96797983  0.00023997  0.96797986 -0.25119603
 7663.8  0.94444444  0.96798409  0.00021832  0.96798412 -0.25117765
 7663.9  0.94444444  0.96798821  0.00041309  0.96798830 -0.25116007
 7664.0  0.94444444  0.96799169  0.00080757  0.96799203 -0.25114458
 7664.1  0.94444444  0.96799397  0.00137029  0.96799494 -0.25113232
 7664.2  0.94444444  0.96799462  0.00205706  0.96799681 -0.25112412
 7664.3  0.94444444  0.96799349  0.00281523  0.96799758 -0.25112041
 7664.4  0.94444444  0.96799068  0.00358893  0.96799733 -0.25112128
 7664.5  0.94444444  0.96798650  0.00432385  0.96799616 -0.25112651
 7664.6  0.94444444  0.96798137  0.00497067  0.96799413 -0.25113567
 7664.7  0.94444444  0.96797575  0.00548712  0.96799130 -0.25114812
 7664.8  0.94444444  0.96797019  0.00583942  0.96798780 -0.25116297
 7664.9  0.94444444  0.96796530  0.00600482  0.96798392 -0.25117912
 7665.0  0.94444444  0.96796162  0.00597454  0.96798006 -0.25119529
 7665.1  0.94444444  0.96795946  0.00575552  0.96797657 -0.25121028
 7665.2  0.94444444  0.96795877  0.00536906  0.96797366 -0.25122307
 7665.3  0.94444444  0.96795925  0.00484712  0.96797139 -0.25123293
 7665.4  0.94444444  0.96796060  0.00422861  0.96796984 -0.25123928
 7665.5  0.94444444  0.96796262  0.00355745  0.96796915 -0.25124171
 7665.6  0.94444444  0.96796522  0.00288143  0.96796950 -0.25124004
 7665.7  0.94444444  0.96796827  0.00224931  0.96797089 -0.25123442
 7665.8  0.94444444  0.96797158  0.00170606  0.96797309 -0.25122542
 7665.9  0.94444444  0.96797496  0.00128806  0.96797581 -0.25121385
 7666.0  0.94444444  0.96797832  0.00102071  0.96797885 -0.25120059
 7666.1  0.94444444  0.96798164  0.00091822  0.96798208 -0.25118652
 7666.2  0.94444444  0.96798484  0.00098415  0.96798534 -0.25117259
 7666.3  0.94444444  0.96798766  0.00121120  0.96798841 -0.25115976
 7666.4  0.94444444  0.96798972  0.00158097  0.96799101 -0.25114897
 7666.5  0.94444444  0.96799069  0.00206445  0.96799289 -0.25114100
 7666.6  0.94444444  0.96799038  0.00262423  0.96799393 -0.25113635
 7666.7  0.94444444  0.96798879  0.00321819  0.96799414 -0.25113523
 7666.8  0.94444444  0.96798611  0.00380351  0.96799358 -0.25113758
 7666.9  0.94444444  0.96798260  0.00433990  0.96799233 -0.25114315
 7667.0  0.94444444  0.96797858  0.00479174  0.96799044 -0.25115152
 7667.1  0.94444444  0.96797440  0.00512948  0.96798799 -0.25116210
 7667.2  0.94444444  0.96797045  0.00533110  0.96798513 -0.25117411
 7667.3  0.94444444  0.96796715  0.00538432  0.96798212 -0.25118664
 7667.4  0.94444444  0.96796482  0.00528832  0.96797927 -0.25119873
 7667.5  0.94444444  0.96796359  0.00505402  0.96797678 -0.25120951
 7667.6  0.94444444  0.96796335  0.00470211  0.96797478 -0.25121829
 7667.7  0.94444444  0.96796392  0.00426016  0.96797330 -0.25122458
 7667.8  0.94444444  0.96796513  0.00376033  0.96797243 -0.25122800
 7667.9  0.94444444  0.96796688  0.00323812  0.96797230 -0.25122831
 7668.0  0.94444444  0.96796911  0.00273086  0.96797296 -0.25122550
 7668.1  0.94444444  0.96797167  0.00227486  0.96797434 -0.25121985
 7668.2  0.94444444  0.96797439  0.00190179  0.96797626 -0.25121188
 7668.3  0.94444444  0.96797712  0.00163575  0.96797851 -0.25120225
 7668.4  0.94444444  0.96797979  0.00149210  0.96798094 -0.25119166
 7668.5  0.94444444  0.96798232  0.00147763  0.96798344 -0.25118081
 7668.6  0.94444444  0.96798459  0.00159079  0.96798589 -0.25117044
 7668.7  0.94444444  0.96798638  0.00182162  0.96798809 -0.25116127
 7668.8  0.94444444  0.96798745  0.00215186  0.96798984 -0.25115399
 7668.9  0.94444444  0.96798760  0.00255588  0.96799098 -0.25114909
 7669.0  0.94444444  0.96798680  0.00300290  0.96799146 -0.25114684
 7669.1  0.94444444  0.96798514  0.00345996  0.96799132 -0.25114731
 7669.2  0.94444444  0.96798278  0.00389482  0.96799062 -0.25115038
 7669.3  0.94444444  0.96797994  0.00427805  0.96798940 -0.25115577
 7669.4  0.94444444  0.96797686  0.00458441  0.96798772 -0.25116310
 7669.5  0.94444444  0.96797379  0.00479389  0.96798566 -0.25117185
 7669.6  0.94444444  0.96797102  0.00489317  0.96798338 -0.25118136
 7669.7  0.94444444  0.96796883  0.00487712  0.96798111 -0.25119091
 7669.8  0.94444444  0.96796739  0.00474959  0.96797904 -0.25119977
 7669.9  0.94444444  0.96796674  0.00452279  0.96797731 -0.25120735
 7670.0  0.94444444  0.96796678  0.00421544  0.96797596 -0.25121320
 7670.1  0.94444444  0.96796740  0.00385072  0.96797506 -0.25121697
 7670.2  0.94444444  0.96796851  0.00345483  0.96797467 -0.25121842
 7670.3  0.94444444  0.96797005  0.00305593  0.96797487 -0.25121747
 7670.4  0.94444444  0.96797194  0.00268251  0.96797565 -0.25121421
 7670.5  0.94444444  0.96797405  0.00236093  0.96797693 -0.25120894
 7670.6  0.94444444  0.96797624  0.00211290  0.96797854 -0.25120212
 7670.7  0.94444444  0.96797838  0.00195378  0.96798035 -0.25119428
 7670.8  0.94444444  0.96798041  0.00189214  0.96798226 -0.25118598
 7670.9  0.94444444  0.96798225  0.00192996  0.96798418 -0.25117776
 7671.0  0.94444444  0.96798378  0.00206276  0.96798597 -0.25117019
 7671.1  0.94444444  0.96798482  0.00227967  0.96798750 -0.25116381
 7671.2  0.94444444  0.96798523  0.00256377  0.96798863 -0.25115908
 7671.3  0.94444444  0.96798494  0.00289326  0.96798926 -0.25115629
 7671.4  0.94444444  0.96798397  0.00324346  0.96798940 -0.25115559
 7671.5  0.94444444  0.96798242  0.00358910  0.96798907 -0.25115695
 7671.6  0.94444444  0.96798045  0.00390628  0.96798833 -0.25116022
 7671.7  0.94444444  0.96797821  0.00417381  0.96798721 -0.25116514
 7671.8  0.94444444  0.96797588  0.00437415  0.96798577 -0.25117136
 7671.9  0.94444444  0.96797366  0.00449438  0.96798409 -0.25117843
 7672.0  0.94444444  0.96797174  0.00452727  0.96798233 -0.25118582
 7672.1  0.94444444  0.96797032  0.00447225  0.96798065 -0.25119295
 7672.2  0.94444444  0.96796946  0.00433547  0.96797917 -0.25119933
 7672.3  0.94444444  0.96796917  0.00412889  0.96797797 -0.25120455
 7672.4  0.94444444  0.96796937  0.00386874  0.96797710 -0.25120828
 7672.5  0.94444444  0.96797000  0.00357419  0.96797660 -0.25121032
 7672.6  0.94444444  0.96797101  0.00326617  0.96797652 -0.25121053
 7672.7  0.94444444  0.96797235  0.00296666  0.96797689 -0.25120891
 7672.8  0.94444444  0.96797393  0.00269694  0.96797769 -0.25120561
 7672.9  0.94444444  0.96797564  0.00247571  0.96797881 -0.25120093
 7673.0  0.94444444  0.96797736  0.00231742  0.96798013 -0.25119526
 7673.1  0.94444444  0.96797900  0.00223139  0.96798158 -0.25118900
 7673.2  0.94444444  0.96798051  0.00222173  0.96798306 -0.25118260
 7673.3  0.94444444  0.96798179  0.00228744  0.96798449 -0.25117647
 7673.4  0.94444444  0.96798276  0.00242262  0.96798579 -0.25117106
 7673.5  0.94444444  0.96798329  0.00261654  0.96798682 -0.25116674
 7673.6  0.94444444  0.96798330  0.00285423  0.96798751 -0.25116382
 7673.7  0.94444444  0.96798279  0.00311765  0.96798781 -0.25116246
 7673.8  0.94444444  0.96798181  0.00338743  0.96798774 -0.25116271
 7673.9  0.94444444  0.96798047  0.00364449  0.96798733 -0.25116449
 7674.0  0.94444444  0.96797887  0.00387138  0.96798661 -0.25116766
 7674.1  0.94444444  0.96797713  0.00405305  0.96798561 -0.25117197
 7674.2  0.94444444  0.96797539  0.00417768  0.96798440 -0.25117712
 7674.3  0.94444444  0.96797379  0.00423741  0.96798307 -0.25118273
 7674.4  0.94444444  0.96797249  0.00422918  0.96798173 -0.25118835
 7674.5  0.94444444  0.96797159  0.00415516  0.96798050 -0.25119360
 7674.6  0.94444444  0.96797111  0.00402232  0.96797947 -0.25119810
 7674.7  0.94444444  0.96797104  0.00384158  0.96797866 -0.25120157
 7674.8  0.94444444  0.96797133  0.00362664  0.96797813 -0.25120382
 7674.9  0.94444444  0.96797195  0.00339304  0.96797790 -0.25120470
 7675.0  0.94444444  0.96797286  0.00315746  0.96797801 -0.25120416
 7675.1  0.94444444  0.96797401  0.00293664  0.96797847 -0.25120225
 7675.2  0.94444444  0.96797531  0.00274612  0.96797921 -0.25119917
 7675.3  0.94444444  0.96797667  0.00259877  0.96798016 -0.25119515
 7675.4  0.94444444  0.96797799  0.00250384  0.96798123 -0.25119053
 7675.5  0.94444444  0.96797922  0.00246654  0.96798237 -0.25118562
 7675.6  0.94444444  0.96798030  0.00248807  0.96798350 -0.25118076
 7675.7  0.94444444  0.96798116  0.00256577  0.96798456 -0.25117629
 7675.8  0.94444444  0.96798171  0.00269320  0.96798546 -0.25117251
 7675.9  0.94444444  0.96798190  0.00286040  0.96798613 -0.25116970
 7676.0  0.94444444  0.96798169  0.00305459  0.96798651 -0.25116804
 7676.1  0.94444444  0.96798111  0.00326127  0.96798660 -0.25116760
 7676.2  0.94444444  0.96798021  0.00346550  0.96798641 -0.25116839
 7676.3  0.94444444  0.96797908  0.00365313  0.96798597 -0.25117031
 7676.4  0.94444444  0.96797781  0.00381155  0.96798531 -0.25117320
 7676.5  0.94444444  0.96797648  0.00393039  0.96798446 -0.25117687
 7676.6  0.94444444  0.96797520  0.00400200  0.96798347 -0.25118103
 7676.7  0.94444444  0.96797408  0.00402216  0.96798244 -0.25118538
 7676.8  0.94444444  0.96797322  0.00399047  0.96798144 -0.25118960
 7676.9  0.94444444  0.96797266  0.00391048  0.96798056 -0.25119338
 7677.0  0.94444444  0.96797243  0.00378911  0.96797985 -0.25119647
 7677.1  0.94444444  0.96797250  0.00363590  0.96797933 -0.25119869
 7677.2  0.94444444  0.96797285  0.00346219  0.96797904 -0.25119990
 7677.3  0.94444444  0.96797343  0.00328043  0.96797899 -0.25120004
 7677.4  0.94444444  0.96797423  0.00310355  0.96797921 -0.25119910
 7677.5  0.94444444  0.96797519  0.00294407  0.96797967 -0.25119717
 7677.6  0.94444444  0.96797624  0.00281300  0.96798033 -0.25119442
 7677.7  0.94444444  0.96797729  0.00271894  0.96798111 -0.25119107
 7677.8  0.94444444  0.96797829  0.00266752  0.96798197 -0.25118738
 7677.9  0.94444444  0.96797918  0.00266122  0.96798284 -0.25118360
 7678.0  0.94444444  0.96797993  0.00269948  0.96798369 -0.25117998
 7678.1  0.94444444  0.96798046  0.00277877  0.96798445 -0.25117678
 7678.2  0.94444444  0.96798074  0.00289277  0.96798506 -0.25117423
 7678.3  0.94444444  0.96798072  0.00303268  0.96798547 -0.25117249
 7678.4  0.94444444  0.96798040  0.00318794  0.96798565 -0.25117167
 7678.5  0.94444444  0.96797983  0.00334708  0.96798561 -0.25117180
 7678.6  0.94444444  0.96797905  0.00349891  0.96798537 -0.25117285
 7678.7  0.94444444  0.96797813  0.00363314  0.96798495 -0.25117471
 7678.8  0.94444444  0.96797713  0.00374075  0.96798436 -0.25117724
 7678.9  0.94444444  0.96797614  0.00381480  0.96798365 -0.25118027
 7679.0  0.94444444  0.96797521  0.00385068  0.96798287 -0.25118357
 7679.1  0.94444444  0.96797444  0.00384653  0.96798208 -0.25118689
 7679.2  0.94444444  0.96797388  0.00380349  0.96798135 -0.25118999
 7679.3  0.94444444  0.96797357  0.00372561  0.96798074 -0.25119266
 7679.4  0.94444444  0.96797350  0.00361933  0.96798026 -0.25119472
 7679.5  0.94444444  0.96797365  0.00349274  0.96797995 -0.25119606
 7679.6  0.94444444  0.96797400  0.00335502  0.96797981 -0.25119659
 7679.7  0.94444444  0.96797453  0.00321596  0.96797987 -0.25119628
 7679.8  0.94444444  0.96797522  0.00308544  0.96798013 -0.25119518
 7679.9  0.94444444  0.96797600  0.00297263  0.96798057 -0.25119336
 7680.0  0.94444444  0.96797683  0.00288518  0.96798113 -0.25119100
 7680.1  0.94444444  0.96797763  0.00282861  0.96798176 -0.25118828
 7680.2  0.94444444  0.96797836  0.00280601  0.96798243 -0.25118538
 7680.3  0.94444444  0.96797899  0.00281815  0.96798310 -0.25118251
 7680.4  0.94444444  0.96797949  0.00286349  0.96798372 -0.25117987
 7680.5  0.94444444  0.96797980  0.00293826  0.96798426 -0.25117763
 7680.6  0.94444444  0.96797989  0.00303662  0.96798466 -0.25117596
 7680.7  0.94444444  0.96797976  0.00315107  0.96798489 -0.25117496
 7680.8  0.94444444  0.96797941  0.00327304  0.96798494 -0.25117470
 7680.9  0.94444444  0.96797888  0.00339371  0.96798483 -0.25117515
 7681.0  0.94444444  0.96797823  0.00350470  0.96798458 -0.25117627
 7681.1  0.94444444  0.96797750  0.00359856  0.96798419 -0.25117797
 7681.2  0.94444444  0.96797673  0.00366914  0.96798369 -0.25118013
 7681.3  0.94444444  0.96797599  0.00371191  0.96798311 -0.25118258
 7681.4  0.94444444  0.96797533  0.00372431  0.96798249 -0.25118515
 7681.5  0.94444444  0.96797481  0.00370610  0.96798191 -0.25118764
 7681.6  0.94444444  0.96797447  0.00365931  0.96798139 -0.25118988
 7681.7  0.94444444  0.96797431  0.00358801  0.96798096 -0.25119171
 7681.8  0.94444444  0.96797433  0.00349781  0.96798065 -0.25119303
 7681.9  0.94444444  0.96797452  0.00339538  0.96798048 -0.25119376
 7682.0  0.94444444  0.96797486  0.00328808  0.96798045 -0.25119385
 7682.1  0.94444444  0.96797534  0.00318352  0.96798057 -0.25119331
 7682.2  0.94444444  0.96797591  0.00308910  0.96798084 -0.25119218
 7682.3  0.94444444  0.96797654  0.00301135  0.96798123 -0.25119056
 7682.4  0.94444444  0.96797718  0.00295541  0.96798169 -0.25118859
 7682.5  0.94444444  0.96797778  0.00292462  0.96798220 -0.25118641
 7682.6  0.94444444  0.96797831  0.00292048  0.96798271 -0.25118417
 7682.7  0.94444444  0.96797874  0.00294268  0.96798321 -0.25118204
 7682.8  0.94444444  0.96797905  0.00298915  0.96798367 -0.25118014
 7682.9  0.94444444  0.96797920  0.00305621  0.96798403 -0.25117862
 7683.0  0.94444444  0.96797918  0.00313867  0.96798427 -0.25117759
 7683.1  0.94444444  0.96797899  0.00323031  0.96798438 -0.25117710
 7683.2  0.94444444  0.96797865  0.00332439  0.96798436 -0.25117717
 7683.3  0.94444444  0.96797820  0.00341421  0.96798422 -0.25117778
 7683.4  0.94444444  0.96797766  0.00349365  0.96798397 -0.25117887
 7683.5  0.94444444  0.96797709  0.00355744  0.96798362 -0.25118036
 7683.6  0.94444444  0.96797651  0.00360144  0.96798321 -0.25118215
 7683.7  0.94444444  0.96797596  0.00362290  0.96798274 -0.25118410
 7683.8  0.94444444  0.96797551  0.00362074  0.96798228 -0.25118606
 7683.9  0.94444444  0.96797517  0.00359562  0.96798185 -0.25118789
 7684.0  0.94444444  0.96797497  0.00354991  0.96798148 -0.25118947
 7684.1  0.94444444  0.96797492  0.00348738  0.96798120 -0.25119069
 7684.2  0.94444444  0.96797500  0.00341277  0.96798101 -0.25119149
 7684.3  0.94444444  0.96797520  0.00333152  0.96798093 -0.25119181
 7684.4  0.94444444  0.96797551  0.00324942  0.96798097 -0.25119163
 7684.5  0.94444444  0.96797592  0.00317229  0.96798112 -0.25119099
 7684.6  0.94444444  0.96797639  0.00310553  0.96798137 -0.25118992
 7684.7  0.94444444  0.96797689  0.00305366  0.96798170 -0.25118853
 7684.8  0.94444444  0.96797737  0.00301998  0.96798208 -0.25118692
 7684.9  0.94444444  0.96797781  0.00300637  0.96798248 -0.25118521
 7685.0  0.94444444  0.96797818  0.00301329  0.96798287 -0.25118352
 7685.1  0.94444444  0.96797846  0.00303981  0.96798324 -0.25118196
 7685.2  0.94444444  0.96797864  0.00308372  0.96798355 -0.25118063
 7685.3  0.94444444  0.96797869  0.00314160  0.96798379 -0.25117964
 7685.4  0.94444444  0.96797861  0.00320902  0.96798393 -0.25117905
 7685.5  0.94444444  0.96797840  0.00328097  0.96798396 -0.25117889
 7685.6  0.94444444  0.96797809  0.00335224  0.96798390 -0.25117915
 7685.7  0.94444444  0.96797771  0.00341785  0.96798375 -0.25117981
 7685.8  0.94444444  0.96797728  0.00347340  0.96798352 -0.25118081
 7685.9  0.94444444  0.96797684  0.00351523  0.96798322 -0.25118208
 7686.0  0.94444444  0.96797641  0.00354068  0.96798288 -0.25118352
 7686.1  0.94444444  0.96797602  0.00354825  0.96798252 -0.25118503
 7686.2  0.94444444  0.96797571  0.00353777  0.96798217 -0.25118651
 7686.3  0.94444444  0.96797550  0.00351042  0.96798187 -0.25118783
 7686.4  0.94444444  0.96797540  0.00346854  0.96798162 -0.25118891
 7686.5  0.94444444  0.96797541  0.00341545  0.96798143 -0.25118970
 7686.6  0.94444444  0.96797551  0.00335510  0.96798133 -0.25119013
 7686.7  0.94444444  0.96797571  0.00329182  0.96798131 -0.25119019
 7686.8  0.94444444  0.96797599  0.00323010  0.96798138 -0.25118987
 7686.9  0.94444444  0.96797633  0.00317430  0.96798154 -0.25118921
 7687.0  0.94444444  0.96797671  0.00312826  0.96798176 -0.25118827
 7687.1  0.94444444  0.96797709  0.00309503  0.96798204 -0.25118710
 7687.2  0.94444444  0.96797745  0.00307661  0.96798234 -0.25118582
 7687.3  0.94444444  0.96797776  0.00307393  0.96798264 -0.25118450
 7687.4  0.94444444  0.96797802  0.00308681  0.96798294 -0.25118324
 7687.5  0.94444444  0.96797819  0.00311402  0.96798320 -0.25118212
 7687.6  0.94444444  0.96797828  0.00315341  0.96798342 -0.25118122
 7687.7  0.94444444  0.96797827  0.00320192  0.96798356 -0.25118060
 7687.8  0.94444444  0.96797815  0.00325592  0.96798363 -0.25118031
 7687.9  0.94444444  0.96797796  0.00331143  0.96798362 -0.25118034
 7688.0  0.94444444  0.96797769  0.00336451  0.96798354 -0.25118070
 7688.1  0.94444444  0.96797738  0.00341152  0.96798339 -0.25118134
 7688.2  0.94444444  0.96797704  0.00344932  0.96798319 -0.25118222
 7688.3  0.94444444  0.96797670  0.00347547  0.96798294 -0.25118327
 7688.4  0.94444444  0.96797638  0.00348834  0.96798267 -0.25118442
 7688.5  0.94444444  0.96797611  0.00348729  0.96798239 -0.25118557
 7688.6  0.94444444  0.96797591  0.00347270  0.96798214 -0.25118666
 7688.7  0.94444444  0.96797579  0.00344592  0.96798192 -0.25118759
 7688.8  0.94444444  0.96797575  0.00340915  0.96798175 -0.25118832
 7688.9  0.94444444  0.96797579  0.00336520  0.96798164 -0.25118879
 7689.0  0.94444444  0.96797591  0.00331728  0.96798160 -0.25118898
 7689.1  0.94444444  0.96797610  0.00326883  0.96798162 -0.25118888
 7689.2  0.94444444  0.96797634  0.00322325  0.96798170 -0.25118851
 7689.3  0.94444444  0.96797662  0.00318373  0.96798185 -0.25118788
 7689.4  0.94444444  0.96797691  0.00315296  0.96798204 -0.25118707
 7689.5  0.94444444  0.96797720  0.00313288  0.96798227 -0.25118612
 7689.6  0.94444444  0.96797746  0.00312465  0.96798250 -0.25118511
 7689.7  0.94444444  0.96797768  0.00312855  0.96798273 -0.25118411
 7689.8  0.94444444  0.96797785  0.00314405  0.96798295 -0.25118318
 7689.9  0.94444444  0.96797795  0.00316983  0.96798314 -0.25118240
 7690.0  0.94444444  0.96797798  0.00320387  0.96798328 -0.25118181
 7690.1  0.94444444  0.96797793  0.00324359  0.96798336 -0.25118146
 7690.2  0.94444444  0.96797781  0.00328604  0.96798338 -0.25118136
 7690.3  0.94444444  0.96797763  0.00332814  0.96798335 -0.25118151
 7690.4  0.94444444  0.96797740  0.00336695  0.96798326 -0.25118189
 7690.5  0.94444444  0.96797715  0.00339985  0.96798312 -0.25118248
 7690.6  0.94444444  0.96797689  0.00342466  0.96798295 -0.25118323
 7690.7  0.94444444  0.96797664  0.00343983  0.96798275 -0.25118408
 7690.8  0.94444444  0.96797641  0.00344445  0.96798254 -0.25118497
 7690.9  0.94444444  0.96797622  0.00343843  0.96798233 -0.25118584
 7691.0  0.94444444  0.96797610  0.00342243  0.96798215 -0.25118663
 7691.1  0.94444444  0.96797603  0.00339782  0.96798200 -0.25118727
 7691.2  0.94444444  0.96797604  0.00336656  0.96798189 -0.25118773
 7691.3  0.94444444  0.96797610  0.00333097  0.96798183 -0.25118799
 7691.4  0.94444444  0.96797621  0.00329363  0.96798182 -0.25118803
 7691.5  0.94444444  0.96797638  0.00325718  0.96798186 -0.25118785
 7691.6  0.94444444  0.96797658  0.00322419  0.96798195 -0.25118746
 7691.7  0.94444444  0.96797680  0.00319692  0.96798208 -0.25118690
 7691.8  0.94444444  0.96797703  0.00317719  0.96798224 -0.25118622
 7691.9  0.94444444  0.96797724  0.00316618  0.96798242 -0.25118546
 7692.0  0.94444444  0.96797743  0.00316447  0.96798260 -0.25118468
 7692.1  0.94444444  0.96797758  0.00317196  0.96798278 -0.25118394
 7692.2  0.94444444  0.96797768  0.00318791  0.96798293 -0.25118327
 7692.3  0.94444444  0.96797773  0.00321106  0.96798306 -0.25118274
 7692.4  0.94444444  0.96797772  0.00323962  0.96798315 -0.25118238
 7692.5  0.94444444  0.96797766  0.00327145  0.96798319 -0.25118220
 7692.6  0.94444444  0.96797754  0.00330421  0.96798318 -0.25118222
 7692.7  0.94444444  0.96797739  0.00333558  0.96798313 -0.25118242
 7692.8  0.94444444  0.96797720  0.00336338  0.96798305 -0.25118280
 7692.9  0.94444444  0.96797700  0.00338576  0.96798293 -0.25118332
 7693.0  0.94444444  0.96797681  0.00340129  0.96798278 -0.25118394
 7693.1  0.94444444  0.96797662  0.00340899  0.96798262 -0.25118461
 7693.2  0.94444444  0.96797646  0.00340849  0.96798246 -0.25118530
 7693.3  0.94444444  0.96797634  0.00340000  0.96798231 -0.25118594
 7693.4  0.94444444  0.96797626  0.00338430  0.96798218 -0.25118649
 7693.5  0.94444444  0.96797624  0.00336268  0.96798208 -0.25118692
 7693.6  0.94444444  0.96797626  0.00333679  0.96798201 -0.25118720
 7693.7  0.94444444  0.96797633  0.00330854  0.96798199 -0.25118732
 7693.8  0.94444444  0.96797644  0.00327995  0.96798200 -0.25118726
 7693.9  0.94444444  0.96797658  0.00325303  0.96798205 -0.25118704
 7694.0  0.94444444  0.96797675  0.00322966  0.96798214 -0.25118668
 7694.1  0.94444444  0.96797692  0.00321141  0.96798225 -0.25118620
 7694.2  0.94444444  0.96797709  0.00319947  0.96798238 -0.25118564
 7694.3  0.94444444  0.96797725  0.00319450  0.96798252 -0.25118504
 7694.4  0.94444444  0.96797738  0.00319670  0.96798266 -0.25118445
 7694.5  0.94444444  0.96797748  0.00320575  0.96798278 -0.25118390
 7694.6  0.94444444  0.96797754  0.00322087  0.96798289 -0.25118344
 7694.7  0.94444444  0.96797755  0.00324088  0.96798298 -0.25118309
 7694.8  0.94444444  0.96797752  0.00326427  0.96798303 -0.25118288
 7694.9  0.94444444  0.96797745  0.00328930  0.96798304 -0.25118282
 7695.0  0.94444444  0.96797735  0.00331416  0.96798302 -0.25118290
 7695.1  0.94444444  0.96797722  0.00333710  0.96798297 -0.25118313
 7695.2  0.94444444  0.96797707  0.00335658  0.96798289 -0.25118348
 7695.3  0.94444444  0.96797691  0.00337130  0.96798279 -0.25118392
 7695.4  0.94444444  0.96797677  0.00338033  0.96798267 -0.25118442
 7695.5  0.94444444  0.96797663  0.00338316  0.96798254 -0.25118494
 7695.6  0.94444444  0.96797652  0.00337971  0.96798242 -0.25118546
 7695.7  0.94444444  0.96797645  0.00337036  0.96798231 -0.25118592
 7695.8  0.94444444  0.96797641  0.00335592  0.96798223 -0.25118630
 7695.9  0.94444444  0.96797641  0.00333752  0.96798216 -0.25118658
 7696.0  0.94444444  0.96797644  0.00331655  0.96798212 -0.25118673
 7696.1  0.94444444  0.96797651  0.00329452  0.96798212 -0.25118676
 7696.2  0.94444444  0.96797661  0.00327299  0.96798214 -0.25118665
 7696.3  0.94444444  0.96797673  0.00325348  0.96798219 -0.25118642
 7696.4  0.94444444  0.96797686  0.00323733  0.96798227 -0.25118610
 7696.5  0.94444444  0.96797699  0.00322560  0.96798237 -0.25118569
 7696.6  0.94444444  0.96797712  0.00321902  0.96798247 -0.25118525
 7696.7  0.94444444  0.96797723  0.00321793  0.96798258 -0.25118479
 7696.8  0.94444444  0.96797732  0.00322226  0.96798268 -0.25118435
 7696.9  0.94444444  0.96797738  0.00323161  0.96798277 -0.25118395
 7697.0  0.94444444  0.96797741  0.00324521  0.96798285 -0.25118364
 7697.1  0.94444444  0.96797740  0.00326202  0.96798290 -0.25118342
 7697.2  0.94444444  0.96797737  0.00328079  0.96798292 -0.25118331
 7697.3  0.94444444  0.96797730  0.00330011  0.96798292 -0.25118333
 7697.4  0.94444444  0.96797720  0.00331837  0.96798289 -0.25118346
 7697.5  0.94444444  0.96797710  0.00333466  0.96798284 -0.25118367
 7697.6  0.94444444  0.96797698  0.00334783  0.96798277 -0.25118397
 7697.7  0.94444444  0.96797687  0.00335705  0.96798269 -0.25118434
 7697.8  0.94444444  0.96797676  0.00336172  0.96798259 -0.25118473
 7697.9  0.94444444  0.96797666  0.00336157  0.96798250 -0.25118513
 7698.0  0.94444444  0.96797659  0.00335673  0.96798241 -0.25118551
 7698.1  0.94444444  0.96797655  0.00334765  0.96798233 -0.25118583
 7698.2  0.94444444  0.96797653  0.00333504  0.96798227 -0.25118609
 7698.3  0.94444444  0.96797654  0.00331990  0.96798224 -0.25118626
 7698.4  0.94444444  0.96797658  0.00330333  0.96798222 -0.25118633
 7698.5  0.94444444  0.96797665  0.00328652  0.96798222 -0.25118630
 7698.6  0.94444444  0.96797673  0.00327066  0.96798225 -0.25118617
 7698.7  0.94444444  0.96797682  0.00325683  0.96798230 -0.25118596
 7698.8  0.94444444  0.96797693  0.00324597  0.96798237 -0.25118568
 7698.9  0.94444444  0.96797703  0.00323880  0.96798245 -0.25118535
 7699.0  0.94444444  0.96797712  0.00323574  0.96798253 -0.25118500
 7699.1  0.94444444  0.96797720  0.00323693  0.96798261 -0.25118465
 7699.2  0.94444444  0.96797726  0.00324215  0.96798269 -0.25118433
 7699.3  0.94444444  0.96797729  0.00325098  0.96798275 -0.25118405
 7699.4  0.94444444  0.96797730  0.00326270  0.96798280 -0.25118385
 7699.5  0.94444444  0.96797729  0.00327645  0.96798283 -0.25118372
 7699.6  0.94444444  0.96797725  0.00329122  0.96798284 -0.25118368
 7699.7  0.94444444  0.96797718  0.00330596  0.96798283 -0.25118372
 7699.8  0.94444444  0.96797711  0.00331960  0.96798280 -0.25118386
 7699.9  0.94444444  0.96797702  0.00333121  0.96798275 -0.25118406
 7700.0  0.94444444  0.96797693  0.00334001  0.96798269 -0.25118432
 7700.1  0.94444444  0.96797684  0.00334546  0.96798262 -0.25118461
 7700.2  0.94444444  0.96797676  0.00334725  0.96798255 -0.25118492
 7700.3  0.94444444  0.96797670  0.00334534  0.96798248 -0.25118523
 7700.4  0.94444444  0.96797665  0.00333993  0.96798241 -0.25118551
 7700.5  0.94444444  0.96797662  0.00333146  0.96798236 -0.25118574
 7700.6  0.94444444  0.96797662  0.00332058  0.96798232 -0.25118590
 7700.7  0.94444444  0.96797664  0.00330812  0.96798230 -0.25118600
 7700.8  0.94444444  0.96797669  0.00329502  0.96798229 -0.25118601
 7700.9  0.94444444  0.96797674  0.00328221  0.96798231 -0.25118595
 7701.0  0.94444444  0.96797681  0.00327058  0.96798234 -0.25118582
 7701.1  0.94444444  0.96797689  0.00326089  0.96798238 -0.25118563
 7701.2  0.94444444  0.96797697  0.00325379  0.96798244 -0.25118539
 7701.3  0.94444444  0.96797704  0.00324972  0.96798250 -0.25118512
 7701.4  0.94444444  0.96797711  0.00324893  0.96798257 -0.25118485
 7701.5  0.94444444  0.96797717  0.00325141  0.96798263 -0.25118458
 7701.6  0.94444444  0.96797720  0.00325693  0.96798268 -0.25118435
 7701.7  0.94444444  0.96797722  0.00326500  0.96798273 -0.25118416
 7701.8  0.94444444  0.96797721  0.00327498  0.96798275 -0.25118403
 7701.9  0.94444444  0.96797719  0.00328613  0.96798277 -0.25118396
 7702.0  0.94444444  0.96797716  0.00329767  0.96798277 -0.25118396
 7702.1  0.94444444  0.96797710  0.00330880  0.96798276 -0.25118403
 7702.2  0.94444444  0.96797704  0.00331875  0.96798273 -0.25118416
 7702.3  0.94444444  0.96797697  0.00332683  0.96798268 -0.25118434
 7702.4  0.94444444  0.96797689  0.00333246  0.96798263 -0.25118456
 7702.5  0.94444444  0.96797683  0.00333529  0.96798257 -0.25118480
 7702.6  0.94444444  0.96797677  0.00333523  0.96798252 -0.25118504
 7702.7  0.94444444  0.96797673  0.00333235  0.96798247 -0.25118527
 7702.8  0.94444444  0.96797671  0.00332694  0.96798242 -0.25118546
 7702.9  0.94444444  0.96797669  0.00331941  0.96798238 -0.25118562
 7703.0  0.94444444  0.96797670  0.00331030  0.96798236 -0.25118573
 7703.1  0.94444444  0.96797672  0.00330026  0.96798234 -0.25118577
 7703.2  0.94444444  0.96797676  0.00329003  0.96798235 -0.25118575
 7703.3  0.94444444  0.96797681  0.00328041  0.96798237 -0.25118568
 7703.4  0.94444444  0.96797687  0.00327207  0.96798240 -0.25118555
 7703.5  0.94444444  0.96797693  0.00326556  0.96798244 -0.25118538
 7703.6  0.94444444  0.96797699  0.00326122  0.96798248 -0.25118519
 7703.7  0.94444444  0.96797704  0.00325929  0.96798253 -0.25118498
 7703.8  0.94444444  0.96797709  0.00325988  0.96798258 -0.25118476
 7703.9  0.94444444  0.96797713  0.00326296  0.96798263 -0.25118456
 7704.0  0.94444444  0.96797716  0.00326829  0.96798268 -0.25118440
 7704.1  0.94444444  0.96797716  0.00327541  0.96798270 -0.25118427
 7704.2  0.94444444  0.96797715  0.00328373  0.96798272 -0.25118420
 7704.3  0.94444444  0.96797712  0.00329258  0.96798272 -0.25118418
 7704.4  0.94444444  0.96797708  0.00330137  0.96798271 -0.25118420
 7704.5  0.94444444  0.96797704  0.00330955  0.96798270 -0.25118428
 7704.6  0.94444444  0.96797699  0.00331660  0.96798268 -0.25118439
 7704.7  0.94444444  0.96797694  0.00332201  0.96798264 -0.25118455
 7704.8  0.94444444  0.96797688  0.00332538  0.96798259 -0.25118473
 7704.9  0.94444444  0.96797683  0.00332646  0.96798254 -0.25118493
 7705.0  0.94444444  0.96797679  0.00332524  0.96798250 -0.25118511
 7705.1  0.94444444  0.96797677  0.00332195  0.96798247 -0.25118527
 7705.2  0.94444444  0.96797676  0.00331692  0.96798244 -0.25118540
 7705.3  0.94444444  0.96797675  0.00331053  0.96798241 -0.25118550
 7705.4  0.94444444  0.96797676  0.00330314  0.96798239 -0.25118557
 7705.5  0.94444444  0.96797678  0.00329525  0.96798239 -0.25118558
 7705.6  0.94444444  0.96797682  0.00328744  0.96798240 -0.25118554
 7705.7  0.94444444  0.96797686  0.00328035  0.96798242 -0.25118546
 7705.8  0.94444444  0.96797692  0.00327455  0.96798246 -0.25118534
 7705.9  0.94444444  0.96797696  0.00327038  0.96798249 -0.25118520
 7706.0  0.94444444  0.96797700  0.00326801  0.96798252 -0.25118505
 7706.1  0.94444444  0.96797703  0.00326749  0.96798255 -0.25118489
 7706.2  0.94444444  0.96797707  0.00326882  0.96798259 -0.25118473
 7706.3  0.94444444  0.96797710  0.00327199  0.96798263 -0.25118458
 7706.4  0.94444444  0.96797712  0.00327682  0.96798266 -0.25118446
 7706.5  0.94444444  0.96797711  0.00328291  0.96798268 -0.25118438
 7706.6  0.94444444  0.96797709  0.00328969  0.96798268 -0.25118435
 7706.7  0.94444444  0.96797706  0.00329657  0.96798267 -0.25118436
 7706.8  0.94444444  0.96797703  0.00330310  0.96798267 -0.25118439
 7706.9  0.94444444  0.96797700  0.00330893  0.96798266 -0.25118446
 7707.0  0.94444444  0.96797697  0.00331378  0.96798264 -0.25118457
 7707.1  0.94444444  0.96797692  0.00331730  0.96798261 -0.25118470
 7707.2  0.94444444  0.96797687  0.00331913  0.96798256 -0.25118485
 7707.3  0.94444444  0.96797683  0.00331910  0.96798252 -0.25118500
 7707.4  0.94444444  0.96797681  0.00331728  0.96798249 -0.25118513
 7707.5  0.94444444  0.96797680  0.00331395  0.96798247 -0.25118524
 7707.6  0.94444444  0.96797680  0.00330950  0.96798246 -0.25118533
 7707.7  0.94444444  0.96797680  0.00330422  0.96798244 -0.25118539
 7707.8  0.94444444  0.96797681  0.00329838  0.96798243 -0.25118543
 7707.9  0.94444444  0.96797682  0.00329229  0.96798242 -0.25118542
 7708.0  0.94444444  0.96797686  0.00328642  0.96798243 -0.25118538
 7708.1  0.94444444  0.96797690  0.00328131  0.96798246 -0.25118530
 7708.2  0.94444444  0.96797695  0.00327740  0.96798249 -0.25118519
 7708.3  0.94444444  0.96797698  0.00327492  0.96798252 -0.25118507
 7708.4  0.94444444  0.96797700  0.00327388  0.96798254 -0.25118496
 7708.5  0.94444444  0.96797702  0.00327420  0.96798256 -0.25118484
 7708.6  0.94444444  0.96797705  0.00327587  0.96798259 -0.25118472
 7708.7  0.94444444  0.96797707  0.00327889  0.96798262 -0.25118461
 7708.8  0.94444444  0.96797708  0.00328311  0.96798265 -0.25118453
 7708.9  0.94444444  0.96797707  0.00328818  0.96798266 -0.25118448
 7709.0  0.94444444  0.96797704  0.00329357  0.96798265 -0.25118448
 7709.1  0.94444444  0.96797702  0.00329876  0.96798264 -0.25118450
 7709.2  0.94444444  0.96797700  0.00330350  0.96798263 -0.25118454
 7709.3  0.94444444  0.96797697  0.00330762  0.96798263 -0.25118460
 7709.4  0.94444444  0.96797695  0.00331086  0.96798261 -0.25118469
 7709.5  0.94444444  0.96797692  0.00331301  0.96798259 -0.25118480
 7709.6  0.94444444  0.96797687  0.00331380  0.96798254 -0.25118492
 7709.7  0.94444444  0.96797684  0.00331302  0.96798251 -0.25118504
 7709.8  0.94444444  0.96797684  0.00331099  0.96798250 -0.25118512
 7709.9  0.94444444  0.96797683  0.00330798  0.96798248 -0.25118520
 7710.0  0.94444444  0.96797683  0.00330417  0.96798247 -0.25118526
 7710.1  0.94444444  0.96797684  0.00329992  0.96798247 -0.25118529
 7710.2  0.94444444  0.96797684  0.00329534  0.96798245 -0.25118532
 7710.3  0.94444444  0.96797686  0.00329064  0.96798245 -0.25118530
 7710.4  0.94444444  0.96797690  0.00328636  0.96798247 -0.25118524
 7710.5  0.94444444  0.96797692  0.00328286  0.96798249 -0.25118517
 7710.6  0.94444444  0.96797696  0.00328035  0.96798252 -0.25118508
 7710.7  0.94444444  0.96797699  0.00327903  0.96798254 -0.25118499
 7710.8  0.94444444  0.96797699  0.00327879  0.96798254 -0.25118491
 7710.9  0.94444444  0.96797701  0.00327947  0.96798256 -0.25118481
 7711.0  0.94444444  0.96797704  0.00328130  0.96798260 -0.25118472
 7711.1  0.94444444  0.96797704  0.00328412  0.96798261 -0.25118465
 7711.2  0.94444444  0.96797705  0.00328765  0.96798263 -0.25118460
 7711.3  0.94444444  0.96797704  0.00329179  0.96798264 -0.25118457
 7711.4  0.94444444  0.96797700  0.00329591  0.96798261 -0.25118459
 7711.5  0.94444444  0.96797699  0.00329970  0.96798262 -0.25118461
 7711.6  0.94444444  0.96797698  0.00330317  0.96798261 -0.25118465
 7711.7  0.94444444  0.96797695  0.00330600  0.96798260 -0.25118471
 7711.8  0.94444444  0.96797694  0.00330807  0.96798259 -0.25118478
 7711.9  0.94444444  0.96797691  0.00330930  0.96798256 -0.25118487
 7712.0  0.94444444  0.96797687  0.00330931  0.96798252 -0.25118497
 7712.1  0.94444444  0.96797686  0.00330819  0.96798252 -0.25118504
 7712.2  0.94444444  0.96797686  0.00330627  0.96798251 -0.25118511
 7712.3  0.94444444  0.96797685  0.00330357  0.96798249 -0.25118517
 7712.4  0.94444444  0.96797687  0.00330044  0.96798250 -0.25118519
 7712.5  0.94444444  0.96797686  0.00329711  0.96798248 -0.25118522
 7712.6  0.94444444  0.96797686  0.00329345  0.96798247 -0.25118522
 7712.7  0.94444444  0.96797689  0.00328998  0.96798249 -0.25118519
 7712.8  0.94444444  0.96797691  0.00328696  0.96798249 -0.25118515
 7712.9  0.94444444  0.96797694  0.00328456  0.96798251 -0.25118508
 7713.0  0.94444444  0.96797697  0.00328313  0.96798254 -0.25118500
 7713.1  0.94444444  0.96797697  0.00328253  0.96798254 -0.25118495
 7713.2  0.94444444  0.96797699  0.00328267  0.96798255 -0.25118487
 7713.3  0.94444444  0.96797700  0.00328368  0.96798257 -0.25118480
 7713.4  0.94444444  0.96797701  0.00328543  0.96798259 -0.25118474
 7713.5  0.94444444  0.96797703  0.00328787  0.96798261 -0.25118469
 7713.6  0.94444444  0.96797702  0.00329091  0.96798261 -0.25118466
 7713.7  0.94444444  0.96797700  0.00329407  0.96798261 -0.25118466
 7713.8  0.94444444  0.96797699  0.00329717  0.96798260 -0.25118467
 7713.9  0.94444444  0.96797697  0.00330000  0.96798260 -0.25118470
 7714.0  0.94444444  0.96797696  0.00330238  0.96798259 -0.25118474
 7714.1  0.94444444  0.96797695  0.00330432  0.96798259 -0.25118478
 7714.2  0.94444444  0.96797692  0.00330560  0.96798257 -0.25118485
 7714.3  0.94444444  0.96797690  0.00330606  0.96798255 -0.25118492
 7714.4  0.94444444  0.96797688  0.00330568  0.96798253 -0.25118499
 7714.5  0.94444444  0.96797687  0.00330449  0.96798251 -0.25118504
 7714.6  0.94444444  0.96797688  0.00330266  0.96798251 -0.25118509
 7714.7  0.94444444  0.96797688  0.00330045  0.96798251 -0.25118512
 7714.8  0.94444444  0.96797688  0.00329792  0.96798250 -0.25118514
 7714.9  0.94444444  0.96797688  0.00329521  0.96798249 -0.25118515
 7715.0  0.94444444  0.96797689  0.00329248  0.96798249 -0.25118514
 7715.1  0.94444444  0.96797691  0.00328993  0.96798250 -0.25118511
 7715.2  0.94444444  0.96797693  0.00328783  0.96798252 -0.25118507
 7715.3  0.94444444  0.96797695  0.00328636  0.96798253 -0.25118502
 7715.4  0.94444444  0.96797696  0.00328555  0.96798254 -0.25118496
 7715.5  0.94444444  0.96797697  0.00328539  0.96798255 -0.25118491
 7715.6  0.94444444  0.96797698  0.00328584  0.96798256 -0.25118486
 7715.7  0.94444444  0.96797699  0.00328688  0.96798257 -0.25118480
 7715.8  0.94444444  0.96797700  0.00328852  0.96798259 -0.25118476
 7715.9  0.94444444  0.96797700  0.00329063  0.96798260 -0.25118473
 7716.0  0.94444444  0.96797700  0.00329302  0.96798260 -0.25118472
 7716.1  0.94444444  0.96797698  0.00329547  0.96798259 -0.25118472
 7716.2  0.94444444  0.96797697  0.00329776  0.96798259 -0.25118474
 7716.3  0.94444444  0.96797696  0.00329978  0.96798258 -0.25118476
 7716.4  0.94444444  0.96797695  0.00330146  0.96798258 -0.25118479
 7716.5  0.94444444  0.96797694  0.00330270  0.96798257 -0.25118484
 7716.6  0.94444444  0.96797692  0.00330338  0.96798256 -0.25118489
 7716.7  0.94444444  0.96797690  0.00330342  0.96798254 -0.25118495
 7716.8  0.94444444  0.96797689  0.00330281  0.96798253 -0.25118499
 7716.9  0.94444444  0.96797689  0.00330165  0.96798252 -0.25118503
 7717.0  0.94444444  0.96797689  0.00330008  0.96798252 -0.25118506
 7717.1  0.94444444  0.96797689  0.00329824  0.96798251 -0.25118508
 7717.2  0.94444444  0.96797690  0.00329622  0.96798251 -0.25118510
 7717.3  0.94444444  0.96797690  0.00329411  0.96798250 -0.25118510
 7717.4  0.94444444  0.96797691  0.00329206  0.96798251 -0.25118508
 7717.5  0.94444444  0.96797692  0.00329026  0.96798252 -0.25118505
 7717.6  0.94444444  0.96797694  0.00328887  0.96798253 -0.25118502
 7717.7  0.94444444  0.96797695  0.00328798  0.96798254 -0.25118497
 7717.8  0.94444444  0.96797696  0.00328760  0.96798255 -0.25118493
 7717.9  0.94444444  0.96797697  0.00328771  0.96798255 -0.25118489
 7718.0  0.94444444  0.96797698  0.00328829  0.96798256 -0.25118485
 7718.1  0.94444444  0.96797698  0.00328933  0.96798257 -0.25118481
 7718.2  0.94444444  0.96797699  0.00329077  0.96798258 -0.25118478
 7718.3  0.94444444  0.96797699  0.00329252  0.96798259 -0.25118477
 7718.4  0.94444444  0.96797698  0.00329440  0.96798258 -0.25118476
 7718.5  0.94444444  0.96797697  0.00329623  0.96798258 -0.25118477
 7718.6  0.94444444  0.96797696  0.00329791  0.96798258 -0.25118479
 7718.7  0.94444444  0.96797695  0.00329934  0.96798257 -0.25118481
 7718.8  0.94444444  0.96797694  0.00330047  0.96798257 -0.25118484
 7718.9  0.94444444  0.96797693  0.00330122  0.96798256 -0.25118488
 7719.0  0.94444444  0.96797692  0.00330150  0.96798255 -0.25118492
 7719.1  0.94444444  0.96797691  0.00330129  0.96798254 -0.25118496
 7719.2  0.94444444  0.96797690  0.00330060  0.96798253 -0.25118499
 7719.3  0.94444444  0.96797690  0.00329954  0.96798253 -0.25118502
 7719.4  0.94444444  0.96797690  0.00329822  0.96798252 -0.25118504
 7719.5  0.94444444  0.96797690  0.00329672  0.96798252 -0.25118505
 7719.6  0.94444444  0.96797691  0.00329512  0.96798252 -0.25118506
 7719.7  0.94444444  0.96797691  0.00329352  0.96798252 -0.25118505
 7719.8  0.94444444  0.96797692  0.00329202  0.96798252 -0.25118503
 7719.9  0.94444444  0.96797693  0.00329078  0.96798253 -0.25118501
 7720.0  0.94444444  0.96797695  0.00328989  0.96798254 -0.25118498
 7720.1  0.94444444  0.96797695  0.00328940  0.96798254 -0.25118495
 7720.2  0.94444444  0.96797696  0.00328930  0.96798255 -0.25118491
 7720.3  0.94444444  0.96797697  0.00328957  0.96798256 -0.25118488
 7720.4  0.94444444  0.96797697  0.00329019  0.96798256 -0.25118485
 7720.5  0.94444444  0.96797698  0.00329115  0.96798257 -0.25118483
 7720.6  0.94444444  0.96797698  0.00329239  0.96798258 -0.25118481
 7720.7  0.94444444  0.96797697  0.00329379  0.96798258 -0.25118480
 7720.8  0.94444444  0.96797697  0.00329523  0.96798257 -0.25118480
 7720.9  0.94444444  0.96797696  0.00329659  0.96798257 -0.25118481
 7721.0  0.94444444  0.96797695  0.00329780  0.96798257 -0.25118483
 7721.1  0.94444444  0.96797695  0.00329879  0.96798257 -0.25118485
 7721.2  0.94444444  0.96797694  0.00329952  0.96798256 -0.25118487
 7721.3  0.94444444  0.96797693  0.00329992  0.96798255 -0.25118490
 7721.4  0.94444444  0.96797692  0.00329995  0.96798254 -0.25118493
 7721.5  0.94444444  0.96797691  0.00329960  0.96798254 -0.25118496
 7721.6  0.94444444  0.96797691  0.00329893  0.96798253 -0.25118499
 7721.7  0.94444444  0.96797691  0.00329800  0.96798253 -0.25118500
 7721.8  0.94444444  0.96797691  0.00329691  0.96798253 -0.25118502
 7721.9  0.94444444  0.96797691  0.00329571  0.96798252 -0.25118502
 7722.0  0.94444444  0.96797692  0.00329447  0.96798252 -0.25118502
 7722.1  0.94444444  0.96797692  0.00329327  0.96798252 -0.25118501
 7722.2  0.94444444  0.96797693  0.00329221  0.96798253 -0.25118500
 7722.3  0.94444444  0.96797694  0.00329138  0.96798254 -0.25118498
 7722.4  0.94444444  0.96797695  0.00329084  0.96798254 -0.25118495
 7722.5  0.94444444  0.96797695  0.00329061  0.96798255 -0.25118493
 7722.6  0.94444444  0.96797696  0.00329068  0.96798255 -0.25118490
 7722.7  0.94444444  0.96797696  0.00329102  0.96798256 -0.25118488
 7722.8  0.94444444  0.96797697  0.00329163  0.96798256 -0.25118486
 7722.9  0.94444444  0.96797697  0.00329248  0.96798257 -0.25118484
 7723.0  0.94444444  0.96797697  0.00329350  0.96798257 -0.25118483
 7723.1  0.94444444  0.96797696  0.00329461  0.96798257 -0.25118483
 7723.2  0.94444444  0.96797696  0.00329570  0.96798257 -0.25118483
 7723.3  0.94444444  0.96797695  0.00329669  0.96798257 -0.25118484
 7723.4  0.94444444  0.96797695  0.00329754  0.96798256 -0.25118486
 7723.5  0.94444444  0.96797694  0.00329821  0.96798256 -0.25118487
 7723.6  0.94444444  0.96797693  0.00329865  0.96798256 -0.25118489
 7723.7  0.94444444  0.96797693  0.00329882  0.96798255 -0.25118492
 7723.8  0.94444444  0.96797692  0.00329869  0.96798254 -0.25118494
 7723.9  0.94444444  0.96797692  0.00329830  0.96798254 -0.25118496
 7724.0  0.94444444  0.96797692  0.00329768  0.96798253 -0.25118498
 7724.1  0.94444444  0.96797692  0.00329690  0.96798253 -0.25118499
 7724.2  0.94444444  0.96797692  0.00329601  0.96798253 -0.25118500
 7724.3  0.94444444  0.96797692  0.00329507  0.96798253 -0.25118500
 7724.4  0.94444444  0.96797692  0.00329412  0.96798253 -0.25118500
 7724.5  0.94444444  0.96797693  0.00329324  0.96798253 -0.25118499
 7724.6  0.94444444  0.96797694  0.00329251  0.96798254 -0.25118497
 7724.7  0.94444444  0.96797694  0.00329198  0.96798254 -0.25118495
 7724.8  0.94444444  0.96797695  0.00329168  0.96798255 -0.25118494
 7724.9  0.94444444  0.96797695  0.00329162  0.96798255 -0.25118492
 7725.0  0.94444444  0.96797696  0.00329178  0.96798255 -0.25118490
 7725.1  0.94444444  0.96797696  0.00329214  0.96798256 -0.25118488
 7725.2  0.94444444  0.96797696  0.00329271  0.96798256 -0.25118487
 7725.3  0.94444444  0.96797696  0.00329343  0.96798256 -0.25118485
 7725.4  0.94444444  0.96797696  0.00329425  0.96798257 -0.25118485
 7725.5  0.94444444  0.96797696  0.00329510  0.96798256 -0.25118485
 7725.6  0.94444444  0.96797695  0.00329591  0.96798256 -0.25118486
 7725.7  0.94444444  0.96797695  0.00329663  0.96798256 -0.25118486
 7725.8  0.94444444  0.96797694  0.00329722  0.96798256 -0.25118488
 7725.9  0.94444444  0.96797694  0.00329764  0.96798256 -0.25118489
 7726.0  0.94444444  0.96797693  0.00329788  0.96798255 -0.25118491
 7726.1  0.94444444  0.96797693  0.00329790  0.96798255 -0.25118493
 7726.2  0.94444444  0.96797692  0.00329770  0.96798254 -0.25118494
 7726.3  0.94444444  0.96797692  0.00329731  0.96798254 -0.25118496
 7726.4  0.94444444  0.96797692  0.00329677  0.96798254 -0.25118497
 7726.5  0.94444444  0.96797692  0.00329612  0.96798254 -0.25118498
 7726.6  0.94444444  0.96797692  0.00329541  0.96798253 -0.25118498
 7726.7  0.94444444  0.96797693  0.00329468  0.96798253 -0.25118498
 7726.8  0.94444444  0.96797693  0.00329397  0.96798253 -0.25118498
 7726.9  0.94444444  0.96797693  0.00329335  0.96798254 -0.25118497
 7727.0  0.94444444  0.96797694  0.00329286  0.96798254 -0.25118495
 7727.1  0.94444444  0.96797694  0.00329254  0.96798254 -0.25118494
 7727.2  0.94444444  0.96797695  0.00329239  0.96798255 -0.25118492
 7727.3  0.94444444  0.96797695  0.00329243  0.96798255 -0.25118491
 7727.4  0.94444444  0.96797695  0.00329267  0.96798255 -0.25118490
 7727.5  0.94444444  0.96797695  0.00329308  0.96798256 -0.25118489
 7727.6  0.94444444  0.96797696  0.00329354  0.96798256 -0.25118488
 7727.7  0.94444444  0.96797696  0.00329409  0.96798256 -0.25118487
 7727.8  0.94444444  0.96797695  0.00329469  0.96798256 -0.25118487
 7727.9  0.94444444  0.96797695  0.00329528  0.96798256 -0.25118487
 7728.0  0.94444444  0.96797695  0.00329584  0.96798256 -0.25118487
 7728.1  0.94444444  0.96797694  0.00329632  0.96798256 -0.25118488
 7728.2  0.94444444  0.96797694  0.00329670  0.96798255 -0.25118489
 7728.3  0.94444444  0.96797694  0.00329696  0.96798255 -0.25118490
 7728.4  0.94444444  0.96797693  0.00329708  0.96798255 -0.25118492
 7728.5  0.94444444  0.96797693  0.00329705  0.96798255 -0.25118493
 7728.6  0.94444444  0.96797693  0.00329689  0.96798254 -0.25118494
 7728.7  0.94444444  0.96797693  0.00329661  0.96798254 -0.25118495
 7728.8  0.94444444  0.96797693  0.00329622  0.96798254 -0.25118496
 7728.9  0.94444444  0.96797693  0.00329576  0.96798254 -0.25118496
 7729.0  0.94444444  0.96797693  0.00329526  0.96798254 -0.25118496
 7729.1  0.94444444  0.96797693  0.00329475  0.96798254 -0.25118496
 7729.2  0.94444444  0.96797693  0.00329427  0.96798254 -0.25118496
 7729.3  0.94444444  0.96797694  0.00329385  0.96798254 -0.25118495
 7729.4  0.94444444  0.96797694  0.00329349  0.96798254 -0.25118495
 7729.5  0.94444444  0.96797694  0.00329323  0.96798254 -0.25118494
 7729.6  0.94444444  0.96797695  0.00329309  0.96798255 -0.25118492
 7729.7  0.94444444  0.96797695  0.00329308  0.96798255 -0.25118491
 7729.8  0.94444444  0.96797695  0.00329319  0.96798255 -0.25118490
 7729.9  0.94444444  0.96797695  0.00329343  0.96798255 -0.25118489
 7730.0  0.94444444  0.96797695  0.00329378  0.96798256 -0.25118489
 7730.1  0.94444444  0.96797695  0.00329420  0.96798256 -0.25118488
 7730.2  0.94444444  0.96797695  0.00329469  0.96798256 -0.25118488
 7730.3  0.94444444  0.96797695  0.00329520  0.96798256 -0.25118488
 7730.4  0.94444444  0.96797695  0.00329570  0.96798256 -0.25118488
 7730.5  0.94444444  0.96797694  0.00329615  0.96798256 -0.25118489
 7730.6  0.94444444  0.96797694  0.00329652  0.96798255 -0.25118489
 7730.7  0.94444444  0.96797694  0.00329679  0.96798255 -0.25118490
 7730.8  0.94444444  0.96797693  0.00329693  0.96798255 -0.25118492
 7730.9  0.94444444  0.96797693  0.00329694  0.96798255 -0.25118493
 7731.0  0.94444444  0.96797693  0.00329681  0.96798254 -0.25118494
 7731.1  0.94444444  0.96797693  0.00329656  0.96798254 -0.25118495
 7731.2  0.94444444  0.96797693  0.00329619  0.96798254 -0.25118496
 7731.3  0.94444444  0.96797693  0.00329573  0.96798254 -0.25118496
 7731.4  0.94444444  0.96797693  0.00329522  0.96798254 -0.25118496
 7731.5  0.94444444  0.96797693  0.00329468  0.96798254 -0.25118496
 7731.6  0.94444444  0.96797693  0.00329417  0.96798254 -0.25118496
 7731.7  0.94444444  0.96797694  0.00329370  0.96798254 -0.25118495
 7731.8  0.94444444  0.96797694  0.00329332  0.96798254 -0.25118495
 7731.9  0.94444444  0.96797694  0.00329304  0.96798254 -0.25118494
 7732.0  0.94444444  0.96797695  0.00329290  0.96798255 -0.25118492
 7732.1  0.94444444  0.96797695  0.00329290  0.96798255 -0.25118491
 7732.2  0.94444444  0.96797695  0.00329305  0.96798255 -0.25118490
 7732.3  0.94444444  0.96797695  0.00329334  0.96798256 -0.25118489
 7732.4  0.94444444  0.96797695  0.00329373  0.96798256 -0.25118488
 7732.5  0.94444444  0.96797695  0.00329421  0.96798256 -0.25118488
 7732.6  0.94444444  0.96797695  0.00329474  0.96798256 -0.25118487
 7732.7  0.94444444  0.96797695  0.00329527  0.96798256 -0.25118488
 7732.8  0.94444444  0.96797695  0.00329578  0.96798256 -0.25118488
 7732.9  0.94444444  0.96797694  0.00329623  0.96798256 -0.25118489
 7733.0  0.94444444  0.96797694  0.00329659  0.96798255 -0.25118489
 7733.1  0.94444444  0.96797694  0.00329684  0.96798255 -0.25118491
 7733.2  0.94444444  0.96797693  0.00329695  0.96798255 -0.25118492
 7733.3  0.94444444  0.96797693  0.00329693  0.96798255 -0.25118493
 7733.4  0.94444444  0.96797693  0.00329677  0.96798254 -0.25118494
 7733.5  0.94444444  0.96797693  0.00329649  0.96798254 -0.25118495
 7733.6  0.94444444  0.96797693  0.00329611  0.96798254 -0.25118496
 7733.7  0.94444444  0.96797693  0.00329565  0.96798254 -0.25118496
 7733.8  0.94444444  0.96797693  0.00329515  0.96798254 -0.25118496
 7733.9  0.94444444  0.96797693  0.00329464  0.96798254 -0.25118496
 7734.0  0.94444444  0.96797693  0.00329415  0.96798254 -0.25118496
 7734.1  0.94444444  0.96797694  0.00329373  0.96798254 -0.25118495
 7734.2  0.94444444  0.96797694  0.00329339  0.96798254 -0.25118494
 7734.3  0.94444444  0.96797694  0.00329315  0.96798255 -0.25118493
 7734.4  0.94444444  0.96797695  0.00329305  0.96798255 -0.25118492
 7734.5  0.94444444  0.96797695  0.00329306  0.96798255 -0.25118491
 7734.6  0.94444444  0.96797695  0.00329322  0.96798255 -0.25118490
 7734.7  0.94444444  0.96797695  0.00329348  0.96798255 -0.25118489
 7734.8  0.94444444  0.96797695  0.00329385  0.96798256 -0.25118488
 7734.9  0.94444444  0.96797695  0.00329430  0.96798256 -0.25118488
 7735.0  0.94444444  0.96797695  0.00329480  0.96798256 -0.25118488
 7735.1  0.94444444  0.96797695  0.00329531  0.96798256 -0.25118488
 7735.2  0.94444444  0.96797695  0.00329580  0.96798256 -0.25118488
 7735.3  0.94444444  0.96797694  0.00329624  0.96798256 -0.25118489
 7735.4  0.94444444  0.96797694  0.00329659  0.96798255 -0.25118490
 7735.5  0.94444444  0.96797694  0.00329684  0.96798255 -0.25118491
 7735.6  0.94444444  0.96797693  0.00329695  0.96798255 -0.25118492
 7735.7  0.94444444  0.96797693  0.00329693  0.96798255 -0.25118493
 7735.8  0.94444444  0.96797693  0.00329676  0.96798254 -0.25118494
 7735.9  0.94444444  0.96797693  0.00329647  0.96798254 -0.25118495
 7736.0  0.94444444  0.96797693  0.00329608  0.96798254 -0.25118496
 7736.1  0.94444444  0.96797693  0.00329560  0.96798254 -0.25118496
 7736.2  0.94444444  0.96797693  0.00329508  0.96798254 -0.25118496
 7736.3  0.94444444  0.96797693  0.00329455  0.96798254 -0.25118496
 7736.4  0.94444444  0.96797693  0.00329404  0.96798254 -0.25118496
 7736.5  0.94444444  0.96797694  0.00329360  0.96798254 -0.25118495
 7736.6  0.94444444  0.96797694  0.00329324  0.96798254 -0.25118494
 7736.7  0.94444444  0.96797694  0.00329301  0.96798255 -0.25118493
 7736.8  0.94444444  0.96797695  0.00329290  0.96798255 -0.25118492
 7736.9  0.94444444  0.96797695  0.00329295  0.96798255 -0.25118491
 7737.0  0.94444444  0.96797695  0.00329313  0.96798255 -0.25118490
 7737.1  0.94444444  0.96797695  0.00329346  0.96798256 -0.25118489
 7737.2  0.94444444  0.96797695  0.00329389  0.96798256 -0.25118488
 7737.3  0.94444444  0.96797695  0.00329439  0.96798256 -0.25118488
 7737.4  0.94444444  0.96797695  0.00329489  0.96798256 -0.25118488
 7737.5  0.94444444  0.96797695  0.00329536  0.96798256 -0.25118488
 7737.6  0.94444444  0.96797695  0.00329575  0.96798256 -0.25118489
 7737.7  0.94444444  0.96797694  0.00329607  0.96798255 -0.25118489
 7737.8  0.94444444  0.96797694  0.00329629  0.96798255 -0.25118490
 7737.9  0.94444444  0.96797694  0.00329641  0.96798255 -0.25118491
 7738.0  0.94444444  0.96797694  0.00329647  0.96798255 -0.25118492
 7738.1  0.94444444  0.96797693  0.00329642  0.96798255 -0.25118493
 7738.2  0.94444444  0.96797693  0.00329628  0.96798254 -0.25118494
 7738.3  0.94444444  0.96797693  0.00329606  0.96798254 -0.25118494
 7738.4  0.94444444  0.96797693  0.00329576  0.96798254 -0.25118495
 7738.5  0.94444444  0.96797693  0.00329545  0.96798254 -0.25118495
 7738.6  0.94444444  0.96797693  0.00329509  0.96798254 -0.25118495
 7738.7  0.94444444  0.96797693  0.00329472  0.96798254 -0.25118495
 7738.8  0.94444444  0.96797694  0.00329438  0.96798254 -0.25118495
 7738.9  0.94444444  0.96797694  0.00329408  0.96798254 -0.25118494
 7739.0  0.94444444  0.96797694  0.00329384  0.96798254 -0.25118494
 7739.1  0.94444444  0.96797694  0.00329368  0.96798255 -0.25118493
 7739.2  0.94444444  0.96797694  0.00329361  0.96798255 -0.25118492
 7739.3  0.94444444  0.96797695  0.00329364  0.96798255 -0.25118491
 7739.4  0.94444444  0.96797695  0.00329375  0.96798255 -0.25118491
 7739.5  0.94444444  0.96797695  0.00329394  0.96798255 -0.25118490
 7739.6  0.94444444  0.96797695  0.00329419  0.96798255 -0.25118490
 7739.7  0.94444444  0.96797695  0.00329449  0.96798255 -0.25118489
 7739.8  0.94444444  0.96797695  0.00329480  0.96798256 -0.25118489
 7739.9  0.94444444  0.96797695  0.00329512  0.96798255 -0.25118489
 7740.0  0.94444444  0.96797694  0.00329541  0.96798255 -0.25118489
 7740.1  0.94444444  0.96797694  0.00329568  0.96798255 -0.25118490
 7740.2  0.94444444  0.96797694  0.00329590  0.96798255 -0.25118490
 7740.3  0.94444444  0.96797694  0.00329604  0.96798255 -0.25118491
 7740.4  0.94444444  0.96797694  0.00329613  0.96798255 -0.25118492
 7740.5  0.94444444  0.96797694  0.00329615  0.96798255 -0.25118492
 7740.6  0.94444444  0.96797693  0.00329609  0.96798255 -0.25118493
 7740.7  0.94444444  0.96797693  0.00329597  0.96798254 -0.25118494
 7740.8  0.94444444  0.96797693  0.00329576  0.96798254 -0.25118494
 7740.9  0.94444444  0.96797693  0.00329551  0.96798254 -0.25118494
 7741.0  0.94444444  0.96797693  0.00329522  0.96798254 -0.25118495
 7741.1  0.94444444  0.96797693  0.00329491  0.96798254 -0.25118495
 7741.2  0.94444444  0.96797694  0.00329460  0.96798254 -0.25118495
 7741.3  0.94444444  0.96797694  0.00329431  0.96798254 -0.25118494
 7741.4  0.94444444  0.96797694  0.00329407  0.96798254 -0.25118494
 7741.5  0.94444444  0.96797694  0.00329389  0.96798255 -0.25118493
 7741.6  0.94444444  0.96797694  0.00329377  0.96798255 -0.25118493
 7741.7  0.94444444  0.96797694  0.00329373  0.96798255 -0.25118492
 7741.8  0.94444444  0.96797695  0.00329379  0.96798255 -0.25118491
 7741.9  0.94444444  0.96797695  0.00329391  0.96798255 -0.25118491
 7742.0  0.94444444  0.96797695  0.00329410  0.96798255 -0.25118490
 7742.1  0.94444444  0.96797695  0.00329435  0.96798255 -0.25118490
 7742.2  0.94444444  0.96797695  0.00329464  0.96798255 -0.25118489
 7742.3  0.94444444  0.96797695  0.00329495  0.96798255 -0.25118489
 7742.4  0.94444444  0.96797695  0.00329526  0.96798255 -0.25118489
 7742.5  0.94444444  0.96797694  0.00329555  0.96798255 -0.25118490
 7742.6  0.94444444  0.96797694  0.00329580  0.96798255 -0.25118490
 7742.7  0.94444444  0.96797694  0.00329600  0.96798255 -0.25118491
 7742.8  0.94444444  0.96797694  0.00329613  0.96798255 -0.25118491
 7742.9  0.94444444  0.96797694  0.00329618  0.96798255 -0.25118492
 7743.0  0.94444444  0.96797693  0.00329615  0.96798255 -0.25118493
 7743.1  0.94444444  0.96797693  0.00329605  0.96798255 -0.25118493
 7743.2  0.94444444  0.96797693  0.00329586  0.96798254 -0.25118494
 7743.3  0.94444444  0.96797693  0.00329562  0.96798254 -0.25118494
 7743.4  0.94444444  0.96797693  0.00329533  0.96798254 -0.25118495
 7743.5  0.94444444  0.96797693  0.00329502  0.96798254 -0.25118495
 7743.6  0.94444444  0.96797694  0.00329470  0.96798254 -0.25118495
 7743.7  0.94444444  0.96797694  0.00329440  0.96798254 -0.25118494
 7743.8  0.94444444  0.96797694  0.00329414  0.96798254 -0.25118494
 7743.9  0.94444444  0.96797694  0.00329394  0.96798255 -0.25118493
 7744.0  0.94444444  0.96797694  0.00329380  0.96798255 -0.25118493
 7744.1  0.94444444  0.96797694  0.00329374  0.96798255 -0.25118492
 7744.2  0.94444444  0.96797695  0.00329377  0.96798255 -0.25118491
 7744.3  0.94444444  0.96797695  0.00329388  0.96798255 -0.25118491
 7744.4  0.94444444  0.96797695  0.00329406  0.96798255 -0.25118490
 7744.5  0.94444444  0.96797695  0.00329430  0.96798255 -0.25118490
 7744.6  0.94444444  0.96797695  0.00329459  0.96798255 -0.25118489
 7744.7  0.94444444  0.96797695  0.00329491  0.96798255 -0.25118489
 7744.8  0.94444444  0.96797695  0.00329522  0.96798255 -0.25118489
 7744.9  0.94444444  0.96797694  0.00329553  0.96798255 -0.25118490
 7745.0  0.94444444  0.96797694  0.00329579  0.96798255 -0.25118490
 7745.1  0.94444444  0.96797694  0.00329600  0.96798255 -0.25118491
 7745.2  0.94444444  0.96797694  0.00329613  0.96798255 -0.25118491
 7745.3  0.94444444  0.96797694  0.00329619  0.96798255 -0.25118492
 7745.4  0.94444444  0.96797693  0.00329616  0.96798255 -0.25118493
 7745.5  0.94444444  0.96797693  0.00329605  0.96798255 -0.25118493
 7745.6  0.94444444  0.96797693  0.00329587  0.96798254 -0.25118494
 7745.7  0.94444444  0.96797693  0.00329562  0.96798254 -0.25118494
 7745.8  0.94444444  0.96797693  0.00329533  0.96798254 -0.25118495
 7745.9  0.94444444  0.96797693  0.00329502  0.96798254 -0.25118495
 7746.0  0.94444444  0.96797693  0.00329469  0.96798254 -0.25118495
 7746.1  0.94444444  0.96797694  0.00329439  0.96798254 -0.25118494
 7746.2  0.94444444  0.96797694  0.00329412  0.96798254 -0.25118494
 7746.3  0.94444444  0.96797694  0.00329392  0.96798254 -0.25118493
 7746.4  0.94444444  0.96797694  0.00329378  0.96798255 -0.25118493
 7746.5  0.94444444  0.96797694  0.00329371  0.96798255 -0.25118492
 7746.6  0.94444444  0.96797695  0.00329372  0.96798255 -0.25118491
 7746.7  0.94444444  0.96797695  0.00329383  0.96798255 -0.25118491
 7746.8  0.94444444  0.96797695  0.00329401  0.96798255 -0.25118490
 7746.9  0.94444444  0.96797695  0.00329426  0.96798255 -0.25118490
 7747.0  0.94444444  0.96797695  0.00329456  0.96798255 -0.25118489
 7747.1  0.94444444  0.96797695  0.00329489  0.96798255 -0.25118489
 7747.2  0.94444444  0.96797695  0.00329521  0.96798255 -0.25118489
 7747.3  0.94444444  0.96797694  0.00329553  0.96798255 -0.25118489
 7747.4  0.94444444  0.96797694  0.00329580  0.96798255 -0.25118490
 7747.5  0.94444444  0.96797694  0.00329602  0.96798255 -0.25118490
 7747.6  0.94444444  0.96797694  0.00329617  0.96798255 -0.25118491
 7747.7  0.94444444  0.96797694  0.00329623  0.96798255 -0.25118492
 7747.8  0.94444444  0.96797693  0.00329621  0.96798255 -0.25118493
 7747.9  0.94444444  0.96797693  0.00329611  0.96798255 -0.25118493
 7748.0  0.94444444  0.96797693  0.00329593  0.96798254 -0.25118494
 7748.1  0.94444444  0.96797693  0.00329569  0.96798254 -0.25118494
 7748.2  0.94444444  0.96797693  0.00329539  0.96798254 -0.25118495
 7748.3  0.94444444  0.96797693  0.00329508  0.96798254 -0.25118495
 7748.4  0.94444444  0.96797693  0.00329475  0.96798254 -0.25118495
 7748.5  0.94444444  0.96797694  0.00329444  0.96798254 -0.25118494
 7748.6  0.94444444  0.96797694  0.00329416  0.96798254 -0.25118494
 7748.7  0.94444444  0.96797694  0.00329394  0.96798254 -0.25118494
 7748.8  0.94444444  0.96797694  0.00329379  0.96798255 -0.25118493
 7748.9  0.94444444  0.96797694  0.00329372  0.96798255 -0.25118492
 7749.0  0.94444444  0.96797695  0.00329373  0.96798255 -0.25118491
 7749.1  0.94444444  0.96797695  0.00329382  0.96798255 -0.25118491
 7749.2  0.94444444  0.96797695  0.00329399  0.96798255 -0.25118490
 7749.3  0.94444444  0.96797695  0.00329422  0.96798255 -0.25118490
 7749.4  0.94444444  0.96797695  0.00329450  0.96798255 -0.25118489
 7749.5  0.94444444  0.96797695  0.00329481  0.96798255 -0.25118489
 7749.6  0.94444444  0.96797695  0.00329514  0.96798255 -0.25118489
 7749.7  0.94444444  0.96797694  0.00329544  0.96798255 -0.25118489
 7749.8  0.94444444  0.96797694  0.00329572  0.96798255 -0.25118490
 7749.9  0.94444444  0.96797694  0.00329594  0.96798255 -0.25118490
 7750.0  0.94444444  0.96797694  0.00329610  0.96798255 -0.25118491
 7750.1  0.94444444  0.96797694  0.00329619  0.96798255 -0.25118492
 7750.2  0.94444444  0.96797694  0.00329620  0.96798255 -0.25118492
 7750.3  0.94444444  0.96797693  0.00329612  0.96798255 -0.25118493
 7750.4  0.94444444  0.96797693  0.00329597  0.96798254 -0.25118494
 7750.5  0.94444444  0.96797693  0.00329576  0.96798254 -0.25118494
 7750.6  0.94444444  0.96797693  0.00329548  0.96798254 -0.25118495
 7750.7  0.94444444  0.96797693  0.00329518  0.96798254 -0.25118495
 7750.8  0.94444444  0.96797693  0.00329486  0.96798254 -0.25118495
 7750.9  0.94444444  0.96797694  0.00329455  0.96798254 -0.25118495
 7751.0  0.94444444  0.96797694  0.00329427  0.96798254 -0.25118494
 7751.1  0.94444444  0.96797694  0.00329404  0.96798254 -0.25118494
 7751.2  0.94444444  0.96797694  0.00329388  0.96798255 -0.25118493
 7751.3  0.94444444  0.96797694  0.00329378  0.96798255 -0.25118492
 7751.4  0.94444444  0.96797694  0.00329376  0.96798255 -0.25118492
 7751.5  0.94444444  0.96797695  0.00329382  0.96798255 -0.25118491
 7751.6  0.94444444  0.96797695  0.00329394  0.96798255 -0.25118491
 7751.7  0.94444444  0.96797695  0.00329412  0.96798255 -0.25118490
 7751.8  0.94444444  0.96797695  0.00329435  0.96798255 -0.25118490
 7751.9  0.94444444  0.96797695  0.00329461  0.96798255 -0.25118490
 7752.0  0.94444444  0.96797695  0.00329488  0.96798255 -0.25118490
 7752.1  0.94444444  0.96797695  0.00329514  0.96798255 -0.25118490
 7752.2  0.94444444  0.96797694  0.00329539  0.96798255 -0.25118490
 7752.3  0.94444444  0.96797694  0.00329561  0.96798255 -0.25118490
 7752.4  0.94444444  0.96797694  0.00329578  0.96798255 -0.25118491
 7752.5  0.94444444  0.96797694  0.00329589  0.96798255 -0.25118491
 7752.6  0.94444444  0.96797694  0.00329595  0.96798255 -0.25118492
 7752.7  0.94444444  0.96797694  0.00329595  0.96798255 -0.25118492
 7752.8  0.94444444  0.96797694  0.00329588  0.96798255 -0.25118493
 7752.9  0.94444444  0.96797693  0.00329576  0.96798255 -0.25118493
 7753.0  0.94444444  0.96797693  0.00329559  0.96798254 -0.25118494
 7753.1  0.94444444  0.96797693  0.00329536  0.96798254 -0.25118494
 7753.2  0.94444444  0.96797693  0.00329512  0.96798254 -0.25118494
 7753.3  0.94444444  0.96797694  0.00329486  0.96798254 -0.25118494
 7753.4  0.94444444  0.96797694  0.00329460  0.96798254 -0.25118494
 7753.5  0.94444444  0.96797694  0.00329438  0.96798254 -0.25118494
 7753.6  0.94444444  0.96797694  0.00329419  0.96798255 -0.25118493
 7753.7  0.94444444  0.96797694  0.00329405  0.96798255 -0.25118493
 7753.8  0.94444444  0.96797694  0.00329396  0.96798255 -0.25118492
 7753.9  0.94444444  0.96797694  0.00329394  0.96798255 -0.25118492
 7754.0  0.94444444  0.96797695  0.00329399  0.96798255 -0.25118491
 7754.1  0.94444444  0.96797695  0.00329410  0.96798255 -0.25118491
 7754.2  0.94444444  0.96797695  0.00329428  0.96798255 -0.25118490
 7754.3  0.94444444  0.96797695  0.00329450  0.96798255 -0.25118490
 7754.4  0.94444444  0.96797695  0.00329476  0.96798255 -0.25118490
 7754.5  0.94444444  0.96797695  0.00329503  0.96798255 -0.25118490
 7754.6  0.94444444  0.96797694  0.00329529  0.96798255 -0.25118490
 7754.7  0.94444444  0.96797694  0.00329554  0.96798255 -0.25118490
 7754.8  0.94444444  0.96797694  0.00329575  0.96798255 -0.25118490
 7754.9  0.94444444  0.96797694  0.00329590  0.96798255 -0.25118491
 7755.0  0.94444444  0.96797694  0.00329600  0.96798255 -0.25118492
 7755.1  0.94444444  0.96797694  0.00329603  0.96798255 -0.25118492
 7755.2  0.94444444  0.96797694  0.00329598  0.96798255 -0.25118493
