 # AA:        219117.46418138818     
 # FLEGG:     179224.99817922857     
 # AF0:     -5.33308614247767210E-002
 # CPAR:      555.55779854881382     
 # Diff:     0.12463198212018202     
 # TF:       3.79473319220205556E-007
 # H:         284.00000000000000     
 # GRAD:     0.10000000000000001     
 # HR:       3.00000000000000006E-003
 # LP:       0.19004008016027382     
 # TIME  LP  TMAB  TMDS  TMPC  TMZ
18810.9  1.00000000  0.96808195  0.00046911  0.96808206 -0.25084767
18811.0  1.00000000  0.96808375 -0.00137093  0.96808472 -0.25083619
18811.1  1.00000000  0.96808481 -0.00285862  0.96808903 -0.25081544
18811.2  1.00000000  0.96808716 -0.00382070  0.96809470 -0.25078789
18811.3  1.00000000  0.96809209 -0.00414789  0.96810098 -0.25075704
18811.4  1.00000000  0.96809988 -0.00380823  0.96810737 -0.25072651
18811.5  1.00000000  0.96810882 -0.00284784  0.96811301 -0.25070009
18811.6  1.00000000  0.96811583 -0.00139525  0.96811684 -0.25068128
18811.7  1.00000000  0.96811851  0.00035935  0.96811858 -0.25067216
18811.8  1.00000000  0.96811569  0.00219561  0.96811818 -0.25067359
18811.9  1.00000000  0.96810794  0.00388629  0.96811574 -0.25068524
18812.0  1.00000000  0.96809773  0.00522994  0.96811186 -0.25070531
18812.1  1.00000000  0.96808757  0.00607170  0.96810661 -0.25073158
18812.2  1.00000000  0.96807979  0.00630977  0.96810036 -0.25076096
18812.3  1.00000000  0.96807604  0.00591676  0.96809412 -0.25078961
18812.4  1.00000000  0.96807627  0.00494753  0.96808891 -0.25081378
18812.5  1.00000000  0.96807927  0.00353646  0.96808573 -0.25083025
18812.6  1.00000000  0.96808261  0.00187118  0.96808442 -0.25083753
18812.7  1.00000000  0.96808472  0.00015333  0.96808473 -0.25083519
18812.8  1.00000000  0.96808605 -0.00141094  0.96808708 -0.25082327
18812.9  1.00000000  0.96808786 -0.00262667  0.96809143 -0.25080314
18813.0  1.00000000  0.96809129 -0.00334304  0.96809706 -0.25077753
18813.1  1.00000000  0.96809663 -0.00347887  0.96810288 -0.25074998
18813.2  1.00000000  0.96810327 -0.00303354  0.96810802 -0.25072404
18813.3  1.00000000  0.96811008 -0.00207369  0.96811230 -0.25070249
18813.4  1.00000000  0.96811504 -0.00072079  0.96811531 -0.25068783
18813.5  1.00000000  0.96811622  0.00085571  0.96811660 -0.25068184
18813.6  1.00000000  0.96811284  0.00246034  0.96811596 -0.25068520
18813.7  1.00000000  0.96810547  0.00389313  0.96811330 -0.25069755
18813.8  1.00000000  0.96809635  0.00497671  0.96810914 -0.25071710
18813.9  1.00000000  0.96808809  0.00558449  0.96810419 -0.25074118
18814.0  1.00000000  0.96808250  0.00565179  0.96809900 -0.25076684
18814.1  1.00000000  0.96808020  0.00517926  0.96809406 -0.25079101
18814.2  1.00000000  0.96808058  0.00422959  0.96808982 -0.25081087
18814.3  1.00000000  0.96808258  0.00292193  0.96808699 -0.25082387
18814.4  1.00000000  0.96808516  0.00142544  0.96808621 -0.25082823
18814.5  1.00000000  0.96808732 -0.00006790  0.96808732 -0.25082376
18814.6  1.00000000  0.96808895 -0.00137595  0.96808993 -0.25081132
18814.7  1.00000000  0.96809087 -0.00234442  0.96809371 -0.25079254
18814.8  1.00000000  0.96809417 -0.00286048  0.96809840 -0.25076964
18814.9  1.00000000  0.96809932 -0.00286325  0.96810355 -0.25074538
18815.0  1.00000000  0.96810540 -0.00235721  0.96810827 -0.25072297
18815.1  1.00000000  0.96811082 -0.00141460  0.96811185 -0.25070524
18815.2  1.00000000  0.96811396 -0.00016040  0.96811397 -0.25069423
18815.3  1.00000000  0.96811368  0.00124556  0.96811449 -0.25069111
18815.4  1.00000000  0.96810994  0.00262997  0.96811352 -0.25069602
18815.5  1.00000000  0.96810358  0.00382664  0.96811115 -0.25070829
18815.6  1.00000000  0.96809611  0.00469219  0.96810748 -0.25072649
18815.7  1.00000000  0.96808937  0.00512263  0.96810292 -0.25074835
18815.8  1.00000000  0.96808482  0.00506784  0.96809808 -0.25077110
18815.9  1.00000000  0.96808312  0.00454052  0.96809377 -0.25079174
18816.0  1.00000000  0.96808381  0.00361606  0.96809057 -0.25080770
18816.1  1.00000000  0.96808558  0.00241547  0.96808860 -0.25081731
18816.2  1.00000000  0.96808742  0.00108715  0.96808803 -0.25081951
18816.3  1.00000000  0.96808905 -0.00020584  0.96808907 -0.25081402
18816.4  1.00000000  0.96809086 -0.00130291  0.96809174 -0.25080149
18816.5  1.00000000  0.96809340 -0.00206801  0.96809561 -0.25078362
18816.6  1.00000000  0.96809693 -0.00241223  0.96809993 -0.25076289
18816.7  1.00000000  0.96810148 -0.00230266  0.96810421 -0.25074187
18816.8  1.00000000  0.96810648 -0.00175999  0.96810808 -0.25072301
18816.9  1.00000000  0.96811074 -0.00085540  0.96811111 -0.25070856
18817.0  1.00000000  0.96811285  0.00029645  0.96811290 -0.25070027
18817.1  1.00000000  0.96811186  0.00155001  0.96811310 -0.25069919
18817.2  1.00000000  0.96810782  0.00274686  0.96811171 -0.25070538
18817.3  1.00000000  0.96810184  0.00373920  0.96810906 -0.25071783
18817.4  1.00000000  0.96809552  0.00440930  0.96810557 -0.25073487
18817.5  1.00000000  0.96809031  0.00468208  0.96810163 -0.25075436
18817.6  1.00000000  0.96808698  0.00453052  0.96809758 -0.25077402
18817.7  1.00000000  0.96808565  0.00397592  0.96809382 -0.25079149
18817.8  1.00000000  0.96808609  0.00308973  0.96809102 -0.25080447
18817.9  1.00000000  0.96808762  0.00198824  0.96808967 -0.25081131
18818.0  1.00000000  0.96808946  0.00081353  0.96808980 -0.25081134
18818.1  1.00000000  0.96809113 -0.00028933  0.96809118 -0.25080483
18818.2  1.00000000  0.96809289 -0.00118926  0.96809362 -0.25079267
18818.3  1.00000000  0.96809539 -0.00177910  0.96809703 -0.25077626
18818.4  1.00000000  0.96809897 -0.00198743  0.96810101 -0.25075763
18818.5  1.00000000  0.96810325 -0.00179239  0.96810491 -0.25073926
18818.6  1.00000000  0.96810737 -0.00122553  0.96810814 -0.25072348
18818.7  1.00000000  0.96811028 -0.00036471  0.96811035 -0.25071217
18818.8  1.00000000  0.96811117  0.00067908  0.96811141 -0.25070653
18818.9  1.00000000  0.96810967  0.00177666  0.96811130 -0.25070712
18819.0  1.00000000  0.96810593  0.00279422  0.96810997 -0.25071383
18819.1  1.00000000  0.96810077  0.00360785  0.96810750 -0.25072584
18819.2  1.00000000  0.96809541  0.00411883  0.96810418 -0.25074163
18819.3  1.00000000  0.96809110  0.00426715  0.96810050 -0.25075912
18819.4  1.00000000  0.96808860  0.00404082  0.96809704 -0.25077606
18819.5  1.00000000  0.96808791  0.00347523  0.96809415 -0.25079041
18819.6  1.00000000  0.96808845  0.00264462  0.96809206 -0.25080055
18819.7  1.00000000  0.96808960  0.00165267  0.96809101 -0.25080530
18819.8  1.00000000  0.96809103  0.00062264  0.96809123 -0.25080404
18819.9  1.00000000  0.96809272 -0.00031633  0.96809277 -0.25079695
18820.0  1.00000000  0.96809474 -0.00104820  0.96809531 -0.25078509
18820.1  1.00000000  0.96809726 -0.00148704  0.96809841 -0.25077006
18820.2  1.00000000  0.96810043 -0.00158498  0.96810173 -0.25075372
18820.3  1.00000000  0.96810404 -0.00133483  0.96810496 -0.25073801
18820.4  1.00000000  0.96810742 -0.00077063  0.96810773 -0.25072483
18820.5  1.00000000  0.96810963  0.00003489  0.96810963 -0.25071584
18820.6  1.00000000  0.96810987  0.00097830  0.96811036 -0.25071214
18820.7  1.00000000  0.96810794  0.00193984  0.96810988 -0.25071409
18820.8  1.00000000  0.96810431  0.00280045  0.96810836 -0.25072130
18820.9  1.00000000  0.96809986  0.00345691  0.96810603 -0.25073277
18821.0  1.00000000  0.96809557  0.00383318  0.96810316 -0.25074707
18821.1  1.00000000  0.96809217  0.00388689  0.96809997 -0.25076249
18821.2  1.00000000  0.96809012  0.00361387  0.96809686 -0.25077713
18821.3  1.00000000  0.96808951  0.00305113  0.96809432 -0.25078911
18821.4  1.00000000  0.96809006  0.00227340  0.96809273 -0.25079692
18821.5  1.00000000  0.96809122  0.00138138  0.96809221 -0.25079972
18821.6  1.00000000  0.96809256  0.00048592  0.96809269 -0.25079732
18821.7  1.00000000  0.96809407 -0.00030489  0.96809412 -0.25079010
18821.8  1.00000000  0.96809603 -0.00089534  0.96809645 -0.25077888
18821.9  1.00000000  0.96809862 -0.00121365  0.96809938 -0.25076510
18822.0  1.00000000  0.96810170 -0.00122331  0.96810247 -0.25075056
18822.1  1.00000000  0.96810480 -0.00092853  0.96810525 -0.25073713
18822.2  1.00000000  0.96810734 -0.00037161  0.96810741 -0.25072642
18822.3  1.00000000  0.96810871  0.00037498  0.96810879 -0.25071963
18822.4  1.00000000  0.96810848  0.00121784  0.96810924 -0.25071752
18822.5  1.00000000  0.96810651  0.00205268  0.96810868 -0.25072034
18822.6  1.00000000  0.96810315  0.00277625  0.96810713 -0.25072771
18822.7  1.00000000  0.96809918  0.00329999  0.96810480 -0.25073866
18822.8  1.00000000  0.96809551  0.00356184  0.96810206 -0.25075172
18822.9  1.00000000  0.96809284  0.00353443  0.96809930 -0.25076523
18823.0  1.00000000  0.96809140  0.00322660  0.96809678 -0.25077756
18823.1  1.00000000  0.96809104  0.00267973  0.96809475 -0.25078728
18823.2  1.00000000  0.96809148  0.00196296  0.96809347 -0.25079322
18823.3  1.00000000  0.96809248  0.00116670  0.96809318 -0.25079459
18823.4  1.00000000  0.96809386  0.00039179  0.96809394 -0.25079130
18823.5  1.00000000  0.96809549 -0.00026591  0.96809553 -0.25078390
18823.6  1.00000000  0.96809743 -0.00072835  0.96809770 -0.25077338
18823.7  1.00000000  0.96809976 -0.00094263  0.96810022 -0.25076106
18823.8  1.00000000  0.96810244 -0.00088571  0.96810284 -0.25074842
18823.9  1.00000000  0.96810509 -0.00056697  0.96810526 -0.25073700
18824.0  1.00000000  0.96810707 -0.00002906  0.96810707 -0.25072828
18824.1  1.00000000  0.96810783  0.00065749  0.96810805 -0.25072330
18824.2  1.00000000  0.96810711  0.00140521  0.96810813 -0.25072260
18824.3  1.00000000  0.96810504  0.00212107  0.96810736 -0.25072614
18824.4  1.00000000  0.96810208  0.00271878  0.96810589 -0.25073341
18824.5  1.00000000  0.96809879  0.00312744  0.96810384 -0.25074352
18824.6  1.00000000  0.96809578  0.00329883  0.96810141 -0.25075523
18824.7  1.00000000  0.96809358  0.00321418  0.96809892 -0.25076706
18824.8  1.00000000  0.96809245  0.00288732  0.96809675 -0.25077750
18824.9  1.00000000  0.96809231  0.00236302  0.96809519 -0.25078525
18825.0  1.00000000  0.96809285  0.00170953  0.96809436 -0.25078946
18825.1  1.00000000  0.96809376  0.00100807  0.96809428 -0.25078971
18825.2  1.00000000  0.96809495  0.00034447  0.96809502 -0.25078599
18825.3  1.00000000  0.96809650 -0.00019996  0.96809652 -0.25077875
18825.4  1.00000000  0.96809843 -0.00055881  0.96809859 -0.25076894
18825.5  1.00000000  0.96810067 -0.00068995  0.96810092 -0.25075786
18825.6  1.00000000  0.96810298 -0.00058151  0.96810315 -0.25074692
18825.7  1.00000000  0.96810506 -0.00025103  0.96810509 -0.25073741
18825.8  1.00000000  0.96810650  0.00025813  0.96810653 -0.25073045
18825.9  1.00000000  0.96810690  0.00088169  0.96810730 -0.25072687
18826.0  1.00000000  0.96810605  0.00154169  0.96810727 -0.25072709
18826.1  1.00000000  0.96810402  0.00215563  0.96810642 -0.25073108
18826.2  1.00000000  0.96810128  0.00264761  0.96810490 -0.25073825
18826.3  1.00000000  0.96809843  0.00295896  0.96810296 -0.25074763
18826.4  1.00000000  0.96809601  0.00305495  0.96810083 -0.25075804
18826.5  1.00000000  0.96809432  0.00292733  0.96809875 -0.25076823
18826.6  1.00000000  0.96809343  0.00259437  0.96809691 -0.25077697
18826.7  1.00000000  0.96809329  0.00209876  0.96809557 -0.25078318
18826.8  1.00000000  0.96809380  0.00150412  0.96809497 -0.25078608
18826.9  1.00000000  0.96809475  0.00088624  0.96809515 -0.25078537
18827.0  1.00000000  0.96809599  0.00032180  0.96809604 -0.25078122
18827.1  1.00000000  0.96809746 -0.00012133  0.96809747 -0.25077424
18827.2  1.00000000  0.96809923 -0.00039119  0.96809931 -0.25076528
18827.3  1.00000000  0.96810127 -0.00045647  0.96810138 -0.25075542
18827.4  1.00000000  0.96810334 -0.00031097  0.96810339 -0.25074592
18827.5  1.00000000  0.96810505  0.00002439  0.96810505 -0.25073798
18827.6  1.00000000  0.96810601  0.00050480  0.96810615 -0.25073257
18827.7  1.00000000  0.96810599  0.00106834  0.96810658 -0.25073029
18827.8  1.00000000  0.96810495  0.00164463  0.96810635 -0.25073134
18827.9  1.00000000  0.96810308  0.00216346  0.96810549 -0.25073554
18828.0  1.00000000  0.96810069  0.00256204  0.96810408 -0.25074238
18828.1  1.00000000  0.96809824  0.00279244  0.96810227 -0.25075099
18828.2  1.00000000  0.96809618  0.00282806  0.96810031 -0.25076027
18828.3  1.00000000  0.96809483  0.00266746  0.96809850 -0.25076902
18828.4  1.00000000  0.96809424  0.00233423  0.96809706 -0.25077617
18828.5  1.00000000  0.96809428  0.00187216  0.96809609 -0.25078092
18828.6  1.00000000  0.96809478  0.00133920  0.96809570 -0.25078273
18828.7  1.00000000  0.96809564  0.00080131  0.96809597 -0.25078138
18828.8  1.00000000  0.96809683  0.00032509  0.96809688 -0.25077707
18828.9  1.00000000  0.96809831 -0.00003093  0.96809831 -0.25077036
18829.0  1.00000000  0.96810000 -0.00022462  0.96810002 -0.25076218
18829.1  1.00000000  0.96810176 -0.00023533  0.96810179 -0.25075354
18829.2  1.00000000  0.96810343 -0.00006476  0.96810344 -0.25074548
18829.3  1.00000000  0.96810475  0.00026391  0.96810478 -0.25073898
18829.4  1.00000000  0.96810541  0.00070866  0.96810566 -0.25073480
18829.5  1.00000000  0.96810517  0.00121318  0.96810593 -0.25073347
18829.6  1.00000000  0.96810404  0.00171385  0.96810556 -0.25073512
18829.7  1.00000000  0.96810225  0.00214869  0.96810463 -0.25073948
18829.8  1.00000000  0.96810016  0.00246547  0.96810330 -0.25074594
18829.9  1.00000000  0.96809816  0.00262759  0.96810173 -0.25075369
18830.0  1.00000000  0.96809652  0.00261753  0.96810006 -0.25076179
18830.1  1.00000000  0.96809543  0.00243835  0.96809850 -0.25076926
18830.2  1.00000000  0.96809495  0.00211393  0.96809726 -0.25077515
18830.3  1.00000000  0.96809506  0.00168661  0.96809653 -0.25077873
18830.4  1.00000000  0.96809561  0.00121111  0.96809637 -0.25077962
18830.5  1.00000000  0.96809648  0.00074664  0.96809676 -0.25077776
18830.6  1.00000000  0.96809757  0.00034950  0.96809764 -0.25077345
18830.7  1.00000000  0.96809891  0.00006718  0.96809892 -0.25076720
18830.8  1.00000000  0.96810046 -0.00006669  0.96810046 -0.25075980
18830.9  1.00000000  0.96810206 -0.00003715  0.96810207 -0.25075219
18831.0  1.00000000  0.96810348  0.00014979  0.96810349 -0.25074533
18831.1  1.00000000  0.96810445  0.00046831  0.96810456 -0.25074007
18831.2  1.00000000  0.96810478  0.00087704  0.96810518 -0.25073700
18831.3  1.00000000  0.96810439  0.00132478  0.96810530 -0.25073646
18831.4  1.00000000  0.96810331  0.00175637  0.96810490 -0.25073847
18831.5  1.00000000  0.96810169  0.00211887  0.96810400 -0.25074280
18831.6  1.00000000  0.96809983  0.00236811  0.96810273 -0.25074887
18831.7  1.00000000  0.96809809  0.00247465  0.96810125 -0.25075589
18831.8  1.00000000  0.96809675  0.00242772  0.96809979 -0.25076297
18831.9  1.00000000  0.96809592  0.00223587  0.96809851 -0.25076924
18832.0  1.00000000  0.96809561  0.00192476  0.96809753 -0.25077397
18832.1  1.00000000  0.96809575  0.00153386  0.96809696 -0.25077660
18832.2  1.00000000  0.96809627  0.00111213  0.96809691 -0.25077681
18832.3  1.00000000  0.96809712  0.00071234  0.96809738 -0.25077460
18832.4  1.00000000  0.96809823  0.00038391  0.96809831 -0.25077028
18832.5  1.00000000  0.96809951  0.00016608  0.96809952 -0.25076445
18832.6  1.00000000  0.96810088  0.00008356  0.96810088 -0.25075784
18832.7  1.00000000  0.96810223  0.00014439  0.96810224 -0.25075126
18832.8  1.00000000  0.96810339  0.00033943  0.96810345 -0.25074549
18832.9  1.00000000  0.96810413  0.00064316  0.96810434 -0.25074126
18833.0  1.00000000  0.96810425  0.00101646  0.96810478 -0.25073909
18833.1  1.00000000  0.96810370  0.00141189  0.96810473 -0.25073920
18833.2  1.00000000  0.96810259  0.00178026  0.96810423 -0.25074154
18833.3  1.00000000  0.96810113  0.00207697  0.96810336 -0.25074576
18833.4  1.00000000  0.96809956  0.00226695  0.96810221 -0.25075134
18833.5  1.00000000  0.96809811  0.00232831  0.96810091 -0.25075759
18833.6  1.00000000  0.96809700  0.00225491  0.96809962 -0.25076373
18833.7  1.00000000  0.96809634  0.00205753  0.96809853 -0.25076899
18833.8  1.00000000  0.96809617  0.00176259  0.96809777 -0.25077272
18833.9  1.00000000  0.96809640  0.00140821  0.96809743 -0.25077449
18834.0  1.00000000  0.96809695  0.00103872  0.96809750 -0.25077414
18834.1  1.00000000  0.96809774  0.00069931  0.96809799 -0.25077174
18834.2  1.00000000  0.96809876  0.00043116  0.96809885 -0.25076759
18834.3  1.00000000  0.96809994  0.00026661  0.96809998 -0.25076222
18834.4  1.00000000  0.96810119  0.00022473  0.96810121 -0.25075633
18834.5  1.00000000  0.96810233  0.00030874  0.96810238 -0.25075065
18834.6  1.00000000  0.96810322  0.00050607  0.96810335 -0.25074589
18834.7  1.00000000  0.96810370  0.00079077  0.96810402 -0.25074259
18834.8  1.00000000  0.96810367  0.00112692  0.96810433 -0.25074114
18834.9  1.00000000  0.96810310  0.00147271  0.96810422 -0.25074169
18835.0  1.00000000  0.96810205  0.00178533  0.96810370 -0.25074418
18835.1  1.00000000  0.96810072  0.00202643  0.96810284 -0.25074825
18835.2  1.00000000  0.96809935  0.00216724  0.96810178 -0.25075338
18835.3  1.00000000  0.96809816  0.00219218  0.96810064 -0.25075890
18835.4  1.00000000  0.96809729  0.00210013  0.96809957 -0.25076415
18835.5  1.00000000  0.96809679  0.00190394  0.96809867 -0.25076849
18835.6  1.00000000  0.96809668  0.00162885  0.96809805 -0.25077141
18835.7  1.00000000  0.96809692  0.00130974  0.96809781 -0.25077255
18835.8  1.00000000  0.96809748  0.00098685  0.96809798 -0.25077178
18835.9  1.00000000  0.96809827  0.00070021  0.96809852 -0.25076924
18836.0  1.00000000  0.96809921  0.00048438  0.96809934 -0.25076529
18836.1  1.00000000  0.96810027  0.00036459  0.96810033 -0.25076041
18836.2  1.00000000  0.96810135  0.00035421  0.96810141 -0.25075522
18836.3  1.00000000  0.96810233  0.00045330  0.96810243 -0.25075035
18836.4  1.00000000  0.96810304  0.00064831  0.96810326 -0.25074640
18836.5  1.00000000  0.96810335  0.00091371  0.96810378 -0.25074387
18836.6  1.00000000  0.96810318  0.00121550  0.96810394 -0.25074303
18836.7  1.00000000  0.96810256  0.00151600  0.96810374 -0.25074396
18836.8  1.00000000  0.96810159  0.00177850  0.96810322 -0.25074651
18836.9  1.00000000  0.96810042  0.00197143  0.96810243 -0.25075035
18837.0  1.00000000  0.96809924  0.00207187  0.96810146 -0.25075501
18837.1  1.00000000  0.96809822  0.00206847  0.96810043 -0.25075989
18837.2  1.00000000  0.96809750  0.00196310  0.96809949 -0.25076438
18837.3  1.00000000  0.96809715  0.00177049  0.96809877 -0.25076792
18837.4  1.00000000  0.96809714  0.00151580  0.96809832 -0.25077011
18837.5  1.00000000  0.96809742  0.00123111  0.96809820 -0.25077070
18837.6  1.00000000  0.96809795  0.00095162  0.96809841 -0.25076965
18837.7  1.00000000  0.96809869  0.00071166  0.96809895 -0.25076708
18837.8  1.00000000  0.96809959  0.00054049  0.96809974 -0.25076333
18837.9  1.00000000  0.96810056  0.00045833  0.96810067 -0.25075891
18838.0  1.00000000  0.96810150  0.00047382  0.96810161 -0.25075436
18838.1  1.00000000  0.96810228  0.00058338  0.96810245 -0.25075025
18838.2  1.00000000  0.96810280  0.00077221  0.96810311 -0.25074706
18838.3  1.00000000  0.96810297  0.00101618  0.96810351 -0.25074516
18838.4  1.00000000  0.96810273  0.00128460  0.96810358 -0.25074480
18838.5  1.00000000  0.96810210  0.00154391  0.96810333 -0.25074599
18838.6  1.00000000  0.96810118  0.00176209  0.96810278 -0.25074856
18838.7  1.00000000  0.96810014  0.00191292  0.96810203 -0.25075216
18838.8  1.00000000  0.96809915  0.00197906  0.96810117 -0.25075634
18838.9  1.00000000  0.96809833  0.00195372  0.96810030 -0.25076058
18839.0  1.00000000  0.96809776  0.00184119  0.96809951 -0.25076437
18839.1  1.00000000  0.96809749  0.00165634  0.96809891 -0.25076724
18839.2  1.00000000  0.96809754  0.00142298  0.96809858 -0.25076884
18839.3  1.00000000  0.96809786  0.00117077  0.96809856 -0.25076899
18839.4  1.00000000  0.96809839  0.00093111  0.96809884 -0.25076770
18839.5  1.00000000  0.96809908  0.00073311  0.96809936 -0.25076517
18839.6  1.00000000  0.96809989  0.00060031  0.96810007 -0.25076171
18839.7  1.00000000  0.96810074  0.00054819  0.96810089 -0.25075775
18839.8  1.00000000  0.96810155  0.00058223  0.96810172 -0.25075379
18839.9  1.00000000  0.96810219  0.00069709  0.96810244 -0.25075032
18840.0  1.00000000  0.96810256  0.00087730  0.96810296 -0.25074777
18840.1  1.00000000  0.96810260  0.00109960  0.96810323 -0.25074644
18840.2  1.00000000  0.96810230  0.00133609  0.96810322 -0.25074645
18840.3  1.00000000  0.96810170  0.00155770  0.96810295 -0.25074779
18840.4  1.00000000  0.96810088  0.00173743  0.96810244 -0.25075029
18840.5  1.00000000  0.96809997  0.00185362  0.96810174 -0.25075363
18840.6  1.00000000  0.96809911  0.00189269  0.96810096 -0.25075738
18840.7  1.00000000  0.96809843  0.00185097  0.96810020 -0.25076106
18840.8  1.00000000  0.96809799  0.00173495  0.96809955 -0.25076422
18840.9  1.00000000  0.96809782  0.00156002  0.96809908 -0.25076649
18841.0  1.00000000  0.96809791  0.00134839  0.96809884 -0.25076760
18841.1  1.00000000  0.96809822  0.00112647  0.96809887 -0.25076744
18841.2  1.00000000  0.96809873  0.00092179  0.96809917 -0.25076603
18841.3  1.00000000  0.96809939  0.00075949  0.96809969 -0.25076356
18841.4  1.00000000  0.96810013  0.00065898  0.96810036 -0.25076036
18841.5  1.00000000  0.96810088  0.00063161  0.96810108 -0.25075684
18841.6  1.00000000  0.96810155  0.00067956  0.96810179 -0.25075342
18841.7  1.00000000  0.96810206  0.00079594  0.96810239 -0.25075054
18841.8  1.00000000  0.96810233  0.00096563  0.96810281 -0.25074852
18841.9  1.00000000  0.96810230  0.00116702  0.96810300 -0.25074762
18842.0  1.00000000  0.96810195  0.00137469  0.96810293 -0.25074793
18842.1  1.00000000  0.96810136  0.00156287  0.96810262 -0.25074939
18842.2  1.00000000  0.96810061  0.00170873  0.96810212 -0.25075181
18842.3  1.00000000  0.96809982  0.00179509  0.96810149 -0.25075486
18842.4  1.00000000  0.96809910  0.00181220  0.96810080 -0.25075817
18842.5  1.00000000  0.96809854  0.00175881  0.96810014 -0.25076134
18842.6  1.00000000  0.96809819  0.00164238  0.96809959 -0.25076397
18842.7  1.00000000  0.96809809  0.00147825  0.96809922 -0.25076574
18842.8  1.00000000  0.96809823  0.00128755  0.96809909 -0.25076644
18842.9  1.00000000  0.96809856  0.00109396  0.96809918 -0.25076601
18843.0  1.00000000  0.96809905  0.00092124  0.96809949 -0.25076452
18843.1  1.00000000  0.96809965  0.00079023  0.96809997 -0.25076217
18843.2  1.00000000  0.96810032  0.00071659  0.96810058 -0.25075925
18843.3  1.00000000  0.96810098  0.00070882  0.96810124 -0.25075613
18843.4  1.00000000  0.96810154  0.00076685  0.96810185 -0.25075320
18843.5  1.00000000  0.96810193  0.00088244  0.96810233 -0.25075083
18843.6  1.00000000  0.96810208  0.00104043  0.96810264 -0.25074929
18843.7  1.00000000  0.96810198  0.00122083  0.96810275 -0.25074876
18843.8  1.00000000  0.96810163  0.00140131  0.96810265 -0.25074928
18843.9  1.00000000  0.96810108  0.00155967  0.96810233 -0.25075079
18844.0  1.00000000  0.96810040  0.00167657  0.96810185 -0.25075308
18844.1  1.00000000  0.96809971  0.00173812  0.96810127 -0.25075587
18844.2  1.00000000  0.96809910  0.00173760  0.96810066 -0.25075878
18844.3  1.00000000  0.96809866  0.00167616  0.96810012 -0.25076147
18844.4  1.00000000  0.96809841  0.00156228  0.96809967 -0.25076362
18844.5  1.00000000  0.96809836  0.00141052  0.96809939 -0.25076497
18844.6  1.00000000  0.96809851  0.00123995  0.96809931 -0.25076535
18844.7  1.00000000  0.96809885  0.00107199  0.96809944 -0.25076473
18844.8  1.00000000  0.96809932  0.00092744  0.96809977 -0.25076321
18844.9  1.00000000  0.96809988  0.00082373  0.96810023 -0.25076099
18845.0  1.00000000  0.96810046  0.00077285  0.96810077 -0.25075836
18845.1  1.00000000  0.96810101  0.00078019  0.96810133 -0.25075563
18845.2  1.00000000  0.96810148  0.00084416  0.96810185 -0.25075314
18845.3  1.00000000  0.96810178  0.00095627  0.96810225 -0.25075120
18845.4  1.00000000  0.96810186  0.00110199  0.96810249 -0.25075005
18845.5  1.00000000  0.96810171  0.00126277  0.96810253 -0.25074981
18845.6  1.00000000  0.96810135  0.00141849  0.96810239 -0.25075050
18845.7  1.00000000  0.96810083  0.00155019  0.96810208 -0.25075201
18845.8  1.00000000  0.96810024  0.00164218  0.96810164 -0.25075415
18845.9  1.00000000  0.96809965  0.00168367  0.96810112 -0.25075665
18846.0  1.00000000  0.96809914  0.00167010  0.96810058 -0.25075921
18846.1  1.00000000  0.96809878  0.00160384  0.96810010 -0.25076150
18846.2  1.00000000  0.96809860  0.00149389  0.96809975 -0.25076323
18846.3  1.00000000  0.96809860  0.00135459  0.96809955 -0.25076421
18846.4  1.00000000  0.96809878  0.00120346  0.96809953 -0.25076433
18846.5  1.00000000  0.96809910  0.00105910  0.96809968 -0.25076359
18846.6  1.00000000  0.96809953  0.00093912  0.96809999 -0.25076209
18846.7  1.00000000  0.96810004  0.00085807  0.96810042 -0.25076002
18846.8  1.00000000  0.96810057  0.00082552  0.96810092 -0.25075764
18846.9  1.00000000  0.96810105  0.00084473  0.96810141 -0.25075526
18847.0  1.00000000  0.96810141  0.00091244  0.96810184 -0.25075317
18847.1  1.00000000  0.96810162  0.00101957  0.96810216 -0.25075163
18847.2  1.00000000  0.96810165  0.00115241  0.96810233 -0.25075080
18847.3  1.00000000  0.96810148  0.00129443  0.96810234 -0.25075078
18847.4  1.00000000  0.96810112  0.00142814  0.96810217 -0.25075157
18847.5  1.00000000  0.96810064  0.00153693  0.96810186 -0.25075306
18847.6  1.00000000  0.96810010  0.00160773  0.96810144 -0.25075505
18847.7  1.00000000  0.96809960  0.00163248  0.96810098 -0.25075729
18847.8  1.00000000  0.96809919  0.00160883  0.96810052 -0.25075950
18847.9  1.00000000  0.96809890  0.00154040  0.96810013 -0.25076142
18848.0  1.00000000  0.96809877  0.00143604  0.96809983 -0.25076280
18848.1  1.00000000  0.96809880  0.00130910  0.96809969 -0.25076349
18848.2  1.00000000  0.96809900  0.00117566  0.96809971 -0.25076341
18848.3  1.00000000  0.96809932  0.00105238  0.96809990 -0.25076257
18848.4  1.00000000  0.96809973  0.00095425  0.96810020 -0.25076111
18848.5  1.00000000  0.96810018  0.00089285  0.96810059 -0.25075920
18848.6  1.00000000  0.96810063  0.00087510  0.96810103 -0.25075709
18848.7  1.00000000  0.96810104  0.00090270  0.96810146 -0.25075503
18848.8  1.00000000  0.96810134  0.00097180  0.96810183 -0.25075327
18848.9  1.00000000  0.96810148  0.00107324  0.96810208 -0.25075206
18849.0  1.00000000  0.96810144  0.00119370  0.96810218 -0.25075151
18849.1  1.00000000  0.96810125  0.00131827  0.96810215 -0.25075167
18849.2  1.00000000  0.96810090  0.00143157  0.96810196 -0.25075253
18849.3  1.00000000  0.96810049  0.00152000  0.96810168 -0.25075396
18849.4  1.00000000  0.96810002  0.00157313  0.96810129 -0.25075579
18849.5  1.00000000  0.96809957  0.00158441  0.96810087 -0.25075779
18849.6  1.00000000  0.96809923  0.00155330  0.96810048 -0.25075969
18849.7  1.00000000  0.96809902  0.00148431  0.96810015 -0.25076127
18849.8  1.00000000  0.96809895  0.00138653  0.96809994 -0.25076234
18849.9  1.00000000  0.96809902  0.00127247  0.96809985 -0.25076279
18850.0  1.00000000  0.96809920  0.00115607  0.96809989 -0.25076256
18850.1  1.00000000  0.96809950  0.00105166  0.96810007 -0.25076168
18850.2  1.00000000  0.96809988  0.00097227  0.96810037 -0.25076027
18850.3  1.00000000  0.96810029  0.00092716  0.96810073 -0.25075853
18850.4  1.00000000  0.96810069  0.00092153  0.96810113 -0.25075665
18850.5  1.00000000  0.96810100  0.00095523  0.96810147 -0.25075491
18850.6  1.00000000  0.96810123  0.00102347  0.96810178 -0.25075346
18850.7  1.00000000  0.96810133  0.00111775  0.96810198 -0.25075251
18850.8  1.00000000  0.96810127  0.00122598  0.96810205 -0.25075217
18850.9  1.00000000  0.96810107  0.00133466  0.96810199 -0.25075247
18851.0  1.00000000  0.96810074  0.00143026  0.96810179 -0.25075337
18851.1  1.00000000  0.96810034  0.00150108  0.96810151 -0.25075474
18851.2  1.00000000  0.96809995  0.00153905  0.96810117 -0.25075639
18851.3  1.00000000  0.96809958  0.00154001  0.96810081 -0.25075814
18851.4  1.00000000  0.96809930  0.00150420  0.96810047 -0.25075977
18851.5  1.00000000  0.96809913  0.00143653  0.96810019 -0.25076108
18851.6  1.00000000  0.96809908  0.00134566  0.96810002 -0.25076190
18851.7  1.00000000  0.96809918  0.00124334  0.96809998 -0.25076214
18851.8  1.00000000  0.96809938  0.00114243  0.96810006 -0.25076179
18851.9  1.00000000  0.96809966  0.00105512  0.96810024 -0.25076089
18852.0  1.00000000  0.96810000  0.00099196  0.96810051 -0.25075957
18852.1  1.00000000  0.96810036  0.00096030  0.96810084 -0.25075799
18852.2  1.00000000  0.96810071  0.00096376  0.96810119 -0.25075634
18852.3  1.00000000  0.96810098  0.00100153  0.96810150 -0.25075484
18852.4  1.00000000  0.96810115  0.00106828  0.96810174 -0.25075367
18852.5  1.00000000  0.96810119  0.00115531  0.96810188 -0.25075297
18852.6  1.00000000  0.96810110  0.00125163  0.96810191 -0.25075281
18852.7  1.00000000  0.96810090  0.00134528  0.96810183 -0.25075320
18852.8  1.00000000  0.96810060  0.00142494  0.96810165 -0.25075410
18852.9  1.00000000  0.96810025  0.00148092  0.96810138 -0.25075538
18853.0  1.00000000  0.96809989  0.00150657  0.96810106 -0.25075688
18853.1  1.00000000  0.96809958  0.00149935  0.96810075 -0.25075841
18853.2  1.00000000  0.96809936  0.00146076  0.96810046 -0.25075978
18853.3  1.00000000  0.96809925  0.00139594  0.96810025 -0.25076083
18853.4  1.00000000  0.96809923  0.00131297  0.96810012 -0.25076144
18853.5  1.00000000  0.96809933  0.00122229  0.96810010 -0.25076154
18853.6  1.00000000  0.96809952  0.00113516  0.96810019 -0.25076111
18853.7  1.00000000  0.96809980  0.00106239  0.96810038 -0.25076022
18853.8  1.00000000  0.96810011  0.00101276  0.96810064 -0.25075899
18853.9  1.00000000  0.96810043  0.00099200  0.96810093 -0.25075757
18854.0  1.00000000  0.96810071  0.00100220  0.96810122 -0.25075614
18854.1  1.00000000  0.96810092  0.00104156  0.96810148 -0.25075488
18854.2  1.00000000  0.96810105  0.00110501  0.96810169 -0.25075393
18854.3  1.00000000  0.96810107  0.00118455  0.96810180 -0.25075340
18854.4  1.00000000  0.96810096  0.00127001  0.96810180 -0.25075338
18854.5  1.00000000  0.96810075  0.00135069  0.96810170 -0.25075384
18854.6  1.00000000  0.96810048  0.00141677  0.96810151 -0.25075472
18854.7  1.00000000  0.96810016  0.00146033  0.96810127 -0.25075590
18854.8  1.00000000  0.96809987  0.00147649  0.96810100 -0.25075724
18854.9  1.00000000  0.96809961  0.00146366  0.96810072 -0.25075858
18855.0  1.00000000  0.96809942  0.00142346  0.96810047 -0.25075975
18855.1  1.00000000  0.96809934  0.00136134  0.96810030 -0.25076059
18855.2  1.00000000  0.96809936  0.00128548  0.96810021 -0.25076102
18855.3  1.00000000  0.96809947  0.00120521  0.96810022 -0.25076099
18855.4  1.00000000  0.96809967  0.00113079  0.96810033 -0.25076050
18855.5  1.00000000  0.96809990  0.00107092  0.96810049 -0.25075965
18855.6  1.00000000  0.96810018  0.00103262  0.96810073 -0.25075851
18855.7  1.00000000  0.96810046  0.00102081  0.96810100 -0.25075723
18855.8  1.00000000  0.96810070  0.00103635  0.96810126 -0.25075599
18855.9  1.00000000  0.96810088  0.00107696  0.96810148 -0.25075492
18856.0  1.00000000  0.96810096  0.00113726  0.96810163 -0.25075418
18856.1  1.00000000  0.96810094  0.00120923  0.96810169 -0.25075383
18856.2  1.00000000  0.96810084  0.00128428  0.96810170 -0.25075390
18856.3  1.00000000  0.96810064  0.00135326  0.96810159 -0.25075440
18856.4  1.00000000  0.96810038  0.00140732  0.96810141 -0.25075525
18856.5  1.00000000  0.96810011  0.00144035  0.96810118 -0.25075634
18856.6  1.00000000  0.96809983  0.00144819  0.96810091 -0.25075756
18856.7  1.00000000  0.96809964  0.00143046  0.96810070 -0.25075869
18856.8  1.00000000  0.96809950  0.00139007  0.96810049 -0.25075966
18856.9  1.00000000  0.96809944  0.00133178  0.96810035 -0.25076033
18857.0  1.00000000  0.96809947  0.00126327  0.96810030 -0.25076061
18857.1  1.00000000  0.96809958  0.00119294  0.96810031 -0.25076049
18857.2  1.00000000  0.96809977  0.00112953  0.96810043 -0.25075997
18857.3  1.00000000  0.96810001  0.00108110  0.96810061 -0.25075913
18857.4  1.00000000  0.96810024  0.00105305  0.96810082 -0.25075810
18857.5  1.00000000  0.96810048  0.00104846  0.96810105 -0.25075697
18857.6  1.00000000  0.96810068  0.00106776  0.96810127 -0.25075591
18857.7  1.00000000  0.96810082  0.00110803  0.96810145 -0.25075503
18857.8  1.00000000  0.96810089  0.00116439  0.96810159 -0.25075443
18857.9  1.00000000  0.96810084  0.00122949  0.96810162 -0.25075423
18858.0  1.00000000  0.96810072  0.00129488  0.96810159 -0.25075439
18858.1  1.00000000  0.96810053  0.00135288  0.96810147 -0.25075491
18858.2  1.00000000  0.96810030  0.00139624  0.96810130 -0.25075572
18858.3  1.00000000  0.96810007  0.00142009  0.96810111 -0.25075671
18858.4  1.00000000  0.96809984  0.00142171  0.96810088 -0.25075777
18858.5  1.00000000  0.96809966  0.00140093  0.96810067 -0.25075876
18858.6  1.00000000  0.96809956  0.00136083  0.96810051 -0.25075955
18858.7  1.00000000  0.96809953  0.00130668  0.96810041 -0.25076006
18858.8  1.00000000  0.96809958  0.00124532  0.96810038 -0.25076022
18858.9  1.00000000  0.96809970  0.00118452  0.96810042 -0.25076002
18859.0  1.00000000  0.96809986  0.00113140  0.96810052 -0.25075950
18859.1  1.00000000  0.96810008  0.00109255  0.96810069 -0.25075871
18859.2  1.00000000  0.96810029  0.00107272  0.96810089 -0.25075776
18859.3  1.00000000  0.96810050  0.00107391  0.96810110 -0.25075677
18859.4  1.00000000  0.96810067  0.00109584  0.96810129 -0.25075586
18859.5  1.00000000  0.96810076  0.00113523  0.96810142 -0.25075516
18859.6  1.00000000  0.96810079  0.00118705  0.96810152 -0.25075471
18859.7  1.00000000  0.96810074  0.00124496  0.96810154 -0.25075460
18859.8  1.00000000  0.96810062  0.00130164  0.96810150 -0.25075482
18859.9  1.00000000  0.96810045  0.00135015  0.96810139 -0.25075535
18860.0  1.00000000  0.96810023  0.00138455  0.96810122 -0.25075612
18860.1  1.00000000  0.96810002  0.00140073  0.96810104 -0.25075702
18860.2  1.00000000  0.96809985  0.00139721  0.96810085 -0.25075793
18860.3  1.00000000  0.96809970  0.00137464  0.96810068 -0.25075877
18860.4  1.00000000  0.96809962  0.00133599  0.96810054 -0.25075941
18860.5  1.00000000  0.96809961  0.00128626  0.96810046 -0.25075980
18860.6  1.00000000  0.96809966  0.00123160  0.96810045 -0.25075986
18860.7  1.00000000  0.96809979  0.00117905  0.96810051 -0.25075961
18860.8  1.00000000  0.96809995  0.00113501  0.96810062 -0.25075908
18860.9  1.00000000  0.96810014  0.00110467  0.96810077 -0.25075835
18861.0  1.00000000  0.96810032  0.00109157  0.96810094 -0.25075750
18861.1  1.00000000  0.96810050  0.00109705  0.96810112 -0.25075664
18861.2  1.00000000  0.96810063  0.00112027  0.96810128 -0.25075587
18861.3  1.00000000  0.96810071  0.00115821  0.96810140 -0.25075529
18861.4  1.00000000  0.96810071  0.00120580  0.96810146 -0.25075497
18861.5  1.00000000  0.96810065  0.00125706  0.96810147 -0.25075495
18861.6  1.00000000  0.96810053  0.00130566  0.96810141 -0.25075522
18861.7  1.00000000  0.96810037  0.00134567  0.96810131 -0.25075573
18861.8  1.00000000  0.96810019  0.00137242  0.96810116 -0.25075644
18861.9  1.00000000  0.96810000  0.00138263  0.96810099 -0.25075725
18862.0  1.00000000  0.96809985  0.00137526  0.96810082 -0.25075806
18862.1  1.00000000  0.96809973  0.00135152  0.96810068 -0.25075876
18862.2  1.00000000  0.96809968  0.00131460  0.96810057 -0.25075927
18862.3  1.00000000  0.96809969  0.00126931  0.96810052 -0.25075953
18862.4  1.00000000  0.96809975  0.00122123  0.96810052 -0.25075953
18862.5  1.00000000  0.96809986  0.00117626  0.96810058 -0.25075925
18862.6  1.00000000  0.96810001  0.00113997  0.96810069 -0.25075873
18862.7  1.00000000  0.96810019  0.00111673  0.96810083 -0.25075805
18862.8  1.00000000  0.96810035  0.00110922  0.96810099 -0.25075729
18862.9  1.00000000  0.96810050  0.00111812  0.96810114 -0.25075654
18863.0  1.00000000  0.96810060  0.00114197  0.96810127 -0.25075591
18863.1  1.00000000  0.96810065  0.00117774  0.96810137 -0.25075545
18863.2  1.00000000  0.96810064  0.00122089  0.96810141 -0.25075523
18863.3  1.00000000  0.96810058  0.00126600  0.96810141 -0.25075526
18863.4  1.00000000  0.96810046  0.00130747  0.96810134 -0.25075556
18863.5  1.00000000  0.96810031  0.00134013  0.96810123 -0.25075607
18863.6  1.00000000  0.96810015  0.00136018  0.96810110 -0.25075672
18863.7  1.00000000  0.96809999  0.00136540  0.96810095 -0.25075743
18863.8  1.00000000  0.96809986  0.00135534  0.96810081 -0.25075812
18863.9  1.00000000  0.96809977  0.00133142  0.96810069 -0.25075871
18864.0  1.00000000  0.96809973  0.00129671  0.96810060 -0.25075912
18864.1  1.00000000  0.96809975  0.00125568  0.96810057 -0.25075929
18864.2  1.00000000  0.96809983  0.00121358  0.96810059 -0.25075922
18864.3  1.00000000  0.96809994  0.00117554  0.96810065 -0.25075892
18864.4  1.00000000  0.96810007  0.00114616  0.96810075 -0.25075843
18864.5  1.00000000  0.96810022  0.00112888  0.96810088 -0.25075781
18864.6  1.00000000  0.96810036  0.00112568  0.96810102 -0.25075713
18864.7  1.00000000  0.96810049  0.00113685  0.96810115 -0.25075649
18864.8  1.00000000  0.96810057  0.00116077  0.96810126 -0.25075596
18864.9  1.00000000  0.96810060  0.00119426  0.96810133 -0.25075560
18865.0  1.00000000  0.96810058  0.00123305  0.96810136 -0.25075547
18865.1  1.00000000  0.96810051  0.00127230  0.96810134 -0.25075556
18865.2  1.00000000  0.96810040  0.00130726  0.96810128 -0.25075586
18865.3  1.00000000  0.96810026  0.00133368  0.96810118 -0.25075634
18865.4  1.00000000  0.96810012  0.00134835  0.96810106 -0.25075694
18865.5  1.00000000  0.96809998  0.00134963  0.96810092 -0.25075757
18865.6  1.00000000  0.96809988  0.00133757  0.96810080 -0.25075817
18865.7  1.00000000  0.96809981  0.00131390  0.96810071 -0.25075864
18865.8  1.00000000  0.96809979  0.00128172  0.96810064 -0.25075895
18865.9  1.00000000  0.96809982  0.00124501  0.96810062 -0.25075906
18866.0  1.00000000  0.96809989  0.00120836  0.96810064 -0.25075895
18866.1  1.00000000  0.96809999  0.00117630  0.96810070 -0.25075864
18866.2  1.00000000  0.96810012  0.00115278  0.96810080 -0.25075817
18866.3  1.00000000  0.96810025  0.00114055  0.96810092 -0.25075760
18866.4  1.00000000  0.96810037  0.00114089  0.96810104 -0.25075701
18866.5  1.00000000  0.96810047  0.00115357  0.96810116 -0.25075647
18866.6  1.00000000  0.96810053  0.00117691  0.96810125 -0.25075603
18866.7  1.00000000  0.96810055  0.00120789  0.96810130 -0.25075576
18866.8  1.00000000  0.96810052  0.00124261  0.96810132 -0.25075569
18866.9  1.00000000  0.96810045  0.00127667  0.96810129 -0.25075582
18867.0  1.00000000  0.96810034  0.00130588  0.96810122 -0.25075613
18867.1  1.00000000  0.96810022  0.00132676  0.96810113 -0.25075658
18867.2  1.00000000  0.96810010  0.00133687  0.96810102 -0.25075712
18867.3  1.00000000  0.96809998  0.00133514  0.96810091 -0.25075767
18867.4  1.00000000  0.96809990  0.00132189  0.96810080 -0.25075818
18867.5  1.00000000  0.96809985  0.00129889  0.96810072 -0.25075857
18867.6  1.00000000  0.96809984  0.00126917  0.96810067 -0.25075880
18867.7  1.00000000  0.96809987  0.00123652  0.96810066 -0.25075884
18867.8  1.00000000  0.96809994  0.00120496  0.96810069 -0.25075870
18867.9  1.00000000  0.96810004  0.00117835  0.96810076 -0.25075839
18868.0  1.00000000  0.96810015  0.00115985  0.96810085 -0.25075795
18868.1  1.00000000  0.96810027  0.00115167  0.96810095 -0.25075744
18868.2  1.00000000  0.96810037  0.00115471  0.96810106 -0.25075692
18868.3  1.00000000  0.96810045  0.00116841  0.96810116 -0.25075646
18868.4  1.00000000  0.96810050  0.00119088  0.96810123 -0.25075611
18868.5  1.00000000  0.96810050  0.00121924  0.96810127 -0.25075592
18868.6  1.00000000  0.96810047  0.00124993  0.96810127 -0.25075590
18868.7  1.00000000  0.96810040  0.00127918  0.96810124 -0.25075605
18868.8  1.00000000  0.96810030  0.00130340  0.96810118 -0.25075636
18868.9  1.00000000  0.96810019  0.00131963  0.96810109 -0.25075678
18869.0  1.00000000  0.96810008  0.00132599  0.96810099 -0.25075727
18869.1  1.00000000  0.96809999  0.00132187  0.96810089 -0.25075775
18869.2  1.00000000  0.96809992  0.00130796  0.96810080 -0.25075817
18869.3  1.00000000  0.96809988  0.00128609  0.96810074 -0.25075848
18869.4  1.00000000  0.96809988  0.00125902  0.96810070 -0.25075865
18869.5  1.00000000  0.96809992  0.00123017  0.96810070 -0.25075865
18869.6  1.00000000  0.96809999  0.00120313  0.96810074 -0.25075848
18869.7  1.00000000  0.96810008  0.00118124  0.96810080 -0.25075817
18869.8  1.00000000  0.96810018  0.00116709  0.96810089 -0.25075777
18869.9  1.00000000  0.96810028  0.00116227  0.96810098 -0.25075732
18870.0  1.00000000  0.96810037  0.00116726  0.96810107 -0.25075687
18870.1  1.00000000  0.96810043  0.00118132  0.96810115 -0.25075648
18870.2  1.00000000  0.96810046  0.00120262  0.96810121 -0.25075620
18870.3  1.00000000  0.96810046  0.00122841  0.96810124 -0.25075607
18870.4  1.00000000  0.96810042  0.00125543  0.96810123 -0.25075609
18870.5  1.00000000  0.96810035  0.00128033  0.96810120 -0.25075626
18870.6  1.00000000  0.96810026  0.00130011  0.96810114 -0.25075656
18870.7  1.00000000  0.96810017  0.00131242  0.96810106 -0.25075694
18870.8  1.00000000  0.96810007  0.00131584  0.96810097 -0.25075737
18870.9  1.00000000  0.96809999  0.00131005  0.96810088 -0.25075779
18871.0  1.00000000  0.96809994  0.00129589  0.96810081 -0.25075814
18871.1  1.00000000  0.96809992  0.00127525  0.96810076 -0.25075839
18871.2  1.00000000  0.96809993  0.00125077  0.96810073 -0.25075850
18871.3  1.00000000  0.96809997  0.00122552  0.96810074 -0.25075846
18871.4  1.00000000  0.96810003  0.00120258  0.96810078 -0.25075829
18871.5  1.00000000  0.96810011  0.00118474  0.96810084 -0.25075799
18871.6  1.00000000  0.96810020  0.00117416  0.96810092 -0.25075762
18871.7  1.00000000  0.96810029  0.00117204  0.96810100 -0.25075722
18871.8  1.00000000  0.96810036  0.00117851  0.96810108 -0.25075683
18871.9  1.00000000  0.96810041  0.00119263  0.96810115 -0.25075651
18872.0  1.00000000  0.96810043  0.00121254  0.96810119 -0.25075630
18872.1  1.00000000  0.96810042  0.00123575  0.96810121 -0.25075621
18872.2  1.00000000  0.96810038  0.00125937  0.96810120 -0.25075626
18872.3  1.00000000  0.96810031  0.00128045  0.96810116 -0.25075644
18872.4  1.00000000  0.96810023  0.00129642  0.96810110 -0.25075673
18872.5  1.00000000  0.96810015  0.00130539  0.96810103 -0.25075708
18872.6  1.00000000  0.96810007  0.00130638  0.96810095 -0.25075746
18872.7  1.00000000  0.96810000  0.00129940  0.96810088 -0.25075782
18872.8  1.00000000  0.96809996  0.00128540  0.96810081 -0.25075811
18872.9  1.00000000  0.96809995  0.00126618  0.96810077 -0.25075830
18873.0  1.00000000  0.96809996  0.00124419  0.96810076 -0.25075836
18873.1  1.00000000  0.96810000  0.00122221  0.96810078 -0.25075830
18873.2  1.00000000  0.96810007  0.00120293  0.96810081 -0.25075811
18873.3  1.00000000  0.96810014  0.00118868  0.96810087 -0.25075784
18873.4  1.00000000  0.96810022  0.00118113  0.96810094 -0.25075750
18873.5  1.00000000  0.96810029  0.00118110  0.96810102 -0.25075714
18873.6  1.00000000  0.96810035  0.00118852  0.96810108 -0.25075681
18873.7  1.00000000  0.96810039  0.00120238  0.96810114 -0.25075655
18873.8  1.00000000  0.96810040  0.00122085  0.96810117 -0.25075639
18873.9  1.00000000  0.96810038  0.00124159  0.96810118 -0.25075634
18874.0  1.00000000  0.96810034  0.00126165  0.96810116 -0.25075643
18874.1  1.00000000  0.96810028  0.00127893  0.96810113 -0.25075661
18874.2  1.00000000  0.96810021  0.00129145  0.96810107 -0.25075687
18874.3  1.00000000  0.96810014  0.00129774  0.96810100 -0.25075719
18874.4  1.00000000  0.96810007  0.00129701  0.96810094 -0.25075752
18874.5  1.00000000  0.96810002  0.00128942  0.96810087 -0.25075782
18874.6  1.00000000  0.96809999  0.00127600  0.96810083 -0.25075805
18874.7  1.00000000  0.96809998  0.00125853  0.96810080 -0.25075819
18874.8  1.00000000  0.96810000  0.00123924  0.96810079 -0.25075822
18874.9  1.00000000  0.96810004  0.00122049  0.96810081 -0.25075814
18875.0  1.00000000  0.96810010  0.00120455  0.96810084 -0.25075796
18875.1  1.00000000  0.96810016  0.00119335  0.96810090 -0.25075770
18875.2  1.00000000  0.96810023  0.00118822  0.96810096 -0.25075740
18875.3  1.00000000  0.96810030  0.00118976  0.96810103 -0.25075709
18875.4  1.00000000  0.96810034  0.00119768  0.96810108 -0.25075682
18875.5  1.00000000  0.96810037  0.00121085  0.96810112 -0.25075661
18875.6  1.00000000  0.96810037  0.00122762  0.96810115 -0.25075649
18875.7  1.00000000  0.96810035  0.00124592  0.96810116 -0.25075647
18875.8  1.00000000  0.96810031  0.00126348  0.96810114 -0.25075656
18875.9  1.00000000  0.96810026  0.00127807  0.96810110 -0.25075674
18876.0  1.00000000  0.96810019  0.00128790  0.96810104 -0.25075699
18876.1  1.00000000  0.96810012  0.00129182  0.96810098 -0.25075728
18876.2  1.00000000  0.96810007  0.00128955  0.96810093 -0.25075756
18876.3  1.00000000  0.96810003  0.00128149  0.96810088 -0.25075782
18876.4  1.00000000  0.96810000  0.00126861  0.96810083 -0.25075801
18876.5  1.00000000  0.96810000  0.00125244  0.96810081 -0.25075811
18876.6  1.00000000  0.96810003  0.00123516  0.96810081 -0.25075811
18876.7  1.00000000  0.96810007  0.00121899  0.96810083 -0.25075801
18876.8  1.00000000  0.96810013  0.00120588  0.96810088 -0.25075783
18876.9  1.00000000  0.96810018  0.00119743  0.96810092 -0.25075759
18877.0  1.00000000  0.96810023  0.00119424  0.96810097 -0.25075733
18877.1  1.00000000  0.96810030  0.00119696  0.96810104 -0.25075705
18877.2  1.00000000  0.96810033  0.00120532  0.96810108 -0.25075682
18877.3  1.00000000  0.96810036  0.00121794  0.96810112 -0.25075665
18877.4  1.00000000  0.96810035  0.00123340  0.96810113 -0.25075657
18877.5  1.00000000  0.96810032  0.00124941  0.96810112 -0.25075659
18877.6  1.00000000  0.96810028  0.00126421  0.96810111 -0.25075668
18877.7  1.00000000  0.96810024  0.00127616  0.96810108 -0.25075685
18877.8  1.00000000  0.96810017  0.00128378  0.96810103 -0.25075709
18877.9  1.00000000  0.96810012  0.00128591  0.96810097 -0.25075735
18878.0  1.00000000  0.96810007  0.00128263  0.96810092 -0.25075760
18878.1  1.00000000  0.96810003  0.00127409  0.96810087 -0.25075781
18878.2  1.00000000  0.96810004  0.00126196  0.96810086 -0.25075794
18878.3  1.00000000  0.96810002  0.00124754  0.96810083 -0.25075803
18878.4  1.00000000  0.96810006  0.00123239  0.96810084 -0.25075800
18878.5  1.00000000  0.96810008  0.00121868  0.96810085 -0.25075791
18878.6  1.00000000  0.96810014  0.00120777  0.96810089 -0.25075773
18878.7  1.00000000  0.96810020  0.00120142  0.96810095 -0.25075750
18878.8  1.00000000  0.96810025  0.00120013  0.96810099 -0.25075726
18878.9  1.00000000  0.96810029  0.00120385  0.96810104 -0.25075704
18879.0  1.00000000  0.96810032  0.00121207  0.96810108 -0.25075684
18879.1  1.00000000  0.96810033  0.00122384  0.96810110 -0.25075671
18879.2  1.00000000  0.96810033  0.00123762  0.96810112 -0.25075666
18879.3  1.00000000  0.96810031  0.00125189  0.96810112 -0.25075668
18879.4  1.00000000  0.96810025  0.00126449  0.96810108 -0.25075680
18879.5  1.00000000  0.96810022  0.00127402  0.96810105 -0.25075696
18879.6  1.00000000  0.96810016  0.00127949  0.96810100 -0.25075717
18879.7  1.00000000  0.96810012  0.00128017  0.96810097 -0.25075739
18879.8  1.00000000  0.96810008  0.00127631  0.96810092 -0.25075761
18879.9  1.00000000  0.96810005  0.00126803  0.96810088 -0.25075779
18880.0  1.00000000  0.96810004  0.00125656  0.96810086 -0.25075790
18880.1  1.00000000  0.96810005  0.00124343  0.96810085 -0.25075794
18880.2  1.00000000  0.96810008  0.00123033  0.96810086 -0.25075790
18880.3  1.00000000  0.96810012  0.00121884  0.96810088 -0.25075779
18880.4  1.00000000  0.96810015  0.00121028  0.96810091 -0.25075764
18880.5  1.00000000  0.96810020  0.00120552  0.96810095 -0.25075744
18880.6  1.00000000  0.96810025  0.00120536  0.96810100 -0.25075722
18880.7  1.00000000  0.96810028  0.00120971  0.96810104 -0.25075702
18880.8  1.00000000  0.96810031  0.00121793  0.96810108 -0.25075686
18880.9  1.00000000  0.96810031  0.00122895  0.96810109 -0.25075677
18881.0  1.00000000  0.96810030  0.00124117  0.96810109 -0.25075674
18881.1  1.00000000  0.96810028  0.00125337  0.96810109 -0.25075678
18881.2  1.00000000  0.96810025  0.00126399  0.96810107 -0.25075688
18881.3  1.00000000  0.96810020  0.00127172  0.96810104 -0.25075704
18881.4  1.00000000  0.96810015  0.00127559  0.96810099 -0.25075724
18881.5  1.00000000  0.96810011  0.00127511  0.96810095 -0.25075744
18881.6  1.00000000  0.96810008  0.00127053  0.96810092 -0.25075762
18881.7  1.00000000  0.96810007  0.00126256  0.96810089 -0.25075776
18881.8  1.00000000  0.96810006  0.00125210  0.96810087 -0.25075784
18881.9  1.00000000  0.96810007  0.00124045  0.96810087 -0.25075787
18882.0  1.00000000  0.96810009  0.00122905  0.96810087 -0.25075782
18882.1  1.00000000  0.96810013  0.00121933  0.96810090 -0.25075771
18882.2  1.00000000  0.96810017  0.00121263  0.96810093 -0.25075755
18882.3  1.00000000  0.96810021  0.00120954  0.96810097 -0.25075737
18882.4  1.00000000  0.96810025  0.00121039  0.96810101 -0.25075719
18882.5  1.00000000  0.96810027  0.00121499  0.96810104 -0.25075703
18882.6  1.00000000  0.96810029  0.00122277  0.96810107 -0.25075689
18882.7  1.00000000  0.96810030  0.00123285  0.96810109 -0.25075682
18882.8  1.00000000  0.96810029  0.00124387  0.96810109 -0.25075681
18882.9  1.00000000  0.96810026  0.00125434  0.96810107 -0.25075686
18883.0  1.00000000  0.96810023  0.00126306  0.96810105 -0.25075697
18883.1  1.00000000  0.96810019  0.00126904  0.96810102 -0.25075711
18883.2  1.00000000  0.96810015  0.00127163  0.96810099 -0.25075728
18883.3  1.00000000  0.96810012  0.00127055  0.96810095 -0.25075745
18883.4  1.00000000  0.96810009  0.00126596  0.96810092 -0.25075761
18883.5  1.00000000  0.96810007  0.00125842  0.96810089 -0.25075773
18883.6  1.00000000  0.96810007  0.00124894  0.96810088 -0.25075779
18883.7  1.00000000  0.96810009  0.00123874  0.96810088 -0.25075779
18883.8  1.00000000  0.96810011  0.00122905  0.96810089 -0.25075774
18883.9  1.00000000  0.96810014  0.00122100  0.96810091 -0.25075764
18884.0  1.00000000  0.96810018  0.00121546  0.96810094 -0.25075750
18884.1  1.00000000  0.96810021  0.00121319  0.96810097 -0.25075734
18884.2  1.00000000  0.96810025  0.00121444  0.96810101 -0.25075718
18884.3  1.00000000  0.96810027  0.00121907  0.96810104 -0.25075703
18884.4  1.00000000  0.96810028  0.00122642  0.96810106 -0.25075693
18884.5  1.00000000  0.96810028  0.00123549  0.96810107 -0.25075687
18884.6  1.00000000  0.96810027  0.00124515  0.96810107 -0.25075687
18884.7  1.00000000  0.96810025  0.00125425  0.96810106 -0.25075693
18884.8  1.00000000  0.96810022  0.00126171  0.96810104 -0.25075703
18884.9  1.00000000  0.96810018  0.00126664  0.96810101 -0.25075716
18885.0  1.00000000  0.96810015  0.00126840  0.96810098 -0.25075732
18885.1  1.00000000  0.96810012  0.00126677  0.96810094 -0.25075747
18885.2  1.00000000  0.96810010  0.00126204  0.96810092 -0.25075760
18885.3  1.00000000  0.96810009  0.00125489  0.96810090 -0.25075769
18885.4  1.00000000  0.96810009  0.00124624  0.96810089 -0.25075774
18885.5  1.00000000  0.96810010  0.00123712  0.96810089 -0.25075774
18885.6  1.00000000  0.96810012  0.00122860  0.96810090 -0.25075768
18885.7  1.00000000  0.96810015  0.00122174  0.96810092 -0.25075758
18885.8  1.00000000  0.96810019  0.00121746  0.96810095 -0.25075745
18885.9  1.00000000  0.96810022  0.00121632  0.96810099 -0.25075730
18886.0  1.00000000  0.96810025  0.00121830  0.96810101 -0.25075716
18886.1  1.00000000  0.96810026  0.00122298  0.96810103 -0.25075705
18886.2  1.00000000  0.96810027  0.00122981  0.96810105 -0.25075696
18886.3  1.00000000  0.96810027  0.00123810  0.96810107 -0.25075691
18886.4  1.00000000  0.96810026  0.00124682  0.96810106 -0.25075693
18886.5  1.00000000  0.96810023  0.00125470  0.96810105 -0.25075699
18886.6  1.00000000  0.96810020  0.00126073  0.96810102 -0.25075709
18886.7  1.00000000  0.96810017  0.00126425  0.96810100 -0.25075722
18886.8  1.00000000  0.96810015  0.00126503  0.96810098 -0.25075735
18886.9  1.00000000  0.96810013  0.00126308  0.96810095 -0.25075748
18887.0  1.00000000  0.96810010  0.00125840  0.96810092 -0.25075760
18887.1  1.00000000  0.96810009  0.00125152  0.96810090 -0.25075767
18887.2  1.00000000  0.96810010  0.00124363  0.96810090 -0.25075770
18887.3  1.00000000  0.96810012  0.00123553  0.96810091 -0.25075768
18887.4  1.00000000  0.96810015  0.00122856  0.96810093 -0.25075761
18887.5  1.00000000  0.96810016  0.00122314  0.96810093 -0.25075753
18887.6  1.00000000  0.96810019  0.00121985  0.96810096 -0.25075741
18887.7  1.00000000  0.96810022  0.00121943  0.96810099 -0.25075727
18887.8  1.00000000  0.96810024  0.00122172  0.96810101 -0.25075715
18887.9  1.00000000  0.96810027  0.00122655  0.96810104 -0.25075705
18888.0  1.00000000  0.96810026  0.00123316  0.96810104 -0.25075699
18888.1  1.00000000  0.96810025  0.00124040  0.96810104 -0.25075697
18888.2  1.00000000  0.96810025  0.00124785  0.96810105 -0.25075698
18888.3  1.00000000  0.96810022  0.00125445  0.96810103 -0.25075705
18888.4  1.00000000  0.96810020  0.00125941  0.96810102 -0.25075713
18888.5  1.00000000  0.96810017  0.00126215  0.96810099 -0.25075726
18888.6  1.00000000  0.96810014  0.00126205  0.96810096 -0.25075738
18888.7  1.00000000  0.96810013  0.00125951  0.96810095 -0.25075749
18888.8  1.00000000  0.96810011  0.00125493  0.96810093 -0.25075758
18888.9  1.00000000  0.96810011  0.00124874  0.96810092 -0.25075763
18889.0  1.00000000  0.96810011  0.00124179  0.96810091 -0.25075765
18889.1  1.00000000  0.96810012  0.00123473  0.96810091 -0.25075763
18889.2  1.00000000  0.96810015  0.00122860  0.96810093 -0.25075756
18889.3  1.00000000  0.96810018  0.00122435  0.96810095 -0.25075747
18889.4  1.00000000  0.96810020  0.00122223  0.96810097 -0.25075736
18889.5  1.00000000  0.96810022  0.00122250  0.96810099 -0.25075725
18889.6  1.00000000  0.96810023  0.00122501  0.96810101 -0.25075716
18889.7  1.00000000  0.96810025  0.00122947  0.96810103 -0.25075707
18889.8  1.00000000  0.96810026  0.00123555  0.96810105 -0.25075701
18889.9  1.00000000  0.96810025  0.00124226  0.96810104 -0.25075701
18890.0  1.00000000  0.96810023  0.00124872  0.96810104 -0.25075704
18890.1  1.00000000  0.96810021  0.00125415  0.96810102 -0.25075710
18890.2  1.00000000  0.96810019  0.00125790  0.96810101 -0.25075719
18890.3  1.00000000  0.96810017  0.00125974  0.96810099 -0.25075728
18890.4  1.00000000  0.96810014  0.00125935  0.96810096 -0.25075739
18890.5  1.00000000  0.96810013  0.00125665  0.96810094 -0.25075749
18890.6  1.00000000  0.96810012  0.00125212  0.96810093 -0.25075756
18890.7  1.00000000  0.96810012  0.00124631  0.96810092 -0.25075760
18890.8  1.00000000  0.96810013  0.00124011  0.96810092 -0.25075760
18890.9  1.00000000  0.96810014  0.00123424  0.96810093 -0.25075758
18891.0  1.00000000  0.96810015  0.00122922  0.96810093 -0.25075752
18891.1  1.00000000  0.96810018  0.00122576  0.96810095 -0.25075744
18891.2  1.00000000  0.96810020  0.00122429  0.96810097 -0.25075734
18891.3  1.00000000  0.96810023  0.00122505  0.96810100 -0.25075723
18891.4  1.00000000  0.96810024  0.00122789  0.96810102 -0.25075715
18891.5  1.00000000  0.96810024  0.00123226  0.96810102 -0.25075709
18891.6  1.00000000  0.96810024  0.00123765  0.96810103 -0.25075705
18891.7  1.00000000  0.96810024  0.00124349  0.96810103 -0.25075705
18891.8  1.00000000  0.96810023  0.00124905  0.96810103 -0.25075708
18891.9  1.00000000  0.96810021  0.00125367  0.96810102 -0.25075714
18892.0  1.00000000  0.96810018  0.00125664  0.96810099 -0.25075723
18892.1  1.00000000  0.96810016  0.00125763  0.96810098 -0.25075732
18892.2  1.00000000  0.96810015  0.00125669  0.96810096 -0.25075741
18892.3  1.00000000  0.96810013  0.00125394  0.96810095 -0.25075748
18892.4  1.00000000  0.96810013  0.00124975  0.96810093 -0.25075754
18892.5  1.00000000  0.96810012  0.00124454  0.96810092 -0.25075758
18892.6  1.00000000  0.96810013  0.00123895  0.96810092 -0.25075757
18892.7  1.00000000  0.96810015  0.00123382  0.96810093 -0.25075754
18892.8  1.00000000  0.96810017  0.00122977  0.96810095 -0.25075748
18892.9  1.00000000  0.96810019  0.00122724  0.96810096 -0.25075740
18893.0  1.00000000  0.96810020  0.00122646  0.96810098 -0.25075731
18893.1  1.00000000  0.96810022  0.00122746  0.96810099 -0.25075723
18893.2  1.00000000  0.96810023  0.00123024  0.96810101 -0.25075715
18893.3  1.00000000  0.96810024  0.00123443  0.96810103 -0.25075710
18893.4  1.00000000  0.96810024  0.00123943  0.96810103 -0.25075708
18893.5  1.00000000  0.96810022  0.00124458  0.96810103 -0.25075709
18893.6  1.00000000  0.96810021  0.00124921  0.96810102 -0.25075712
18893.7  1.00000000  0.96810020  0.00125287  0.96810101 -0.25075718
18893.8  1.00000000  0.96810018  0.00125516  0.96810099 -0.25075725
18893.9  1.00000000  0.96810016  0.00125573  0.96810098 -0.25075734
18894.0  1.00000000  0.96810014  0.00125450  0.96810096 -0.25075742
18894.1  1.00000000  0.96810013  0.00125164  0.96810094 -0.25075748
18894.2  1.00000000  0.96810013  0.00124760  0.96810094 -0.25075752
18894.3  1.00000000  0.96810014  0.00124296  0.96810093 -0.25075754
18894.4  1.00000000  0.96810014  0.00123819  0.96810093 -0.25075754
18894.5  1.00000000  0.96810015  0.00123385  0.96810094 -0.25075750
18894.6  1.00000000  0.96810017  0.00123048  0.96810095 -0.25075744
18894.7  1.00000000  0.96810019  0.00122855  0.96810097 -0.25075737
18894.8  1.00000000  0.96810021  0.00122831  0.96810099 -0.25075729
18894.9  1.00000000  0.96810022  0.00122970  0.96810100 -0.25075722
18895.0  1.00000000  0.96810022  0.00123246  0.96810101 -0.25075716
18895.1  1.00000000  0.96810023  0.00123627  0.96810102 -0.25075712
18895.2  1.00000000  0.96810023  0.00124071  0.96810102 -0.25075711
18895.3  1.00000000  0.96810022  0.00124524  0.96810102 -0.25075712
18895.4  1.00000000  0.96810021  0.00124925  0.96810101 -0.25075715
18895.5  1.00000000  0.96810019  0.00125219  0.96810100 -0.25075721
18895.6  1.00000000  0.96810017  0.00125375  0.96810099 -0.25075728
18895.7  1.00000000  0.96810016  0.00125382  0.96810097 -0.25075735
18895.8  1.00000000  0.96810015  0.00125243  0.96810096 -0.25075742
18895.9  1.00000000  0.96810014  0.00124972  0.96810095 -0.25075747
18896.0  1.00000000  0.96810014  0.00124597  0.96810094 -0.25075751
18896.1  1.00000000  0.96810014  0.00124172  0.96810094 -0.25075752
18896.2  1.00000000  0.96810015  0.00123753  0.96810094 -0.25075750
18896.3  1.00000000  0.96810016  0.00123395  0.96810095 -0.25075747
18896.4  1.00000000  0.96810018  0.00123134  0.96810096 -0.25075741
18896.5  1.00000000  0.96810019  0.00122997  0.96810097 -0.25075735
18896.6  1.00000000  0.96810020  0.00123003  0.96810099 -0.25075728
18896.7  1.00000000  0.96810022  0.00123153  0.96810100 -0.25075722
18896.8  1.00000000  0.96810022  0.00123429  0.96810101 -0.25075717
18896.9  1.00000000  0.96810022  0.00123789  0.96810102 -0.25075714
18897.0  1.00000000  0.96810022  0.00124184  0.96810102 -0.25075713
18897.1  1.00000000  0.96810021  0.00124567  0.96810101 -0.25075715
18897.2  1.00000000  0.96810020  0.00124898  0.96810101 -0.25075718
18897.3  1.00000000  0.96810019  0.00125136  0.96810100 -0.25075724
18897.4  1.00000000  0.96810017  0.00125249  0.96810098 -0.25075730
18897.5  1.00000000  0.96810016  0.00125221  0.96810097 -0.25075736
18897.6  1.00000000  0.96810015  0.00125060  0.96810096 -0.25075742
18897.7  1.00000000  0.96810015  0.00124793  0.96810095 -0.25075746
18897.8  1.00000000  0.96810014  0.00124455  0.96810094 -0.25075749
18897.9  1.00000000  0.96810015  0.00124084  0.96810094 -0.25075749
18898.0  1.00000000  0.96810015  0.00123722  0.96810094 -0.25075748
18898.1  1.00000000  0.96810017  0.00123417  0.96810095 -0.25075744
18898.2  1.00000000  0.96810018  0.00123210  0.96810097 -0.25075739
18898.3  1.00000000  0.96810019  0.00123126  0.96810098 -0.25075733
18898.4  1.00000000  0.96810020  0.00123168  0.96810099 -0.25075727
18898.5  1.00000000  0.96810021  0.00123327  0.96810100 -0.25075722
18898.6  1.00000000  0.96810022  0.00123584  0.96810101 -0.25075718
18898.7  1.00000000  0.96810022  0.00123910  0.96810101 -0.25075716
18898.8  1.00000000  0.96810022  0.00124265  0.96810101 -0.25075716
18898.9  1.00000000  0.96810021  0.00124600  0.96810101 -0.25075718
18899.0  1.00000000  0.96810019  0.00124871  0.96810100 -0.25075721
18899.1  1.00000000  0.96810018  0.00125049  0.96810099 -0.25075726
18899.2  1.00000000  0.96810017  0.00125117  0.96810098 -0.25075731
18899.3  1.00000000  0.96810016  0.00125069  0.96810097 -0.25075737
18899.4  1.00000000  0.96810015  0.00124907  0.96810096 -0.25075742
18899.5  1.00000000  0.96810015  0.00124651  0.96810095 -0.25075745
18899.6  1.00000000  0.96810015  0.00124336  0.96810095 -0.25075747
18899.7  1.00000000  0.96810015  0.00124016  0.96810095 -0.25075747
18899.8  1.00000000  0.96810016  0.00123721  0.96810095 -0.25075745
18899.9  1.00000000  0.96810017  0.00123480  0.96810096 -0.25075741
18900.0  1.00000000  0.96810018  0.00123321  0.96810097 -0.25075737
18900.1  1.00000000  0.96810019  0.00123264  0.96810098 -0.25075732
18900.2  1.00000000  0.96810020  0.00123317  0.96810099 -0.25075727
18900.3  1.00000000  0.96810021  0.00123477  0.96810100 -0.25075722
18900.4  1.00000000  0.96810022  0.00123720  0.96810101 -0.25075719
18900.5  1.00000000  0.96810021  0.00124012  0.96810101 -0.25075718
18900.6  1.00000000  0.96810021  0.00124316  0.96810101 -0.25075718
18900.7  1.00000000  0.96810020  0.00124593  0.96810100 -0.25075720
18900.8  1.00000000  0.96810019  0.00124815  0.96810100 -0.25075723
18900.9  1.00000000  0.96810018  0.00124959  0.96810099 -0.25075727
18901.0  1.00000000  0.96810017  0.00125003  0.96810098 -0.25075732
18901.1  1.00000000  0.96810016  0.00124938  0.96810097 -0.25075737
18901.2  1.00000000  0.96810015  0.00124771  0.96810096 -0.25075742
18901.3  1.00000000  0.96810015  0.00124532  0.96810095 -0.25075744
18901.4  1.00000000  0.96810016  0.00124258  0.96810095 -0.25075745
18901.5  1.00000000  0.96810016  0.00123979  0.96810095 -0.25075745
18901.6  1.00000000  0.96810016  0.00123722  0.96810096 -0.25075743
18901.7  1.00000000  0.96810017  0.00123513  0.96810096 -0.25075740
18901.8  1.00000000  0.96810018  0.00123382  0.96810097 -0.25075736
18901.9  1.00000000  0.96810020  0.00123353  0.96810098 -0.25075731
18902.0  1.00000000  0.96810021  0.00123430  0.96810099 -0.25075726
18902.1  1.00000000  0.96810021  0.00123596  0.96810100 -0.25075723
18902.2  1.00000000  0.96810021  0.00123821  0.96810100 -0.25075721
18902.3  1.00000000  0.96810021  0.00124076  0.96810100 -0.25075720
18902.4  1.00000000  0.96810021  0.00124340  0.96810100 -0.25075720
18902.5  1.00000000  0.96810020  0.00124590  0.96810101 -0.25075721
18902.6  1.00000000  0.96810019  0.00124787  0.96810100 -0.25075725
18902.7  1.00000000  0.96810017  0.00124894  0.96810098 -0.25075729
18902.8  1.00000000  0.96810016  0.00124897  0.96810097 -0.25075734
18902.9  1.00000000  0.96810016  0.00124811  0.96810097 -0.25075738
18903.0  1.00000000  0.96810016  0.00124657  0.96810097 -0.25075740
18903.1  1.00000000  0.96810016  0.00124452  0.96810096 -0.25075743
18903.2  1.00000000  0.96810015  0.00124205  0.96810095 -0.25075744
18903.3  1.00000000  0.96810015  0.00123938  0.96810095 -0.25075744
18903.4  1.00000000  0.96810017  0.00123701  0.96810096 -0.25075741
18903.5  1.00000000  0.96810018  0.00123539  0.96810097 -0.25075737
18903.6  1.00000000  0.96810019  0.00123465  0.96810098 -0.25075734
18903.7  1.00000000  0.96810019  0.00123469  0.96810098 -0.25075730
18903.8  1.00000000  0.96810019  0.00123541  0.96810098 -0.25075727
18903.9  1.00000000  0.96810020  0.00123681  0.96810099 -0.25075723
18904.0  1.00000000  0.96810022  0.00123893  0.96810101 -0.25075721
18904.1  1.00000000  0.96810021  0.00124152  0.96810101 -0.25075720
18904.2  1.00000000  0.96810020  0.00124400  0.96810100 -0.25075722
18904.3  1.00000000  0.96810018  0.00124591  0.96810099 -0.25075724
18904.4  1.00000000  0.96810018  0.00124722  0.96810099 -0.25075727
18904.5  1.00000000  0.96810018  0.00124797  0.96810099 -0.25075730
18904.6  1.00000000  0.96810018  0.00124808  0.96810098 -0.25075733
18904.7  1.00000000  0.96810016  0.00124739  0.96810097 -0.25075738
18904.8  1.00000000  0.96810015  0.00124573  0.96810095 -0.25075742
18904.9  1.00000000  0.96810015  0.00124341  0.96810095 -0.25075743
18905.0  1.00000000  0.96810017  0.00124117  0.96810097 -0.25075742
18905.1  1.00000000  0.96810017  0.00123921  0.96810097 -0.25075741
18905.2  1.00000000  0.96810017  0.00123743  0.96810096 -0.25075740
18905.3  1.00000000  0.96810017  0.00123605  0.96810096 -0.25075737
18905.4  1.00000000  0.96810018  0.00123515  0.96810096 -0.25075734
18905.5  1.00000000  0.96810021  0.00123523  0.96810099 -0.25075728
18905.6  1.00000000  0.96810022  0.00123647  0.96810100 -0.25075725
18905.7  1.00000000  0.96810020  0.00123810  0.96810099 -0.25075724
18905.8  1.00000000  0.96810020  0.00123989  0.96810099 -0.25075723
18905.9  1.00000000  0.96810020  0.00124187  0.96810099 -0.25075723
18906.0  1.00000000  0.96810020  0.00124377  0.96810100 -0.25075723
18906.1  1.00000000  0.96810021  0.00124578  0.96810101 -0.25075723
18906.2  1.00000000  0.96810018  0.00124720  0.96810098 -0.25075729
18906.3  1.00000000  0.96810016  0.00124738  0.96810097 -0.25075732
18906.4  1.00000000  0.96810017  0.00124703  0.96810098 -0.25075734
18906.5  1.00000000  0.96810016  0.00124609  0.96810096 -0.25075738
18906.6  1.00000000  0.96810018  0.00124471  0.96810098 -0.25075739
18906.7  1.00000000  0.96810017  0.00124321  0.96810096 -0.25075741
18906.8  1.00000000  0.96810014  0.00124093  0.96810093 -0.25075743
18906.9  1.00000000  0.96810017  0.00123872  0.96810097 -0.25075740
18907.0  1.00000000  0.96810018  0.00123738  0.96810097 -0.25075737
18907.1  1.00000000  0.96810018  0.00123636  0.96810097 -0.25075735
18907.2  1.00000000  0.96810020  0.00123626  0.96810099 -0.25075731
18907.3  1.00000000  0.96810017  0.00123649  0.96810096 -0.25075731
18907.4  1.00000000  0.96810020  0.00123692  0.96810099 -0.25075727
18907.5  1.00000000  0.96810022  0.00123866  0.96810102 -0.25075723
18907.6  1.00000000  0.96810019  0.00124056  0.96810099 -0.25075724
18907.7  1.00000000  0.96810021  0.00124247  0.96810101 -0.25075722
18907.8  1.00000000  0.96810018  0.00124435  0.96810098 -0.25075725
18907.9  1.00000000  0.96810017  0.00124522  0.96810097 -0.25075728
18908.0  1.00000000  0.96810021  0.00124624  0.96810101 -0.25075727
18908.1  1.00000000  0.96810017  0.00124694  0.96810097 -0.25075732
18908.2  1.00000000  0.96810017  0.00124634  0.96810097 -0.25075735
18908.3  1.00000000  0.96810017  0.00124558  0.96810097 -0.25075737
18908.4  1.00000000  0.96810013  0.00124384  0.96810093 -0.25075742
18908.5  1.00000000  0.96810019  0.00124195  0.96810099 -0.25075738
18908.6  1.00000000  0.96810018  0.00124085  0.96810098 -0.25075739
18908.7  1.00000000  0.96810015  0.00123900  0.96810094 -0.25075741
18908.8  1.00000000  0.96810019  0.00123764  0.96810098 -0.25075736
18908.9  1.00000000  0.96810016  0.00123690  0.96810095 -0.25075736
18909.0  1.00000000  0.96810020  0.00123632  0.96810098 -0.25075731
18909.1  1.00000000  0.96810022  0.00123732  0.96810102 -0.25075726
18909.2  1.00000000  0.96810017  0.00123829  0.96810096 -0.25075729
18909.3  1.00000000  0.96810020  0.00123925  0.96810100 -0.25075725
18909.4  1.00000000  0.96810020  0.00124106  0.96810100 -0.25075724
18909.5  1.00000000  0.96810018  0.00124242  0.96810098 -0.25075725
18909.6  1.00000000  0.96810023  0.00124417  0.96810103 -0.25075723
18909.7  1.00000000  0.96810017  0.00124569  0.96810097 -0.25075729
18909.8  1.00000000  0.96810016  0.00124573  0.96810097 -0.25075731
18909.9  1.00000000  0.96810020  0.00124600  0.96810100 -0.25075731
18910.0  1.00000000  0.96810015  0.00124556  0.96810095 -0.25075737
18910.1  1.00000000  0.96810019  0.00124454  0.96810099 -0.25075735
18910.2  1.00000000  0.96810017  0.00124377  0.96810097 -0.25075738
