 # AA:        169152.87962671576     
 # FLEGG:     157470.71005975758     
 # AF0:     -5.33308614247767210E-002
 # CPAR:      555.55779854881382     
 # Diff:     0.12463198212018202     
 # TF:       4.89897948556635358E-007
 # H:         284.00000000000000     
 # GRAD:     0.10000000000000001     
 # HR:       3.00000000000000006E-003
 # LP:       0.19004008016027393     
 # TIME  LP  TMAB  TMDS  TMPC  TMZ
13358.3  1.00000000  0.96801874  0.00149132  0.96801989 -0.25108702
13358.4  1.00000000  0.96802056  0.00018587  0.96802057 -0.25108427
13358.5  1.00000000  0.96802229 -0.00165001  0.96802370 -0.25107098
13358.6  1.00000000  0.96802346 -0.00317896  0.96802868 -0.25104814
13358.7  1.00000000  0.96802590 -0.00425804  0.96803527 -0.25101791
13358.8  1.00000000  0.96803092 -0.00478818  0.96804276 -0.25098332
13358.9  1.00000000  0.96803918 -0.00472279  0.96805070 -0.25094758
13359.0  1.00000000  0.96804959 -0.00407134  0.96805815 -0.25091429
13359.1  1.00000000  0.96805971 -0.00290580  0.96806408 -0.25088692
13359.2  1.00000000  0.96806720 -0.00134825  0.96806814 -0.25086791
13359.3  1.00000000  0.96806991  0.00044540  0.96807001 -0.25085895
13359.4  1.00000000  0.96806683  0.00229721  0.96806956 -0.25086080
13359.5  1.00000000  0.96805871  0.00402886  0.96806709 -0.25087297
13359.6  1.00000000  0.96804703  0.00547563  0.96806251 -0.25089446
13359.7  1.00000000  0.96803440  0.00649731  0.96805621 -0.25092315
13359.8  1.00000000  0.96802357  0.00699715  0.96804886 -0.25095612
13359.9  1.00000000  0.96801639  0.00692906  0.96804119 -0.25099009
13360.0  1.00000000  0.96801380  0.00630705  0.96803435 -0.25102141
13360.1  1.00000000  0.96801482  0.00520276  0.96802880 -0.25104720
13360.2  1.00000000  0.96801759  0.00372822  0.96802477 -0.25106526
13360.3  1.00000000  0.96802065  0.00202840  0.96802277 -0.25107381
13360.4  1.00000000  0.96802311  0.00027141  0.96802315 -0.25107197
13360.5  1.00000000  0.96802502 -0.00136784  0.96802598 -0.25105995
13360.6  1.00000000  0.96802689 -0.00272775  0.96803073 -0.25103922
13360.7  1.00000000  0.96802960 -0.00368226  0.96803661 -0.25101216
13360.8  1.00000000  0.96803448 -0.00414583  0.96804336 -0.25098120
13360.9  1.00000000  0.96804180 -0.00407708  0.96805038 -0.25094934
13361.0  1.00000000  0.96805069 -0.00348725  0.96805697 -0.25091972
13361.1  1.00000000  0.96805932 -0.00243856  0.96806239 -0.25089527
13361.2  1.00000000  0.96806536 -0.00104070  0.96806592 -0.25087848
13361.3  1.00000000  0.96806727  0.00056354  0.96806743 -0.25087074
13361.4  1.00000000  0.96806441  0.00221608  0.96806695 -0.25087260
13361.5  1.00000000  0.96805726  0.00375681  0.96806455 -0.25088374
13361.6  1.00000000  0.96804736  0.00503929  0.96806048 -0.25090300
13361.7  1.00000000  0.96803669  0.00594251  0.96805493 -0.25092859
13361.8  1.00000000  0.96802730  0.00637948  0.96804832 -0.25095806
13361.9  1.00000000  0.96802100  0.00631014  0.96804157 -0.25098829
13362.0  1.00000000  0.96801839  0.00574795  0.96803546 -0.25101620
13362.1  1.00000000  0.96801891  0.00475629  0.96803059 -0.25103907
13362.2  1.00000000  0.96802108  0.00343828  0.96802719 -0.25105495
13362.3  1.00000000  0.96802349  0.00192238  0.96802540 -0.25106248
13362.4  1.00000000  0.96802567  0.00035669  0.96802573 -0.25106075
13362.5  1.00000000  0.96802762 -0.00110238  0.96802824 -0.25104994
13362.6  1.00000000  0.96802972 -0.00231137  0.96803248 -0.25103137
13362.7  1.00000000  0.96803265 -0.00315652  0.96803779 -0.25100711
13362.8  1.00000000  0.96803714 -0.00356309  0.96804369 -0.25097956
13362.9  1.00000000  0.96804356 -0.00349668  0.96804987 -0.25095120
13363.0  1.00000000  0.96805120 -0.00296618  0.96805574 -0.25092480
13363.1  1.00000000  0.96805843 -0.00202736  0.96806055 -0.25090306
13363.2  1.00000000  0.96806346 -0.00077748  0.96806377 -0.25088809
13363.3  1.00000000  0.96806489  0.00065613  0.96806511 -0.25088128
13363.4  1.00000000  0.96806228  0.00213056  0.96806462 -0.25088308
13363.5  1.00000000  0.96805617  0.00350350  0.96806251 -0.25089310
13363.6  1.00000000  0.96804773  0.00464476  0.96805887 -0.25091037
13363.7  1.00000000  0.96803863  0.00544638  0.96805395 -0.25093325
13363.8  1.00000000  0.96803056  0.00583211  0.96804813 -0.25095954
13363.9  1.00000000  0.96802488  0.00576573  0.96804205 -0.25098656
13364.0  1.00000000  0.96802231  0.00525897  0.96803659 -0.25101145
13364.1  1.00000000  0.96802238  0.00436954  0.96803225 -0.25103181
13364.2  1.00000000  0.96802394  0.00318953  0.96802919 -0.25104592
13364.3  1.00000000  0.96802587  0.00183459  0.96802761 -0.25105253
13364.4  1.00000000  0.96802774  0.00043645  0.96802784 -0.25105095
13364.5  1.00000000  0.96802967 -0.00086601  0.96803005 -0.25104122
13364.6  1.00000000  0.96803192 -0.00194352  0.96803387 -0.25102453
13364.7  1.00000000  0.96803490 -0.00269453  0.96803865 -0.25100279
13364.8  1.00000000  0.96803915 -0.00305244  0.96804396 -0.25097812
13364.9  1.00000000  0.96804487 -0.00298738  0.96804948 -0.25095280
13365.0  1.00000000  0.96805149 -0.00250836  0.96805474 -0.25092924
13365.1  1.00000000  0.96805767 -0.00166466  0.96805910 -0.25090982
13365.2  1.00000000  0.96806185 -0.00054341  0.96806201 -0.25089652
13365.3  1.00000000  0.96806292  0.00074064  0.96806320 -0.25089054
13365.4  1.00000000  0.96806053  0.00205931  0.96806272 -0.25089229
13365.5  1.00000000  0.96805516  0.00328444  0.96806073 -0.25090142
13365.6  1.00000000  0.96804789  0.00429988  0.96805744 -0.25091697
13365.7  1.00000000  0.96804004  0.00501013  0.96805301 -0.25093749
13365.8  1.00000000  0.96803300  0.00534755  0.96804777 -0.25096101
13365.9  1.00000000  0.96802793  0.00528085  0.96804233 -0.25098514
13366.0  1.00000000  0.96802541  0.00482100  0.96803742 -0.25100735
13366.1  1.00000000  0.96802520  0.00402002  0.96803355 -0.25102545
13366.2  1.00000000  0.96802635  0.00296159  0.96803088 -0.25103791
13366.3  1.00000000  0.96802794  0.00174956  0.96802952 -0.25104367
13366.4  1.00000000  0.96802965  0.00050159  0.96802978 -0.25104210
13366.5  1.00000000  0.96803157 -0.00065873  0.96803179 -0.25103331
13366.6  1.00000000  0.96803390 -0.00161648  0.96803525 -0.25101829
13366.7  1.00000000  0.96803691 -0.00228058  0.96803959 -0.25099877
13366.8  1.00000000  0.96804088 -0.00259237  0.96804436 -0.25097671
13366.9  1.00000000  0.96804596 -0.00252658  0.96804925 -0.25095414
13367.0  1.00000000  0.96805164 -0.00209224  0.96805390 -0.25093318
13367.1  1.00000000  0.96805683 -0.00133410  0.96805775 -0.25091595
13367.2  1.00000000  0.96806027 -0.00032992  0.96806032 -0.25090418
13367.3  1.00000000  0.96806100  0.00081768  0.96806134 -0.25089897
13367.4  1.00000000  0.96805880  0.00199378  0.96806085 -0.25090068
13367.5  1.00000000  0.96805411  0.00308413  0.96805903 -0.25090895
13367.6  1.00000000  0.96804785  0.00398541  0.96805605 -0.25092292
13367.7  1.00000000  0.96804111  0.00461309  0.96805210 -0.25094127
13367.8  1.00000000  0.96803502  0.00490785  0.96804746 -0.25096226
13367.9  1.00000000  0.96803052  0.00484250  0.96804263 -0.25098376
13368.0  1.00000000  0.96802817  0.00442718  0.96803829 -0.25100351
13368.1  1.00000000  0.96802777  0.00370868  0.96803487 -0.25101959
13368.2  1.00000000  0.96802860  0.00276191  0.96803254 -0.25103060
13368.3  1.00000000  0.96802992  0.00168005  0.96803138 -0.25103563
13368.4  1.00000000  0.96803144  0.00056773  0.96803161 -0.25103416
13368.5  1.00000000  0.96803327 -0.00046541  0.96803338 -0.25102625
13368.6  1.00000000  0.96803557 -0.00131690  0.96803646 -0.25101280
13368.7  1.00000000  0.96803846 -0.00190560  0.96804033 -0.25099533
13368.8  1.00000000  0.96804212 -0.00217932  0.96804457 -0.25097563
13368.9  1.00000000  0.96804658 -0.00211629  0.96804890 -0.25095552
13369.0  1.00000000  0.96805147 -0.00172524  0.96805301 -0.25093687
13369.1  1.00000000  0.96805589 -0.00104590  0.96805646 -0.25092152
13369.2  1.00000000  0.96805875 -0.00014758  0.96805876 -0.25091105
13369.3  1.00000000  0.96805930  0.00087810  0.96805970 -0.25090646
13369.4  1.00000000  0.96805733  0.00192834  0.96805926 -0.25090805
13369.5  1.00000000  0.96805327  0.00290078  0.96805761 -0.25091552
13369.6  1.00000000  0.96804788  0.00370334  0.96805496 -0.25092805
13369.7  1.00000000  0.96804207  0.00426083  0.96805144 -0.25094448
13369.8  1.00000000  0.96803674  0.00452044  0.96804730 -0.25096325
13369.9  1.00000000  0.96803272  0.00445812  0.96804299 -0.25098245
13370.0  1.00000000  0.96803047  0.00408315  0.96803908 -0.25100009
13370.1  1.00000000  0.96802992  0.00343762  0.96803602 -0.25101441
13370.2  1.00000000  0.96803048  0.00258911  0.96803394 -0.25102418
13370.3  1.00000000  0.96803154  0.00162103  0.96803290 -0.25102860
13370.4  1.00000000  0.96803291  0.00062712  0.96803311 -0.25102721
13370.5  1.00000000  0.96803464 -0.00029479  0.96803469 -0.25102008
13370.6  1.00000000  0.96803688 -0.00105330  0.96803746 -0.25100798
13370.7  1.00000000  0.96803966 -0.00157574  0.96804094 -0.25099231
13370.8  1.00000000  0.96804305 -0.00181586  0.96804476 -0.25097467
13370.9  1.00000000  0.96804706 -0.00175466  0.96804865 -0.25095669
13371.0  1.00000000  0.96805132 -0.00140046  0.96805233 -0.25094005
13371.1  1.00000000  0.96805509 -0.00078939  0.96805541 -0.25092639
13371.2  1.00000000  0.96805748  0.00001641  0.96805748 -0.25091710
13371.3  1.00000000  0.96805784  0.00093474  0.96805829 -0.25091309
13371.4  1.00000000  0.96805606  0.00187331  0.96805787 -0.25091462
13371.5  1.00000000  0.96805249  0.00274066  0.96805637 -0.25092139
13371.6  1.00000000  0.96804779  0.00345447  0.96805395 -0.25093268
13371.7  1.00000000  0.96804272  0.00394789  0.96805077 -0.25094742
13371.8  1.00000000  0.96803805  0.00417444  0.96804705 -0.25096422
13371.9  1.00000000  0.96803445  0.00411314  0.96804319 -0.25098136
13372.0  1.00000000  0.96803236  0.00377304  0.96803971 -0.25099707
13372.1  1.00000000  0.96803172  0.00319222  0.96803699 -0.25100980
13372.2  1.00000000  0.96803210  0.00243131  0.96803515 -0.25101844
13372.3  1.00000000  0.96803301  0.00156548  0.96803428 -0.25102227
13372.4  1.00000000  0.96803427  0.00067853  0.96803451 -0.25102092
13372.5  1.00000000  0.96803594 -0.00014239  0.96803596 -0.25101446
13372.6  1.00000000  0.96803810 -0.00081605  0.96803844 -0.25100359
13372.7  1.00000000  0.96804074 -0.00127802  0.96804158 -0.25098955
13372.8  1.00000000  0.96804386 -0.00148714  0.96804500 -0.25097377
13372.9  1.00000000  0.96804740 -0.00142717  0.96804846 -0.25095774
13373.0  1.00000000  0.96805108 -0.00110635  0.96805171 -0.25094294
13373.1  1.00000000  0.96805426 -0.00055740  0.96805442 -0.25093083
13373.2  1.00000000  0.96805622  0.00016387  0.96805624 -0.25092262
13373.3  1.00000000  0.96805644  0.00098413  0.96805694 -0.25091912
13373.4  1.00000000  0.96805483  0.00182111  0.96805654 -0.25092057
13373.5  1.00000000  0.96805171  0.00259314  0.96805518 -0.25092669
13373.6  1.00000000  0.96804763  0.00322703  0.96805301 -0.25093683
13373.7  1.00000000  0.96804323  0.00366345  0.96805017 -0.25095002
13373.8  1.00000000  0.96803916  0.00386136  0.96804686 -0.25096500
13373.9  1.00000000  0.96803597  0.00380270  0.96804344 -0.25098028
13374.0  1.00000000  0.96803405  0.00349582  0.96804036 -0.25099426
13374.1  1.00000000  0.96803338  0.00297490  0.96803795 -0.25100557
13374.2  1.00000000  0.96803361  0.00229418  0.96803633 -0.25101322
13374.3  1.00000000  0.96803437  0.00152088  0.96803557 -0.25101657
13374.4  1.00000000  0.96803551  0.00072997  0.96803579 -0.25101529
13374.5  1.00000000  0.96803707 -0.00000087  0.96803707 -0.25100948
13374.6  1.00000000  0.96803909 -0.00059984  0.96803928 -0.25099975
13374.7  1.00000000  0.96804154 -0.00100945  0.96804207 -0.25098719
13374.8  1.00000000  0.96804438 -0.00119308  0.96804512 -0.25097310
13374.9  1.00000000  0.96804753 -0.00113644  0.96804820 -0.25095879
13375.0  1.00000000  0.96805072 -0.00084726  0.96805109 -0.25094561
13375.1  1.00000000  0.96805344 -0.00035504  0.96805350 -0.25093483
13375.2  1.00000000  0.96805508  0.00029041  0.96805513 -0.25092754
13375.3  1.00000000  0.96805522  0.00102355  0.96805577 -0.25092447
13375.4  1.00000000  0.96805380  0.00177088  0.96805542 -0.25092581
13375.5  1.00000000  0.96805107  0.00245946  0.96805420 -0.25093132
13375.6  1.00000000  0.96804753  0.00302385  0.96805225 -0.25094043
13375.7  1.00000000  0.96804370  0.00341116  0.96804971 -0.25095224
13375.8  1.00000000  0.96804011  0.00358499  0.96804675 -0.25096565
13375.9  1.00000000  0.96803726  0.00352949  0.96804369 -0.25097929
13376.0  1.00000000  0.96803547  0.00325243  0.96804093 -0.25099176
13376.1  1.00000000  0.96803476  0.00278449  0.96803877 -0.25100184
13376.2  1.00000000  0.96803487  0.00217434  0.96803732 -0.25100862
13376.3  1.00000000  0.96803551  0.00148236  0.96803664 -0.25101155
13376.4  1.00000000  0.96803654  0.00077571  0.96803685 -0.25101035
13376.5  1.00000000  0.96803800  0.00012365  0.96803801 -0.25100510
13376.6  1.00000000  0.96803990 -0.00040954  0.96803999 -0.25099636
13376.7  1.00000000  0.96804219 -0.00077276  0.96804250 -0.25098509
13376.8  1.00000000  0.96804480 -0.00093341  0.96804525 -0.25097247
13376.9  1.00000000  0.96804762 -0.00087906  0.96804802 -0.25095969
13377.0  1.00000000  0.96805041 -0.00061706  0.96805060 -0.25094793
13377.1  1.00000000  0.96805274 -0.00017427  0.96805275 -0.25093835
13377.2  1.00000000  0.96805411  0.00040448  0.96805419 -0.25093190
13377.3  1.00000000  0.96805417  0.00106049  0.96805475 -0.25092921
13377.4  1.00000000  0.96805287  0.00172801  0.96805441 -0.25093048
13377.5  1.00000000  0.96805047  0.00234183  0.96805330 -0.25093548
13377.6  1.00000000  0.96804736  0.00284356  0.96805153 -0.25094368
13377.7  1.00000000  0.96804399  0.00318617  0.96804924 -0.25095427
13377.8  1.00000000  0.96804083  0.00333754  0.96804658 -0.25096626
13377.9  1.00000000  0.96803829  0.00328407  0.96804386 -0.25097844
13378.0  1.00000000  0.96803665  0.00303312  0.96804140 -0.25098954
13378.1  1.00000000  0.96803596  0.00261240  0.96803948 -0.25099849
13378.2  1.00000000  0.96803600  0.00206559  0.96803820 -0.25100449
13378.3  1.00000000  0.96803655  0.00144689  0.96803763 -0.25100703
13378.4  1.00000000  0.96803751  0.00081644  0.96803785 -0.25100588
13378.5  1.00000000  0.96803888  0.00023596  0.96803891 -0.25100113
13378.6  1.00000000  0.96804066 -0.00023751  0.96804069 -0.25099328
13378.7  1.00000000  0.96804277 -0.00055862  0.96804293 -0.25098320
13378.8  1.00000000  0.96804514 -0.00069857  0.96804539 -0.25097192
13378.9  1.00000000  0.96804764 -0.00064654  0.96804785 -0.25096052
13379.0  1.00000000  0.96805006 -0.00040957  0.96805014 -0.25095006
13379.1  1.00000000  0.96805204 -0.00001202  0.96805204 -0.25094155
13379.2  1.00000000  0.96805316  0.00050590  0.96805330 -0.25093586
13379.3  1.00000000  0.96805316  0.00109178  0.96805378 -0.25093352
13379.4  1.00000000  0.96805200  0.00168687  0.96805347 -0.25093471
13379.5  1.00000000  0.96804989  0.00223319  0.96805247 -0.25093922
13379.6  1.00000000  0.96804718  0.00267883  0.96805088 -0.25094657
13379.7  1.00000000  0.96804424  0.00298198  0.96804883 -0.25095605
13379.8  1.00000000  0.96804147  0.00311428  0.96804648 -0.25096675
13379.9  1.00000000  0.96803921  0.00306393  0.96804406 -0.25097760
13380.0  1.00000000  0.96803772  0.00283775  0.96804188 -0.25098748
13380.1  1.00000000  0.96803705  0.00246056  0.96804018 -0.25099544
13380.2  1.00000000  0.96803704  0.00197141  0.96803904 -0.25100075
13380.3  1.00000000  0.96803750  0.00141878  0.96803854 -0.25100297
13380.4  1.00000000  0.96803837  0.00085643  0.96803874 -0.25100190
13380.5  1.00000000  0.96803962  0.00033934  0.96803968 -0.25099763
13380.6  1.00000000  0.96804126 -0.00008174  0.96804127 -0.25099059
13380.7  1.00000000  0.96804320 -0.00036648  0.96804327 -0.25098157
13380.8  1.00000000  0.96804534 -0.00048924  0.96804546 -0.25097149
13380.9  1.00000000  0.96804756 -0.00044053  0.96804766 -0.25096132
13381.0  1.00000000  0.96804967 -0.00022687  0.96804970 -0.25095200
13381.1  1.00000000  0.96805138  0.00012978  0.96805139 -0.25094443
13381.2  1.00000000  0.96805233  0.00059343  0.96805251 -0.25093938
13381.3  1.00000000  0.96805230  0.00111719  0.96805295 -0.25093732
13381.4  1.00000000  0.96805127  0.00164871  0.96805267 -0.25093842
13381.5  1.00000000  0.96804942  0.00213604  0.96805177 -0.25094249
13381.6  1.00000000  0.96804704  0.00253278  0.96805035 -0.25094909
13381.7  1.00000000  0.96804446  0.00280167  0.96804851 -0.25095759
13381.8  1.00000000  0.96804200  0.00291758  0.96804640 -0.25096716
13381.9  1.00000000  0.96803998  0.00287019  0.96804424 -0.25097685
13382.0  1.00000000  0.96803862  0.00266585  0.96804229 -0.25098567
13382.1  1.00000000  0.96803796  0.00232689  0.96804076 -0.25099275
13382.2  1.00000000  0.96803791  0.00188839  0.96803975 -0.25099746
13382.3  1.00000000  0.96803830  0.00139386  0.96803931 -0.25099940
13382.4  1.00000000  0.96803909  0.00089148  0.96803950 -0.25099839
13382.5  1.00000000  0.96804026  0.00043040  0.96804035 -0.25099453
13382.6  1.00000000  0.96804177  0.00005580  0.96804178 -0.25098821
13382.7  1.00000000  0.96804356 -0.00019644  0.96804358 -0.25098012
13382.8  1.00000000  0.96804550 -0.00030357  0.96804555 -0.25097110
13382.9  1.00000000  0.96804749 -0.00025734  0.96804752 -0.25096200
13383.0  1.00000000  0.96804934 -0.00006388  0.96804934 -0.25095370
13383.1  1.00000000  0.96805081  0.00025688  0.96805084 -0.25094697
13383.2  1.00000000  0.96805160  0.00067248  0.96805184 -0.25094250
13383.3  1.00000000  0.96805154  0.00114095  0.96805221 -0.25094072
13383.4  1.00000000  0.96805060  0.00161547  0.96805195 -0.25094175
13383.5  1.00000000  0.96804896  0.00204969  0.96805113 -0.25094543
13383.6  1.00000000  0.96804686  0.00240223  0.96804984 -0.25095137
13383.7  1.00000000  0.96804459  0.00263996  0.96804819 -0.25095899
13383.8  1.00000000  0.96804242  0.00274074  0.96804630 -0.25096754
13383.9  1.00000000  0.96804062  0.00269572  0.96804437 -0.25097619
13384.0  1.00000000  0.96803938  0.00251087  0.96804264 -0.25098404
13384.1  1.00000000  0.96803877  0.00220633  0.96804128 -0.25099033
13384.2  1.00000000  0.96803870  0.00181356  0.96804039 -0.25099449
13384.3  1.00000000  0.96803905  0.00137157  0.96804002 -0.25099617
13384.4  1.00000000  0.96803977  0.00092346  0.96804021 -0.25099522
13384.5  1.00000000  0.96804085  0.00051302  0.96804099 -0.25099173
13384.6  1.00000000  0.96804224  0.00018038  0.96804226 -0.25098606
13384.7  1.00000000  0.96804387 -0.00004265  0.96804387 -0.25097882
13384.8  1.00000000  0.96804562 -0.00013595  0.96804563 -0.25097076
13384.9  1.00000000  0.96804738 -0.00009237  0.96804738 -0.25096265
13385.0  1.00000000  0.96804900  0.00008238  0.96804900 -0.25095526
13385.1  1.00000000  0.96805025  0.00037024  0.96805032 -0.25094929
13385.2  1.00000000  0.96805091  0.00074211  0.96805120 -0.25094534
13385.3  1.00000000  0.96805083  0.00116050  0.96805152 -0.25094379
13385.4  1.00000000  0.96804999  0.00158368  0.96805128 -0.25094474
13385.5  1.00000000  0.96804854  0.00197034  0.96805055 -0.25094806
13385.6  1.00000000  0.96804670  0.00228361  0.96804940 -0.25095339
13385.7  1.00000000  0.96804471  0.00249407  0.96804792 -0.25096020
13385.8  1.00000000  0.96804279  0.00258211  0.96804624 -0.25096784
13385.9  1.00000000  0.96804119  0.00254009  0.96804453 -0.25097555
13386.0  1.00000000  0.96804008  0.00237361  0.96804299 -0.25098253
13386.1  1.00000000  0.96803950  0.00210054  0.96804178 -0.25098813
13386.2  1.00000000  0.96803941  0.00174909  0.96804099 -0.25099182
13386.3  1.00000000  0.96803971  0.00135413  0.96804066 -0.25099329
13386.4  1.00000000  0.96804037  0.00095423  0.96804084 -0.25099241
13386.5  1.00000000  0.96804135  0.00058843  0.96804153 -0.25098926
13386.6  1.00000000  0.96804262  0.00029245  0.96804266 -0.25098418
13386.7  1.00000000  0.96804409  0.00009462  0.96804410 -0.25097771
13386.8  1.00000000  0.96804567  0.00001283  0.96804567 -0.25097050
13386.9  1.00000000  0.96804724  0.00005337  0.96804724 -0.25096326
13387.0  1.00000000  0.96804866  0.00021096  0.96804868 -0.25095666
13387.1  1.00000000  0.96804975  0.00046934  0.96804986 -0.25095135
13387.2  1.00000000  0.96805031  0.00080239  0.96805064 -0.25094785
13387.3  1.00000000  0.96805022  0.00117657  0.96805093 -0.25094649
13387.4  1.00000000  0.96804947  0.00155455  0.96805072 -0.25094738
13387.5  1.00000000  0.96804819  0.00189942  0.96805006 -0.25095037
13387.6  1.00000000  0.96804657  0.00217825  0.96804902 -0.25095515
13387.7  1.00000000  0.96804480  0.00236484  0.96804769 -0.25096126
13387.8  1.00000000  0.96804311  0.00244182  0.96804619 -0.25096809
13387.9  1.00000000  0.96804167  0.00240251  0.96804465 -0.25097498
13388.0  1.00000000  0.96804066  0.00225202  0.96804328 -0.25098121
13388.1  1.00000000  0.96804012  0.00200661  0.96804220 -0.25098619
13388.2  1.00000000  0.96804002  0.00169156  0.96804150 -0.25098946
13388.3  1.00000000  0.96804028  0.00133819  0.96804121 -0.25099074
13388.4  1.00000000  0.96804088  0.00098103  0.96804138 -0.25098991
13388.5  1.00000000  0.96804178  0.00065497  0.96804200 -0.25098707
13388.6  1.00000000  0.96804295  0.00039182  0.96804303 -0.25098250
13388.7  1.00000000  0.96804429  0.00021673  0.96804432 -0.25097670
13388.8  1.00000000  0.96804572  0.00014556  0.96804573 -0.25097025
13388.9  1.00000000  0.96804712  0.00018373  0.96804713 -0.25096378
13389.0  1.00000000  0.96804837  0.00032633  0.96804842 -0.25095791
13389.1  1.00000000  0.96804931  0.00055859  0.96804947 -0.25095319
13389.2  1.00000000  0.96804978  0.00085702  0.96805015 -0.25095010
13389.3  1.00000000  0.96804967  0.00119156  0.96805040 -0.25094892
13389.4  1.00000000  0.96804899  0.00152889  0.96805020 -0.25094975
13389.5  1.00000000  0.96804786  0.00183606  0.96804960 -0.25095245
13389.6  1.00000000  0.96804642  0.00208375  0.96804866 -0.25095675
13389.7  1.00000000  0.96804486  0.00224867  0.96804747 -0.25096222
13389.8  1.00000000  0.96804335  0.00231551  0.96804612 -0.25096833
13389.9  1.00000000  0.96804208  0.00227858  0.96804476 -0.25097447
13390.0  1.00000000  0.96804117  0.00214259  0.96804354 -0.25098001
13390.1  1.00000000  0.96804068  0.00192223  0.96804258 -0.25098443
13390.2  1.00000000  0.96804058  0.00164015  0.96804196 -0.25098732
13390.3  1.00000000  0.96804082  0.00132440  0.96804172 -0.25098843
13390.4  1.00000000  0.96804136  0.00100585  0.96804188 -0.25098766
13390.5  1.00000000  0.96804218  0.00071560  0.96804245 -0.25098510
13390.6  1.00000000  0.96804324  0.00048191  0.96804336 -0.25098100
13390.7  1.00000000  0.96804446  0.00032707  0.96804451 -0.25097581
13390.8  1.00000000  0.96804574  0.00026511  0.96804577 -0.25097005
13390.9  1.00000000  0.96804698  0.00030074  0.96804702 -0.25096428
13391.0  1.00000000  0.96804807  0.00042941  0.96804817 -0.25095905
13391.1  1.00000000  0.96804888  0.00063779  0.96804909 -0.25095486
13391.2  1.00000000  0.96804927  0.00090481  0.96804970 -0.25095213
13391.3  1.00000000  0.96804917  0.00120362  0.96804991 -0.25095110
13391.4  1.00000000  0.96804856  0.00150451  0.96804973 -0.25095186
13391.5  1.00000000  0.96804756  0.00177809  0.96804919 -0.25095430
13391.6  1.00000000  0.96804629  0.00199824  0.96804835 -0.25095816
13391.7  1.00000000  0.96804492  0.00214426  0.96804729 -0.25096305
13391.8  1.00000000  0.96804358  0.00220260  0.96804609 -0.25096851
13391.9  1.00000000  0.96804245  0.00216832  0.96804488 -0.25097398
13392.0  1.00000000  0.96804163  0.00204576  0.96804379 -0.25097892
13392.1  1.00000000  0.96804118  0.00184810  0.96804294 -0.25098285
13392.2  1.00000000  0.96804107  0.00159561  0.96804239 -0.25098541
13392.3  1.00000000  0.96804128  0.00131340  0.96804217 -0.25098638
13392.4  1.00000000  0.96804177  0.00102909  0.96804232 -0.25098567
13392.5  1.00000000  0.96804252  0.00077043  0.96804283 -0.25098336
13392.6  1.00000000  0.96804348  0.00056257  0.96804364 -0.25097968
13392.7  1.00000000  0.96804458  0.00042534  0.96804467 -0.25097504
13392.8  1.00000000  0.96804573  0.00037120  0.96804580 -0.25096989
13392.9  1.00000000  0.96804684  0.00040427  0.96804692 -0.25096474
13393.0  1.00000000  0.96804780  0.00052037  0.96804794 -0.25096008
13393.1  1.00000000  0.96804851  0.00070746  0.96804877 -0.25095635
13393.2  1.00000000  0.96804884  0.00094661  0.96804930 -0.25095393
13393.3  1.00000000  0.96804873  0.00121380  0.96804949 -0.25095303
13393.4  1.00000000  0.96804819  0.00148246  0.96804933 -0.25095374
13393.5  1.00000000  0.96804730  0.00172636  0.96804884 -0.25095594
13393.6  1.00000000  0.96804618  0.00192217  0.96804809 -0.25095940
13393.7  1.00000000  0.96804496  0.00205145  0.96804713 -0.25096379
13393.8  1.00000000  0.96804377  0.00210224  0.96804606 -0.25096867
13393.9  1.00000000  0.96804276  0.00207026  0.96804497 -0.25097355
13394.0  1.00000000  0.96804202  0.00195954  0.96804400 -0.25097796
13394.1  1.00000000  0.96804160  0.00178195  0.96804324 -0.25098145
13394.2  1.00000000  0.96804150  0.00155570  0.96804275 -0.25098372
13394.3  1.00000000  0.96804169  0.00130330  0.96804257 -0.25098456
13394.4  1.00000000  0.96804214  0.00104948  0.96804271 -0.25098389
13394.5  1.00000000  0.96804282  0.00081901  0.96804317 -0.25098180
13394.6  1.00000000  0.96804370  0.00063430  0.96804390 -0.25097850
13394.7  1.00000000  0.96804469  0.00051293  0.96804483 -0.25097434
13394.8  1.00000000  0.96804572  0.00046592  0.96804584 -0.25096974
13394.9  1.00000000  0.96804671  0.00049684  0.96804684 -0.25096514
13395.0  1.00000000  0.96804756  0.00060179  0.96804775 -0.25096099
13395.1  1.00000000  0.96804817  0.00076987  0.96804848 -0.25095768
13395.2  1.00000000  0.96804845  0.00098407  0.96804895 -0.25095554
13395.3  1.00000000  0.96804834  0.00122287  0.96804911 -0.25095477
13395.4  1.00000000  0.96804785  0.00146256  0.96804896 -0.25095542
13395.5  1.00000000  0.96804706  0.00167974  0.96804852 -0.25095741
13395.6  1.00000000  0.96804606  0.00185363  0.96804784 -0.25096052
13395.7  1.00000000  0.96804498  0.00196787  0.96804698 -0.25096445
13395.8  1.00000000  0.96804393  0.00201191  0.96804602 -0.25096881
13395.9  1.00000000  0.96804303  0.00198209  0.96804506 -0.25097316
13396.0  1.00000000  0.96804236  0.00188214  0.96804419 -0.25097708
13396.1  1.00000000  0.96804199  0.00172273  0.96804352 -0.25098019
13396.2  1.00000000  0.96804190  0.00152020  0.96804309 -0.25098219
13396.3  1.00000000  0.96804207  0.00129470  0.96804293 -0.25098291
13396.4  1.00000000  0.96804247  0.00106833  0.96804306 -0.25098230
13396.5  1.00000000  0.96804309  0.00086314  0.96804348 -0.25098042
13396.6  1.00000000  0.96804388  0.00069907  0.96804414 -0.25097746
13396.7  1.00000000  0.96804478  0.00059172  0.96804496 -0.25097373
13396.8  1.00000000  0.96804570  0.00055083  0.96804586 -0.25096962
13396.9  1.00000000  0.96804658  0.00057950  0.96804675 -0.25096552
13397.0  1.00000000  0.96804733  0.00067417  0.96804756 -0.25096182
13397.1  1.00000000  0.96804786  0.00082492  0.96804821 -0.25095889
13397.2  1.00000000  0.96804809  0.00101659  0.96804863 -0.25095699
13397.3  1.00000000  0.96804799  0.00122996  0.96804877 -0.25095632
13397.4  1.00000000  0.96804755  0.00144382  0.96804863 -0.25095692
13397.5  1.00000000  0.96804685  0.00163731  0.96804823 -0.25095871
13397.6  1.00000000  0.96804597  0.00179193  0.96804762 -0.25096150
13397.7  1.00000000  0.96804501  0.00189310  0.96804686 -0.25096502
13397.8  1.00000000  0.96804407  0.00193151  0.96804600 -0.25096891
13397.9  1.00000000  0.96804327  0.00190394  0.96804514 -0.25097280
13398.0  1.00000000  0.96804267  0.00181378  0.96804437 -0.25097629
13398.1  1.00000000  0.96804233  0.00167069  0.96804377 -0.25097905
13398.2  1.00000000  0.96804225  0.00148933  0.96804339 -0.25098082
13398.3  1.00000000  0.96804240  0.00128775  0.96804325 -0.25098145
13398.4  1.00000000  0.96804276  0.00108566  0.96804337 -0.25098089
13398.5  1.00000000  0.96804332  0.00090274  0.96804374 -0.25097919
13398.6  1.00000000  0.96804404  0.00075685  0.96804434 -0.25097653
13398.7  1.00000000  0.96804485  0.00066187  0.96804507 -0.25097319
13398.8  1.00000000  0.96804568  0.00062635  0.96804588 -0.25096952
13398.9  1.00000000  0.96804645  0.00065296  0.96804667 -0.25096586
13399.0  1.00000000  0.96804711  0.00073840  0.96804739 -0.25096256
13399.1  1.00000000  0.96804758  0.00087387  0.96804798 -0.25095995
13399.2  1.00000000  0.96804778  0.00104571  0.96804835 -0.25095827
13399.3  1.00000000  0.96804768  0.00123660  0.96804847 -0.25095769
13399.4  1.00000000  0.96804729  0.00142758  0.96804834 -0.25095825
13399.5  1.00000000  0.96804666  0.00159998  0.96804798 -0.25095987
13399.6  1.00000000  0.96804588  0.00173739  0.96804744 -0.25096237
13399.7  1.00000000  0.96804503  0.00182689  0.96804675 -0.25096552
13399.8  1.00000000  0.96804419  0.00186020  0.96804598 -0.25096901
13399.9  1.00000000  0.96804347  0.00183450  0.96804521 -0.25097248
13400.0  1.00000000  0.96804294  0.00175300  0.96804452 -0.25097559
13400.1  1.00000000  0.96804263  0.00162441  0.96804399 -0.25097804
13400.2  1.00000000  0.96804255  0.00146193  0.96804366 -0.25097961
13400.3  1.00000000  0.96804268  0.00128168  0.96804353 -0.25098015
13400.4  1.00000000  0.96804302  0.00110127  0.96804364 -0.25097963
13400.5  1.00000000  0.96804353  0.00093834  0.96804398 -0.25097810
13400.6  1.00000000  0.96804418  0.00080870  0.96804452 -0.25097571
13400.7  1.00000000  0.96804491  0.00072474  0.96804518 -0.25097272
13400.8  1.00000000  0.96804565  0.00069402  0.96804590 -0.25096943
13400.9  1.00000000  0.96804634  0.00071876  0.96804661 -0.25096616
13401.0  1.00000000  0.96804693  0.00079597  0.96804725 -0.25096323
13401.1  1.00000000  0.96804733  0.00091764  0.96804777 -0.25096091
13401.2  1.00000000  0.96804750  0.00107150  0.96804809 -0.25095943
13401.3  1.00000000  0.96804740  0.00124210  0.96804820 -0.25095893
13401.4  1.00000000  0.96804704  0.00141245  0.96804807 -0.25095945
13401.5  1.00000000  0.96804649  0.00156596  0.96804775 -0.25096090
13401.6  1.00000000  0.96804579  0.00168799  0.96804726 -0.25096316
13401.7  1.00000000  0.96804503  0.00176707  0.96804665 -0.25096597
13401.8  1.00000000  0.96804429  0.00179591  0.96804596 -0.25096909
13401.9  1.00000000  0.96804365  0.00177211  0.96804527 -0.25097218
13402.0  1.00000000  0.96804318  0.00169859  0.96804467 -0.25097495
13402.1  1.00000000  0.96804290  0.00158322  0.96804420 -0.25097713
13402.2  1.00000000  0.96804283  0.00143780  0.96804390 -0.25097851
13402.3  1.00000000  0.96804295  0.00127677  0.96804379 -0.25097898
13402.4  1.00000000  0.96804325  0.00111588  0.96804390 -0.25097850
13402.5  1.00000000  0.96804371  0.00097080  0.96804420 -0.25097712
13402.6  1.00000000  0.96804430  0.00085566  0.96804468 -0.25097497
13402.7  1.00000000  0.96804495  0.00078140  0.96804527 -0.25097230
13402.8  1.00000000  0.96804562  0.00075471  0.96804591 -0.25096936
13402.9  1.00000000  0.96804623  0.00077755  0.96804654 -0.25096645
13403.0  1.00000000  0.96804675  0.00084713  0.96804712 -0.25096384
13403.1  1.00000000  0.96804710  0.00095628  0.96804757 -0.25096178
13403.2  1.00000000  0.96804724  0.00109397  0.96804786 -0.25096047
13403.3  1.00000000  0.96804715  0.00124637  0.96804795 -0.25096004
13403.4  1.00000000  0.96804683  0.00139837  0.96804784 -0.25096051
13403.5  1.00000000  0.96804633  0.00153513  0.96804755 -0.25096182
13403.6  1.00000000  0.96804572  0.00164360  0.96804711 -0.25096384
13403.7  1.00000000  0.96804505  0.00171360  0.96804656 -0.25096636
13403.8  1.00000000  0.96804439  0.00173866  0.96804595 -0.25096915
13403.9  1.00000000  0.96804382  0.00171673  0.96804534 -0.25097191
13404.0  1.00000000  0.96804339  0.00165047  0.96804480 -0.25097438
13404.1  1.00000000  0.96804314  0.00154695  0.96804438 -0.25097631
13404.2  1.00000000  0.96804308  0.00141675  0.96804411 -0.25097753
13404.3  1.00000000  0.96804318  0.00127279  0.96804402 -0.25097794
13404.4  1.00000000  0.96804346  0.00112918  0.96804411 -0.25097750
13404.5  1.00000000  0.96804387  0.00099991  0.96804439 -0.25097625
13404.6  1.00000000  0.96804440  0.00089754  0.96804482 -0.25097433
13404.7  1.00000000  0.96804499  0.00083181  0.96804535 -0.25097193
13404.8  1.00000000  0.96804558  0.00080864  0.96804592 -0.25096931
13404.9  1.00000000  0.96804613  0.00082973  0.96804649 -0.25096671
13405.0  1.00000000  0.96804659  0.00089253  0.96804700 -0.25096438
13405.1  1.00000000  0.96804690  0.00099054  0.96804740 -0.25096255
13405.2  1.00000000  0.96804702  0.00111386  0.96804766 -0.25096139
13405.3  1.00000000  0.96804693  0.00125012  0.96804774 -0.25096102
13405.4  1.00000000  0.96804665  0.00138579  0.96804764 -0.25096145
13405.5  1.00000000  0.96804620  0.00150764  0.96804738 -0.25096264
13405.6  1.00000000  0.96804565  0.00160405  0.96804698 -0.25096445
13405.7  1.00000000  0.96804505  0.00166594  0.96804649 -0.25096671
13405.8  1.00000000  0.96804447  0.00168761  0.96804594 -0.25096920
13405.9  1.00000000  0.96804396  0.00166731  0.96804539 -0.25097166
13406.0  1.00000000  0.96804357  0.00160750  0.96804491 -0.25097386
13406.1  1.00000000  0.96804335  0.00151454  0.96804454 -0.25097558
13406.2  1.00000000  0.96804329  0.00139795  0.96804430 -0.25097666
13406.3  1.00000000  0.96804339  0.00126932  0.96804422 -0.25097701
13406.4  1.00000000  0.96804364  0.00114117  0.96804431 -0.25097660
13406.5  1.00000000  0.96804402  0.00102603  0.96804456 -0.25097548
13406.6  1.00000000  0.96804449  0.00093506  0.96804494 -0.25097375
13406.7  1.00000000  0.96804502  0.00087691  0.96804542 -0.25097161
13406.8  1.00000000  0.96804555  0.00085683  0.96804593 -0.25096926
13406.9  1.00000000  0.96804604  0.00087631  0.96804644 -0.25096694
13407.0  1.00000000  0.96804644  0.00093296  0.96804689 -0.25096487
13407.1  1.00000000  0.96804671  0.00102094  0.96804725 -0.25096324
13407.2  1.00000000  0.96804682  0.00113137  0.96804748 -0.25096222
13407.3  1.00000000  0.96804673  0.00125318  0.96804755 -0.25096189
13407.4  1.00000000  0.96804648  0.00137429  0.96804745 -0.25096229
13407.5  1.00000000  0.96804608  0.00148290  0.96804721 -0.25096336
13407.6  1.00000000  0.96804559  0.00156861  0.96804686 -0.25096499
13407.7  1.00000000  0.96804506  0.00162339  0.96804642 -0.25096701
13407.8  1.00000000  0.96804454  0.00164221  0.96804593 -0.25096924
13407.9  1.00000000  0.96804408  0.00162354  0.96804544 -0.25097144
13408.0  1.00000000  0.96804374  0.00156962  0.96804501 -0.25097340
13408.1  1.00000000  0.96804354  0.00148616  0.96804468 -0.25097493
13408.2  1.00000000  0.96804349  0.00138169  0.96804447 -0.25097588
13408.3  1.00000000  0.96804358  0.00126659  0.96804441 -0.25097619
13408.4  1.00000000  0.96804380  0.00115213  0.96804449 -0.25097581
13408.5  1.00000000  0.96804414  0.00104944  0.96804471 -0.25097480
13408.6  1.00000000  0.96804457  0.00096848  0.96804505 -0.25097325
13408.7  1.00000000  0.96804505  0.00091697  0.96804548 -0.25097133
13408.8  1.00000000  0.96804552  0.00089957  0.96804594 -0.25096923
13408.9  1.00000000  0.96804595  0.00091750  0.96804639 -0.25096716
13409.0  1.00000000  0.96804631  0.00096861  0.96804679 -0.25096531
13409.1  1.00000000  0.96804655  0.00104761  0.96804711 -0.25096386
13409.2  1.00000000  0.96804664  0.00114657  0.96804732 -0.25096295
13409.3  1.00000000  0.96804656  0.00125558  0.96804737 -0.25096267
13409.4  1.00000000  0.96804633  0.00136381  0.96804729 -0.25096304
13409.5  1.00000000  0.96804597  0.00146070  0.96804707 -0.25096400
13409.6  1.00000000  0.96804554  0.00153698  0.96804676 -0.25096547
13409.7  1.00000000  0.96804506  0.00158554  0.96804636 -0.25096728
13409.8  1.00000000  0.96804460  0.00160193  0.96804593 -0.25096927
13409.9  1.00000000  0.96804419  0.00158478  0.96804549 -0.25097123
13410.0  1.00000000  0.96804388  0.00153612  0.96804510 -0.25097298
13410.1  1.00000000  0.96804370  0.00146109  0.96804481 -0.25097435
13410.2  1.00000000  0.96804366  0.00136739  0.96804463 -0.25097519
13410.3  1.00000000  0.96804374  0.00126436  0.96804457 -0.25097546
13410.4  1.00000000  0.96804394  0.00116203  0.96804464 -0.25097511
13410.5  1.00000000  0.96804425  0.00107033  0.96804484 -0.25097420
13410.6  1.00000000  0.96804463  0.00099817  0.96804515 -0.25097281
13410.7  1.00000000  0.96804506  0.00095244  0.96804553 -0.25097108
13410.8  1.00000000  0.96804549  0.00093731  0.96804595 -0.25096920
13410.9  1.00000000  0.96804588  0.00095384  0.96804635 -0.25096735
13411.0  1.00000000  0.96804619  0.00099999  0.96804671 -0.25096570
13411.1  1.00000000  0.96804640  0.00107102  0.96804699 -0.25096441
13411.2  1.00000000  0.96804648  0.00115984  0.96804718 -0.25096360
13411.3  1.00000000  0.96804641  0.00125759  0.96804723 -0.25096335
13411.4  1.00000000  0.96804620  0.00135454  0.96804715 -0.25096369
13411.5  1.00000000  0.96804588  0.00144118  0.96804695 -0.25096457
13411.6  1.00000000  0.96804549  0.00150919  0.96804666 -0.25096588
13411.7  1.00000000  0.96804507  0.00155226  0.96804631 -0.25096751
13411.8  1.00000000  0.96804466  0.00156652  0.96804592 -0.25096929
13411.9  1.00000000  0.96804429  0.00155079  0.96804553 -0.25097105
13412.0  1.00000000  0.96804401  0.00150678  0.96804518 -0.25097262
13412.1  1.00000000  0.96804385  0.00143916  0.96804492 -0.25097384
13412.2  1.00000000  0.96804381  0.00135491  0.96804476 -0.25097459
13412.3  1.00000000  0.96804389  0.00126247  0.96804471 -0.25097481
13412.4  1.00000000  0.96804407  0.00117088  0.96804478 -0.25097449
13412.5  1.00000000  0.96804434  0.00108890  0.96804495 -0.25097367
13412.6  1.00000000  0.96804469  0.00102443  0.96804523 -0.25097242
13412.7  1.00000000  0.96804508  0.00098374  0.96804558 -0.25097087
13412.8  1.00000000  0.96804547  0.00097063  0.96804596 -0.25096917
13412.9  1.00000000  0.96804581  0.00098594  0.96804632 -0.25096751
13413.0  1.00000000  0.96804609  0.00102778  0.96804663 -0.25096604
13413.1  1.00000000  0.96804626  0.00109174  0.96804688 -0.25096490
13413.2  1.00000000  0.96804633  0.00117145  0.96804704 -0.25096418
13413.3  1.00000000  0.96804628  0.00125914  0.96804710 -0.25096396
13413.4  1.00000000  0.96804609  0.00134608  0.96804702 -0.25096427
13413.5  1.00000000  0.96804579  0.00142354  0.96804684 -0.25096507
13413.6  1.00000000  0.96804544  0.00148413  0.96804658 -0.25096625
13413.7  1.00000000  0.96804506  0.00152228  0.96804626 -0.25096772
13413.8  1.00000000  0.96804470  0.00153458  0.96804592 -0.25096931
13413.9  1.00000000  0.96804438  0.00152016  0.96804558 -0.25097088
13414.0  1.00000000  0.96804412  0.00148047  0.96804525 -0.25097229
13414.1  1.00000000  0.96804397  0.00141951  0.96804501 -0.25097338
13414.2  1.00000000  0.96804395  0.00134382  0.96804488 -0.25097403
13414.3  1.00000000  0.96804402  0.00126099  0.96804484 -0.25097423
13414.4  1.00000000  0.96804419  0.00117904  0.96804491 -0.25097393
13414.5  1.00000000  0.96804443  0.00110599  0.96804506 -0.25097319
13414.6  1.00000000  0.96804473  0.00104849  0.96804529 -0.25097208
13414.7  1.00000000  0.96804510  0.00101236  0.96804562 -0.25097067
13414.8  1.00000000  0.96804544  0.00100113  0.96804596 -0.25096916
13414.9  1.00000000  0.96804575  0.00101521  0.96804628 -0.25096768
13415.0  1.00000000  0.96804599  0.00105307  0.96804657 -0.25096636
13415.1  1.00000000  0.96804614  0.00111057  0.96804677 -0.25096535
13415.2  1.00000000  0.96804620  0.00118192  0.96804692 -0.25096471
13415.3  1.00000000  0.96804616  0.00126046  0.96804698 -0.25096451
13415.4  1.00000000  0.96804598  0.00133819  0.96804690 -0.25096481
13415.5  1.00000000  0.96804572  0.00140720  0.96804674 -0.25096552
13415.6  1.00000000  0.96804541  0.00146125  0.96804651 -0.25096659
13415.7  1.00000000  0.96804505  0.00149483  0.96804621 -0.25096791
13415.8  1.00000000  0.96804476  0.00150549  0.96804593 -0.25096931
13415.9  1.00000000  0.96804445  0.00149230  0.96804560 -0.25097074
13416.0  1.00000000  0.96804423  0.00145630  0.96804532 -0.25097198
13416.1  1.00000000  0.96804410  0.00140172  0.96804511 -0.25097294
13416.2  1.00000000  0.96804406  0.00133380  0.96804498 -0.25097354
13416.3  1.00000000  0.96804415  0.00125967  0.96804497 -0.25097369
13416.4  1.00000000  0.96804429  0.00118666  0.96804502 -0.25097343
13416.5  1.00000000  0.96804450  0.00112142  0.96804515 -0.25097276
13416.6  1.00000000  0.96804479  0.00107035  0.96804538 -0.25097175
13416.7  1.00000000  0.96804510  0.00103854  0.96804566 -0.25097050
13416.8  1.00000000  0.96804541  0.00102865  0.96804595 -0.25096915
13416.9  1.00000000  0.96804570  0.00104179  0.96804626 -0.25096781
13417.0  1.00000000  0.96804589  0.00107591  0.96804649 -0.25096666
13417.1  1.00000000  0.96804604  0.00112740  0.96804670 -0.25096574
13417.2  1.00000000  0.96804609  0.00119154  0.96804682 -0.25096518
13417.3  1.00000000  0.96804603  0.00126157  0.96804685 -0.25096503
13417.4  1.00000000  0.96804590  0.00133096  0.96804682 -0.25096527
13417.5  1.00000000  0.96804564  0.00139256  0.96804664 -0.25096594
13417.6  1.00000000  0.96804537  0.00144035  0.96804644 -0.25096689
13417.7  1.00000000  0.96804507  0.00147018  0.96804619 -0.25096806
13417.8  1.00000000  0.96804478  0.00147934  0.96804591 -0.25096934
13417.9  1.00000000  0.96804453  0.00146704  0.96804564 -0.25097059
13418.0  1.00000000  0.96804432  0.00143481  0.96804539 -0.25097170
13418.1  1.00000000  0.96804419  0.00138563  0.96804519 -0.25097257
13418.2  1.00000000  0.96804418  0.00132488  0.96804509 -0.25097308
13418.3  1.00000000  0.96804424  0.00125875  0.96804506 -0.25097322
13418.4  1.00000000  0.96804438  0.00119341  0.96804511 -0.25097298
13418.5  1.00000000  0.96804459  0.00113549  0.96804525 -0.25097236
13418.6  1.00000000  0.96804481  0.00109010  0.96804543 -0.25097148
13418.7  1.00000000  0.96804512  0.00106191  0.96804570 -0.25097034
13418.8  1.00000000  0.96804539  0.00105357  0.96804596 -0.25096914
13418.9  1.00000000  0.96804563  0.00106550  0.96804622 -0.25096795
13419.0  1.00000000  0.96804582  0.00109625  0.96804645 -0.25096691
13419.1  1.00000000  0.96804594  0.00114259  0.96804661 -0.25096611
13419.2  1.00000000  0.96804598  0.00119980  0.96804673 -0.25096561
13419.3  1.00000000  0.96804594  0.00126251  0.96804676 -0.25096547
13419.4  1.00000000  0.96804580  0.00132436  0.96804671 -0.25096572
13419.5  1.00000000  0.96804559  0.00137911  0.96804657 -0.25096630
13419.6  1.00000000  0.96804534  0.00142174  0.96804638 -0.25096716
13419.7  1.00000000  0.96804507  0.00144796  0.96804615 -0.25096821
13419.8  1.00000000  0.96804482  0.00145587  0.96804592 -0.25096934
13419.9  1.00000000  0.96804458  0.00144465  0.96804566 -0.25097047
13420.0  1.00000000  0.96804441  0.00141549  0.96804544 -0.25097146
13420.1  1.00000000  0.96804430  0.00137150  0.96804527 -0.25097222
13420.2  1.00000000  0.96804427  0.00131711  0.96804517 -0.25097268
13420.3  1.00000000  0.96804434  0.00125796  0.96804516 -0.25097279
13420.4  1.00000000  0.96804446  0.00119978  0.96804520 -0.25097257
13420.5  1.00000000  0.96804464  0.00114809  0.96804532 -0.25097203
13420.6  1.00000000  0.96804486  0.00110781  0.96804550 -0.25097121
13420.7  1.00000000  0.96804511  0.00108295  0.96804572 -0.25097022
13420.8  1.00000000  0.96804536  0.00107568  0.96804596 -0.25096913
13420.9  1.00000000  0.96804558  0.00108667  0.96804619 -0.25096807
13421.0  1.00000000  0.96804574  0.00111435  0.96804639 -0.25096715
13421.1  1.00000000  0.96804585  0.00115587  0.96804654 -0.25096643
13421.2  1.00000000  0.96804589  0.00120719  0.96804664 -0.25096600
13421.3  1.00000000  0.96804585  0.00126314  0.96804667 -0.25096588
13421.4  1.00000000  0.96804573  0.00131834  0.96804663 -0.25096610
13421.5  1.00000000  0.96804554  0.00136716  0.96804650 -0.25096662
13421.6  1.00000000  0.96804531  0.00140494  0.96804633 -0.25096740
13421.7  1.00000000  0.96804508  0.00142822  0.96804613 -0.25096833
13421.8  1.00000000  0.96804484  0.00143496  0.96804591 -0.25096935
13421.9  1.00000000  0.96804464  0.00142466  0.96804569 -0.25097035
13422.0  1.00000000  0.96804448  0.00139842  0.96804549 -0.25097123
13422.1  1.00000000  0.96804438  0.00135890  0.96804534 -0.25097191
13422.2  1.00000000  0.96804437  0.00131025  0.96804526 -0.25097231
13422.3  1.00000000  0.96804442  0.00125738  0.96804524 -0.25097241
13422.4  1.00000000  0.96804453  0.00120543  0.96804528 -0.25097221
13422.5  1.00000000  0.96804469  0.00115942  0.96804539 -0.25097172
13422.6  1.00000000  0.96804489  0.00112365  0.96804554 -0.25097099
13422.7  1.00000000  0.96804512  0.00110165  0.96804574 -0.25097010
13422.8  1.00000000  0.96804534  0.00109549  0.96804596 -0.25096913
13422.9  1.00000000  0.96804553  0.00110550  0.96804617 -0.25096819
13423.0  1.00000000  0.96804568  0.00113048  0.96804634 -0.25096736
13423.1  1.00000000  0.96804578  0.00116777  0.96804648 -0.25096673
13423.2  1.00000000  0.96804581  0.00121367  0.96804657 -0.25096634
13423.3  1.00000000  0.96804577  0.00126372  0.96804659 -0.25096624
13423.4  1.00000000  0.96804566  0.00131291  0.96804655 -0.25096644
13423.5  1.00000000  0.96804549  0.00135639  0.96804644 -0.25096691
13423.6  1.00000000  0.96804529  0.00138995  0.96804628 -0.25096761
13423.7  1.00000000  0.96804508  0.00141049  0.96804610 -0.25096845
13423.8  1.00000000  0.96804487  0.00141626  0.96804591 -0.25096935
13423.9  1.00000000  0.96804469  0.00140681  0.96804571 -0.25097024
13424.0  1.00000000  0.96804455  0.00138313  0.96804554 -0.25097103
13424.1  1.00000000  0.96804446  0.00134771  0.96804540 -0.25097163
13424.2  1.00000000  0.96804445  0.00130416  0.96804533 -0.25097199
13424.3  1.00000000  0.96804450  0.00125692  0.96804531 -0.25097207
13424.4  1.00000000  0.96804460  0.00121061  0.96804535 -0.25097188
13424.5  1.00000000  0.96804474  0.00116961  0.96804545 -0.25097144
13424.6  1.00000000  0.96804492  0.00113789  0.96804559 -0.25097079
13424.7  1.00000000  0.96804512  0.00111847  0.96804577 -0.25096999
13424.8  1.00000000  0.96804532  0.00111318  0.96804596 -0.25096913
13424.9  1.00000000  0.96804549  0.00112236  0.96804614 -0.25096829
13425.0  1.00000000  0.96804562  0.00114485  0.96804630 -0.25096755
13425.1  1.00000000  0.96804571  0.00117830  0.96804642 -0.25096699
13425.2  1.00000000  0.96804573  0.00121939  0.96804650 -0.25096665
13425.3  1.00000000  0.96804570  0.00126408  0.96804652 -0.25096656
13425.4  1.00000000  0.96804560  0.00130795  0.96804648 -0.25096674
13425.5  1.00000000  0.96804545  0.00134666  0.96804638 -0.25096717
13425.6  1.00000000  0.96804527  0.00137646  0.96804624 -0.25096779
13425.7  1.00000000  0.96804508  0.00139462  0.96804608 -0.25096854
13425.8  1.00000000  0.96804490  0.00139955  0.96804591 -0.25096935
13425.9  1.00000000  0.96804473  0.00139090  0.96804573 -0.25097015
13426.0  1.00000000  0.96804461  0.00136959  0.96804558 -0.25097085
13426.1  1.00000000  0.96804453  0.00133780  0.96804546 -0.25097138
13426.2  1.00000000  0.96804452  0.00129885  0.96804539 -0.25097170
13426.3  1.00000000  0.96804456  0.00125664  0.96804538 -0.25097177
13426.4  1.00000000  0.96804465  0.00121532  0.96804542 -0.25097160
13426.5  1.00000000  0.96804478  0.00117882  0.96804550 -0.25097120
13426.6  1.00000000  0.96804494  0.00115064  0.96804563 -0.25097062
13426.7  1.00000000  0.96804512  0.00113349  0.96804579 -0.25096990
13426.8  1.00000000  0.96804530  0.00112895  0.96804596 -0.25096913
13426.9  1.00000000  0.96804545  0.00113723  0.96804612 -0.25096838
13427.0  1.00000000  0.96804557  0.00115728  0.96804626 -0.25096773
13427.1  1.00000000  0.96804564  0.00118705  0.96804637 -0.25096723
13427.2  1.00000000  0.96804566  0.00122364  0.96804644 -0.25096693
13427.3  1.00000000  0.96804563  0.00126355  0.96804646 -0.25096685
13427.4  1.00000000  0.96804555  0.00130275  0.96804642 -0.25096701
13427.5  1.00000000  0.96804541  0.00133740  0.96804634 -0.25096739
13427.6  1.00000000  0.96804525  0.00136413  0.96804621 -0.25096794
13427.7  1.00000000  0.96804508  0.00138046  0.96804607 -0.25096862
13427.8  1.00000000  0.96804492  0.00138493  0.96804591 -0.25096934
13427.9  1.00000000  0.96804478  0.00137728  0.96804575 -0.25097005
13428.0  1.00000000  0.96804466  0.00135832  0.96804562 -0.25097068
13428.1  1.00000000  0.96804459  0.00132996  0.96804551 -0.25097116
13428.2  1.00000000  0.96804458  0.00129507  0.96804544 -0.25097145
13428.3  1.00000000  0.96804462  0.00125719  0.96804543 -0.25097151
13428.4  1.00000000  0.96804470  0.00122008  0.96804547 -0.25097136
13428.5  1.00000000  0.96804482  0.00118733  0.96804555 -0.25097100
13428.6  1.00000000  0.96804496  0.00116201  0.96804566 -0.25097048
13428.7  1.00000000  0.96804512  0.00114649  0.96804580 -0.25096984
13428.8  1.00000000  0.96804528  0.00114225  0.96804595 -0.25096915
13428.9  1.00000000  0.96804542  0.00114966  0.96804611 -0.25096847
13429.0  1.00000000  0.96804553  0.00116786  0.96804624 -0.25096787
13429.1  1.00000000  0.96804559  0.00119485  0.96804633 -0.25096743
13429.2  1.00000000  0.96804560  0.00122786  0.96804638 -0.25096716
13429.3  1.00000000  0.96804558  0.00126368  0.96804640 -0.25096709
13429.4  1.00000000  0.96804550  0.00129889  0.96804637 -0.25096723
13429.5  1.00000000  0.96804539  0.00133005  0.96804630 -0.25096757
13429.6  1.00000000  0.96804524  0.00135407  0.96804618 -0.25096808
13429.7  1.00000000  0.96804508  0.00136858  0.96804604 -0.25096869
13429.8  1.00000000  0.96804493  0.00137231  0.96804590 -0.25096935
13429.9  1.00000000  0.96804481  0.00136520  0.96804577 -0.25096998
13430.0  1.00000000  0.96804471  0.00134807  0.96804565 -0.25097053
13430.1  1.00000000  0.96804465  0.00132256  0.96804555 -0.25097097
13430.2  1.00000000  0.96804463  0.00129114  0.96804549 -0.25097123
13430.3  1.00000000  0.96804466  0.00125700  0.96804548 -0.25097128
13430.4  1.00000000  0.96804474  0.00122364  0.96804552 -0.25097114
13430.5  1.00000000  0.96804486  0.00119438  0.96804560 -0.25097081
13430.6  1.00000000  0.96804498  0.00117191  0.96804569 -0.25097034
13430.7  1.00000000  0.96804511  0.00115814  0.96804581 -0.25096977
13430.8  1.00000000  0.96804526  0.00115441  0.96804595 -0.25096915
13430.9  1.00000000  0.96804539  0.00116118  0.96804609 -0.25096854
13431.0  1.00000000  0.96804549  0.00117766  0.96804621 -0.25096801
13431.1  1.00000000  0.96804555  0.00120209  0.96804630 -0.25096760
13431.2  1.00000000  0.96804555  0.00123181  0.96804633 -0.25096738
13431.3  1.00000000  0.96804552  0.00126381  0.96804634 -0.25096732
13431.4  1.00000000  0.96804546  0.00129525  0.96804633 -0.25096744
13431.5  1.00000000  0.96804536  0.00132317  0.96804627 -0.25096775
13431.6  1.00000000  0.96804522  0.00134460  0.96804616 -0.25096821
13431.7  1.00000000  0.96804508  0.00135749  0.96804603 -0.25096876
13431.8  1.00000000  0.96804494  0.00136067  0.96804590 -0.25096935
13431.9  1.00000000  0.96804484  0.00135402  0.96804578 -0.25096991
13432.0  1.00000000  0.96804476  0.00133864  0.96804569 -0.25097040
13432.1  1.00000000  0.96804470  0.00131583  0.96804559 -0.25097079
13432.2  1.00000000  0.96804468  0.00128763  0.96804553 -0.25097102
13432.3  1.00000000  0.96804471  0.00125708  0.96804553 -0.25097107
13432.4  1.00000000  0.96804478  0.00122718  0.96804555 -0.25097094
13432.5  1.00000000  0.96804489  0.00120101  0.96804564 -0.25097063
13432.6  1.00000000  0.96804500  0.00118113  0.96804572 -0.25097022
13432.7  1.00000000  0.96804511  0.00116886  0.96804582 -0.25096972
13432.8  1.00000000  0.96804525  0.00116566  0.96804595 -0.25096915
13432.9  1.00000000  0.96804536  0.00117179  0.96804607 -0.25096861
13433.0  1.00000000  0.96804546  0.00118657  0.96804619 -0.25096813
13433.1  1.00000000  0.96804551  0.00120859  0.96804626 -0.25096777
13433.2  1.00000000  0.96804550  0.00123516  0.96804628 -0.25096758
13433.3  1.00000000  0.96804548  0.00126376  0.96804631 -0.25096752
13433.4  1.00000000  0.96804542  0.00129191  0.96804628 -0.25096764
13433.5  1.00000000  0.96804533  0.00131665  0.96804623 -0.25096792
13433.6  1.00000000  0.96804522  0.00133583  0.96804614 -0.25096831
13433.7  1.00000000  0.96804507  0.00134727  0.96804601 -0.25096882
13433.8  1.00000000  0.96804496  0.00134988  0.96804590 -0.25096934
13433.9  1.00000000  0.96804487  0.00134397  0.96804580 -0.25096984
13434.0  1.00000000  0.96804479  0.00132999  0.96804570 -0.25097029
13434.1  1.00000000  0.96804475  0.00130951  0.96804563 -0.25097062
13434.2  1.00000000  0.96804472  0.00128439  0.96804557 -0.25097083
13434.3  1.00000000  0.96804475  0.00125701  0.96804556 -0.25097088
13434.4  1.00000000  0.96804482  0.00123041  0.96804560 -0.25097075
13434.5  1.00000000  0.96804491  0.00120717  0.96804566 -0.25097049
13434.6  1.00000000  0.96804501  0.00118934  0.96804574 -0.25097011
13434.7  1.00000000  0.96804512  0.00117862  0.96804584 -0.25096965
13434.8  1.00000000  0.96804522  0.00117584  0.96804594 -0.25096916
13434.9  1.00000000  0.96804534  0.00118134  0.96804606 -0.25096867
13435.0  1.00000000  0.96804542  0.00119476  0.96804616 -0.25096824
13435.1  1.00000000  0.96804546  0.00121435  0.96804622 -0.25096793
13435.2  1.00000000  0.96804547  0.00123817  0.96804626 -0.25096774
13435.3  1.00000000  0.96804543  0.00126381  0.96804626 -0.25096771
13435.4  1.00000000  0.96804539  0.00128877  0.96804624 -0.25096782
13435.5  1.00000000  0.96804531  0.00131094  0.96804620 -0.25096806
13435.6  1.00000000  0.96804520  0.00132793  0.96804611 -0.25096843
13435.7  1.00000000  0.96804509  0.00133800  0.96804601 -0.25096887
13435.8  1.00000000  0.96804498  0.00134039  0.96804590 -0.25096934
13435.9  1.00000000  0.96804489  0.00133489  0.96804581 -0.25096979
13436.0  1.00000000  0.96804483  0.00132236  0.96804573 -0.25097017
13436.1  1.00000000  0.96804478  0.00130404  0.96804566 -0.25097048
13436.2  1.00000000  0.96804476  0.00128145  0.96804561 -0.25097067
13436.3  1.00000000  0.96804480  0.00125707  0.96804561 -0.25097070
13436.4  1.00000000  0.96804484  0.00123328  0.96804563 -0.25097059
13436.5  1.00000000  0.96804494  0.00121251  0.96804570 -0.25097035
13436.6  1.00000000  0.96804503  0.00119678  0.96804577 -0.25097001
13436.7  1.00000000  0.96804512  0.00118724  0.96804584 -0.25096961
13436.8  1.00000000  0.96804522  0.00118489  0.96804595 -0.25096916
13436.9  1.00000000  0.96804531  0.00118999  0.96804604 -0.25096873
13437.0  1.00000000  0.96804539  0.00120196  0.96804613 -0.25096835
13437.1  1.00000000  0.96804543  0.00121961  0.96804619 -0.25096807
13437.2  1.00000000  0.96804542  0.00124092  0.96804622 -0.25096791
13437.3  1.00000000  0.96804540  0.00126376  0.96804623 -0.25096788
13437.4  1.00000000  0.96804536  0.00128614  0.96804621 -0.25096797
13437.5  1.00000000  0.96804528  0.00130579  0.96804616 -0.25096819
13437.6  1.00000000  0.96804519  0.00132088  0.96804610 -0.25096851
13437.7  1.00000000  0.96804508  0.00132984  0.96804600 -0.25096891
13437.8  1.00000000  0.96804499  0.00133177  0.96804590 -0.25096933
13437.9  1.00000000  0.96804492  0.00132683  0.96804583 -0.25096973
13438.0  1.00000000  0.96804485  0.00131553  0.96804575 -0.25097008
13438.1  1.00000000  0.96804482  0.00129904  0.96804569 -0.25097035
13438.2  1.00000000  0.96804480  0.00127891  0.96804565 -0.25097051
13438.3  1.00000000  0.96804482  0.00125707  0.96804564 -0.25097055
13438.4  1.00000000  0.96804488  0.00123587  0.96804567 -0.25097044
13438.5  1.00000000  0.96804495  0.00121742  0.96804572 -0.25097023
13438.6  1.00000000  0.96804504  0.00120336  0.96804578 -0.25096992
13438.7  1.00000000  0.96804512  0.00119500  0.96804586 -0.25096956
13438.8  1.00000000  0.96804521  0.00119300  0.96804594 -0.25096917
13438.9  1.00000000  0.96804529  0.00119761  0.96804603 -0.25096878
13439.0  1.00000000  0.96804536  0.00120845  0.96804611 -0.25096844
13439.1  1.00000000  0.96804539  0.00122422  0.96804616 -0.25096819
13439.2  1.00000000  0.96804539  0.00124330  0.96804619 -0.25096805
13439.3  1.00000000  0.96804537  0.00126376  0.96804619 -0.25096802
13439.4  1.00000000  0.96804533  0.00128366  0.96804618 -0.25096811
13439.5  1.00000000  0.96804527  0.00130121  0.96804614 -0.25096831
13439.6  1.00000000  0.96804518  0.00131459  0.96804607 -0.25096860
13439.7  1.00000000  0.96804509  0.00132247  0.96804599 -0.25096895
13439.8  1.00000000  0.96804500  0.00132416  0.96804591 -0.25096933
13439.9  1.00000000  0.96804493  0.00131961  0.96804583 -0.25096969
13440.0  1.00000000  0.96804488  0.00130945  0.96804577 -0.25097000
13440.1  1.00000000  0.96804485  0.00129466  0.96804571 -0.25097024
13440.2  1.00000000  0.96804484  0.00127661  0.96804568 -0.25097038
13440.3  1.00000000  0.96804486  0.00125714  0.96804567 -0.25097040
13440.4  1.00000000  0.96804490  0.00123822  0.96804570 -0.25097031
13440.5  1.00000000  0.96804497  0.00122177  0.96804574 -0.25097012
13440.6  1.00000000  0.96804505  0.00120932  0.96804580 -0.25096984
13440.7  1.00000000  0.96804512  0.00120190  0.96804587 -0.25096952
13440.8  1.00000000  0.96804520  0.00120024  0.96804595 -0.25096917
13440.9  1.00000000  0.96804527  0.00120447  0.96804602 -0.25096882
13441.0  1.00000000  0.96804533  0.00121419  0.96804609 -0.25096852
13441.1  1.00000000  0.96804536  0.00122836  0.96804614 -0.25096830
13441.2  1.00000000  0.96804536  0.00124542  0.96804616 -0.25096818
13441.3  1.00000000  0.96804534  0.00126369  0.96804617 -0.25096815
13441.4  1.00000000  0.96804530  0.00128147  0.96804615 -0.25096823
13441.5  1.00000000  0.96804525  0.00129706  0.96804612 -0.25096841
13441.6  1.00000000  0.96804517  0.00130894  0.96804606 -0.25096867
13441.7  1.00000000  0.96804509  0.00131590  0.96804598 -0.25096899
13441.8  1.00000000  0.96804501  0.00131731  0.96804591 -0.25096932
13441.9  1.00000000  0.96804495  0.00131318  0.96804584 -0.25096964
13442.0  1.00000000  0.96804491  0.00130402  0.96804578 -0.25096992
13442.1  1.00000000  0.96804488  0.00129074  0.96804574 -0.25097013
13442.2  1.00000000  0.96804487  0.00127461  0.96804571 -0.25097026
13442.3  1.00000000  0.96804488  0.00125721  0.96804570 -0.25097028
13442.4  1.00000000  0.96804493  0.00124035  0.96804572 -0.25097020
13442.5  1.00000000  0.96804499  0.00122571  0.96804576 -0.25097002
13442.6  1.00000000  0.96804505  0.00121463  0.96804582 -0.25096978
13442.7  1.00000000  0.96804512  0.00120811  0.96804588 -0.25096948
13442.8  1.00000000  0.96804519  0.00120670  0.96804594 -0.25096917
13442.9  1.00000000  0.96804526  0.00121057  0.96804602 -0.25096886
13443.0  1.00000000  0.96804531  0.00121932  0.96804608 -0.25096859
13443.1  1.00000000  0.96804533  0.00123201  0.96804612 -0.25096840
13443.2  1.00000000  0.96804534  0.00124728  0.96804614 -0.25096829
13443.3  1.00000000  0.96804532  0.00126361  0.96804614 -0.25096827
13443.4  1.00000000  0.96804528  0.00127946  0.96804613 -0.25096834
13443.5  1.00000000  0.96804523  0.00129335  0.96804610 -0.25096850
13443.6  1.00000000  0.96804516  0.00130388  0.96804604 -0.25096874
13443.7  1.00000000  0.96804509  0.00131002  0.96804598 -0.25096902
13443.8  1.00000000  0.96804502  0.00131121  0.96804591 -0.25096932
13443.9  1.00000000  0.96804497  0.00130745  0.96804585 -0.25096961
13444.0  1.00000000  0.96804493  0.00129920  0.96804580 -0.25096985
13444.1  1.00000000  0.96804490  0.00128729  0.96804576 -0.25097004
13444.2  1.00000000  0.96804489  0.00127285  0.96804573 -0.25097015
13444.3  1.00000000  0.96804491  0.00125732  0.96804572 -0.25097017
13444.4  1.00000000  0.96804495  0.00124228  0.96804574 -0.25097009
13444.5  1.00000000  0.96804500  0.00122924  0.96804578 -0.25096993
13444.6  1.00000000  0.96804506  0.00121940  0.96804583 -0.25096972
13444.7  1.00000000  0.96804512  0.00121364  0.96804588 -0.25096945
13444.8  1.00000000  0.96804518  0.00121247  0.96804594 -0.25096917
13444.9  1.00000000  0.96804524  0.00121600  0.96804601 -0.25096890
13445.0  1.00000000  0.96804529  0.00122387  0.96804606 -0.25096866
13445.1  1.00000000  0.96804531  0.00123525  0.96804610 -0.25096849
13445.2  1.00000000  0.96804531  0.00124891  0.96804612 -0.25096839
13445.3  1.00000000  0.96804529  0.00126351  0.96804612 -0.25096837
13445.4  1.00000000  0.96804526  0.00127765  0.96804611 -0.25096844
13445.5  1.00000000  0.96804522  0.00129001  0.96804608 -0.25096859
13445.6  1.00000000  0.96804516  0.00129936  0.96804603 -0.25096880
13445.7  1.00000000  0.96804509  0.00130477  0.96804597 -0.25096905
13445.8  1.00000000  0.96804503  0.00130576  0.96804591 -0.25096932
13445.9  1.00000000  0.96804498  0.00130234  0.96804586 -0.25096957
13446.0  1.00000000  0.96804495  0.00129491  0.96804581 -0.25096979
13446.1  1.00000000  0.96804492  0.00128422  0.96804577 -0.25096996
13446.2  1.00000000  0.96804492  0.00127130  0.96804575 -0.25097005
13446.3  1.00000000  0.96804493  0.00125743  0.96804575 -0.25097007
13446.4  1.00000000  0.96804497  0.00124402  0.96804576 -0.25097000
13446.5  1.00000000  0.96804501  0.00123241  0.96804580 -0.25096986
13446.6  1.00000000  0.96804507  0.00122368  0.96804584 -0.25096966
13446.7  1.00000000  0.96804512  0.00121860  0.96804589 -0.25096943
13446.8  1.00000000  0.96804518  0.00121762  0.96804594 -0.25096918
13446.9  1.00000000  0.96804523  0.00122084  0.96804600 -0.25096893
13447.0  1.00000000  0.96804527  0.00122793  0.96804605 -0.25096872
13447.1  1.00000000  0.96804529  0.00123813  0.96804608 -0.25096857
13447.2  1.00000000  0.96804529  0.00125036  0.96804610 -0.25096848
13447.3  1.00000000  0.96804527  0.00126339  0.96804610 -0.25096847
13447.4  1.00000000  0.96804525  0.00127601  0.96804609 -0.25096853
13447.5  1.00000000  0.96804520  0.00128700  0.96804606 -0.25096866
13447.6  1.00000000  0.96804515  0.00129530  0.96804602 -0.25096885
13447.7  1.00000000  0.96804509  0.00130007  0.96804597 -0.25096907
13447.8  1.00000000  0.96804504  0.00130090  0.96804591 -0.25096931
13447.9  1.00000000  0.96804500  0.00129778  0.96804587 -0.25096954
13448.0  1.00000000  0.96804496  0.00129109  0.96804582 -0.25096973
13448.1  1.00000000  0.96804494  0.00128148  0.96804579 -0.25096988
13448.2  1.00000000  0.96804494  0.00126994  0.96804577 -0.25096996
13448.3  1.00000000  0.96804495  0.00125763  0.96804577 -0.25096998
13448.4  1.00000000  0.96804498  0.00124570  0.96804578 -0.25096992
13448.5  1.00000000  0.96804502  0.00123536  0.96804581 -0.25096979
13448.6  1.00000000  0.96804507  0.00122760  0.96804585 -0.25096961
13448.7  1.00000000  0.96804512  0.00122313  0.96804589 -0.25096940
13448.8  1.00000000  0.96804517  0.00122231  0.96804594 -0.25096918
13448.9  1.00000000  0.96804522  0.00122521  0.96804599 -0.25096896
13449.0  1.00000000  0.96804525  0.00123156  0.96804604 -0.25096877
13449.1  1.00000000  0.96804527  0.00124069  0.96804607 -0.25096864
13449.2  1.00000000  0.96804527  0.00125163  0.96804608 -0.25096856
13449.3  1.00000000  0.96804525  0.00126325  0.96804608 -0.25096855
13449.4  1.00000000  0.96804523  0.00127444  0.96804607 -0.25096861
13449.5  1.00000000  0.96804520  0.00128421  0.96804605 -0.25096872
13449.6  1.00000000  0.96804515  0.00129162  0.96804601 -0.25096889
13449.7  1.00000000  0.96804509  0.00129588  0.96804596 -0.25096910
13449.8  1.00000000  0.96804504  0.00129655  0.96804591 -0.25096931
13449.9  1.00000000  0.96804500  0.00129368  0.96804587 -0.25096951
13450.0  1.00000000  0.96804498  0.00128766  0.96804584 -0.25096968
13450.1  1.00000000  0.96804496  0.00127911  0.96804581 -0.25096981
13450.2  1.00000000  0.96804496  0.00126884  0.96804579 -0.25096989
13450.3  1.00000000  0.96804496  0.00125777  0.96804578 -0.25096990
13450.4  1.00000000  0.96804499  0.00124699  0.96804579 -0.25096985
13450.5  1.00000000  0.96804504  0.00123771  0.96804583 -0.25096973
13450.6  1.00000000  0.96804508  0.00123091  0.96804587 -0.25096957
13450.7  1.00000000  0.96804512  0.00122702  0.96804590 -0.25096938
13450.8  1.00000000  0.96804516  0.00122632  0.96804594 -0.25096919
13450.9  1.00000000  0.96804520  0.00122892  0.96804598 -0.25096899
13451.0  1.00000000  0.96804524  0.00123457  0.96804602 -0.25096882
13451.1  1.00000000  0.96804526  0.00124285  0.96804606 -0.25096869
13451.2  1.00000000  0.96804525  0.00125281  0.96804607 -0.25096863
13451.3  1.00000000  0.96804523  0.00126316  0.96804606 -0.25096863
13451.4  1.00000000  0.96804522  0.00127311  0.96804605 -0.25096868
13451.5  1.00000000  0.96804518  0.00128179  0.96804603 -0.25096878
13451.6  1.00000000  0.96804515  0.00128837  0.96804600 -0.25096893
13451.7  1.00000000  0.96804510  0.00129223  0.96804596 -0.25096911
13451.8  1.00000000  0.96804505  0.00129285  0.96804591 -0.25096931
13451.9  1.00000000  0.96804501  0.00129016  0.96804587 -0.25096949
13452.0  1.00000000  0.96804499  0.00128471  0.96804585 -0.25096964
13452.1  1.00000000  0.96804498  0.00127706  0.96804582 -0.25096975
13452.2  1.00000000  0.96804498  0.00126787  0.96804581 -0.25096982
13452.3  1.00000000  0.96804498  0.00125802  0.96804580 -0.25096983
13452.4  1.00000000  0.96804500  0.00124836  0.96804580 -0.25096979
13452.5  1.00000000  0.96804505  0.00124004  0.96804584 -0.25096967
13452.6  1.00000000  0.96804509  0.00123401  0.96804587 -0.25096953
13452.7  1.00000000  0.96804512  0.00123054  0.96804590 -0.25096937
13452.8  1.00000000  0.96804516  0.00123000  0.96804594 -0.25096919
13452.9  1.00000000  0.96804519  0.00123233  0.96804597 -0.25096902
13453.0  1.00000000  0.96804523  0.00123736  0.96804602 -0.25096886
13453.1  1.00000000  0.96804525  0.00124481  0.96804605 -0.25096875
13453.2  1.00000000  0.96804524  0.00125366  0.96804605 -0.25096870
13453.3  1.00000000  0.96804523  0.00126296  0.96804605 -0.25096869
13453.4  1.00000000  0.96804520  0.00127190  0.96804604 -0.25096874
13453.5  1.00000000  0.96804517  0.00127956  0.96804602 -0.25096883
13453.6  1.00000000  0.96804515  0.00128546  0.96804600 -0.25096896
13453.7  1.00000000  0.96804510  0.00128892  0.96804596 -0.25096913
13453.8  1.00000000  0.96804505  0.00128934  0.96804591 -0.25096930
13453.9  1.00000000  0.96804503  0.00128696  0.96804588 -0.25096946
13454.0  1.00000000  0.96804500  0.00128205  0.96804585 -0.25096960
13454.1  1.00000000  0.96804500  0.00127510  0.96804584 -0.25096970
13454.2  1.00000000  0.96804500  0.00126701  0.96804582 -0.25096975
13454.3  1.00000000  0.96804498  0.00125813  0.96804580 -0.25096978
13454.4  1.00000000  0.96804502  0.00124949  0.96804582 -0.25096972
13454.5  1.00000000  0.96804505  0.00124218  0.96804585 -0.25096963
13454.6  1.00000000  0.96804508  0.00123669  0.96804587 -0.25096950
13454.7  1.00000000  0.96804513  0.00123370  0.96804592 -0.25096934
13454.8  1.00000000  0.96804515  0.00123331  0.96804593 -0.25096920
13454.9  1.00000000  0.96804518  0.00123530  0.96804597 -0.25096904
13455.0  1.00000000  0.96804522  0.00123995  0.96804601 -0.25096890
13455.1  1.00000000  0.96804522  0.00124659  0.96804603 -0.25096881
13455.2  1.00000000  0.96804523  0.00125445  0.96804604 -0.25096875
13455.3  1.00000000  0.96804521  0.00126292  0.96804604 -0.25096875
13455.4  1.00000000  0.96804518  0.00127074  0.96804601 -0.25096880
13455.5  1.00000000  0.96804518  0.00127763  0.96804602 -0.25096887
13455.6  1.00000000  0.96804513  0.00128291  0.96804598 -0.25096900
13455.7  1.00000000  0.96804510  0.00128583  0.96804595 -0.25096914
13455.8  1.00000000  0.96804507  0.00128631  0.96804592 -0.25096929
13455.9  1.00000000  0.96804502  0.00128409  0.96804587 -0.25096945
13456.0  1.00000000  0.96804502  0.00127959  0.96804587 -0.25096956
13456.1  1.00000000  0.96804501  0.00127352  0.96804585 -0.25096965
13456.2  1.00000000  0.96804500  0.00126612  0.96804583 -0.25096971
13456.3  1.00000000  0.96804501  0.00125823  0.96804583 -0.25096971
13456.4  1.00000000  0.96804502  0.00125063  0.96804583 -0.25096968
13456.5  1.00000000  0.96804505  0.00124393  0.96804585 -0.25096959
13456.6  1.00000000  0.96804510  0.00123922  0.96804589 -0.25096946
13456.7  1.00000000  0.96804512  0.00123654  0.96804591 -0.25096934
13456.8  1.00000000  0.96804515  0.00123614  0.96804594 -0.25096919
13456.9  1.00000000  0.96804518  0.00123813  0.96804597 -0.25096906
13457.0  1.00000000  0.96804520  0.00124217  0.96804599 -0.25096894
13457.1  1.00000000  0.96804522  0.00124816  0.96804603 -0.25096884
13457.2  1.00000000  0.96804521  0.00125528  0.96804602 -0.25096881
13457.3  1.00000000  0.96804520  0.00126269  0.96804602 -0.25096880
13457.4  1.00000000  0.96804519  0.00126980  0.96804602 -0.25096884
13457.5  1.00000000  0.96804516  0.00127591  0.96804600 -0.25096892
13457.6  1.00000000  0.96804514  0.00128050  0.96804599 -0.25096902
13457.7  1.00000000  0.96804510  0.00128321  0.96804595 -0.25096915
13457.8  1.00000000  0.96804506  0.00128349  0.96804591 -0.25096930
13457.9  1.00000000  0.96804504  0.00128150  0.96804589 -0.25096942
13458.0  1.00000000  0.96804502  0.00127753  0.96804587 -0.25096953
13458.1  1.00000000  0.96804502  0.00127195  0.96804585 -0.25096961
13458.2  1.00000000  0.96804502  0.00126544  0.96804584 -0.25096965
13458.3  1.00000000  0.96804501  0.00125836  0.96804583 -0.25096967
