 # AA:        367250.02967137686     
 # FLEGG:     232028.32655413673     
 # AF0:     -5.33308614247767210E-002
 # CPAR:      555.55779854881382     
 # Diff:     0.12463198212018202     
 # TF:       4.89897948556635358E-007
 # H:         284.00000000000000     
 # GRAD:     0.10000000000000001     
 # HR:       3.00000000000000006E-003
 # LP:       0.19000000000066478     
 # TIME  LP  TMAB  TMDS  TMPC  TMZ
35166.1  1.00000000  0.96816662 -0.00047130  0.96816674 -0.25052222
35166.2  1.00000000  0.96816672 -0.00218608  0.96816919 -0.25051037
35166.3  1.00000000  0.96816679 -0.00334226  0.96817256 -0.25049083
35166.4  1.00000000  0.96816939 -0.00373246  0.96817658 -0.25046716
35166.5  1.00000000  0.96817474 -0.00329360  0.96818034 -0.25044401
35166.6  1.00000000  0.96818122 -0.00211699  0.96818353 -0.25042550
35166.7  1.00000000  0.96818525 -0.00042797  0.96818535 -0.25041529
35166.8  1.00000000  0.96818400  0.00143577  0.96818507 -0.25041557
35166.9  1.00000000  0.96817822  0.00310685  0.96818320 -0.25042582
35167.0  1.00000000  0.96817087  0.00427376  0.96818030 -0.25044379
35167.1  1.00000000  0.96816524  0.00472509  0.96817677 -0.25046609
35167.2  1.00000000  0.96816323  0.00439039  0.96817318 -0.25048852
35167.3  1.00000000  0.96816372  0.00332689  0.96816944 -0.25050744
35167.4  1.00000000  0.96816560  0.00172418  0.96816714 -0.25051847
35167.5  1.00000000  0.96816735 -0.00008294  0.96816736 -0.25051902
35167.6  1.00000000  0.96816784 -0.00172855  0.96816938 -0.25050964
35167.7  1.00000000  0.96816807 -0.00290120  0.96817241 -0.25049260
35167.8  1.00000000  0.96816968 -0.00339945  0.96817565 -0.25047143
35167.9  1.00000000  0.96817424 -0.00313772  0.96817932 -0.25044952
35168.0  1.00000000  0.96818035 -0.00215588  0.96818275 -0.25043106
35168.1  1.00000000  0.96818441 -0.00064928  0.96818463 -0.25042010
35168.2  1.00000000  0.96818404  0.00107528  0.96818464 -0.25041867
35168.3  1.00000000  0.96817918  0.00267621  0.96818288 -0.25042685
35168.4  1.00000000  0.96817247  0.00384371  0.96818010 -0.25044259
35168.5  1.00000000  0.96816747  0.00437852  0.96817737 -0.25046235
35168.6  1.00000000  0.96816511  0.00420398  0.96817423 -0.25048318
35168.7  1.00000000  0.96816501  0.00334073  0.96817078 -0.25050152
35168.8  1.00000000  0.96816617  0.00193642  0.96816811 -0.25051346
35168.9  1.00000000  0.96816758  0.00026851  0.96816761 -0.25051600
35169.0  1.00000000  0.96816873 -0.00130657  0.96816961 -0.25050856
35169.1  1.00000000  0.96816910 -0.00248076  0.96817228 -0.25049389
35169.2  1.00000000  0.96817017 -0.00306398  0.96817501 -0.25047496
35169.3  1.00000000  0.96817374 -0.00295590  0.96817826 -0.25045463
35169.4  1.00000000  0.96817913 -0.00216643  0.96818155 -0.25043665
35169.5  1.00000000  0.96818359 -0.00084249  0.96818395 -0.25042473
35169.6  1.00000000  0.96818417  0.00075175  0.96818446 -0.25042161
35169.7  1.00000000  0.96818015  0.00228514  0.96818285 -0.25042790
35169.8  1.00000000  0.96817411  0.00345576  0.96818027 -0.25044157
35169.9  1.00000000  0.96816904  0.00405892  0.96817755 -0.25045960
35170.0  1.00000000  0.96816665  0.00400656  0.96817494 -0.25047875
35170.1  1.00000000  0.96816632  0.00331863  0.96817200 -0.25049615
35170.2  1.00000000  0.96816673  0.00209587  0.96816899 -0.25050875
35170.3  1.00000000  0.96816780  0.00056703  0.96816797 -0.25051286
35170.4  1.00000000  0.96816905 -0.00093596  0.96816950 -0.25050746
35170.5  1.00000000  0.96816992 -0.00210590  0.96817221 -0.25049462
35170.6  1.00000000  0.96817098 -0.00274260  0.96817486 -0.25047748
35170.7  1.00000000  0.96817356 -0.00275370  0.96817748 -0.25045892
35170.8  1.00000000  0.96817820 -0.00213216  0.96818055 -0.25044167
35170.9  1.00000000  0.96818266 -0.00097932  0.96818316 -0.25042929
35171.0  1.00000000  0.96818392  0.00047622  0.96818404 -0.25042482
35171.1  1.00000000  0.96818102  0.00193359  0.96818295 -0.25042912
35171.2  1.00000000  0.96817536  0.00309574  0.96818031 -0.25044107
35171.3  1.00000000  0.96817033  0.00374536  0.96817757 -0.25045744
35171.4  1.00000000  0.96816792  0.00379495  0.96817535 -0.25047499
35171.5  1.00000000  0.96816739  0.00325455  0.96817286 -0.25049140
35171.6  1.00000000  0.96816764  0.00220437  0.96817015 -0.25050393
35171.7  1.00000000  0.96816820  0.00082486  0.96816855 -0.25050947
35171.8  1.00000000  0.96816929 -0.00059640  0.96816947 -0.25050607
35171.9  1.00000000  0.96817060 -0.00175003  0.96817218 -0.25049495
35172.0  1.00000000  0.96817171 -0.00242650  0.96817476 -0.25047952
35172.1  1.00000000  0.96817370 -0.00253566  0.96817702 -0.25046253
35172.2  1.00000000  0.96817737 -0.00206160  0.96817957 -0.25044636
35172.3  1.00000000  0.96818143 -0.00107934  0.96818203 -0.25043399
35172.4  1.00000000  0.96818343  0.00023071  0.96818345 -0.25042819
35172.5  1.00000000  0.96818155  0.00160335  0.96818288 -0.25043063
35172.6  1.00000000  0.96817667  0.00274917  0.96818058 -0.25044064
35172.7  1.00000000  0.96817172  0.00344650  0.96817786 -0.25045542
35172.8  1.00000000  0.96816895  0.00358766  0.96817560 -0.25047179
35172.9  1.00000000  0.96816841  0.00317564  0.96817362 -0.25048713
35173.0  1.00000000  0.96816859  0.00228361  0.96817129 -0.25049940
35173.1  1.00000000  0.96816875  0.00104941  0.96816932 -0.25050601
35173.2  1.00000000  0.96816947 -0.00028322  0.96816951 -0.25050452
35173.3  1.00000000  0.96817076 -0.00142038  0.96817180 -0.25049532
35173.4  1.00000000  0.96817218 -0.00213655  0.96817454 -0.25048129
35173.5  1.00000000  0.96817396 -0.00232635  0.96817675 -0.25046556
35173.6  1.00000000  0.96817680 -0.00197754  0.96817882 -0.25045047
35173.7  1.00000000  0.96818044 -0.00114541  0.96818112 -0.25043824
35173.8  1.00000000  0.96818274  0.00002676  0.96818274 -0.25043159
35173.9  1.00000000  0.96818187  0.00130785  0.96818275 -0.25043232
35174.0  1.00000000  0.96817792  0.00243191  0.96818097 -0.25044039
35174.1  1.00000000  0.96817300  0.00316724  0.96817818 -0.25045377
35174.2  1.00000000  0.96816988  0.00338722  0.96817581 -0.25046905
35174.3  1.00000000  0.96816910  0.00308439  0.96817401 -0.25048354
35174.4  1.00000000  0.96816928  0.00232462  0.96817207 -0.25049540
35174.5  1.00000000  0.96816941  0.00122706  0.96817019 -0.25050251
35174.6  1.00000000  0.96816971 -0.00000895  0.96816971 -0.25050271
35174.7  1.00000000  0.96817085 -0.00111788  0.96817150 -0.25049534
35174.8  1.00000000  0.96817250 -0.00186175  0.96817429 -0.25048270
35174.9  1.00000000  0.96817425 -0.00211973  0.96817657 -0.25046810
35175.0  1.00000000  0.96817665 -0.00187351  0.96817847 -0.25045389
35175.1  1.00000000  0.96817962 -0.00117104  0.96818033 -0.25044217
35175.2  1.00000000  0.96818191 -0.00013299  0.96818192 -0.25043505
35175.3  1.00000000  0.96818180  0.00104851  0.96818237 -0.25043437
35175.4  1.00000000  0.96817871  0.00213178  0.96818106 -0.25044066
35175.5  1.00000000  0.96817425  0.00288981  0.96817857 -0.25045237
35175.6  1.00000000  0.96817087  0.00318162  0.96817609 -0.25046655
35175.7  1.00000000  0.96816970  0.00297804  0.96817428 -0.25048031
35175.8  1.00000000  0.96816991  0.00233864  0.96817274 -0.25049166
35175.9  1.00000000  0.96817011  0.00137104  0.96817108 -0.25049905
35176.0  1.00000000  0.96817020  0.00023808  0.96817023 -0.25050053
35176.1  1.00000000  0.96817101 -0.00082696  0.96817137 -0.25049503
35176.2  1.00000000  0.96817254 -0.00159231  0.96817385 -0.25048400
35176.3  1.00000000  0.96817442 -0.00191482  0.96817632 -0.25047041
35176.4  1.00000000  0.96817651 -0.00176200  0.96817811 -0.25045704
35176.5  1.00000000  0.96817896 -0.00117859  0.96817968 -0.25044578
35176.6  1.00000000  0.96818112 -0.00026430  0.96818116 -0.25043837
35176.7  1.00000000  0.96818148  0.00081626  0.96818182 -0.25043659
35176.8  1.00000000  0.96817934  0.00185059  0.96818111 -0.25044114
35176.9  1.00000000  0.96817547  0.00262422  0.96817902 -0.25045118
35177.0  1.00000000  0.96817193  0.00298092  0.96817652 -0.25046426
35177.1  1.00000000  0.96817036  0.00287074  0.96817462 -0.25047735
35177.2  1.00000000  0.96817036  0.00233950  0.96817319 -0.25048838
35177.3  1.00000000  0.96817065  0.00148589  0.96817179 -0.25049586
35177.4  1.00000000  0.96817072  0.00045317  0.96817083 -0.25049827
35177.5  1.00000000  0.96817114 -0.00056137  0.96817130 -0.25049449
35177.6  1.00000000  0.96817250 -0.00133845  0.96817343 -0.25048503
35177.7  1.00000000  0.96817438 -0.00171834  0.96817591 -0.25047252
35177.8  1.00000000  0.96817642 -0.00165066  0.96817783 -0.25045980
35177.9  1.00000000  0.96817862 -0.00116837  0.96817932 -0.25044888
35178.0  1.00000000  0.96818048 -0.00036294  0.96818055 -0.25044143
35178.1  1.00000000  0.96818111  0.00062197  0.96818131 -0.25043883
35178.2  1.00000000  0.96817965  0.00160077  0.96818097 -0.25044197
35178.3  1.00000000  0.96817639  0.00237345  0.96817930 -0.25045045
35178.4  1.00000000  0.96817297  0.00278097  0.96817696 -0.25046228
35178.5  1.00000000  0.96817099  0.00275417  0.96817491 -0.25047472
35178.6  1.00000000  0.96817070  0.00231928  0.96817347 -0.25048543
35178.7  1.00000000  0.96817106  0.00156894  0.96817233 -0.25049289
35178.8  1.00000000  0.96817120  0.00063163  0.96817140 -0.25049596
35178.9  1.00000000  0.96817148 -0.00032232  0.96817154 -0.25049350
35179.0  1.00000000  0.96817253 -0.00109342  0.96817315 -0.25048565
35179.1  1.00000000  0.96817429 -0.00151962  0.96817549 -0.25047435
35179.2  1.00000000  0.96817634 -0.00152820  0.96817755 -0.25046229
35179.3  1.00000000  0.96817832 -0.00113923  0.96817899 -0.25045177
35179.4  1.00000000  0.96817997 -0.00043501  0.96818007 -0.25044430
35179.5  1.00000000  0.96818065  0.00045752  0.96818076 -0.25044114
35179.6  1.00000000  0.96817966  0.00137298  0.96818064 -0.25044312
35179.7  1.00000000  0.96817708  0.00213143  0.96817943 -0.25045006
35179.8  1.00000000  0.96817395  0.00257812  0.96817738 -0.25046057
35179.9  1.00000000  0.96817175  0.00262739  0.96817532 -0.25047223
35180.0  1.00000000  0.96817114  0.00228634  0.96817384 -0.25048261
35180.1  1.00000000  0.96817139  0.00163310  0.96817276 -0.25049013
35180.2  1.00000000  0.96817166  0.00078614  0.96817198 -0.25049364
35180.3  1.00000000  0.96817187 -0.00010305  0.96817188 -0.25049232
35180.4  1.00000000  0.96817260 -0.00085921  0.96817298 -0.25048599
35180.5  1.00000000  0.96817415 -0.00132195  0.96817505 -0.25047596
35180.6  1.00000000  0.96817608 -0.00140277  0.96817710 -0.25046468
35180.7  1.00000000  0.96817801 -0.00110299  0.96817864 -0.25045445
35180.8  1.00000000  0.96817957 -0.00049151  0.96817969 -0.25044694
35180.9  1.00000000  0.96818027  0.00031558  0.96818032 -0.25044333
35181.0  1.00000000  0.96817965  0.00117007  0.96818035 -0.25044431
35181.1  1.00000000  0.96817759  0.00190899  0.96817948 -0.25044994
35181.2  1.00000000  0.96817481  0.00238326  0.96817775 -0.25045918
35181.3  1.00000000  0.96817256  0.00249932  0.96817578 -0.25046997
35181.4  1.00000000  0.96817157  0.00224406  0.96817417 -0.25048006
35181.5  1.00000000  0.96817164  0.00167909  0.96817309 -0.25048760
35181.6  1.00000000  0.96817196  0.00091443  0.96817239 -0.25049150
35181.7  1.00000000  0.96817218  0.00008679  0.96817219 -0.25049105
35181.8  1.00000000  0.96817276 -0.00064572  0.96817297 -0.25048599
35181.9  1.00000000  0.96817402 -0.00113193  0.96817469 -0.25047723
35182.0  1.00000000  0.96817585 -0.00127410  0.96817669 -0.25046678
35182.1  1.00000000  0.96817775 -0.00105426  0.96817832 -0.25045689
35182.2  1.00000000  0.96817926 -0.00052779  0.96817940 -0.25044938
35182.3  1.00000000  0.96817998  0.00020053  0.96818000 -0.25044539
35182.4  1.00000000  0.96817954  0.00099518  0.96818005 -0.25044563
35182.5  1.00000000  0.96817787  0.00170600  0.96817937 -0.25045015
35182.6  1.00000000  0.96817548  0.00219449  0.96817797 -0.25045816
35182.7  1.00000000  0.96817327  0.00236391  0.96817615 -0.25046804
35182.8  1.00000000  0.96817207  0.00218579  0.96817453 -0.25047767
35182.9  1.00000000  0.96817191  0.00170517  0.96817341 -0.25048520
35183.0  1.00000000  0.96817219  0.00101872  0.96817273 -0.25048943
35183.1  1.00000000  0.96817252  0.00025351  0.96817255 -0.25048965
35183.2  1.00000000  0.96817299 -0.00044735  0.96817309 -0.25048569
35183.3  1.00000000  0.96817401 -0.00094478  0.96817447 -0.25047815
35183.4  1.00000000  0.96817562 -0.00113736  0.96817629 -0.25046863
35183.5  1.00000000  0.96817741 -0.00099250  0.96817792 -0.25045922
35183.6  1.00000000  0.96817892 -0.00054853  0.96817907 -0.25045172
35183.7  1.00000000  0.96817968  0.00010320  0.96817968 -0.25044742
35183.8  1.00000000  0.96817939  0.00083778  0.96817976 -0.25044699
35183.9  1.00000000  0.96817806  0.00151754  0.96817925 -0.25045051
35184.0  1.00000000  0.96817600  0.00201259  0.96817809 -0.25045741
35184.1  1.00000000  0.96817396  0.00222618  0.96817652 -0.25046633
35184.2  1.00000000  0.96817264  0.00211941  0.96817495 -0.25047543
35184.3  1.00000000  0.96817223  0.00171904  0.96817375 -0.25048291
35184.4  1.00000000  0.96817242  0.00110770  0.96817305 -0.25048743
35184.5  1.00000000  0.96817275  0.00040200  0.96817283 -0.25048829
35184.6  1.00000000  0.96817319 -0.00026647  0.96817322 -0.25048526
35184.7  1.00000000  0.96817402 -0.00076789  0.96817433 -0.25047882
35184.8  1.00000000  0.96817539 -0.00100201  0.96817591 -0.25047025
35184.9  1.00000000  0.96817707 -0.00092474  0.96817751 -0.25046135
35185.0  1.00000000  0.96817857 -0.00055751  0.96817874 -0.25045393
35185.1  1.00000000  0.96817942  0.00002200  0.96817942 -0.25044932
35185.2  1.00000000  0.96817931  0.00070049  0.96817957 -0.25044828
35185.3  1.00000000  0.96817820  0.00134908  0.96817914 -0.25045098
35185.4  1.00000000  0.96817641  0.00184447  0.96817817 -0.25045691
35185.5  1.00000000  0.96817453  0.00209222  0.96817679 -0.25046493
35185.6  1.00000000  0.96817315  0.00204602  0.96817531 -0.25047345
35185.7  1.00000000  0.96817256  0.00171908  0.96817409 -0.25048077
35185.8  1.00000000  0.96817260  0.00117852  0.96817331 -0.25048555
35185.9  1.00000000  0.96817291  0.00052948  0.96817305 -0.25048694
35186.0  1.00000000  0.96817336 -0.00010473  0.96817337 -0.25048470
35186.1  1.00000000  0.96817409 -0.00060277  0.96817428 -0.25047923
35186.2  1.00000000  0.96817527 -0.00086741  0.96817566 -0.25047155
35186.3  1.00000000  0.96817679 -0.00084736  0.96817716 -0.25046325
35186.4  1.00000000  0.96817824 -0.00055100  0.96817839 -0.25045601
35186.5  1.00000000  0.96817916 -0.00004091  0.96817917 -0.25045118
35186.6  1.00000000  0.96817919  0.00058143  0.96817936 -0.25044963
35186.7  1.00000000  0.96817827  0.00119550  0.96817901 -0.25045158
35186.8  1.00000000  0.96817671  0.00168533  0.96817818 -0.25045662
35186.9  1.00000000  0.96817498  0.00195816  0.96817696 -0.25046379
35187.0  1.00000000  0.96817364  0.00196368  0.96817563 -0.25047168
35187.1  1.00000000  0.96817294  0.00170400  0.96817444 -0.25047876
35187.2  1.00000000  0.96817283  0.00123175  0.96817361 -0.25048369
35187.3  1.00000000  0.96817309  0.00063997  0.96817330 -0.25048555
35187.4  1.00000000  0.96817352  0.00004232  0.96817352 -0.25048404
35187.5  1.00000000  0.96817418 -0.00044714  0.96817428 -0.25047943
35187.6  1.00000000  0.96817519 -0.00073383  0.96817547 -0.25047262
35187.7  1.00000000  0.96817651 -0.00076355  0.96817681 -0.25046496
35187.8  1.00000000  0.96817789 -0.00053285  0.96817803 -0.25045796
35187.9  1.00000000  0.96817885 -0.00008985  0.96817885 -0.25045300
35188.0  1.00000000  0.96817904  0.00047634  0.96817915 -0.25045098
35188.1  1.00000000  0.96817834  0.00105570  0.96817892 -0.25045222
35188.2  1.00000000  0.96817696  0.00153685  0.96817818 -0.25045647
35188.3  1.00000000  0.96817540  0.00182924  0.96817713 -0.25046283
35188.4  1.00000000  0.96817409  0.00187964  0.96817592 -0.25047011
35188.5  1.00000000  0.96817331  0.00168066  0.96817477 -0.25047691
35188.6  1.00000000  0.96817308  0.00127288  0.96817392 -0.25048192
35188.7  1.00000000  0.96817322  0.00073607  0.96817350 -0.25048421
35188.8  1.00000000  0.96817361  0.00017408  0.96817363 -0.25048334
35188.9  1.00000000  0.96817423 -0.00030422  0.96817428 -0.25047951
35189.0  1.00000000  0.96817512 -0.00060746  0.96817531 -0.25047348
35189.1  1.00000000  0.96817631 -0.00067845  0.96817654 -0.25046642
35189.2  1.00000000  0.96817757 -0.00050545  0.96817770 -0.25045974
35189.3  1.00000000  0.96817856 -0.00012475  0.96817857 -0.25045471
35189.4  1.00000000  0.96817889  0.00038806  0.96817897 -0.25045229
35189.5  1.00000000  0.96817838  0.00093184  0.96817882 -0.25045294
35189.6  1.00000000  0.96817718  0.00140105  0.96817820 -0.25045645
35189.7  1.00000000  0.96817573  0.00170690  0.96817723 -0.25046211
35189.8  1.00000000  0.96817446  0.00179334  0.96817612 -0.25046880
35189.9  1.00000000  0.96817365  0.00164726  0.96817506 -0.25047524
35190.0  1.00000000  0.96817332  0.00129870  0.96817420 -0.25048025
35190.1  1.00000000  0.96817338  0.00081515  0.96817372 -0.25048286
35190.2  1.00000000  0.96817372  0.00029079  0.96817376 -0.25048256
35190.3  1.00000000  0.96817429 -0.00017257  0.96817430 -0.25047944
35190.4  1.00000000  0.96817511 -0.00048565  0.96817524 -0.25047411
35190.5  1.00000000  0.96817616 -0.00058978  0.96817634 -0.25046767
35190.6  1.00000000  0.96817730 -0.00046778  0.96817741 -0.25046136
35190.7  1.00000000  0.96817827 -0.00014502  0.96817828 -0.25045636
35190.8  1.00000000  0.96817868  0.00031443  0.96817874 -0.25045365
35190.9  1.00000000  0.96817835  0.00082020  0.96817870 -0.25045373
35191.0  1.00000000  0.96817734  0.00127367  0.96817818 -0.25045656
35191.1  1.00000000  0.96817601  0.00158771  0.96817731 -0.25046153
35191.2  1.00000000  0.96817480  0.00170504  0.96817630 -0.25046764
35191.3  1.00000000  0.96817398  0.00160666  0.96817531 -0.25047372
35191.4  1.00000000  0.96817360  0.00131356  0.96817449 -0.25047865
35191.5  1.00000000  0.96817357  0.00088260  0.96817397 -0.25048152
35191.6  1.00000000  0.96817382  0.00039668  0.96817390 -0.25048175
35191.7  1.00000000  0.96817433 -0.00004959  0.96817433 -0.25047928
35191.8  1.00000000  0.96817508 -0.00036921  0.96817515 -0.25047463
35191.9  1.00000000  0.96817602 -0.00050228  0.96817615 -0.25046877
35192.0  1.00000000  0.96817706 -0.00042578  0.96817716 -0.25046282
35192.1  1.00000000  0.96817797 -0.00015670  0.96817798 -0.25045791
35192.2  1.00000000  0.96817847  0.00025176  0.96817850 -0.25045495
35192.3  1.00000000  0.96817832  0.00072019  0.96817858 -0.25045453
35192.4  1.00000000  0.96817749  0.00115680  0.96817818 -0.25045673
35192.5  1.00000000  0.96817628  0.00147680  0.96817741 -0.25046106
35192.6  1.00000000  0.96817511  0.00162045  0.96817646 -0.25046664
35192.7  1.00000000  0.96817427  0.00156349  0.96817553 -0.25047237
35192.8  1.00000000  0.96817385  0.00132005  0.96817475 -0.25047720
35192.9  1.00000000  0.96817374  0.00093765  0.96817420 -0.25048025
35193.0  1.00000000  0.96817391  0.00048881  0.96817403 -0.25048092
35193.1  1.00000000  0.96817435  0.00006123  0.96817435 -0.25047904
35193.2  1.00000000  0.96817503 -0.00026144  0.96817506 -0.25047503
35193.3  1.00000000  0.96817592 -0.00041761  0.96817601 -0.25046968
35193.4  1.00000000  0.96817687 -0.00037953  0.96817695 -0.25046410
35193.5  1.00000000  0.96817773 -0.00015813  0.96817774 -0.25045932
35193.6  1.00000000  0.96817827  0.00020316  0.96817829 -0.25045621
35193.7  1.00000000  0.96817823  0.00063415  0.96817844 -0.25045539
35193.8  1.00000000  0.96817758  0.00105057  0.96817815 -0.25045701
35193.9  1.00000000  0.96817651  0.00137149  0.96817748 -0.25046075
35194.0  1.00000000  0.96817537  0.00153546  0.96817658 -0.25046581
35194.1  1.00000000  0.96817453  0.00151417  0.96817571 -0.25047117
35194.2  1.00000000  0.96817407  0.00131573  0.96817496 -0.25047585
35194.3  1.00000000  0.96817392  0.00097910  0.96817442 -0.25047900
35194.4  1.00000000  0.96817404  0.00056874  0.96817421 -0.25048001
35194.5  1.00000000  0.96817439  0.00016348  0.96817440 -0.25047870
35194.6  1.00000000  0.96817501 -0.00015749  0.96817503 -0.25047526
35194.7  1.00000000  0.96817583 -0.00033144  0.96817588 -0.25047045
35194.8  1.00000000  0.96817670 -0.00032771  0.96817676 -0.25046525
35194.9  1.00000000  0.96817751 -0.00014987  0.96817753 -0.25046063
35195.0  1.00000000  0.96817804  0.00016599  0.96817805 -0.25045745
35195.1  1.00000000  0.96817810  0.00055852  0.96817827 -0.25045629
35195.2  1.00000000  0.96817762  0.00095222  0.96817809 -0.25045739
35195.3  1.00000000  0.96817669  0.00127007  0.96817752 -0.25046055
35195.4  1.00000000  0.96817564  0.00145073  0.96817672 -0.25046508
35195.5  1.00000000  0.96817478  0.00146195  0.96817589 -0.25047009
35195.6  1.00000000  0.96817428  0.00130468  0.96817516 -0.25047460
35195.7  1.00000000  0.96817411  0.00101162  0.96817464 -0.25047779
35195.8  1.00000000  0.96817416  0.00063868  0.96817438 -0.25047912
35195.9  1.00000000  0.96817445  0.00025675  0.96817448 -0.25047828
35196.0  1.00000000  0.96817498 -0.00005939  0.96817498 -0.25047541
35196.1  1.00000000  0.96817571 -0.00024831  0.96817574 -0.25047112
35196.2  1.00000000  0.96817655 -0.00027459  0.96817659 -0.25046627
35196.3  1.00000000  0.96817731 -0.00013618  0.96817732 -0.25046184
35196.4  1.00000000  0.96817784  0.00013769  0.96817785 -0.25045861
35196.5  1.00000000  0.96817799  0.00049401  0.96817811 -0.25045718
35196.6  1.00000000  0.96817763  0.00086407  0.96817801 -0.25045783
35196.7  1.00000000  0.96817685  0.00117602  0.96817756 -0.25046044
35196.8  1.00000000  0.96817588  0.00136959  0.96817684 -0.25046449
35196.9  1.00000000  0.96817501  0.00140831  0.96817604 -0.25046914
35197.0  1.00000000  0.96817448  0.00128802  0.96817534 -0.25047346
35197.1  1.00000000  0.96817426  0.00103454  0.96817481 -0.25047669
35197.2  1.00000000  0.96817429  0.00069685  0.96817454 -0.25047823
35197.3  1.00000000  0.96817451  0.00033954  0.96817457 -0.25047780
35197.4  1.00000000  0.96817496  0.00003110  0.96817496 -0.25047545
35197.5  1.00000000  0.96817564 -0.00016789  0.96817565 -0.25047164
35197.6  1.00000000  0.96817641 -0.00021945  0.96817644 -0.25046717
35197.7  1.00000000  0.96817715 -0.00011628  0.96817715 -0.25046293
35197.8  1.00000000  0.96817767  0.00011924  0.96817768 -0.25045970
35197.9  1.00000000  0.96817785  0.00044048  0.96817795 -0.25045807
35198.0  1.00000000  0.96817760  0.00078560  0.96817792 -0.25045834
35198.1  1.00000000  0.96817695  0.00108842  0.96817756 -0.25046046
35198.2  1.00000000  0.96817607  0.00129002  0.96817693 -0.25046402
35198.3  1.00000000  0.96817524  0.00135228  0.96817619 -0.25046829
35198.4  1.00000000  0.96817467  0.00126553  0.96817550 -0.25047242
35198.5  1.00000000  0.96817442  0.00104902  0.96817498 -0.25047563
35198.6  1.00000000  0.96817441  0.00074591  0.96817470 -0.25047734
35198.7  1.00000000  0.96817459  0.00041370  0.96817468 -0.25047727
35198.8  1.00000000  0.96817498  0.00011593  0.96817499 -0.25047539
35198.9  1.00000000  0.96817556 -0.00008941  0.96817557 -0.25047207
35199.0  1.00000000  0.96817628 -0.00016285  0.96817629 -0.25046797
35199.1  1.00000000  0.96817698 -0.00009169  0.96817699 -0.25046393
35199.2  1.00000000  0.96817750  0.00010768  0.96817750 -0.25046073
35199.3  1.00000000  0.96817771  0.00039512  0.96817779 -0.25045894
35199.4  1.00000000  0.96817755  0.00071536  0.96817782 -0.25045887
35199.5  1.00000000  0.96817702  0.00100686  0.96817754 -0.25046055
35199.6  1.00000000  0.96817625  0.00121363  0.96817701 -0.25046365
35199.7  1.00000000  0.96817546  0.00129607  0.96817633 -0.25046755
35199.8  1.00000000  0.96817487  0.00123956  0.96817566 -0.25047146
35199.9  1.00000000  0.96817457  0.00105764  0.96817515 -0.25047463
35200.0  1.00000000  0.96817452  0.00078684  0.96817484 -0.25047650
35200.1  1.00000000  0.96817467  0.00047930  0.96817479 -0.25047672
35200.2  1.00000000  0.96817499  0.00019363  0.96817501 -0.25047526
35200.3  1.00000000  0.96817550 -0.00001528  0.96817550 -0.25047239
35200.4  1.00000000  0.96817616 -0.00010674  0.96817616 -0.25046866
35200.5  1.00000000  0.96817683 -0.00006406  0.96817683 -0.25046484
35200.6  1.00000000  0.96817735  0.00010227  0.96817736 -0.25046168
35200.7  1.00000000  0.96817760  0.00035841  0.96817767 -0.25045977
35200.8  1.00000000  0.96817750  0.00065419  0.96817772 -0.25045943
35200.9  1.00000000  0.96817706  0.00093306  0.96817751 -0.25046071
35201.0  1.00000000  0.96817638  0.00114171  0.96817706 -0.25046339
35201.1  1.00000000  0.96817565  0.00123998  0.96817644 -0.25046692
35201.2  1.00000000  0.96817505  0.00121005  0.96817581 -0.25047060
35201.3  1.00000000  0.96817470  0.00105946  0.96817528 -0.25047372
35201.4  1.00000000  0.96817462  0.00081916  0.96817497 -0.25047568
35201.5  1.00000000  0.96817474  0.00053607  0.96817489 -0.25047616
35201.6  1.00000000  0.96817502  0.00026404  0.96817505 -0.25047506
35201.7  1.00000000  0.96817547  0.00005514  0.96817547 -0.25047259
35201.8  1.00000000  0.96817606 -0.00005032  0.96817606 -0.25046924
35201.9  1.00000000  0.96817669 -0.00003258  0.96817669 -0.25046566
35202.0  1.00000000  0.96817721  0.00010346  0.96817721 -0.25046258
35202.1  1.00000000  0.96817747  0.00032945  0.96817753 -0.25046057
35202.2  1.00000000  0.96817743  0.00060085  0.96817762 -0.25046000
35202.3  1.00000000  0.96817707  0.00086553  0.96817746 -0.25046094
35202.4  1.00000000  0.96817649  0.00107296  0.96817708 -0.25046322
35202.5  1.00000000  0.96817581  0.00118379  0.96817654 -0.25046638
35202.6  1.00000000  0.96817523  0.00117722  0.96817594 -0.25046983
35202.7  1.00000000  0.96817486  0.00105589  0.96817543 -0.25047285
35202.8  1.00000000  0.96817473  0.00084498  0.96817510 -0.25047489
35202.9  1.00000000  0.96817481  0.00058598  0.96817499 -0.25047558
35203.0  1.00000000  0.96817505  0.00032864  0.96817511 -0.25047481
35203.1  1.00000000  0.96817544  0.00012192  0.96817545 -0.25047273
35203.2  1.00000000  0.96817597  0.00000529  0.96817597 -0.25046973
35203.3  1.00000000  0.96817655  0.00000108  0.96817655 -0.25046640
35203.4  1.00000000  0.96817706  0.00010893  0.96817706 -0.25046342
35203.5  1.00000000  0.96817736  0.00030640  0.96817741 -0.25046134
35203.6  1.00000000  0.96817737  0.00055418  0.96817752 -0.25046057
35203.7  1.00000000  0.96817708  0.00080417  0.96817741 -0.25046120
35203.8  1.00000000  0.96817657  0.00100881  0.96817710 -0.25046311
35203.9  1.00000000  0.96817596  0.00112931  0.96817662 -0.25046594
35204.0  1.00000000  0.96817540  0.00114311  0.96817607 -0.25046913
35204.1  1.00000000  0.96817500  0.00104847  0.96817557 -0.25047205
35204.2  1.00000000  0.96817483  0.00086492  0.96817522 -0.25047415
35204.3  1.00000000  0.96817487  0.00062903  0.96817508 -0.25047502
35204.4  1.00000000  0.96817508  0.00038651  0.96817516 -0.25047453
35204.5  1.00000000  0.96817542  0.00018345  0.96817544 -0.25047279
35204.6  1.00000000  0.96817589  0.00005859  0.96817590 -0.25047013
35204.7  1.00000000  0.96817643  0.00003562  0.96817643 -0.25046705
35204.8  1.00000000  0.96817693  0.00011826  0.96817693 -0.25046418
35204.9  1.00000000  0.96817725  0.00028940  0.96817729 -0.25046207
35205.0  1.00000000  0.96817730  0.00051450  0.96817744 -0.25046112
35205.1  1.00000000  0.96817708  0.00074961  0.96817737 -0.25046149
35205.2  1.00000000  0.96817663  0.00094976  0.96817710 -0.25046308
35205.3  1.00000000  0.96817608  0.00107705  0.96817668 -0.25046559
35205.4  1.00000000  0.96817554  0.00110781  0.96817618 -0.25046853
35205.5  1.00000000  0.96817514  0.00103684  0.96817569 -0.25047132
35205.6  1.00000000  0.96817493  0.00087894  0.96817533 -0.25047343
35205.7  1.00000000  0.96817494  0.00066567  0.96817517 -0.25047446
35205.8  1.00000000  0.96817511  0.00043852  0.96817521 -0.25047422
35205.9  1.00000000  0.96817542  0.00024113  0.96817545 -0.25047279
35206.0  1.00000000  0.96817584  0.00011085  0.96817585 -0.25047044
35206.1  1.00000000  0.96817633  0.00007212  0.96817633 -0.25046762
35206.2  1.00000000  0.96817680  0.00013203  0.96817681 -0.25046489
35206.3  1.00000000  0.96817713  0.00027792  0.96817717 -0.25046278
35206.4  1.00000000  0.96817723  0.00048051  0.96817735 -0.25046169
35206.5  1.00000000  0.96817706  0.00069994  0.96817731 -0.25046182
35206.6  1.00000000  0.96817668  0.00089385  0.96817709 -0.25046311
35206.7  1.00000000  0.96817618  0.00102571  0.96817672 -0.25046531
35206.8  1.00000000  0.96817568  0.00107094  0.96817627 -0.25046799
35206.9  1.00000000  0.96817528  0.00102152  0.96817581 -0.25047064
35207.0  1.00000000  0.96817505  0.00088783  0.96817545 -0.25047275
35207.1  1.00000000  0.96817501  0.00069646  0.96817526 -0.25047390
35207.2  1.00000000  0.96817515  0.00048508  0.96817527 -0.25047389
35207.3  1.00000000  0.96817542  0.00029448  0.96817546 -0.25047274
35207.4  1.00000000  0.96817579  0.00016071  0.96817581 -0.25047069
35207.5  1.00000000  0.96817624  0.00010899  0.96817624 -0.25046812
35207.6  1.00000000  0.96817668  0.00014861  0.96817669 -0.25046554
35207.7  1.00000000  0.96817702  0.00027127  0.96817705 -0.25046344
35207.8  1.00000000  0.96817715  0.00045241  0.96817726 -0.25046224
35207.9  1.00000000  0.96817704  0.00065614  0.96817726 -0.25046215
35208.0  1.00000000  0.96817671  0.00084299  0.96817708 -0.25046318
35208.1  1.00000000  0.96817626  0.00097740  0.96817675 -0.25046510
35208.2  1.00000000  0.96817579  0.00103433  0.96817635 -0.25046754
35208.3  1.00000000  0.96817540  0.00100370  0.96817592 -0.25047004
35208.4  1.00000000  0.96817515  0.00089200  0.96817556 -0.25047211
35208.5  1.00000000  0.96817508  0.00072153  0.96817535 -0.25047336
35208.6  1.00000000  0.96817518  0.00052588  0.96817532 -0.25047354
35208.7  1.00000000  0.96817542  0.00034299  0.96817548 -0.25047265
35208.8  1.00000000  0.96817576  0.00020785  0.96817578 -0.25047086
35208.9  1.00000000  0.96817616  0.00014570  0.96817617 -0.25046853
35209.0  1.00000000  0.96817658  0.00016783  0.96817659 -0.25046611
35209.1  1.00000000  0.96817691  0.00026939  0.96817695 -0.25046406
35209.2  1.00000000  0.96817707  0.00042997  0.96817717 -0.25046278
35209.3  1.00000000  0.96817701  0.00061789  0.96817720 -0.25046251
35209.4  1.00000000  0.96817673  0.00079643  0.96817706 -0.25046329
35209.5  1.00000000  0.96817633  0.00093139  0.96817678 -0.25046495
35209.6  1.00000000  0.96817589  0.00099765  0.96817641 -0.25046716
35209.7  1.00000000  0.96817551  0.00098331  0.96817601 -0.25046950
35209.8  1.00000000  0.96817526  0.00089186  0.96817567 -0.25047151
35209.9  1.00000000  0.96817516  0.00074151  0.96817544 -0.25047282
35210.0  1.00000000  0.96817522  0.00056176  0.96817538 -0.25047318
35210.1  1.00000000  0.96817542  0.00038772  0.96817550 -0.25047251
35210.2  1.00000000  0.96817573  0.00025277  0.96817576 -0.25047098
35210.3  1.00000000  0.96817610  0.00018227  0.96817612 -0.25046888
35210.4  1.00000000  0.96817648  0.00018905  0.96817650 -0.25046662
35210.5  1.00000000  0.96817680  0.00027110  0.96817684 -0.25046464
35210.6  1.00000000  0.96817698  0.00041193  0.96817707 -0.25046330
35210.7  1.00000000  0.96817697  0.00058399  0.96817714 -0.25046288
35210.8  1.00000000  0.96817675  0.00075350  0.96817704 -0.25046344
35210.9  1.00000000  0.96817639  0.00088786  0.96817679 -0.25046485
35211.0  1.00000000  0.96817598  0.00096174  0.96817646 -0.25046684
35211.1  1.00000000  0.96817562  0.00096183  0.96817610 -0.25046901
35211.2  1.00000000  0.96817536  0.00088891  0.96817577 -0.25047096
35211.3  1.00000000  0.96817523  0.00075746  0.96817553 -0.25047231
35211.4  1.00000000  0.96817526  0.00059328  0.96817544 -0.25047281
35211.5  1.00000000  0.96817543  0.00042838  0.96817552 -0.25047236
35211.6  1.00000000  0.96817570  0.00029459  0.96817575 -0.25047106
35211.7  1.00000000  0.96817604  0.00021739  0.96817607 -0.25046918
35211.8  1.00000000  0.96817640  0.00021078  0.96817642 -0.25046708
35211.9  1.00000000  0.96817671  0.00027521  0.96817675 -0.25046517
35212.0  1.00000000  0.96817690  0.00039773  0.96817699 -0.25046380
35212.1  1.00000000  0.96817692  0.00055423  0.96817708 -0.25046324
35212.2  1.00000000  0.96817676  0.00071436  0.96817702 -0.25046360
35212.3  1.00000000  0.96817644  0.00084707  0.96817681 -0.25046479
35212.4  1.00000000  0.96817606  0.00092695  0.96817650 -0.25046656
35212.5  1.00000000  0.96817571  0.00093964  0.96817617 -0.25046858
35212.6  1.00000000  0.96817545  0.00088350  0.96817585 -0.25047045
35212.7  1.00000000  0.96817531  0.00076985  0.96817562 -0.25047182
35212.8  1.00000000  0.96817531  0.00062098  0.96817551 -0.25047244
35212.9  1.00000000  0.96817544  0.00046580  0.96817555 -0.25047218
35213.0  1.00000000  0.96817568  0.00033449  0.96817574 -0.25047110
35213.1  1.00000000  0.96817599  0.00025211  0.96817603 -0.25046943
35213.2  1.00000000  0.96817633  0.00023382  0.96817636 -0.25046749
35213.3  1.00000000  0.96817663  0.00028241  0.96817667 -0.25046566
35213.4  1.00000000  0.96817682  0.00038782  0.96817690 -0.25046428
35213.5  1.00000000  0.96817687  0.00052935  0.96817702 -0.25046362
35213.6  1.00000000  0.96817675  0.00067942  0.96817698 -0.25046380
35213.7  1.00000000  0.96817647  0.00080883  0.96817681 -0.25046477
35213.8  1.00000000  0.96817613  0.00089289  0.96817654 -0.25046635
35213.9  1.00000000  0.96817579  0.00091605  0.96817623 -0.25046820
35214.0  1.00000000  0.96817553  0.00087468  0.96817593 -0.25046998
35214.1  1.00000000  0.96817538  0.00077750  0.96817570 -0.25047136
35214.2  1.00000000  0.96817536  0.00064348  0.96817557 -0.25047207
35214.3  1.00000000  0.96817546  0.00049870  0.96817559 -0.25047197
35214.4  1.00000000  0.96817567  0.00037123  0.96817574 -0.25047109
35214.5  1.00000000  0.96817595  0.00028550  0.96817599 -0.25046962
35214.6  1.00000000  0.96817626  0.00025761  0.96817630 -0.25046784
35214.7  1.00000000  0.96817655  0.00029210  0.96817659 -0.25046610
35214.8  1.00000000  0.96817675  0.00038166  0.96817682 -0.25046473
35214.9  1.00000000  0.96817682  0.00050866  0.96817695 -0.25046399
35215.0  1.00000000  0.96817673  0.00064830  0.96817695 -0.25046401
35215.1  1.00000000  0.96817650  0.00077356  0.96817681 -0.25046479
35215.2  1.00000000  0.96817619  0.00086033  0.96817657 -0.25046618
35215.3  1.00000000  0.96817587  0.00089233  0.96817628 -0.25046788
35215.4  1.00000000  0.96817561  0.00086423  0.96817600 -0.25046957
35215.5  1.00000000  0.96817545  0.00078210  0.96817577 -0.25047093
35215.6  1.00000000  0.96817541  0.00066221  0.96817564 -0.25047170
35215.7  1.00000000  0.96817548  0.00052783  0.96817563 -0.25047175
35215.8  1.00000000  0.96817566  0.00040493  0.96817574 -0.25047105
35215.9  1.00000000  0.96817591  0.00031726  0.96817597 -0.25046977
35216.0  1.00000000  0.96817620  0.00028134  0.96817625 -0.25046814
35216.1  1.00000000  0.96817648  0.00030345  0.96817653 -0.25046650
35216.2  1.00000000  0.96817668  0.00037862  0.96817675 -0.25046515
35216.3  1.00000000  0.96817676  0.00049183  0.96817689 -0.25046435
35216.4  1.00000000  0.96817671  0.00062106  0.96817691 -0.25046424
35216.5  1.00000000  0.96817652  0.00074128  0.96817680 -0.25046485
35216.6  1.00000000  0.96817624  0.00082930  0.96817660 -0.25046605
35216.7  1.00000000  0.96817594  0.00086853  0.96817633 -0.25046760
35216.8  1.00000000  0.96817568  0.00085200  0.96817606 -0.25046919
35216.9  1.00000000  0.96817552  0.00078368  0.96817584 -0.25047052
35217.0  1.00000000  0.96817546  0.00067722  0.96817570 -0.25047135
35217.1  1.00000000  0.96817551  0.00055331  0.96817567 -0.25047151
35217.2  1.00000000  0.96817566  0.00043593  0.96817576 -0.25047098
35217.3  1.00000000  0.96817589  0.00034763  0.96817595 -0.25046987
35217.4  1.00000000  0.96817615  0.00030524  0.96817620 -0.25046840
35217.5  1.00000000  0.96817641  0.00031641  0.96817647 -0.25046686
35217.6  1.00000000  0.96817661  0.00037826  0.96817669 -0.25046554
35217.7  1.00000000  0.96817671  0.00047833  0.96817683 -0.25046470
35217.8  1.00000000  0.96817668  0.00059709  0.96817686 -0.25046448
35217.9  1.00000000  0.96817653  0.00071153  0.96817679 -0.25046493
35218.0  1.00000000  0.96817628  0.00079969  0.96817661 -0.25046596
35218.1  1.00000000  0.96817600  0.00084475  0.96817637 -0.25046736
35218.2  1.00000000  0.96817576  0.00083857  0.96817612 -0.25046885
35218.3  1.00000000  0.96817558  0.00078300  0.96817590 -0.25047015
35218.4  1.00000000  0.96817551  0.00068928  0.96817576 -0.25047100
35218.5  1.00000000  0.96817554  0.00057575  0.96817571 -0.25047127
35218.6  1.00000000  0.96817566  0.00046429  0.96817577 -0.25047089
35218.7  1.00000000  0.96817586  0.00037635  0.96817593 -0.25046994
35218.8  1.00000000  0.96817611  0.00032875  0.96817616 -0.25046862
35218.9  1.00000000  0.96817635  0.00033023  0.96817641 -0.25046718
35219.0  1.00000000  0.96817655  0.00037992  0.96817663 -0.25046590
35219.1  1.00000000  0.96817666  0.00046768  0.96817677 -0.25046503
35219.2  1.00000000  0.96817665  0.00057623  0.96817682 -0.25046472
35219.3  1.00000000  0.96817653  0.00068461  0.96817677 -0.25046504
35219.4  1.00000000  0.96817632  0.00077195  0.96817662 -0.25046591
35219.5  1.00000000  0.96817606  0.00082160  0.96817641 -0.25046716
35219.6  1.00000000  0.96817582  0.00082438  0.96817617 -0.25046855
35219.7  1.00000000  0.96817564  0.00078031  0.96817596 -0.25046980
35219.8  1.00000000  0.96817556  0.00069847  0.96817581 -0.25047068
35219.9  1.00000000  0.96817557  0.00059495  0.96817575 -0.25047103
35220.0  1.00000000  0.96817567  0.00048977  0.96817579 -0.25047078
35220.1  1.00000000  0.96817584  0.00040316  0.96817593 -0.25046998
35220.2  1.00000000  0.96817607  0.00035163  0.96817613 -0.25046880
35220.3  1.00000000  0.96817630  0.00034486  0.96817636 -0.25046746
35220.4  1.00000000  0.96817649  0.00038362  0.96817657 -0.25046623
35220.5  1.00000000  0.96817661  0.00045987  0.96817672 -0.25046535
35220.6  1.00000000  0.96817662  0.00055852  0.96817678 -0.25046497
35220.7  1.00000000  0.96817652  0.00066042  0.96817675 -0.25046516
35220.8  1.00000000  0.96817634  0.00074600  0.96817663 -0.25046588
35220.9  1.00000000  0.96817611  0.00079895  0.96817644 -0.25046700
35221.0  1.00000000  0.96817588  0.00080936  0.96817622 -0.25046828
35221.1  1.00000000  0.96817570  0.00077571  0.96817601 -0.25046948
35221.2  1.00000000  0.96817561  0.00070503  0.96817586 -0.25047037
35221.3  1.00000000  0.96817560  0.00061131  0.96817579 -0.25047078
35221.4  1.00000000  0.96817568  0.00051276  0.96817582 -0.25047065
35221.5  1.00000000  0.96817583  0.00042828  0.96817593 -0.25046999
35221.6  1.00000000  0.96817603  0.00037400  0.96817611 -0.25046895
35221.7  1.00000000  0.96817625  0.00036014  0.96817632 -0.25046772
35221.8  1.00000000  0.96817644  0.00038894  0.96817652 -0.25046654
35221.9  1.00000000  0.96817656  0.00045437  0.96817667 -0.25046565
35222.0  1.00000000  0.96817659  0.00054337  0.96817674 -0.25046521
35222.1  1.00000000  0.96817651  0.00063861  0.96817673 -0.25046529
35222.2  1.00000000  0.96817636  0.00072179  0.96817663 -0.25046588
35222.3  1.00000000  0.96817615  0.00077704  0.96817646 -0.25046687
35222.4  1.00000000  0.96817593  0.00079400  0.96817626 -0.25046804
35222.5  1.00000000  0.96817576  0.00076978  0.96817606 -0.25046919
35222.6  1.00000000  0.96817565  0.00070950  0.96817591 -0.25047008
35222.7  1.00000000  0.96817563  0.00062521  0.96817583 -0.25047054
35222.8  1.00000000  0.96817569  0.00053331  0.96817584 -0.25047051
35222.9  1.00000000  0.96817582  0.00045150  0.96817593 -0.25046998
35223.0  1.00000000  0.96817600  0.00039539  0.96817608 -0.25046906
35223.1  1.00000000  0.96817621  0.00037554  0.96817628 -0.25046794
35223.2  1.00000000  0.96817639  0.00039549  0.96817647 -0.25046682
35223.3  1.00000000  0.96817652  0.00045092  0.96817662 -0.25046593
35223.4  1.00000000  0.96817656  0.00053074  0.96817670 -0.25046544
35223.5  1.00000000  0.96817650  0.00061932  0.96817670 -0.25046544
35223.6  1.00000000  0.96817637  0.00069956  0.96817662 -0.25046591
35223.7  1.00000000  0.96817618  0.00075619  0.96817648 -0.25046677
35223.8  1.00000000  0.96817598  0.00077853  0.96817629 -0.25046784
35223.9  1.00000000  0.96817581  0.00076261  0.96817611 -0.25046892
35224.0  1.00000000  0.96817570  0.00071190  0.96817596 -0.25046980
35224.1  1.00000000  0.96817566  0.00063658  0.96817587 -0.25047031
35224.2  1.00000000  0.96817571  0.00055140  0.96817586 -0.25047036
35224.3  1.00000000  0.96817582  0.00047281  0.96817594 -0.25046995
35224.4  1.00000000  0.96817598  0.00041579  0.96817607 -0.25046915
35224.5  1.00000000  0.96817617  0.00039111  0.96817625 -0.25046812
35224.6  1.00000000  0.96817634  0.00040324  0.96817643 -0.25046707
35224.7  1.00000000  0.96817647  0.00044947  0.96817658 -0.25046620
35224.8  1.00000000  0.96817652  0.00052048  0.96817666 -0.25046567
35224.9  1.00000000  0.96817649  0.00060230  0.96817668 -0.25046559
35225.0  1.00000000  0.96817638  0.00067911  0.96817661 -0.25046595
35225.1  1.00000000  0.96817621  0.00073625  0.96817649 -0.25046669
35225.2  1.00000000  0.96817602  0.00076295  0.96817632 -0.25046767
35225.3  1.00000000  0.96817585  0.00075438  0.96817615 -0.25046868
35225.4  1.00000000  0.96817574  0.00071253  0.96817600 -0.25046954
35225.5  1.00000000  0.96817570  0.00064582  0.96817591 -0.25047008
35225.6  1.00000000  0.96817572  0.00056739  0.96817589 -0.25047021
35225.7  1.00000000  0.96817582  0.00049241  0.96817594 -0.25046989
35225.8  1.00000000  0.96817596  0.00043521  0.96817606 -0.25046921
35225.9  1.00000000  0.96817613  0.00040661  0.96817622 -0.25046828
35226.0  1.00000000  0.96817630  0.00041183  0.96817639 -0.25046730
35226.1  1.00000000  0.96817643  0.00044956  0.96817653 -0.25046645
35226.2  1.00000000  0.96817649  0.00051218  0.96817663 -0.25046590
35226.3  1.00000000  0.96817647  0.00058732  0.96817665 -0.25046574
35226.4  1.00000000  0.96817638  0.00066022  0.96817660 -0.25046601
35226.5  1.00000000  0.96817623  0.00071714  0.96817650 -0.25046664
35226.6  1.00000000  0.96817606  0.00074744  0.96817635 -0.25046752
35226.7  1.00000000  0.96817590  0.00074543  0.96817619 -0.25046846
35226.8  1.00000000  0.96817578  0.00071169  0.96817604 -0.25046930
35226.9  1.00000000  0.96817573  0.00065312  0.96817595 -0.25046987
35227.0  1.00000000  0.96817574  0.00058130  0.96817592 -0.25047005
35227.1  1.00000000  0.96817582  0.00051016  0.96817596 -0.25046983
35227.2  1.00000000  0.96817595  0.00045341  0.96817605 -0.25046924
35227.3  1.00000000  0.96817610  0.00042177  0.96817619 -0.25046842
35227.4  1.00000000  0.96817626  0.00042106  0.96817635 -0.25046750
35227.5  1.00000000  0.96817639  0.00045119  0.96817649 -0.25046668
35227.6  1.00000000  0.96817646  0.00050595  0.96817659 -0.25046611
35227.7  1.00000000  0.96817646  0.00057458  0.96817663 -0.25046590
35227.8  1.00000000  0.96817638  0.00064367  0.96817659 -0.25046608
35227.9  1.00000000  0.96817625  0.00069989  0.96817650 -0.25046662
35228.0  1.00000000  0.96817609  0.00073270  0.96817637 -0.25046740
35228.1  1.00000000  0.96817594  0.00073606  0.96817622 -0.25046828
35228.2  1.00000000  0.96817582  0.00070967  0.96817608 -0.25046908
35228.3  1.00000000  0.96817576  0.00065891  0.96817598 -0.25046966
35228.4  1.00000000  0.96817576  0.00059372  0.96817594 -0.25046990
35228.5  1.00000000  0.96817582  0.00052682  0.96817597 -0.25046976
35228.6  1.00000000  0.96817594  0.00047094  0.96817605 -0.25046927
35228.7  1.00000000  0.96817608  0.00043672  0.96817618 -0.25046853
35228.8  1.00000000  0.96817622  0.00043060  0.96817632 -0.25046769
35228.9  1.00000000  0.96817635  0.00045344  0.96817645 -0.25046690
35229.0  1.00000000  0.96817643  0.00050055  0.96817655 -0.25046632
35229.1  1.00000000  0.96817644  0.00056269  0.96817660 -0.25046605
35229.2  1.00000000  0.96817637  0.00062760  0.96817658 -0.25046616
35229.3  1.00000000  0.96817626  0.00068284  0.96817650 -0.25046660
35229.4  1.00000000  0.96817612  0.00071791  0.96817638 -0.25046729
35229.5  1.00000000  0.96817598  0.00072629  0.96817625 -0.25046810
35229.6  1.00000000  0.96817586  0.00070670  0.96817612 -0.25046887
35229.7  1.00000000  0.96817579  0.00066309  0.96817602 -0.25046945
35229.8  1.00000000  0.96817578  0.00060412  0.96817597 -0.25046974
35229.9  1.00000000  0.96817583  0.00054136  0.96817598 -0.25046967
35230.0  1.00000000  0.96817593  0.00048685  0.96817605 -0.25046927
35230.1  1.00000000  0.96817606  0.00045104  0.96817616 -0.25046862
35230.2  1.00000000  0.96817619  0.00044056  0.96817629 -0.25046785
35230.3  1.00000000  0.96817631  0.00045713  0.96817642 -0.25046710
35230.4  1.00000000  0.96817639  0.00049741  0.96817652 -0.25046651
35230.5  1.00000000  0.96817641  0.00055332  0.96817657 -0.25046621
35230.6  1.00000000  0.96817637  0.00061397  0.96817657 -0.25046624
35230.7  1.00000000  0.96817627  0.00066758  0.96817650 -0.25046660
35230.8  1.00000000  0.96817614  0.00070392  0.96817640 -0.25046721
35230.9  1.00000000  0.96817601  0.00071629  0.96817627 -0.25046796
35231.0  1.00000000  0.96817589  0.00070251  0.96817615 -0.25046869
35231.1  1.00000000  0.96817582  0.00066550  0.96817605 -0.25046927
35231.2  1.00000000  0.96817580  0.00061262  0.96817600 -0.25046958
35231.3  1.00000000  0.96817584  0.00055415  0.96817600 -0.25046958
35231.4  1.00000000  0.96817592  0.00050150  0.96817605 -0.25046926
35231.5  1.00000000  0.96817604  0.00046472  0.96817615 -0.25046869
35231.6  1.00000000  0.96817617  0.00045063  0.96817627 -0.25046798
35231.7  1.00000000  0.96817628  0.00046177  0.96817639 -0.25046727
35231.8  1.00000000  0.96817636  0.00049567  0.96817649 -0.25046669
35231.9  1.00000000  0.96817639  0.00054565  0.96817655 -0.25046636
35232.0  1.00000000  0.96817636  0.00060192  0.96817655 -0.25046634
35232.1  1.00000000  0.96817628  0.00065349  0.96817650 -0.25046662
35232.2  1.00000000  0.96817616  0.00069057  0.96817641 -0.25046716
35232.3  1.00000000  0.96817604  0.00070615  0.96817629 -0.25046783
35232.4  1.00000000  0.96817593  0.00069752  0.96817618 -0.25046852
35232.5  1.00000000  0.96817585  0.00066661  0.96817608 -0.25046909
35232.6  1.00000000  0.96817582  0.00061952  0.96817602 -0.25046943
35232.7  1.00000000  0.96817585  0.00056550  0.96817601 -0.25046948
35232.8  1.00000000  0.96817592  0.00051504  0.96817606 -0.25046924
35232.9  1.00000000  0.96817602  0.00047778  0.96817614 -0.25046874
35233.0  1.00000000  0.96817614  0.00046079  0.96817625 -0.25046810
35233.1  1.00000000  0.96817625  0.00046704  0.96817636 -0.25046743
35233.2  1.00000000  0.96817633  0.00049511  0.96817646 -0.25046686
35233.3  1.00000000  0.96817637  0.00053942  0.96817652 -0.25046651
35233.4  1.00000000  0.96817635  0.00059123  0.96817653 -0.25046644
35233.5  1.00000000  0.96817628  0.00064054  0.96817650 -0.25046665
35233.6  1.00000000  0.96817618  0.00067782  0.96817642 -0.25046711
35233.7  1.00000000  0.96817606  0.00069606  0.96817631 -0.25046772
35233.8  1.00000000  0.96817596  0.00069202  0.96817620 -0.25046837
35233.9  1.00000000  0.96817588  0.00066667  0.96817611 -0.25046893
35234.0  1.00000000  0.96817585  0.00062511  0.96817605 -0.25046929
35234.1  1.00000000  0.96817586  0.00057549  0.96817603 -0.25046938
35234.2  1.00000000  0.96817592  0.00052740  0.96817606 -0.25046920
35234.3  1.00000000  0.96817601  0.00049015  0.96817614 -0.25046878
35234.4  1.00000000  0.96817612  0.00047076  0.96817623 -0.25046819
35234.5  1.00000000  0.96817623  0.00047276  0.96817634 -0.25046757
35234.6  1.00000000  0.96817631  0.00049553  0.96817643 -0.25046702
35234.7  1.00000000  0.96817635  0.00053447  0.96817650 -0.25046666
35234.8  1.00000000  0.96817634  0.00058196  0.96817652 -0.25046654
35234.9  1.00000000  0.96817628  0.00062876  0.96817649 -0.25046669
35235.0  1.00000000  0.96817619  0.00066585  0.96817642 -0.25046708
35235.1  1.00000000  0.96817608  0.00068620  0.96817633 -0.25046764
35235.2  1.00000000  0.96817598  0.00068609  0.96817622 -0.25046824
35235.3  1.00000000  0.96817591  0.00066579  0.96817613 -0.25046877
35235.4  1.00000000  0.96817587  0.00062941  0.96817607 -0.25046915
35235.5  1.00000000  0.96817587  0.00058406  0.96817605 -0.25046928
35235.6  1.00000000  0.96817592  0.00053860  0.96817607 -0.25046916
35235.7  1.00000000  0.96817600  0.00050175  0.96817613 -0.25046880
35235.8  1.00000000  0.96817610  0.00048054  0.96817622 -0.25046828
35235.9  1.00000000  0.96817620  0.00047889  0.96817632 -0.25046770
35236.0  1.00000000  0.96817628  0.00049684  0.96817641 -0.25046717
35236.1  1.00000000  0.96817633  0.00053077  0.96817647 -0.25046679
35236.2  1.00000000  0.96817633  0.00057400  0.96817650 -0.25046664
35236.3  1.00000000  0.96817628  0.00061810  0.96817648 -0.25046674
35236.4  1.00000000  0.96817620  0.00065460  0.96817642 -0.25046707
35236.5  1.00000000  0.96817610  0.00067652  0.96817634 -0.25046756
35236.6  1.00000000  0.96817601  0.00067982  0.96817624 -0.25046812
35236.7  1.00000000  0.96817593  0.00066410  0.96817616 -0.25046864
35236.8  1.00000000  0.96817589  0.00063254  0.96817609 -0.25046901
35236.9  1.00000000  0.96817589  0.00059159  0.96817607 -0.25046918
35237.0  1.00000000  0.96817592  0.00054904  0.96817608 -0.25046910
35237.1  1.00000000  0.96817599  0.00051303  0.96817613 -0.25046881
35237.2  1.00000000  0.96817608  0.00049038  0.96817621 -0.25046835
35237.3  1.00000000  0.96817618  0.00048528  0.96817630 -0.25046781
35237.4  1.00000000  0.96817626  0.00049857  0.96817638 -0.25046731
35237.5  1.00000000  0.96817630  0.00052741  0.96817645 -0.25046693
35237.6  1.00000000  0.96817631  0.00056620  0.96817648 -0.25046675
35237.7  1.00000000  0.96817628  0.00060758  0.96817647 -0.25046679
35237.8  1.00000000  0.96817621  0.00064345  0.96817643 -0.25046706
35237.9  1.00000000  0.96817612  0.00066699  0.96817635 -0.25046749
35238.0  1.00000000  0.96817603  0.00067376  0.96817626 -0.25046800
35238.1  1.00000000  0.96817595  0.00066260  0.96817618 -0.25046850
35238.2  1.00000000  0.96817591  0.00063584  0.96817612 -0.25046888
35238.3  1.00000000  0.96817590  0.00059873  0.96817608 -0.25046908
35238.4  1.00000000  0.96817593  0.00055861  0.96817609 -0.25046905
35238.5  1.00000000  0.96817598  0.00052318  0.96817613 -0.25046882
35238.6  1.00000000  0.96817607  0.00049920  0.96817620 -0.25046841
35238.7  1.00000000  0.96817616  0.00049132  0.96817628 -0.25046791
35238.8  1.00000000  0.96817623  0.00050068  0.96817636 -0.25046743
35238.9  1.00000000  0.96817629  0.00052540  0.96817643 -0.25046705
35239.0  1.00000000  0.96817630  0.00056059  0.96817646 -0.25046684
35239.1  1.00000000  0.96817628  0.00059916  0.96817646 -0.25046685
35239.2  1.00000000  0.96817622  0.00063402  0.96817643 -0.25046706
35239.3  1.00000000  0.96817613  0.00065822  0.96817636 -0.25046745
35239.4  1.00000000  0.96817605  0.00066725  0.96817628 -0.25046791
35239.5  1.00000000  0.96817598  0.00065972  0.96817620 -0.25046838
35239.6  1.00000000  0.96817592  0.00063704  0.96817613 -0.25046876
35239.7  1.00000000  0.96817591  0.00060393  0.96817610 -0.25046898
35239.8  1.00000000  0.96817593  0.00056686  0.96817610 -0.25046899
35239.9  1.00000000  0.96817598  0.00053273  0.96817613 -0.25046881
35240.0  1.00000000  0.96817606  0.00050829  0.96817619 -0.25046845
35240.1  1.00000000  0.96817614  0.00049802  0.96817626 -0.25046801
35240.2  1.00000000  0.96817621  0.00050364  0.96817634 -0.25046755
35240.3  1.00000000  0.96817627  0.00052403  0.96817641 -0.25046717
35240.4  1.00000000  0.96817628  0.00055498  0.96817644 -0.25046695
35240.5  1.00000000  0.96817627  0.00059059  0.96817645 -0.25046691
35240.6  1.00000000  0.96817622  0.00062417  0.96817643 -0.25046707
35240.7  1.00000000  0.96817615  0.00064903  0.96817637 -0.25046740
35240.8  1.00000000  0.96817607  0.00066054  0.96817630 -0.25046782
35240.9  1.00000000  0.96817600  0.00065673  0.96817622 -0.25046827
35241.0  1.00000000  0.96817594  0.00063826  0.96817615 -0.25046864
35241.1  1.00000000  0.96817593  0.00060898  0.96817612 -0.25046888
35241.2  1.00000000  0.96817594  0.00057471  0.96817611 -0.25046893
35241.3  1.00000000  0.96817598  0.00054183  0.96817613 -0.25046879
35241.4  1.00000000  0.96817605  0.00051681  0.96817619 -0.25046849
35241.5  1.00000000  0.96817612  0.00050447  0.96817625 -0.25046808
35241.6  1.00000000  0.96817619  0.00050678  0.96817632 -0.25046766
35241.7  1.00000000  0.96817625  0.00052340  0.96817639 -0.25046728
35241.8  1.00000000  0.96817627  0.00055089  0.96817643 -0.25046704
35241.9  1.00000000  0.96817626  0.00058366  0.96817644 -0.25046698
35242.0  1.00000000  0.96817623  0.00061580  0.96817643 -0.25046709
35242.1  1.00000000  0.96817616  0.00064087  0.96817637 -0.25046737
35242.2  1.00000000  0.96817609  0.00065400  0.96817631 -0.25046775
35242.3  1.00000000  0.96817602  0.00065328  0.96817624 -0.25046817
35242.4  1.00000000  0.96817596  0.00063822  0.96817617 -0.25046854
35242.5  1.00000000  0.96817594  0.00061263  0.96817614 -0.25046878
35242.6  1.00000000  0.96817594  0.00058113  0.96817611 -0.25046887
35242.7  1.00000000  0.96817598  0.00054981  0.96817614 -0.25046877
35242.8  1.00000000  0.96817604  0.00052507  0.96817618 -0.25046851
35242.9  1.00000000  0.96817610  0.00051105  0.96817624 -0.25046815
35243.0  1.00000000  0.96817618  0.00051072  0.96817631 -0.25046774
35243.1  1.00000000  0.96817623  0.00052404  0.96817637 -0.25046739
35243.2  1.00000000  0.96817625  0.00054791  0.96817641 -0.25046714
35243.3  1.00000000  0.96817627  0.00057809  0.96817644 -0.25046703
35243.4  1.00000000  0.96817621  0.00060843  0.96817640 -0.25046713
35243.5  1.00000000  0.96817618  0.00063299  0.96817638 -0.25046735
35243.6  1.00000000  0.96817610  0.00064763  0.96817632 -0.25046770
35243.7  1.00000000  0.96817603  0.00064895  0.96817625 -0.25046809
35243.8  1.00000000  0.96817599  0.00063738  0.96817620 -0.25046843
35243.9  1.00000000  0.96817595  0.00061507  0.96817614 -0.25046870
35244.0  1.00000000  0.96817595  0.00058624  0.96817613 -0.25046879
35244.1  1.00000000  0.96817598  0.00055701  0.96817614 -0.25046873
35244.2  1.00000000  0.96817603  0.00053247  0.96817618 -0.25046852
35244.3  1.00000000  0.96817610  0.00051751  0.96817623 -0.25046819
35244.4  1.00000000  0.96817616  0.00051510  0.96817630 -0.25046782
35244.5  1.00000000  0.96817621  0.00052506  0.96817635 -0.25046748
35244.6  1.00000000  0.96817625  0.00054596  0.96817641 -0.25046722
35244.7  1.00000000  0.96817624  0.00057325  0.96817641 -0.25046712
35244.8  1.00000000  0.96817623  0.00060161  0.96817641 -0.25046715
35244.9  1.00000000  0.96817618  0.00062593  0.96817638 -0.25046735
35245.0  1.00000000  0.96817611  0.00064109  0.96817632 -0.25046766
35245.1  1.00000000  0.96817606  0.00064471  0.96817627 -0.25046801
35245.2  1.00000000  0.96817599  0.00063600  0.96817620 -0.25046835
35245.3  1.00000000  0.96817597  0.00061668  0.96817616 -0.25046860
35245.4  1.00000000  0.96817596  0.00059084  0.96817614 -0.25046873
35245.5  1.00000000  0.96817598  0.00056330  0.96817614 -0.25046870
35245.6  1.00000000  0.96817603  0.00053939  0.96817618 -0.25046852
35245.7  1.00000000  0.96817608  0.00052392  0.96817623 -0.25046823
35245.8  1.00000000  0.96817614  0.00051930  0.96817628 -0.25046790
35245.9  1.00000000  0.96817620  0.00052677  0.96817634 -0.25046756
35246.0  1.00000000  0.96817623  0.00054458  0.96817638 -0.25046731
35246.1  1.00000000  0.96817624  0.00056904  0.96817641 -0.25046718
35246.2  1.00000000  0.96817622  0.00059578  0.96817640 -0.25046719
35246.3  1.00000000  0.96817617  0.00061911  0.96817637 -0.25046736
35246.4  1.00000000  0.96817613  0.00063501  0.96817633 -0.25046762
35246.5  1.00000000  0.96817606  0.00064035  0.96817627 -0.25046795
35246.6  1.00000000  0.96817601  0.00063411  0.96817622 -0.25046827
35246.7  1.00000000  0.96817598  0.00061784  0.96817618 -0.25046852
35246.8  1.00000000  0.96817597  0.00059455  0.96817615 -0.25046866
35246.9  1.00000000  0.96817599  0.00056888  0.96817616 -0.25046866
35247.0  1.00000000  0.96817603  0.00054593  0.96817618 -0.25046851
35247.1  1.00000000  0.96817607  0.00052981  0.96817622 -0.25046827
35247.2  1.00000000  0.96817614  0.00052377  0.96817628 -0.25046795
35247.3  1.00000000  0.96817618  0.00052881  0.96817632 -0.25046764
35247.4  1.00000000  0.96817622  0.00054368  0.96817637 -0.25046739
35247.5  1.00000000  0.96817623  0.00056578  0.96817640 -0.25046724
35247.6  1.00000000  0.96817621  0.00059038  0.96817639 -0.25046724
35247.7  1.00000000  0.96817618  0.00061295  0.96817638 -0.25046736
35247.8  1.00000000  0.96817613  0.00062918  0.96817633 -0.25046760
35247.9  1.00000000  0.96817607  0.00063584  0.96817628 -0.25046789
35248.0  1.00000000  0.96817603  0.00063202  0.96817623 -0.25046819
35248.1  1.00000000  0.96817599  0.00061834  0.96817619 -0.25046845
35248.2  1.00000000  0.96817598  0.00059758  0.96817617 -0.25046859
35248.3  1.00000000  0.96817599  0.00057396  0.96817616 -0.25046861
35248.4  1.00000000  0.96817602  0.00055179  0.96817618 -0.25046851
35248.5  1.00000000  0.96817607  0.00053557  0.96817622 -0.25046828
35248.6  1.00000000  0.96817612  0.00052824  0.96817626 -0.25046801
35248.7  1.00000000  0.96817617  0.00053101  0.96817632 -0.25046771
35248.8  1.00000000  0.96817621  0.00054349  0.96817636 -0.25046746
35248.9  1.00000000  0.96817622  0.00056294  0.96817638 -0.25046731
35249.0  1.00000000  0.96817621  0.00058569  0.96817639 -0.25046728
35249.1  1.00000000  0.96817618  0.00060732  0.96817637 -0.25046738
35249.2  1.00000000  0.96817614  0.00062354  0.96817634 -0.25046758
35249.3  1.00000000  0.96817609  0.00063149  0.96817629 -0.25046784
35249.4  1.00000000  0.96817604  0.00062962  0.96817624 -0.25046813
35249.5  1.00000000  0.96817601  0.00061836  0.96817620 -0.25046837
35249.6  1.00000000  0.96817599  0.00060013  0.96817618 -0.25046853
35249.7  1.00000000  0.96817599  0.00057828  0.96817617 -0.25046857
35249.8  1.00000000  0.96817603  0.00055724  0.96817619 -0.25046849
35249.9  1.00000000  0.96817606  0.00054101  0.96817621 -0.25046830
35250.0  1.00000000  0.96817611  0.00053253  0.96817626 -0.25046805
35250.1  1.00000000  0.96817616  0.00053358  0.96817631 -0.25046777
35250.2  1.00000000  0.96817619  0.00054361  0.96817634 -0.25046753
35250.3  1.00000000  0.96817621  0.00056076  0.96817637 -0.25046737
35250.4  1.00000000  0.96817621  0.00058165  0.96817638 -0.25046732
35250.5  1.00000000  0.96817618  0.00060210  0.96817637 -0.25046739
35250.6  1.00000000  0.96817614  0.00061833  0.96817634 -0.25046756
35250.7  1.00000000  0.96817609  0.00062717  0.96817630 -0.25046781
35250.8  1.00000000  0.96817605  0.00062699  0.96817625 -0.25046807
35250.9  1.00000000  0.96817602  0.00061805  0.96817621 -0.25046831
35251.0  1.00000000  0.96817600  0.00060193  0.96817618 -0.25046847
35251.1  1.00000000  0.96817600  0.00058212  0.96817618 -0.25046852
35251.2  1.00000000  0.96817602  0.00056237  0.96817619 -0.25046847
35251.3  1.00000000  0.96817606  0.00054626  0.96817621 -0.25046831
35251.4  1.00000000  0.96817611  0.00053707  0.96817625 -0.25046808
35251.5  1.00000000  0.96817615  0.00053638  0.96817629 -0.25046783
35251.6  1.00000000  0.96817618  0.00054422  0.96817634 -0.25046760
35251.7  1.00000000  0.96817620  0.00055912  0.96817636 -0.25046744
35251.8  1.00000000  0.96817620  0.00057801  0.96817637 -0.25046737
35251.9  1.00000000  0.96817618  0.00059726  0.96817637 -0.25046741
35252.0  1.00000000  0.96817615  0.00061326  0.96817634 -0.25046756
35252.1  1.00000000  0.96817610  0.00062275  0.96817630 -0.25046778
35252.2  1.00000000  0.96817606  0.00062418  0.96817627 -0.25046801
35252.3  1.00000000  0.96817603  0.00061736  0.96817622 -0.25046824
35252.4  1.00000000  0.96817601  0.00060354  0.96817620 -0.25046841
35252.5  1.00000000  0.96817601  0.00058563  0.96817619 -0.25046848
35252.6  1.00000000  0.96817602  0.00056701  0.96817619 -0.25046845
35252.7  1.00000000  0.96817605  0.00055114  0.96817621 -0.25046832
35252.8  1.00000000  0.96817610  0.00054130  0.96817625 -0.25046811
35252.9  1.00000000  0.96817613  0.00053905  0.96817628 -0.25046789
35253.0  1.00000000  0.96817617  0.00054485  0.96817633 -0.25046766
35253.1  1.00000000  0.96817619  0.00055763  0.96817635 -0.25046750
35253.2  1.00000000  0.96817619  0.00057463  0.96817636 -0.25046742
35253.3  1.00000000  0.96817618  0.00059275  0.96817636 -0.25046743
35253.4  1.00000000  0.96817615  0.00060843  0.96817634 -0.25046755
35253.5  1.00000000  0.96817611  0.00061853  0.96817631 -0.25046774
35253.6  1.00000000  0.96817607  0.00062144  0.96817627 -0.25046796
35253.7  1.00000000  0.96817604  0.00061653  0.96817623 -0.25046818
35253.8  1.00000000  0.96817602  0.00060483  0.96817621 -0.25046835
35253.9  1.00000000  0.96817601  0.00058878  0.96817619 -0.25046843
35254.0  1.00000000  0.96817602  0.00057134  0.96817619 -0.25046843
35254.1  1.00000000  0.96817605  0.00055592  0.96817621 -0.25046832
35254.2  1.00000000  0.96817609  0.00054553  0.96817624 -0.25046814
35254.3  1.00000000  0.96817613  0.00054192  0.96817628 -0.25046793
35254.4  1.00000000  0.96817616  0.00054581  0.96817631 -0.25046772
35254.5  1.00000000  0.96817618  0.00055633  0.96817634 -0.25046756
35254.6  1.00000000  0.96817619  0.00057134  0.96817636 -0.25046746
35254.7  1.00000000  0.96817618  0.00058808  0.96817636 -0.25046746
35254.8  1.00000000  0.96817616  0.00060341  0.96817634 -0.25046755
35254.9  1.00000000  0.96817612  0.00061424  0.96817631 -0.25046771
35255.0  1.00000000  0.96817608  0.00061857  0.96817628 -0.25046792
35255.1  1.00000000  0.96817605  0.00061565  0.96817625 -0.25046812
35255.2  1.00000000  0.96817603  0.00060605  0.96817622 -0.25046829
35255.3  1.00000000  0.96817602  0.00059172  0.96817620 -0.25046839
35255.4  1.00000000  0.96817603  0.00057548  0.96817620 -0.25046840
35255.5  1.00000000  0.96817605  0.00056038  0.96817621 -0.25046832
35255.6  1.00000000  0.96817608  0.00054935  0.96817624 -0.25046817
35255.7  1.00000000  0.96817612  0.00054455  0.96817627 -0.25046797
35255.8  1.00000000  0.96817615  0.00054676  0.96817630 -0.25046777
35255.9  1.00000000  0.96817617  0.00055549  0.96817633 -0.25046760
35256.0  1.00000000  0.96817619  0.00056915  0.96817635 -0.25046750
35256.1  1.00000000  0.96817617  0.00058486  0.96817635 -0.25046749
35256.2  1.00000000  0.96817616  0.00059957  0.96817634 -0.25046755
35256.3  1.00000000  0.96817613  0.00061079  0.96817632 -0.25046769
35256.4  1.00000000  0.96817608  0.00061592  0.96817628 -0.25046789
35256.5  1.00000000  0.96817606  0.00061432  0.96817626 -0.25046807
35256.6  1.00000000  0.96817603  0.00060652  0.96817622 -0.25046824
35256.7  1.00000000  0.96817602  0.00059352  0.96817620 -0.25046835
35256.8  1.00000000  0.96817604  0.00057852  0.96817621 -0.25046837
35256.9  1.00000000  0.96817604  0.00056416  0.96817621 -0.25046832
35257.0  1.00000000  0.96817608  0.00055280  0.96817624 -0.25046818
35257.1  1.00000000  0.96817612  0.00054749  0.96817627 -0.25046800
35257.2  1.00000000  0.96817613  0.00054831  0.96817629 -0.25046783
35257.3  1.00000000  0.96817617  0.00055537  0.96817633 -0.25046765
35257.4  1.00000000  0.96817618  0.00056768  0.96817635 -0.25046754
35257.5  1.00000000  0.96817616  0.00058189  0.96817634 -0.25046752
35257.6  1.00000000  0.96817617  0.00059603  0.96817635 -0.25046755
35257.7  1.00000000  0.96817612  0.00060736  0.96817631 -0.25046769
35257.8  1.00000000  0.96817609  0.00061281  0.96817629 -0.25046786
35257.9  1.00000000  0.96817608  0.00061288  0.96817628 -0.25046802
35258.0  1.00000000  0.96817602  0.00060630  0.96817621 -0.25046821
35258.1  1.00000000  0.96817604  0.00059480  0.96817623 -0.25046830
35258.2  1.00000000  0.96817603  0.00058148  0.96817621 -0.25046834
35258.3  1.00000000  0.96817604  0.00056722  0.96817620 -0.25046831
35258.4  1.00000000  0.96817609  0.00055652  0.96817625 -0.25046817
35258.5  1.00000000  0.96817609  0.00055040  0.96817624 -0.25046804
35258.6  1.00000000  0.96817614  0.00054984  0.96817630 -0.25046785
35258.7  1.00000000  0.96817617  0.00055597  0.96817632 -0.25046769
35258.8  1.00000000  0.96817616  0.00056629  0.96817632 -0.25046760
35258.9  1.00000000  0.96817618  0.00057932  0.96817636 -0.25046753
35259.0  1.00000000  0.96817616  0.00059313  0.96817634 -0.25046758
35259.1  1.00000000  0.96817612  0.00060350  0.96817631 -0.25046769
35259.2  1.00000000  0.96817612  0.00061024  0.96817632 -0.25046781
35259.3  1.00000000  0.96817605  0.00061106  0.96817625 -0.25046801
35259.4  1.00000000  0.96817606  0.00060551  0.96817625 -0.25046815
35259.5  1.00000000  0.96817605  0.00059643  0.96817623 -0.25046826
35259.6  1.00000000  0.96817602  0.00058324  0.96817619 -0.25046833
35259.7  1.00000000  0.96817607  0.00057058  0.96817624 -0.25046827
35259.8  1.00000000  0.96817606  0.00055990  0.96817622 -0.25046821
35259.9  1.00000000  0.96817610  0.00055291  0.96817626 -0.25046805
35260.0  1.00000000  0.96817614  0.00055206  0.96817630 -0.25046788
35260.1  1.00000000  0.96817613  0.00055636  0.96817629 -0.25046775
35260.2  1.00000000  0.96817618  0.00056520  0.96817634 -0.25046761
35260.3  1.00000000  0.96817617  0.00057764  0.96817634 -0.25046757
35260.4  1.00000000  0.96817614  0.00058975  0.96817632 -0.25046760
35260.5  1.00000000  0.96817616  0.00060052  0.96817634 -0.25046766
35260.6  1.00000000  0.96817609  0.00060764  0.96817628 -0.25046783
35260.7  1.00000000  0.96817609  0.00060860  0.96817628 -0.25046796
35260.8  1.00000000  0.96817606  0.00060559  0.96817625 -0.25046811
35260.9  1.00000000  0.96817603  0.00059661  0.96817621 -0.25046824
35261.0  1.00000000  0.96817606  0.00058541  0.96817623 -0.25046827
35261.1  1.00000000  0.96817604  0.00057352  0.96817621 -0.25046828
35261.2  1.00000000  0.96817607  0.00056257  0.96817623 -0.25046820
35261.3  1.00000000  0.96817611  0.00055604  0.96817627 -0.25046806
35261.4  1.00000000  0.96817611  0.00055386  0.96817627 -0.25046793
35261.5  1.00000000  0.96817615  0.00055691  0.96817631 -0.25046777
35261.6  1.00000000  0.96817617  0.00056500  0.96817633 -0.25046766
35261.7  1.00000000  0.96817614  0.00057548  0.96817632 -0.25046762
35261.8  1.00000000  0.96817618  0.00058725  0.96817636 -0.25046759
35261.9  1.00000000  0.96817612  0.00059781  0.96817630 -0.25046769
35262.0  1.00000000  0.96817612  0.00060440  0.96817631 -0.25046779
35262.1  1.00000000  0.96817609  0.00060726  0.96817628 -0.25046793
35262.2  1.00000000  0.96817605  0.00060434  0.96817624 -0.25046809
35262.3  1.00000000  0.96817606  0.00059717  0.96817625 -0.25046818
35262.4  1.00000000  0.96817604  0.00058728  0.96817622 -0.25046826
35262.5  1.00000000  0.96817605  0.00057562  0.96817622 -0.25046825
35262.6  1.00000000  0.96817608  0.00056574  0.96817624 -0.25046819
35262.7  1.00000000  0.96817609  0.00055861  0.96817625 -0.25046809
35262.8  1.00000000  0.96817612  0.00055564  0.96817627 -0.25046795
35262.9  1.00000000  0.96817615  0.00055811  0.96817631 -0.25046780
35263.0  1.00000000  0.96817614  0.00056438  0.96817630 -0.25046771
35263.1  1.00000000  0.96817618  0.00057403  0.96817635 -0.25046762
35263.2  1.00000000  0.96817614  0.00058512  0.96817632 -0.25046764
35263.3  1.00000000  0.96817613  0.00059468  0.96817632 -0.25046768
35263.4  1.00000000  0.96817613  0.00060221  0.96817632 -0.25046777
35263.5  1.00000000  0.96817607  0.00060508  0.96817626 -0.25046793
35263.6  1.00000000  0.96817609  0.00060335  0.96817627 -0.25046804
35263.7  1.00000000  0.96817605  0.00059766  0.96817623 -0.25046816
35263.8  1.00000000  0.96817605  0.00058831  0.96817623 -0.25046823
35263.9  1.00000000  0.96817606  0.00057801  0.96817623 -0.25046823
35264.0  1.00000000  0.96817606  0.00056838  0.96817623 -0.25046819
35264.1  1.00000000  0.96817609  0.00056088  0.96817625 -0.25046809
35264.2  1.00000000  0.96817612  0.00055791  0.96817628 -0.25046796
35264.3  1.00000000  0.96817612  0.00055890  0.96817628 -0.25046785
35264.4  1.00000000  0.96817616  0.00056426  0.96817632 -0.25046772
35264.5  1.00000000  0.96817615  0.00057308  0.96817632 -0.25046766
35264.6  1.00000000  0.96817615  0.00058268  0.96817632 -0.25046765
35264.7  1.00000000  0.96817615  0.00059255  0.96817633 -0.25046768
35264.8  1.00000000  0.96817611  0.00059958  0.96817629 -0.25046779
35264.9  1.00000000  0.96817610  0.00060308  0.96817629 -0.25046789
35265.0  1.00000000  0.96817607  0.00060251  0.96817626 -0.25046802
35265.1  1.00000000  0.96817605  0.00059742  0.96817624 -0.25046813
35265.2  1.00000000  0.96817606  0.00058950  0.96817624 -0.25046819
35265.3  1.00000000  0.96817605  0.00057999  0.96817622 -0.25046822
35265.4  1.00000000  0.96817607  0.00057053  0.96817624 -0.25046818
35265.5  1.00000000  0.96817609  0.00056353  0.96817626 -0.25046809
35265.6  1.00000000  0.96817610  0.00055970  0.96817626 -0.25046799
35265.7  1.00000000  0.96817614  0.00055996  0.96817630 -0.25046786
