 # AA:        120019.02243261988     
 # FLEGG:     132643.24273798766     
 # AF0:     -5.33308614247767210E-002
 # CPAR:      555.55779854881382     
 # Diff:     0.12463198212018202     
 # TF:       3.79473319220205556E-007
 # H:         284.00000000000000     
 # GRAD:     0.10000000000000001     
 # HR:       3.00000000000000006E-003
 # LP:       0.19004008016027371     
 # TIME  LP  TMAB  TMDS  TMPC  TMZ
 7905.4  1.00000000  0.96790667  0.00174068  0.96790824 -0.25151222
 7905.5  1.00000000  0.96791104 -0.00016427  0.96791105 -0.25150074
 7905.6  1.00000000  0.96791432 -0.00186609  0.96791612 -0.25147888
 7905.7  1.00000000  0.96791773 -0.00324919  0.96792318 -0.25144825
 7905.8  1.00000000  0.96792253 -0.00422118  0.96793174 -0.25141111
 7905.9  1.00000000  0.96792980 -0.00471925  0.96794130 -0.25137008
 7906.0  1.00000000  0.96793968 -0.00471347  0.96795115 -0.25132812
 7906.1  1.00000000  0.96795120 -0.00421190  0.96796037 -0.25128839
 7906.2  1.00000000  0.96796291 -0.00325863  0.96796840 -0.25125358
 7906.3  1.00000000  0.96797286 -0.00192758  0.96797478 -0.25122600
 7906.4  1.00000000  0.96797902 -0.00031819  0.96797907 -0.25120751
 7906.5  1.00000000  0.96798003  0.00145268  0.96798112 -0.25119920
 7906.6  1.00000000  0.96797515  0.00325853  0.96798064 -0.25120166
 7906.7  1.00000000  0.96796490  0.00497030  0.96797766 -0.25121462
 7906.8  1.00000000  0.96795087  0.00646767  0.96797248 -0.25123696
 7906.9  1.00000000  0.96793525  0.00764692  0.96796545 -0.25126701
 7907.0  1.00000000  0.96792051  0.00842864  0.96795720 -0.25130244
 7907.1  1.00000000  0.96790864  0.00876382  0.96794831 -0.25134068
 7907.2  1.00000000  0.96790079  0.00863486  0.96793931 -0.25137905
 7907.3  1.00000000  0.96789735  0.00805677  0.96793088 -0.25141479
 7907.4  1.00000000  0.96789779  0.00707686  0.96792367 -0.25144533
 7907.5  1.00000000  0.96790101  0.00577097  0.96791822 -0.25146856
 7907.6  1.00000000  0.96790562  0.00423780  0.96791489 -0.25148293
 7907.7  1.00000000  0.96791030  0.00258939  0.96791376 -0.25148767
 7907.8  1.00000000  0.96791447  0.00094323  0.96791493 -0.25148257
 7907.9  1.00000000  0.96791819 -0.00058372  0.96791836 -0.25146806
 7908.0  1.00000000  0.96792192 -0.00188450  0.96792375 -0.25144535
 7908.1  1.00000000  0.96792640 -0.00287006  0.96793065 -0.25141619
 7908.2  1.00000000  0.96793223 -0.00347581  0.96793847 -0.25138280
 7908.3  1.00000000  0.96793976 -0.00366526  0.96794670 -0.25134755
 7908.4  1.00000000  0.96794873 -0.00343092  0.96795481 -0.25131292
 7908.5  1.00000000  0.96795816 -0.00279515  0.96796219 -0.25128137
 7908.6  1.00000000  0.96796662 -0.00180878  0.96796831 -0.25125510
 7908.7  1.00000000  0.96797258 -0.00054700  0.96797274 -0.25123592
 7908.8  1.00000000  0.96797477  0.00089626  0.96797519 -0.25122507
 7908.9  1.00000000  0.96797257  0.00241603  0.96797559 -0.25122314
 7909.0  1.00000000  0.96796608  0.00390401  0.96797395 -0.25123015
 7909.1  1.00000000  0.96795611  0.00525565  0.96797038 -0.25124550
 7909.2  1.00000000  0.96794412  0.00637732  0.96796512 -0.25126801
 7909.3  1.00000000  0.96793181  0.00719244  0.96795853 -0.25129602
 7909.4  1.00000000  0.96792093  0.00764696  0.96795114 -0.25132743
 7909.5  1.00000000  0.96791280  0.00771397  0.96794354 -0.25135990
 7909.6  1.00000000  0.96790803  0.00739497  0.96793628 -0.25139112
 7909.7  1.00000000  0.96790650  0.00671868  0.96792982 -0.25141891
 7909.8  1.00000000  0.96790756  0.00573809  0.96792457 -0.25144139
 7909.9  1.00000000  0.96791035  0.00452674  0.96792094 -0.25145701
 7910.0  1.00000000  0.96791401  0.00317424  0.96791921 -0.25146471
 7910.1  1.00000000  0.96791782  0.00177930  0.96791946 -0.25146410
 7910.2  1.00000000  0.96792145  0.00044137  0.96792155 -0.25145541
 7910.3  1.00000000  0.96792502 -0.00074628  0.96792531 -0.25143939
 7910.4  1.00000000  0.96792900 -0.00170226  0.96793049 -0.25141724
 7910.5  1.00000000  0.96793386 -0.00236209  0.96793674 -0.25139059
 7910.6  1.00000000  0.96793984 -0.00268318  0.96794356 -0.25136143
 7910.7  1.00000000  0.96794679 -0.00264814  0.96795041 -0.25133190
 7910.8  1.00000000  0.96795417 -0.00226523  0.96795683 -0.25130406
 7910.9  1.00000000  0.96796113 -0.00156682  0.96796240 -0.25127983
 7911.0  1.00000000  0.96796659 -0.00060670  0.96796678 -0.25126083
 7911.1  1.00000000  0.96796950  0.00054378  0.96796966 -0.25124837
 7911.2  1.00000000  0.96796915  0.00180051  0.96797082 -0.25124323
 7911.3  1.00000000  0.96796534  0.00307280  0.96797022 -0.25124570
 7911.4  1.00000000  0.96795851  0.00427025  0.96796793 -0.25125546
 7911.5  1.00000000  0.96794961  0.00530929  0.96796417 -0.25127171
 7911.6  1.00000000  0.96793987  0.00611903  0.96795921 -0.25129322
 7911.7  1.00000000  0.96793056  0.00664556  0.96795337 -0.25131843
 7911.8  1.00000000  0.96792280  0.00685533  0.96794707 -0.25134549
 7911.9  1.00000000  0.96791733  0.00673761  0.96794078 -0.25137245
 7912.0  1.00000000  0.96791445  0.00630549  0.96793499 -0.25139736
 7912.1  1.00000000  0.96791394  0.00559462  0.96793011 -0.25141847
 7912.2  1.00000000  0.96791520  0.00465970  0.96792641 -0.25143439
 7912.3  1.00000000  0.96791755  0.00356992  0.96792414 -0.25144407
 7912.4  1.00000000  0.96792047  0.00240442  0.96792345 -0.25144691
 7912.5  1.00000000  0.96792362  0.00124708  0.96792443 -0.25144276
 7912.6  1.00000000  0.96792692  0.00018012  0.96792694 -0.25143206
 7912.7  1.00000000  0.96793048 -0.00072229  0.96793075 -0.25141569
 7912.8  1.00000000  0.96793456 -0.00139915  0.96793557 -0.25139490
 7912.9  1.00000000  0.96793939 -0.00180608  0.96794108 -0.25137118
 7913.0  1.00000000  0.96794499 -0.00191796  0.96794689 -0.25134625
 7913.1  1.00000000  0.96795104 -0.00173090  0.96795258 -0.25132190
 7913.2  1.00000000  0.96795689 -0.00126248  0.96795772 -0.25129987
 7913.3  1.00000000  0.96796179 -0.00055018  0.96796194 -0.25128167
 7913.4  1.00000000  0.96796493  0.00035193  0.96796500 -0.25126851
 7913.5  1.00000000  0.96796572  0.00137742  0.96796670 -0.25126125
 7913.6  1.00000000  0.96796384  0.00245216  0.96796695 -0.25126033
 7913.7  1.00000000  0.96795938  0.00349938  0.96796571 -0.25126573
 7913.8  1.00000000  0.96795288  0.00444508  0.96796308 -0.25127701
 7913.9  1.00000000  0.96794519  0.00522343  0.96795929 -0.25129327
 7914.0  1.00000000  0.96793736  0.00578159  0.96795462 -0.25131327
 7914.1  1.00000000  0.96793032  0.00608332  0.96794944 -0.25133553
 7914.2  1.00000000  0.96792479  0.00611105  0.96794408 -0.25135846
 7914.3  1.00000000  0.96792114  0.00586662  0.96793892 -0.25138044
 7914.4  1.00000000  0.96791944  0.00537109  0.96793434 -0.25139989
 7914.5  1.00000000  0.96791945  0.00466331  0.96793069 -0.25141546
 7914.6  1.00000000  0.96792076  0.00379692  0.96792821 -0.25142609
 7914.7  1.00000000  0.96792288  0.00283588  0.96792704 -0.25143113
 7914.8  1.00000000  0.96792546  0.00184954  0.96792723 -0.25143032
 7914.9  1.00000000  0.96792833  0.00090800  0.96792876 -0.25142378
 7915.0  1.00000000  0.96793153  0.00007743  0.96793153 -0.25141206
 7915.1  1.00000000  0.96793513 -0.00058476  0.96793531 -0.25139606
 7915.2  1.00000000  0.96793923 -0.00103416  0.96793979 -0.25137701
 7915.3  1.00000000  0.96794383 -0.00124233  0.96794463 -0.25135631
 7915.4  1.00000000  0.96794877 -0.00119823  0.96794951 -0.25133542
 7915.5  1.00000000  0.96795367 -0.00090862  0.96795409 -0.25131582
 7915.6  1.00000000  0.96795797 -0.00039744  0.96795805 -0.25129888
 7915.7  1.00000000  0.96796105  0.00029584  0.96796109 -0.25128577
 7915.8  1.00000000  0.96796237  0.00111930  0.96796302 -0.25127737
 7915.9  1.00000000  0.96796163  0.00201253  0.96796372 -0.25127420
 7916.0  1.00000000  0.96795881  0.00291126  0.96796319 -0.25127639
 7916.1  1.00000000  0.96795420  0.00375190  0.96796147 -0.25128371
 7916.2  1.00000000  0.96794834  0.00447582  0.96795869 -0.25129558
 7916.3  1.00000000  0.96794196  0.00503336  0.96795505 -0.25131110
 7916.4  1.00000000  0.96793583  0.00538726  0.96795082 -0.25132912
 7916.5  1.00000000  0.96793062  0.00551539  0.96794633 -0.25134831
 7916.6  1.00000000  0.96792679  0.00541216  0.96794192 -0.25136728
 7916.7  1.00000000  0.96792450  0.00508848  0.96793787 -0.25138470
 7916.8  1.00000000  0.96792367  0.00457053  0.96793446 -0.25139937
 7916.9  1.00000000  0.96792408  0.00389773  0.96793193 -0.25141028
 7917.0  1.00000000  0.96792542  0.00312009  0.96793045 -0.25141670
 7917.1  1.00000000  0.96792741  0.00229442  0.96793013 -0.25141824
 7917.2  1.00000000  0.96792982  0.00148001  0.96793095 -0.25141490
 7917.3  1.00000000  0.96793253  0.00073424  0.96793281 -0.25140697
 7917.4  1.00000000  0.96793558  0.00010869  0.96793559 -0.25139510
 7917.5  1.00000000  0.96793902 -0.00035418  0.96793908 -0.25138017
 7917.6  1.00000000  0.96794282 -0.00062391  0.96794303 -0.25136327
 7917.7  1.00000000  0.96794688 -0.00068426  0.96794713 -0.25134566
 7917.8  1.00000000  0.96795093 -0.00053418  0.96795108 -0.25132857
 7917.9  1.00000000  0.96795461 -0.00018751  0.96795463 -0.25131322
 7918.0  1.00000000  0.96795748  0.00032836  0.96795754 -0.25130064
 7918.1  1.00000000  0.96795912  0.00097461  0.96795961 -0.25129168
 7918.2  1.00000000  0.96795920  0.00170364  0.96796070 -0.25128694
 7918.3  1.00000000  0.96795761  0.00246273  0.96796074 -0.25128669
 7918.4  1.00000000  0.96795448  0.00319767  0.96795976 -0.25129088
 7918.5  1.00000000  0.96795014  0.00385671  0.96795783 -0.25129916
 7918.6  1.00000000  0.96794514  0.00439427  0.96795511 -0.25131087
 7918.7  1.00000000  0.96794004  0.00477415  0.96795181 -0.25132514
 7918.8  1.00000000  0.96793537  0.00497167  0.96794814 -0.25134093
 7918.9  1.00000000  0.96793159  0.00497536  0.96794438 -0.25135710
 7919.0  1.00000000  0.96792895  0.00478775  0.96794079 -0.25137249
 7919.1  1.00000000  0.96792753  0.00442489  0.96793765 -0.25138601
 7919.2  1.00000000  0.96792724  0.00391526  0.96793516 -0.25139673
 7919.3  1.00000000  0.96792787  0.00329716  0.96793348 -0.25140395
 7919.4  1.00000000  0.96792917  0.00261575  0.96793271 -0.25140720
 7919.5  1.00000000  0.96793101  0.00192018  0.96793291 -0.25140631
 7919.6  1.00000000  0.96793324  0.00125998  0.96793406 -0.25140140
 7919.7  1.00000000  0.96793581  0.00068143  0.96793605 -0.25139287
 7919.8  1.00000000  0.96793870  0.00022435  0.96793873 -0.25138140
 7919.9  1.00000000  0.96794186 -0.00008080  0.96794187 -0.25136784
 7920.0  1.00000000  0.96794527 -0.00021480  0.96794529 -0.25135317
 7920.1  1.00000000  0.96794872 -0.00017035  0.96794873 -0.25133843
 7920.2  1.00000000  0.96795194  0.00004675  0.96795194 -0.25132469
 7920.3  1.00000000  0.96795461  0.00041873  0.96795470 -0.25131288
 7920.4  1.00000000  0.96795636  0.00091693  0.96795679 -0.25130386
 7920.5  1.00000000  0.96795695  0.00150406  0.96795812 -0.25129818
 7920.6  1.00000000  0.96795623  0.00213747  0.96795859 -0.25129620
 7920.7  1.00000000  0.96795420  0.00277163  0.96795817 -0.25129802
 7920.8  1.00000000  0.96795107  0.00336157  0.96795691 -0.25130346
 7920.9  1.00000000  0.96794717  0.00386607  0.96795489 -0.25131208
 7921.0  1.00000000  0.96794295  0.00425045  0.96795228 -0.25132323
 7921.1  1.00000000  0.96793887  0.00448916  0.96794928 -0.25133607
 7921.2  1.00000000  0.96793534  0.00456762  0.96794612 -0.25134966
 7921.3  1.00000000  0.96793260  0.00448251  0.96794297 -0.25136305
 7921.4  1.00000000  0.96793083  0.00424219  0.96794012 -0.25137526
 7921.5  1.00000000  0.96792999  0.00386600  0.96793772 -0.25138548
 7921.6  1.00000000  0.96793006  0.00338247  0.96793597 -0.25139297
 7921.7  1.00000000  0.96793085  0.00282780  0.96793498 -0.25139725
 7921.8  1.00000000  0.96793219  0.00224227  0.96793478 -0.25139809
 7921.9  1.00000000  0.96793397  0.00166778  0.96793541 -0.25139547
 7922.0  1.00000000  0.96793610  0.00114484  0.96793678 -0.25138962
 7922.1  1.00000000  0.96793855  0.00070972  0.96793881 -0.25138100
 7922.2  1.00000000  0.96794126  0.00039209  0.96794134 -0.25137027
 7922.3  1.00000000  0.96794414  0.00021271  0.96794416 -0.25135823
 7922.4  1.00000000  0.96794705  0.00018207  0.96794707 -0.25134575
 7922.5  1.00000000  0.96794984  0.00030016  0.96794989 -0.25133370
 7922.6  1.00000000  0.96795223  0.00055643  0.96795239 -0.25132295
 7922.7  1.00000000  0.96795398  0.00093076  0.96795442 -0.25131422
 7922.8  1.00000000  0.96795483  0.00139496  0.96795584 -0.25130812
 7922.9  1.00000000  0.96795464  0.00191467  0.96795653 -0.25130503
 7923.0  1.00000000  0.96795339  0.00245226  0.96795650 -0.25130513
 7923.1  1.00000000  0.96795117  0.00296939  0.96795573 -0.25130837
 7923.2  1.00000000  0.96794822  0.00342976  0.96795430 -0.25131445
 7923.3  1.00000000  0.96794485  0.00380168  0.96795232 -0.25132293
 7923.4  1.00000000  0.96794140  0.00406000  0.96794992 -0.25133317
 7923.5  1.00000000  0.96793823  0.00418801  0.96794729 -0.25134440
 7923.6  1.00000000  0.96793561  0.00417862  0.96794463 -0.25135582
 7923.7  1.00000000  0.96793371  0.00403458  0.96794212 -0.25136661
 7923.8  1.00000000  0.96793260  0.00376816  0.96793994 -0.25137603
 7923.9  1.00000000  0.96793225  0.00340001  0.96793822 -0.25138342
 7924.0  1.00000000  0.96793258  0.00295764  0.96793710 -0.25138829
 7924.1  1.00000000  0.96793348  0.00247353  0.96793664 -0.25139033
 7924.2  1.00000000  0.96793483  0.00198263  0.96793686 -0.25138944
 7924.3  1.00000000  0.96793655  0.00151985  0.96793774 -0.25138573
 7924.4  1.00000000  0.96793855  0.00111745  0.96793920 -0.25137951
 7924.5  1.00000000  0.96794079  0.00080293  0.96794112 -0.25137125
 7924.6  1.00000000  0.96794319  0.00059727  0.96794338 -0.25136156
 7924.7  1.00000000  0.96794567  0.00051348  0.96794580 -0.25135116
 7924.8  1.00000000  0.96794805  0.00055568  0.96794821 -0.25134079
 7924.9  1.00000000  0.96795017  0.00071900  0.96795044 -0.25133118
 7925.0  1.00000000  0.96795182  0.00099004  0.96795233 -0.25132301
 7925.1  1.00000000  0.96795282  0.00134807  0.96795376 -0.25131681
 7925.2  1.00000000  0.96795303  0.00176656  0.96795464 -0.25131301
 7925.3  1.00000000  0.96795238  0.00221503  0.96795491 -0.25131185
 7925.4  1.00000000  0.96795090  0.00266126  0.96795455 -0.25131336
 7925.5  1.00000000  0.96794873  0.00307364  0.96795361 -0.25131740
 7925.6  1.00000000  0.96794610  0.00342346  0.96795216 -0.25132365
 7925.7  1.00000000  0.96794328  0.00368692  0.96795031 -0.25133163
 7925.8  1.00000000  0.96794054  0.00384662  0.96794819 -0.25134075
 7925.9  1.00000000  0.96793812  0.00389273  0.96794595 -0.25135036
 7926.0  1.00000000  0.96793621  0.00382358  0.96794376 -0.25135976
 7926.1  1.00000000  0.96793491  0.00364575  0.96794177 -0.25136829
 7926.2  1.00000000  0.96793425  0.00337346  0.96794013 -0.25137535
 7926.3  1.00000000  0.96793421  0.00302743  0.96793894 -0.25138047
 7926.4  1.00000000  0.96793469  0.00263321  0.96793827 -0.25138332
 7926.5  1.00000000  0.96793563  0.00221938  0.96793817 -0.25138373
 7926.6  1.00000000  0.96793694  0.00181555  0.96793865 -0.25138169
 7926.7  1.00000000  0.96793856  0.00145022  0.96793965 -0.25137740
 7926.8  1.00000000  0.96794042  0.00114871  0.96794110 -0.25137118
 7926.9  1.00000000  0.96794244  0.00093141  0.96794288 -0.25136353
 7927.0  1.00000000  0.96794453  0.00081244  0.96794487 -0.25135498
 7927.1  1.00000000  0.96794660  0.00079879  0.96794693 -0.25134616
 7927.2  1.00000000  0.96794850  0.00088995  0.96794891 -0.25133769
 7927.3  1.00000000  0.96795007  0.00107795  0.96795067 -0.25133018
 7927.4  1.00000000  0.96795113  0.00134806  0.96795207 -0.25132414
 7927.5  1.00000000  0.96795158  0.00167992  0.96795304 -0.25131998
 7927.6  1.00000000  0.96795135  0.00204912  0.96795351 -0.25131796
 7927.7  1.00000000  0.96795041  0.00242901  0.96795346 -0.25131820
 7927.8  1.00000000  0.96794886  0.00279251  0.96795289 -0.25132064
 7927.9  1.00000000  0.96794684  0.00311409  0.96795185 -0.25132510
 7928.0  1.00000000  0.96794455  0.00337151  0.96795042 -0.25133121
 7928.1  1.00000000  0.96794221  0.00354745  0.96794871 -0.25133852
 7928.2  1.00000000  0.96794004  0.00363064  0.96794685 -0.25134649
 7928.3  1.00000000  0.96793821  0.00361658  0.96794496 -0.25135455
 7928.4  1.00000000  0.96793683  0.00350766  0.96794319 -0.25136214
 7928.5  1.00000000  0.96793598  0.00331297  0.96794165 -0.25136871
 7928.6  1.00000000  0.96793566  0.00304758  0.96794046 -0.25137381
 7928.7  1.00000000  0.96793584  0.00273138  0.96793969 -0.25137710
 7928.8  1.00000000  0.96793646  0.00238755  0.96793940 -0.25137838
 7928.9  1.00000000  0.96793744  0.00204088  0.96793959 -0.25137760
 7929.0  1.00000000  0.96793872  0.00171592  0.96794024 -0.25137482
 7929.1  1.00000000  0.96794025  0.00143538  0.96794131 -0.25137029
 7929.2  1.00000000  0.96794194  0.00121851  0.96794271 -0.25136434
 7929.3  1.00000000  0.96794373  0.00107984  0.96794433 -0.25135742
 7929.4  1.00000000  0.96794551  0.00102782  0.96794605 -0.25135005
 7929.5  1.00000000  0.96794717  0.00106468  0.96794776 -0.25134274
 7929.6  1.00000000  0.96794860  0.00118647  0.96794932 -0.25133602
 7929.7  1.00000000  0.96794966  0.00138360  0.96795065 -0.25133032
 7929.8  1.00000000  0.96795025  0.00164111  0.96795164 -0.25132606
 7929.9  1.00000000  0.96795028  0.00193974  0.96795222 -0.25132352
 7930.0  1.00000000  0.96794974  0.00225775  0.96795237 -0.25132285
 7930.1  1.00000000  0.96794866  0.00257236  0.96795208 -0.25132407
 7930.2  1.00000000  0.96794714  0.00286137  0.96795137 -0.25132706
 7930.3  1.00000000  0.96794533  0.00310468  0.96795031 -0.25133159
 7930.4  1.00000000  0.96794339  0.00328569  0.96794897 -0.25133732
 7930.5  1.00000000  0.96794151  0.00339238  0.96794745 -0.25134383
 7930.6  1.00000000  0.96793983  0.00341827  0.96794586 -0.25135063
 7930.7  1.00000000  0.96793848  0.00336283  0.96794432 -0.25135725
 7930.8  1.00000000  0.96793755  0.00323119  0.96794294 -0.25136321
 7930.9  1.00000000  0.96793705  0.00303380  0.96794181 -0.25136810
 7931.0  1.00000000  0.96793699  0.00278561  0.96794100 -0.25137160
 7931.1  1.00000000  0.96793732  0.00250492  0.96794056 -0.25137347
 7931.2  1.00000000  0.96793801  0.00221213  0.96794054 -0.25137361
 7931.3  1.00000000  0.96793899  0.00192816  0.96794091 -0.25137204
 7931.4  1.00000000  0.96794021  0.00167297  0.96794165 -0.25136888
 7931.5  1.00000000  0.96794159  0.00146417  0.96794270 -0.25136440
 7931.6  1.00000000  0.96794308  0.00131584  0.96794398 -0.25135892
 7931.7  1.00000000  0.96794460  0.00123762  0.96794539 -0.25135285
 7931.8  1.00000000  0.96794605  0.00123401  0.96794684 -0.25134662
 7931.9  1.00000000  0.96794734  0.00130417  0.96794822 -0.25134068
 7932.0  1.00000000  0.96794836  0.00144203  0.96794943 -0.25133545
 7932.1  1.00000000  0.96794902  0.00163683  0.96795040 -0.25133128
 7932.2  1.00000000  0.96794924  0.00187397  0.96795106 -0.25132845
 7932.3  1.00000000  0.96794900  0.00213608  0.96795136 -0.25132715
 7932.4  1.00000000  0.96794830  0.00240422  0.96795129 -0.25132744
 7932.5  1.00000000  0.96794720  0.00265931  0.96795085 -0.25132928
 7932.6  1.00000000  0.96794580  0.00288345  0.96795010 -0.25133253
 7932.7  1.00000000  0.96794424  0.00306125  0.96794908 -0.25133692
 7932.8  1.00000000  0.96794264  0.00318079  0.96794787 -0.25134213
 7932.9  1.00000000  0.96794115  0.00323446  0.96794655 -0.25134778
 7933.0  1.00000000  0.96793987  0.00321938  0.96794523 -0.25135346
 7933.1  1.00000000  0.96793890  0.00313762  0.96794399 -0.25135878
 7933.2  1.00000000  0.96793829  0.00299596  0.96794293 -0.25136335
 7933.3  1.00000000  0.96793804  0.00280531  0.96794211 -0.25136686
 7933.4  1.00000000  0.96793815  0.00257991  0.96794159 -0.25136909
 7933.5  1.00000000  0.96793858  0.00233621  0.96794140 -0.25136990
 7933.6  1.00000000  0.96793929  0.00209172  0.96794155 -0.25136923
 7933.7  1.00000000  0.96794024  0.00186380  0.96794203 -0.25136718
 7933.8  1.00000000  0.96794136  0.00166837  0.96794280 -0.25136389
 7933.9  1.00000000  0.96794260  0.00151877  0.96794379 -0.25135963
 7934.0  1.00000000  0.96794389  0.00142493  0.96794494 -0.25135470
 7934.1  1.00000000  0.96794516  0.00139267  0.96794616 -0.25134947
 7934.2  1.00000000  0.96794632  0.00142340  0.96794737 -0.25134432
 7934.3  1.00000000  0.96794729  0.00151402  0.96794847 -0.25133959
 7934.4  1.00000000  0.96794797  0.00165725  0.96794939 -0.25133564
 7934.5  1.00000000  0.96794832  0.00184215  0.96795007 -0.25133271
 7934.6  1.00000000  0.96794829  0.00205503  0.96795047 -0.25133101
 7934.7  1.00000000  0.96794787  0.00228038  0.96795056 -0.25133064
 7934.8  1.00000000  0.96794710  0.00250209  0.96795033 -0.25133160
 7934.9  1.00000000  0.96794604  0.00270448  0.96794981 -0.25133381
 7935.0  1.00000000  0.96794478  0.00287348  0.96794905 -0.25133710
 7935.1  1.00000000  0.96794344  0.00299758  0.96794808 -0.25134121
 7935.2  1.00000000  0.96794214  0.00306866  0.96794700 -0.25134583
 7935.3  1.00000000  0.96794097  0.00308246  0.96794588 -0.25135065
 7935.4  1.00000000  0.96794002  0.00303884  0.96794479 -0.25135530
 7935.5  1.00000000  0.96793934  0.00294174  0.96794381 -0.25135947
 7935.6  1.00000000  0.96793898  0.00279881  0.96794302 -0.25136287
 7935.7  1.00000000  0.96793892  0.00262085  0.96794247 -0.25136526
 7935.8  1.00000000  0.96793916  0.00242105  0.96794218 -0.25136648
 7935.9  1.00000000  0.96793966  0.00221387  0.96794219 -0.25136649
 7936.0  1.00000000  0.96794038  0.00201408  0.96794247 -0.25136528
 7936.1  1.00000000  0.96794128  0.00183573  0.96794302 -0.25136296
 7936.2  1.00000000  0.96794230  0.00169113  0.96794378 -0.25135972
 7936.3  1.00000000  0.96794339  0.00159005  0.96794470 -0.25135579
 7936.4  1.00000000  0.96794448  0.00153899  0.96794571 -0.25135148
 7936.5  1.00000000  0.96794551  0.00154083  0.96794673 -0.25134707
 7936.6  1.00000000  0.96794639  0.00159463  0.96794771 -0.25134290
 7936.7  1.00000000  0.96794707  0.00169583  0.96794856 -0.25133925
 7936.8  1.00000000  0.96794748  0.00183657  0.96794922 -0.25133638
 7936.9  1.00000000  0.96794759  0.00200630  0.96794967 -0.25133446
 7937.0  1.00000000  0.96794737  0.00219255  0.96794985 -0.25133364
 7937.1  1.00000000  0.96794685  0.00238189  0.96794978 -0.25133394
 7937.2  1.00000000  0.96794606  0.00256087  0.96794945 -0.25133534
 7937.3  1.00000000  0.96794508  0.00271697  0.96794889 -0.25133770
 7937.4  1.00000000  0.96794399  0.00283947  0.96794815 -0.25134087
 7937.5  1.00000000  0.96794288  0.00292018  0.96794728 -0.25134459
 7937.6  1.00000000  0.96794184  0.00295401  0.96794635 -0.25134860
 7937.7  1.00000000  0.96794096  0.00293924  0.96794542 -0.25135260
 7937.8  1.00000000  0.96794028  0.00287765  0.96794455 -0.25135632
 7937.9  1.00000000  0.96793984  0.00277431  0.96794382 -0.25135950
 7938.0  1.00000000  0.96793966  0.00263712  0.96794326 -0.25136191
 7938.1  1.00000000  0.96793975  0.00247632  0.96794291 -0.25136340
 7938.2  1.00000000  0.96794006  0.00230375  0.96794281 -0.25136388
 7938.3  1.00000000  0.96794059  0.00213158  0.96794294 -0.25136332
 7938.4  1.00000000  0.96794129  0.00197211  0.96794330 -0.25136179
 7938.5  1.00000000  0.96794211  0.00183635  0.96794385 -0.25135941
 7938.6  1.00000000  0.96794301  0.00173361  0.96794457 -0.25135636
 7938.7  1.00000000  0.96794394  0.00167071  0.96794538 -0.25135285
 7938.8  1.00000000  0.96794484  0.00165151  0.96794624 -0.25134915
 7938.9  1.00000000  0.96794564  0.00167682  0.96794709 -0.25134552
 7939.0  1.00000000  0.96794628  0.00174417  0.96794785 -0.25134222
 7939.1  1.00000000  0.96794673  0.00184808  0.96794849 -0.25133948
 7939.2  1.00000000  0.96794693  0.00198070  0.96794895 -0.25133748
 7939.3  1.00000000  0.96794687  0.00213224  0.96794922 -0.25133635
 7939.4  1.00000000  0.96794655  0.00229170  0.96794926 -0.25133617
 7939.5  1.00000000  0.96794599  0.00244766  0.96794908 -0.25133692
 7939.6  1.00000000  0.96794524  0.00258911  0.96794870 -0.25133855
 7939.7  1.00000000  0.96794436  0.00270620  0.96794815 -0.25134093
 7939.8  1.00000000  0.96794344  0.00279103  0.96794747 -0.25134386
 7939.9  1.00000000  0.96794254  0.00283812  0.96794670 -0.25134715
 7940.0  1.00000000  0.96794172  0.00284461  0.96794590 -0.25135056
 7940.1  1.00000000  0.96794106  0.00281063  0.96794514 -0.25135382
 7940.2  1.00000000  0.96794059  0.00273921  0.96794446 -0.25135673
 7940.3  1.00000000  0.96794033  0.00263590  0.96794392 -0.25135908
 7940.4  1.00000000  0.96794030  0.00250861  0.96794355 -0.25136070
 7940.5  1.00000000  0.96794045  0.00236665  0.96794335 -0.25136151
 7940.6  1.00000000  0.96794082  0.00222015  0.96794337 -0.25136144
 7940.7  1.00000000  0.96794135  0.00207981  0.96794358 -0.25136052
 7940.8  1.00000000  0.96794200  0.00195523  0.96794397 -0.25135884
 7940.9  1.00000000  0.96794275  0.00185521  0.96794453 -0.25135649
 7941.0  1.00000000  0.96794353  0.00178642  0.96794518 -0.25135369
 7941.1  1.00000000  0.96794430  0.00175315  0.96794589 -0.25135063
 7941.2  1.00000000  0.96794503  0.00175739  0.96794662 -0.25134751
 7941.3  1.00000000  0.96794563  0.00179822  0.96794730 -0.25134459
 7941.4  1.00000000  0.96794609  0.00187223  0.96794790 -0.25134204
 7941.5  1.00000000  0.96794635  0.00197376  0.96794836 -0.25134005
 7941.6  1.00000000  0.96794639  0.00209507  0.96794866 -0.25133876
 7941.7  1.00000000  0.96794622  0.00222735  0.96794879 -0.25133824
 7941.8  1.00000000  0.96794584  0.00236111  0.96794872 -0.25133851
 7941.9  1.00000000  0.96794528  0.00248677  0.96794847 -0.25133956
 7942.0  1.00000000  0.96794459  0.00259564  0.96794807 -0.25134128
 7942.1  1.00000000  0.96794382  0.00268016  0.96794753 -0.25134357
 7942.2  1.00000000  0.96794305  0.00273469  0.96794691 -0.25134622
 7942.3  1.00000000  0.96794233  0.00275589  0.96794625 -0.25134906
 7942.4  1.00000000  0.96794170  0.00274268  0.96794559 -0.25135189
 7942.5  1.00000000  0.96794123  0.00269654  0.96794498 -0.25135450
 7942.6  1.00000000  0.96794091  0.00262121  0.96794446 -0.25135671
 7942.7  1.00000000  0.96794079  0.00252242  0.96794408 -0.25135837
 7942.8  1.00000000  0.96794086  0.00240758  0.96794385 -0.25135936
 7942.9  1.00000000  0.96794109  0.00228505  0.96794379 -0.25135964
 7943.0  1.00000000  0.96794148  0.00216361  0.96794389 -0.25135919
 7943.1  1.00000000  0.96794199  0.00205186  0.96794416 -0.25135806
 7943.2  1.00000000  0.96794259  0.00195754  0.96794457 -0.25135632
 7943.3  1.00000000  0.96794324  0.00188711  0.96794508 -0.25135412
 7943.4  1.00000000  0.96794391  0.00184521  0.96794567 -0.25135162
 7943.5  1.00000000  0.96794454  0.00183437  0.96794628 -0.25134900
 7943.6  1.00000000  0.96794510  0.00185489  0.96794687 -0.25134645
 7943.7  1.00000000  0.96794553  0.00190485  0.96794741 -0.25134414
 7943.8  1.00000000  0.96794583  0.00198029  0.96794785 -0.25134224
 7943.9  1.00000000  0.96794594  0.00207551  0.96794817 -0.25134088
 7944.0  1.00000000  0.96794588  0.00218344  0.96794834 -0.25134014
 7944.1  1.00000000  0.96794563  0.00229626  0.96794835 -0.25134007
 7944.2  1.00000000  0.96794522  0.00240590  0.96794821 -0.25134066
 7944.3  1.00000000  0.96794469  0.00250465  0.96794793 -0.25134185
 7944.4  1.00000000  0.96794408  0.00258569  0.96794753 -0.25134357
 7944.5  1.00000000  0.96794343  0.00264354  0.96794704 -0.25134568
 7944.6  1.00000000  0.96794280  0.00267442  0.96794649 -0.25134801
 7944.7  1.00000000  0.96794223  0.00267655  0.96794593 -0.25135042
 7944.8  1.00000000  0.96794177  0.00265020  0.96794540 -0.25135271
 7944.9  1.00000000  0.96794144  0.00259768  0.96794493 -0.25135474
 7945.0  1.00000000  0.96794127  0.00252309  0.96794455 -0.25135636
 7945.1  1.00000000  0.96794124  0.00243201  0.96794430 -0.25135746
 7945.2  1.00000000  0.96794137  0.00233115  0.96794418 -0.25135798
 7945.3  1.00000000  0.96794164  0.00222779  0.96794420 -0.25135788
 7945.4  1.00000000  0.96794203  0.00212948  0.96794437 -0.25135717
 7945.5  1.00000000  0.96794250  0.00204287  0.96794466 -0.25135594
 7945.6  1.00000000  0.96794304  0.00197392  0.96794505 -0.25135426
 7945.7  1.00000000  0.96794360  0.00192727  0.96794552 -0.25135226
 7945.8  1.00000000  0.96794415  0.00190591  0.96794602 -0.25135009
 7945.9  1.00000000  0.96794464  0.00191103  0.96794653 -0.25134790
 7946.0  1.00000000  0.96794506  0.00194189  0.96794701 -0.25134585
 7946.1  1.00000000  0.96794536  0.00199587  0.96794742 -0.25134408
 7946.2  1.00000000  0.96794552  0.00206880  0.96794773 -0.25134271
 7946.3  1.00000000  0.96794554  0.00215528  0.96794794 -0.25134184
 7946.4  1.00000000  0.96794540  0.00224898  0.96794801 -0.25134152
 7946.5  1.00000000  0.96794512  0.00234316  0.96794796 -0.25134176
 7946.6  1.00000000  0.96794472  0.00243112  0.96794778 -0.25134254
 7946.7  1.00000000  0.96794424  0.00250674  0.96794748 -0.25134379
 7946.8  1.00000000  0.96794370  0.00256485  0.96794710 -0.25134542
 7946.9  1.00000000  0.96794317  0.00260160  0.96794666 -0.25134731
 7947.0  1.00000000  0.96794266  0.00261470  0.96794619 -0.25134932
 7947.1  1.00000000  0.96794223  0.00260353  0.96794573 -0.25135131
 7947.2  1.00000000  0.96794189  0.00256922  0.96794530 -0.25135314
 7947.3  1.00000000  0.96794168  0.00251458  0.96794495 -0.25135467
 7947.4  1.00000000  0.96794160  0.00244375  0.96794468 -0.25135581
 7947.5  1.00000000  0.96794164  0.00236197  0.96794453 -0.25135648
 7947.6  1.00000000  0.96794182  0.00227523  0.96794449 -0.25135663
 7947.7  1.00000000  0.96794209  0.00218970  0.96794457 -0.25135628
 7947.8  1.00000000  0.96794247  0.00211141  0.96794477 -0.25135544
 7947.9  1.00000000  0.96794290  0.00204588  0.96794507 -0.25135418
 7948.0  1.00000000  0.96794337  0.00199753  0.96794543 -0.25135261
 7948.1  1.00000000  0.96794384  0.00196952  0.96794585 -0.25135083
 7948.2  1.00000000  0.96794429  0.00196358  0.96794628 -0.25134897
 7948.3  1.00000000  0.96794467  0.00197976  0.96794669 -0.25134718
 7948.4  1.00000000  0.96794498  0.00201660  0.96794708 -0.25134556
 7948.5  1.00000000  0.96794517  0.00207130  0.96794739 -0.25134424
 7948.6  1.00000000  0.96794523  0.00213959  0.96794759 -0.25134332
 7948.7  1.00000000  0.96794518  0.00221643  0.96794771 -0.25134282
 7948.8  1.00000000  0.96794499  0.00229636  0.96794772 -0.25134281
 7948.9  1.00000000  0.96794470  0.00237355  0.96794761 -0.25134326
 7949.0  1.00000000  0.96794432  0.00244265  0.96794741 -0.25134414
 7949.1  1.00000000  0.96794389  0.00249891  0.96794711 -0.25134538
 7949.2  1.00000000  0.96794342  0.00253838  0.96794675 -0.25134690
 7949.3  1.00000000  0.96794299  0.00255863  0.96794637 -0.25134855
 7949.4  1.00000000  0.96794259  0.00255853  0.96794597 -0.25135026
 7949.5  1.00000000  0.96794227  0.00253826  0.96794560 -0.25135187
 7949.6  1.00000000  0.96794205  0.00249973  0.96794527 -0.25135328
 7949.7  1.00000000  0.96794191  0.00244578  0.96794500 -0.25135441
 7949.8  1.00000000  0.96794191  0.00238048  0.96794484 -0.25135515
 7949.9  1.00000000  0.96794200  0.00230877  0.96794476 -0.25135548
 7950.0  1.00000000  0.96794220  0.00223563  0.96794478 -0.25135538
 7950.1  1.00000000  0.96794249  0.00216642  0.96794491 -0.25135485
 7950.2  1.00000000  0.96794283  0.00210590  0.96794512 -0.25135395
 7950.3  1.00000000  0.96794321  0.00205820  0.96794540 -0.25135273
 7950.4  1.00000000  0.96794362  0.00202661  0.96794574 -0.25135130
 7950.5  1.00000000  0.96794400  0.00201307  0.96794610 -0.25134976
 7950.6  1.00000000  0.96794436  0.00201826  0.96794646 -0.25134821
 7950.7  1.00000000  0.96794464  0.00204159  0.96794679 -0.25134677
 7950.8  1.00000000  0.96794484  0.00208104  0.96794708 -0.25134554
 7950.9  1.00000000  0.96794495  0.00213368  0.96794730 -0.25134460
 7951.0  1.00000000  0.96794494  0.00219557  0.96794743 -0.25134401
 7951.1  1.00000000  0.96794484  0.00226213  0.96794748 -0.25134382
 7951.2  1.00000000  0.96794463  0.00232865  0.96794743 -0.25134402
 7951.3  1.00000000  0.96794434  0.00239035  0.96794729 -0.25134460
 7951.4  1.00000000  0.96794400  0.00244298  0.96794708 -0.25134551
 7951.5  1.00000000  0.96794362  0.00248296  0.96794681 -0.25134669
 7951.6  1.00000000  0.96794324  0.00250760  0.96794649 -0.25134804
 7951.7  1.00000000  0.96794289  0.00251540  0.96794616 -0.25134947
 7951.8  1.00000000  0.96794259  0.00250606  0.96794583 -0.25135087
 7951.9  1.00000000  0.96794236  0.00248047  0.96794553 -0.25135214
 7952.0  1.00000000  0.96794221  0.00244073  0.96794529 -0.25135321
 7952.1  1.00000000  0.96794216  0.00238983  0.96794511 -0.25135399
 7952.2  1.00000000  0.96794220  0.00233152  0.96794501 -0.25135443
 7952.3  1.00000000  0.96794233  0.00227013  0.96794499 -0.25135450
 7952.4  1.00000000  0.96794253  0.00221024  0.96794506 -0.25135421
 7952.5  1.00000000  0.96794280  0.00215583  0.96794520 -0.25135359
 7952.6  1.00000000  0.96794311  0.00211060  0.96794541 -0.25135269
 7952.7  1.00000000  0.96794344  0.00207762  0.96794567 -0.25135157
 7952.8  1.00000000  0.96794378  0.00205908  0.96794597 -0.25135031
 7952.9  1.00000000  0.96794409  0.00205610  0.96794627 -0.25134900
 7953.0  1.00000000  0.96794436  0.00206866  0.96794657 -0.25134774
 7953.1  1.00000000  0.96794456  0.00209566  0.96794683 -0.25134662
 7953.2  1.00000000  0.96794468  0.00213496  0.96794704 -0.25134571
 7953.3  1.00000000  0.96794472  0.00218359  0.96794718 -0.25134508
 7953.4  1.00000000  0.96794467  0.00223800  0.96794726 -0.25134476
 7953.5  1.00000000  0.96794454  0.00229426  0.96794726 -0.25134477
 7953.6  1.00000000  0.96794433  0.00234835  0.96794718 -0.25134511
 7953.7  1.00000000  0.96794406  0.00239647  0.96794703 -0.25134576
 7953.8  1.00000000  0.96794375  0.00243530  0.96794682 -0.25134665
 7953.9  1.00000000  0.96794344  0.00246222  0.96794657 -0.25134772
 7954.0  1.00000000  0.96794313  0.00247551  0.96794629 -0.25134890
 7954.1  1.00000000  0.96794285  0.00247441  0.96794602 -0.25135009
 7954.2  1.00000000  0.96794263  0.00245925  0.96794575 -0.25135122
 7954.3  1.00000000  0.96794247  0.00243128  0.96794552 -0.25135221
 7954.4  1.00000000  0.96794238  0.00239256  0.96794534 -0.25135298
 7954.5  1.00000000  0.96794238  0.00234607  0.96794522 -0.25135349
 7954.6  1.00000000  0.96794245  0.00229522  0.96794517 -0.25135370
 7954.7  1.00000000  0.96794260  0.00224366  0.96794520 -0.25135361
 7954.8  1.00000000  0.96794280  0.00219510  0.96794529 -0.25135321
 7954.9  1.00000000  0.96794304  0.00215287  0.96794544 -0.25135256
 7955.0  1.00000000  0.96794332  0.00211986  0.96794564 -0.25135169
 7955.1  1.00000000  0.96794362  0.00209839  0.96794589 -0.25135066
 7955.2  1.00000000  0.96794388  0.00208977  0.96794614 -0.25134958
 7955.3  1.00000000  0.96794412  0.00209428  0.96794639 -0.25134849
 7955.4  1.00000000  0.96794433  0.00211150  0.96794663 -0.25134748
 7955.5  1.00000000  0.96794446  0.00213998  0.96794683 -0.25134663
 7955.6  1.00000000  0.96794453  0.00217757  0.96794698 -0.25134598
 7955.7  1.00000000  0.96794452  0.00222155  0.96794707 -0.25134558
 7955.8  1.00000000  0.96794444  0.00226873  0.96794710 -0.25134546
 7955.9  1.00000000  0.96794429  0.00231559  0.96794706 -0.25134562
 7956.0  1.00000000  0.96794409  0.00235892  0.96794696 -0.25134604
 7956.1  1.00000000  0.96794384  0.00239569  0.96794681 -0.25134670
 7956.2  1.00000000  0.96794358  0.00242333  0.96794661 -0.25134754
 7956.3  1.00000000  0.96794331  0.00244010  0.96794639 -0.25134850
 7956.4  1.00000000  0.96794306  0.00244488  0.96794614 -0.25134951
 7956.5  1.00000000  0.96794285  0.00243751  0.96794592 -0.25135050
 7956.6  1.00000000  0.96794269  0.00241882  0.96794571 -0.25135139
 7956.7  1.00000000  0.96794258  0.00239016  0.96794553 -0.25135214
 7956.8  1.00000000  0.96794256  0.00235375  0.96794542 -0.25135267
 7956.9  1.00000000  0.96794258  0.00231235  0.96794534 -0.25135297
 7957.0  1.00000000  0.96794267  0.00226879  0.96794533 -0.25135301
 7957.1  1.00000000  0.96794284  0.00222641  0.96794540 -0.25135279
 7957.2  1.00000000  0.96794301  0.00218811  0.96794549 -0.25135235
 7957.3  1.00000000  0.96794324  0.00215642  0.96794565 -0.25135169
 7957.4  1.00000000  0.96794349  0.00213370  0.96794584 -0.25135088
 7957.5  1.00000000  0.96794371  0.00212123  0.96794604 -0.25134999
 7957.6  1.00000000  0.96794394  0.00211982  0.96794627 -0.25134905
 7957.7  1.00000000  0.96794413  0.00212956  0.96794647 -0.25134817
 7957.8  1.00000000  0.96794425  0.00214931  0.96794664 -0.25134739
 7957.9  1.00000000  0.96794435  0.00217770  0.96794680 -0.25134674
 7958.0  1.00000000  0.96794437  0.00221263  0.96794689 -0.25134632
 7958.1  1.00000000  0.96794432  0.00225130  0.96794694 -0.25134611
 7958.2  1.00000000  0.96794424  0.00229125  0.96794695 -0.25134612
 7958.3  1.00000000  0.96794406  0.00232940  0.96794687 -0.25134640
 7958.4  1.00000000  0.96794389  0.00236304  0.96794677 -0.25134685
 7958.5  1.00000000  0.96794367  0.00239009  0.96794662 -0.25134750
 7958.6  1.00000000  0.96794344  0.00240846  0.96794644 -0.25134827
 7958.7  1.00000000  0.96794323  0.00241718  0.96794625 -0.25134910
 7958.8  1.00000000  0.96794303  0.00241573  0.96794604 -0.25134995
 7958.9  1.00000000  0.96794287  0.00240421  0.96794586 -0.25135074
 7959.0  1.00000000  0.96794277  0.00238379  0.96794571 -0.25135143
 7959.1  1.00000000  0.96794271  0.00235595  0.96794558 -0.25135197
 7959.2  1.00000000  0.96794271  0.00232274  0.96794550 -0.25135231
 7959.3  1.00000000  0.96794277  0.00228673  0.96794547 -0.25135244
 7959.4  1.00000000  0.96794286  0.00225031  0.96794548 -0.25135237
 7959.5  1.00000000  0.96794302  0.00221618  0.96794556 -0.25135207
 7959.6  1.00000000  0.96794319  0.00218677  0.96794566 -0.25135160
 7959.7  1.00000000  0.96794339  0.00216397  0.96794581 -0.25135097
 7959.8  1.00000000  0.96794360  0.00214943  0.96794598 -0.25135024
 7959.9  1.00000000  0.96794378  0.00214395  0.96794616 -0.25134948
 7960.0  1.00000000  0.96794396  0.00214779  0.96794634 -0.25134870
 7960.1  1.00000000  0.96794409  0.00216065  0.96794651 -0.25134800
 7960.2  1.00000000  0.96794419  0.00218138  0.96794664 -0.25134740
 7960.3  1.00000000  0.96794423  0.00220844  0.96794675 -0.25134695
 7960.4  1.00000000  0.96794422  0.00223983  0.96794681 -0.25134669
 7960.5  1.00000000  0.96794415  0.00227319  0.96794682 -0.25134662
 7960.6  1.00000000  0.96794405  0.00230624  0.96794680 -0.25134674
 7960.7  1.00000000  0.96794390  0.00233658  0.96794672 -0.25134706
 7960.8  1.00000000  0.96794373  0.00236209  0.96794661 -0.25134754
 7960.9  1.00000000  0.96794354  0.00238108  0.96794647 -0.25134814
 7961.0  1.00000000  0.96794335  0.00239224  0.96794631 -0.25134882
 7961.1  1.00000000  0.96794319  0.00239494  0.96794615 -0.25134953
 7961.2  1.00000000  0.96794303  0.00238912  0.96794598 -0.25135023
 7961.3  1.00000000  0.96794292  0.00237527  0.96794584 -0.25135086
 7961.4  1.00000000  0.96794285  0.00235453  0.96794572 -0.25135137
 7961.5  1.00000000  0.96794283  0.00232844  0.96794563 -0.25135174
 7961.6  1.00000000  0.96794286  0.00229893  0.96794559 -0.25135193
 7961.7  1.00000000  0.96794293  0.00226819  0.96794558 -0.25135195
 7961.8  1.00000000  0.96794303  0.00223836  0.96794562 -0.25135178
 7961.9  1.00000000  0.96794317  0.00221155  0.96794570 -0.25135145
 7962.0  1.00000000  0.96794333  0.00218963  0.96794581 -0.25135098
 7962.1  1.00000000  0.96794350  0.00217407  0.96794594 -0.25135040
 7962.2  1.00000000  0.96794367  0.00216590  0.96794610 -0.25134976
 7962.3  1.00000000  0.96794382  0.00216557  0.96794625 -0.25134911
 7962.4  1.00000000  0.96794395  0.00217298  0.96794639 -0.25134848
 7962.5  1.00000000  0.96794405  0.00218750  0.96794652 -0.25134793
 7962.6  1.00000000  0.96794410  0.00220801  0.96794662 -0.25134750
 7962.7  1.00000000  0.96794412  0.00223297  0.96794669 -0.25134720
 7962.8  1.00000000  0.96794408  0.00226053  0.96794672 -0.25134707
 7962.9  1.00000000  0.96794401  0.00228870  0.96794671 -0.25134710
 7963.0  1.00000000  0.96794390  0.00231547  0.96794667 -0.25134729
 7963.1  1.00000000  0.96794376  0.00233899  0.96794659 -0.25134763
 7963.2  1.00000000  0.96794361  0.00235762  0.96794648 -0.25134810
 7963.3  1.00000000  0.96794345  0.00237013  0.96794635 -0.25134864
 7963.4  1.00000000  0.96794330  0.00237570  0.96794621 -0.25134924
 7963.5  1.00000000  0.96794316  0.00237404  0.96794607 -0.25134984
 7963.6  1.00000000  0.96794305  0.00236540  0.96794594 -0.25135039
 7963.7  1.00000000  0.96794298  0.00235047  0.96794583 -0.25135087
 7963.8  1.00000000  0.96794294  0.00233042  0.96794575 -0.25135124
 7963.9  1.00000000  0.96794294  0.00230672  0.96794569 -0.25135147
 7964.0  1.00000000  0.96794299  0.00228112  0.96794567 -0.25135156
 7964.1  1.00000000  0.96794306  0.00225546  0.96794569 -0.25135148
 7964.2  1.00000000  0.96794317  0.00223156  0.96794574 -0.25135127
 7964.3  1.00000000  0.96794330  0.00221109  0.96794582 -0.25135092
 7964.4  1.00000000  0.96794344  0.00219544  0.96794593 -0.25135047
 7964.5  1.00000000  0.96794358  0.00218564  0.96794605 -0.25134996
 7964.6  1.00000000  0.96794372  0.00218231  0.96794618 -0.25134941
 7964.7  1.00000000  0.96794384  0.00218560  0.96794630 -0.25134887
 7964.8  1.00000000  0.96794393  0.00219517  0.96794642 -0.25134837
 7964.9  1.00000000  0.96794399  0.00221024  0.96794651 -0.25134796
 7965.0  1.00000000  0.96794402  0.00222966  0.96794659 -0.25134765
 7965.1  1.00000000  0.96794401  0.00225201  0.96794663 -0.25134747
 7965.2  1.00000000  0.96794396  0.00227566  0.96794664 -0.25134744
 7965.3  1.00000000  0.96794388  0.00229891  0.96794661 -0.25134754
 7965.4  1.00000000  0.96794378  0.00232012  0.96794656 -0.25134777
 7965.5  1.00000000  0.96794365  0.00233781  0.96794648 -0.25134812
 7965.6  1.00000000  0.96794352  0.00235079  0.96794638 -0.25134855
 7965.7  1.00000000  0.96794339  0.00235821  0.96794626 -0.25134903
 7965.8  1.00000000  0.96794327  0.00235962  0.96794614 -0.25134954
 7965.9  1.00000000  0.96794317  0.00235501  0.96794603 -0.25135003
 7966.0  1.00000000  0.96794309  0.00234480  0.96794593 -0.25135046
 7966.1  1.00000000  0.96794304  0.00232978  0.96794585 -0.25135082
 7966.2  1.00000000  0.96794303  0.00231111  0.96794579 -0.25135107
 7966.3  1.00000000  0.96794305  0.00229015  0.96794576 -0.25135120
 7966.4  1.00000000  0.96794310  0.00226842  0.96794576 -0.25135120
 7966.5  1.00000000  0.96794318  0.00224746  0.96794579 -0.25135107
 7966.6  1.00000000  0.96794328  0.00222875  0.96794585 -0.25135083
 7966.7  1.00000000  0.96794339  0.00221360  0.96794593 -0.25135048
 7966.8  1.00000000  0.96794351  0.00220301  0.96794602 -0.25135007
 7966.9  1.00000000  0.96794363  0.00219767  0.96794613 -0.25134962
 7967.0  1.00000000  0.96794374  0.00219788  0.96794623 -0.25134916
 7967.1  1.00000000  0.96794383  0.00220354  0.96794634 -0.25134872
 7967.2  1.00000000  0.96794389  0.00221418  0.96794643 -0.25134834
 7967.3  1.00000000  0.96794393  0.00222896  0.96794650 -0.25134804
 7967.4  1.00000000  0.96794393  0.00224679  0.96794654 -0.25134784
 7967.5  1.00000000  0.96794391  0.00226634  0.96794656 -0.25134775
 7967.6  1.00000000  0.96794385  0.00228622  0.96794655 -0.25134778
 7967.7  1.00000000  0.96794378  0.00230501  0.96794652 -0.25134793
 7967.8  1.00000000  0.96794368  0.00232139  0.96794646 -0.25134818
 7967.9  1.00000000  0.96794357  0.00233424  0.96794638 -0.25134851
 7968.0  1.00000000  0.96794346  0.00234270  0.96794629 -0.25134890
 7968.1  1.00000000  0.96794335  0.00234623  0.96794620 -0.25134932
 7968.2  1.00000000  0.96794326  0.00234467  0.96794610 -0.25134974
 7968.3  1.00000000  0.96794318  0.00233819  0.96794601 -0.25135013
 7968.4  1.00000000  0.96794313  0.00232732  0.96794593 -0.25135047
 7968.5  1.00000000  0.96794311  0.00231289  0.96794587 -0.25135072
 7968.6  1.00000000  0.96794311  0.00229599  0.96794583 -0.25135087
 7968.7  1.00000000  0.96794314  0.00227785  0.96794582 -0.25135092
 7968.8  1.00000000  0.96794320  0.00225976  0.96794584 -0.25135087
 7968.9  1.00000000  0.96794327  0.00224302  0.96794587 -0.25135070
 7969.0  1.00000000  0.96794337  0.00222878  0.96794593 -0.25135045
 7969.1  1.00000000  0.96794347  0.00221801  0.96794601 -0.25135013
 7969.2  1.00000000  0.96794357  0.00221145  0.96794609 -0.25134976
 7969.3  1.00000000  0.96794366  0.00220947  0.96794618 -0.25134937
 7969.4  1.00000000  0.96794374  0.00221209  0.96794627 -0.25134900
 7969.5  1.00000000  0.96794381  0.00221901  0.96794635 -0.25134866
 7969.6  1.00000000  0.96794385  0.00222977  0.96794642 -0.25134837
 7969.7  1.00000000  0.96794387  0.00224355  0.96794647 -0.25134816
 7969.8  1.00000000  0.96794386  0.00225938  0.96794650 -0.25134804
 7969.9  1.00000000  0.96794383  0.00227613  0.96794650 -0.25134801
 7970.0  1.00000000  0.96794377  0.00229256  0.96794648 -0.25134809
 7970.1  1.00000000  0.96794369  0.00230751  0.96794644 -0.25134825
 7970.2  1.00000000  0.96794361  0.00231996  0.96794639 -0.25134850
 7970.3  1.00000000  0.96794351  0.00232903  0.96794631 -0.25134881
 7970.4  1.00000000  0.96794342  0.00233413  0.96794623 -0.25134916
 7970.5  1.00000000  0.96794333  0.00233495  0.96794615 -0.25134952
 7970.6  1.00000000  0.96794326  0.00233148  0.96794607 -0.25134986
 7970.7  1.00000000  0.96794321  0.00232404  0.96794600 -0.25135017
 7970.8  1.00000000  0.96794318  0.00231321  0.96794594 -0.25135042
 7970.9  1.00000000  0.96794317  0.00229983  0.96794590 -0.25135059
 7971.0  1.00000000  0.96794318  0.00228487  0.96794588 -0.25135068
 7971.1  1.00000000  0.96794322  0.00226942  0.96794588 -0.25135067
 7971.2  1.00000000  0.96794328  0.00225459  0.96794590 -0.25135058
 7971.3  1.00000000  0.96794335  0.00224142  0.96794594 -0.25135040
 7971.4  1.00000000  0.96794343  0.00223082  0.96794600 -0.25135015
 7971.5  1.00000000  0.96794352  0.00222351  0.96794607 -0.25134986
 7971.6  1.00000000  0.96794360  0.00221997  0.96794615 -0.25134954
 7971.7  1.00000000  0.96794368  0.00222038  0.96794622 -0.25134921
 7971.8  1.00000000  0.96794374  0.00222464  0.96794629 -0.25134890
 7971.9  1.00000000  0.96794378  0.00223238  0.96794636 -0.25134863
 7972.0  1.00000000  0.96794381  0.00224303  0.96794641 -0.25134842
 7972.1  1.00000000  0.96794381  0.00225582  0.96794644 -0.25134828
 7972.2  1.00000000  0.96794379  0.00226979  0.96794645 -0.25134823
 7972.3  1.00000000  0.96794375  0.00228390  0.96794644 -0.25134826
 7972.4  1.00000000  0.96794369  0.00229711  0.96794641 -0.25134837
 7972.5  1.00000000  0.96794362  0.00230856  0.96794638 -0.25134855
 7972.6  1.00000000  0.96794355  0.00231753  0.96794633 -0.25134878
 7972.7  1.00000000  0.96794347  0.00232339  0.96794626 -0.25134906
 7972.8  1.00000000  0.96794339  0.00232570  0.96794618 -0.25134937
 7972.9  1.00000000  0.96794332  0.00232431  0.96794611 -0.25134967
 7973.0  1.00000000  0.96794327  0.00231943  0.96794605 -0.25134994
 7973.1  1.00000000  0.96794324  0.00231151  0.96794600 -0.25135017
 7973.2  1.00000000  0.96794323  0.00230120  0.96794596 -0.25135034
 7973.3  1.00000000  0.96794322  0.00228917  0.96794593 -0.25135046
 7973.4  1.00000000  0.96794324  0.00227618  0.96794592 -0.25135049
 7973.5  1.00000000  0.96794329  0.00226327  0.96794593 -0.25135044
 7973.6  1.00000000  0.96794335  0.00225145  0.96794597 -0.25135032
 7973.7  1.00000000  0.96794342  0.00224153  0.96794601 -0.25135013
 7973.8  1.00000000  0.96794348  0.00223412  0.96794606 -0.25134990
 7973.9  1.00000000  0.96794355  0.00222962  0.96794611 -0.25134965
 7974.0  1.00000000  0.96794361  0.00222831  0.96794618 -0.25134937
 7974.1  1.00000000  0.96794369  0.00223042  0.96794626 -0.25134909
 7974.2  1.00000000  0.96794373  0.00223576  0.96794631 -0.25134885
 7974.3  1.00000000  0.96794375  0.00224374  0.96794635 -0.25134865
 7974.4  1.00000000  0.96794376  0.00225376  0.96794638 -0.25134851
 7974.5  1.00000000  0.96794375  0.00226506  0.96794640 -0.25134843
 7974.6  1.00000000  0.96794373  0.00227694  0.96794641 -0.25134841
 7974.7  1.00000000  0.96794370  0.00228863  0.96794640 -0.25134847
 7974.8  1.00000000  0.96794363  0.00229915  0.96794636 -0.25134861
 7974.9  1.00000000  0.96794357  0.00230770  0.96794632 -0.25134879
 7975.0  1.00000000  0.96794350  0.00231379  0.96794626 -0.25134901
 7975.1  1.00000000  0.96794344  0.00231705  0.96794621 -0.25134925
 7975.2  1.00000000  0.96794339  0.00231739  0.96794616 -0.25134950
 7975.3  1.00000000  0.96794333  0.00231475  0.96794610 -0.25134975
 7975.4  1.00000000  0.96794328  0.00230924  0.96794604 -0.25134997
 7975.5  1.00000000  0.96794327  0.00230135  0.96794600 -0.25135014
 7975.6  1.00000000  0.96794327  0.00229175  0.96794598 -0.25135025
 7975.7  1.00000000  0.96794328  0.00228116  0.96794597 -0.25135031
 7975.8  1.00000000  0.96794331  0.00227032  0.96794597 -0.25135030
 7975.9  1.00000000  0.96794334  0.00225990  0.96794598 -0.25135023
 7976.0  1.00000000  0.96794339  0.00225061  0.96794601 -0.25135011
 7976.1  1.00000000  0.96794346  0.00224317  0.96794606 -0.25134992
 7976.2  1.00000000  0.96794352  0.00223819  0.96794611 -0.25134971
 7976.3  1.00000000  0.96794358  0.00223592  0.96794616 -0.25134948
 7976.4  1.00000000  0.96794363  0.00223640  0.96794621 -0.25134925
 7976.5  1.00000000  0.96794367  0.00223955  0.96794626 -0.25134904
 7976.6  1.00000000  0.96794370  0.00224511  0.96794630 -0.25134885
 7976.7  1.00000000  0.96794373  0.00225280  0.96794635 -0.25134869
 7976.8  1.00000000  0.96794372  0.00226203  0.96794636 -0.25134860
 7976.9  1.00000000  0.96794370  0.00227193  0.96794637 -0.25134857
 7977.0  1.00000000  0.96794367  0.00228188  0.96794636 -0.25134860
 7977.1  1.00000000  0.96794363  0.00229115  0.96794634 -0.25134868
 7977.2  1.00000000  0.96794359  0.00229919  0.96794632 -0.25134880
 7977.3  1.00000000  0.96794354  0.00230551  0.96794628 -0.25134897
 7977.4  1.00000000  0.96794347  0.00230947  0.96794622 -0.25134918
 7977.5  1.00000000  0.96794342  0.00231088  0.96794618 -0.25134939
 7977.6  1.00000000  0.96794337  0.00230971  0.96794613 -0.25134960
 7977.7  1.00000000  0.96794334  0.00230614  0.96794609 -0.25134979
 7977.8  1.00000000  0.96794332  0.00230049  0.96794605 -0.25134995
 7977.9  1.00000000  0.96794330  0.00229308  0.96794601 -0.25135008
 7978.0  1.00000000  0.96794330  0.00228439  0.96794600 -0.25135015
 7978.1  1.00000000  0.96794332  0.00227519  0.96794600 -0.25135017
 7978.2  1.00000000  0.96794336  0.00226613  0.96794601 -0.25135013
 7978.3  1.00000000  0.96794340  0.00225789  0.96794603 -0.25135004
 7978.4  1.00000000  0.96794344  0.00225097  0.96794606 -0.25134991
 7978.5  1.00000000  0.96794349  0.00224574  0.96794609 -0.25134975
 7978.6  1.00000000  0.96794354  0.00224268  0.96794614 -0.25134956
 7978.7  1.00000000  0.96794359  0.00224198  0.96794619 -0.25134936
 7978.8  1.00000000  0.96794363  0.00224369  0.96794623 -0.25134917
 7978.9  1.00000000  0.96794366  0.00224756  0.96794627 -0.25134900
 7979.0  1.00000000  0.96794367  0.00225324  0.96794630 -0.25134887
 7979.1  1.00000000  0.96794369  0.00226035  0.96794633 -0.25134876
 7979.2  1.00000000  0.96794368  0.00226846  0.96794634 -0.25134871
 7979.3  1.00000000  0.96794366  0.00227694  0.96794634 -0.25134870
 7979.4  1.00000000  0.96794363  0.00228514  0.96794633 -0.25134875
 7979.5  1.00000000  0.96794359  0.00229245  0.96794630 -0.25134885
 7979.6  1.00000000  0.96794355  0.00229837  0.96794628 -0.25134898
 7979.7  1.00000000  0.96794350  0.00230261  0.96794624 -0.25134913
 7979.8  1.00000000  0.96794346  0.00230486  0.96794620 -0.25134931
 7979.9  1.00000000  0.96794341  0.00230494  0.96794616 -0.25134949
 7980.0  1.00000000  0.96794337  0.00230285  0.96794611 -0.25134966
 7980.1  1.00000000  0.96794335  0.00229878  0.96794608 -0.25134981
 7980.2  1.00000000  0.96794334  0.00229314  0.96794606 -0.25134993
 7980.3  1.00000000  0.96794334  0.00228632  0.96794604 -0.25135001
 7980.4  1.00000000  0.96794334  0.00227878  0.96794603 -0.25135005
 7980.5  1.00000000  0.96794336  0.00227104  0.96794603 -0.25135004
 7980.6  1.00000000  0.96794339  0.00226366  0.96794604 -0.25134998
 7980.7  1.00000000  0.96794344  0.00225723  0.96794607 -0.25134988
 7980.8  1.00000000  0.96794348  0.00225219  0.96794610 -0.25134976
 7980.9  1.00000000  0.96794352  0.00224881  0.96794613 -0.25134961
 7981.0  1.00000000  0.96794355  0.00224730  0.96794616 -0.25134945
 7981.1  1.00000000  0.96794359  0.00224775  0.96794620 -0.25134928
 7981.2  1.00000000  0.96794363  0.00225014  0.96794624 -0.25134913
 7981.3  1.00000000  0.96794365  0.00225429  0.96794627 -0.25134900
 7981.4  1.00000000  0.96794366  0.00225983  0.96794629 -0.25134890
 7981.5  1.00000000  0.96794365  0.00226632  0.96794631 -0.25134884
 7981.6  1.00000000  0.96794364  0.00227330  0.96794631 -0.25134882
 7981.7  1.00000000  0.96794362  0.00228028  0.96794631 -0.25134884
 7981.8  1.00000000  0.96794360  0.00228681  0.96794630 -0.25134889
 7981.9  1.00000000  0.96794356  0.00229239  0.96794627 -0.25134899
 7982.0  1.00000000  0.96794352  0.00229664  0.96794624 -0.25134911
 7982.1  1.00000000  0.96794348  0.00229928  0.96794621 -0.25134925
 7982.2  1.00000000  0.96794344  0.00230018  0.96794618 -0.25134940
 7982.3  1.00000000  0.96794341  0.00229932  0.96794614 -0.25134955
 7982.4  1.00000000  0.96794339  0.00229678  0.96794611 -0.25134968
 7982.5  1.00000000  0.96794337  0.00229273  0.96794608 -0.25134980
 7982.6  1.00000000  0.96794336  0.00228747  0.96794606 -0.25134988
 7982.7  1.00000000  0.96794336  0.00228142  0.96794605 -0.25134993
 7982.8  1.00000000  0.96794338  0.00227501  0.96794605 -0.25134994
 7982.9  1.00000000  0.96794340  0.00226870  0.96794606 -0.25134991
 7983.0  1.00000000  0.96794343  0.00226292  0.96794607 -0.25134985
 7983.1  1.00000000  0.96794346  0.00225807  0.96794609 -0.25134976
 7983.2  1.00000000  0.96794349  0.00225445  0.96794612 -0.25134965
 7983.3  1.00000000  0.96794353  0.00225232  0.96794615 -0.25134952
 7983.4  1.00000000  0.96794356  0.00225180  0.96794618 -0.25134938
 7983.5  1.00000000  0.96794359  0.00225293  0.96794621 -0.25134924
 7983.6  1.00000000  0.96794361  0.00225560  0.96794624 -0.25134912
 7983.7  1.00000000  0.96794363  0.00225960  0.96794626 -0.25134902
 7983.8  1.00000000  0.96794363  0.00226462  0.96794628 -0.25134895
 7983.9  1.00000000  0.96794363  0.00227032  0.96794629 -0.25134891
 7984.0  1.00000000  0.96794362  0.00227627  0.96794629 -0.25134891
 7984.1  1.00000000  0.96794359  0.00228205  0.96794628 -0.25134894
 7984.2  1.00000000  0.96794357  0.00228724  0.96794627 -0.25134901
 7984.3  1.00000000  0.96794353  0.00229148  0.96794625 -0.25134910
 7984.4  1.00000000  0.96794350  0.00229449  0.96794622 -0.25134921
 7984.5  1.00000000  0.96794347  0.00229608  0.96794619 -0.25134933
 7984.6  1.00000000  0.96794344  0.00229616  0.96794616 -0.25134946
 7984.7  1.00000000  0.96794341  0.00229474  0.96794613 -0.25134958
 7984.8  1.00000000  0.96794339  0.00229193  0.96794611 -0.25134969
 7984.9  1.00000000  0.96794338  0.00228793  0.96794609 -0.25134978
 7985.0  1.00000000  0.96794338  0.00228306  0.96794608 -0.25134983
 7985.1  1.00000000  0.96794339  0.00227770  0.96794607 -0.25134986
 7985.2  1.00000000  0.96794341  0.00227224  0.96794607 -0.25134985
 7985.3  1.00000000  0.96794343  0.00226703  0.96794608 -0.25134982
 7985.4  1.00000000  0.96794345  0.00226243  0.96794609 -0.25134975
 7985.5  1.00000000  0.96794348  0.00225876  0.96794612 -0.25134966
 7985.6  1.00000000  0.96794351  0.00225630  0.96794614 -0.25134955
 7985.7  1.00000000  0.96794354  0.00225523  0.96794617 -0.25134943
 7985.8  1.00000000  0.96794357  0.00225558  0.96794620 -0.25134932
 7985.9  1.00000000  0.96794359  0.00225728  0.96794622 -0.25134921
 7986.0  1.00000000  0.96794360  0.00226017  0.96794624 -0.25134912
 7986.1  1.00000000  0.96794361  0.00226405  0.96794626 -0.25134904
 7986.2  1.00000000  0.96794362  0.00226870  0.96794627 -0.25134900
 7986.3  1.00000000  0.96794361  0.00227374  0.96794628 -0.25134898
 7986.4  1.00000000  0.96794359  0.00227878  0.96794627 -0.25134900
 7986.5  1.00000000  0.96794356  0.00228343  0.96794626 -0.25134904
 7986.6  1.00000000  0.96794354  0.00228740  0.96794624 -0.25134911
 7986.7  1.00000000  0.96794352  0.00229046  0.96794623 -0.25134919
 7986.8  1.00000000  0.96794349  0.00229242  0.96794621 -0.25134929
 7986.9  1.00000000  0.96794346  0.00229311  0.96794618 -0.25134940
 7987.0  1.00000000  0.96794343  0.00229247  0.96794615 -0.25134951
 7987.1  1.00000000  0.96794342  0.00229057  0.96794613 -0.25134961
 7987.2  1.00000000  0.96794341  0.00228763  0.96794611 -0.25134969
 7987.3  1.00000000  0.96794341  0.00228389  0.96794610 -0.25134974
 7987.4  1.00000000  0.96794341  0.00227958  0.96794609 -0.25134978
 7987.5  1.00000000  0.96794341  0.00227499  0.96794608 -0.25134979
 7987.6  1.00000000  0.96794342  0.00227043  0.96794609 -0.25134977
 7987.7  1.00000000  0.96794345  0.00226624  0.96794610 -0.25134973
 7987.8  1.00000000  0.96794347  0.00226273  0.96794612 -0.25134966
 7987.9  1.00000000  0.96794350  0.00226015  0.96794614 -0.25134957
 7988.0  1.00000000  0.96794352  0.00225867  0.96794616 -0.25134948
 7988.1  1.00000000  0.96794354  0.00225832  0.96794618 -0.25134939
 7988.2  1.00000000  0.96794356  0.00225912  0.96794620 -0.25134929
 7988.3  1.00000000  0.96794358  0.00226105  0.96794622 -0.25134920
 7988.4  1.00000000  0.96794360  0.00226397  0.96794624 -0.25134913
 7988.5  1.00000000  0.96794360  0.00226765  0.96794625 -0.25134908
 7988.6  1.00000000  0.96794359  0.00227177  0.96794626 -0.25134905
 7988.7  1.00000000  0.96794358  0.00227599  0.96794625 -0.25134905
 7988.8  1.00000000  0.96794357  0.00228007  0.96794625 -0.25134908
 7988.9  1.00000000  0.96794355  0.00228378  0.96794625 -0.25134912
 7989.0  1.00000000  0.96794353  0.00228686  0.96794623 -0.25134918
 7989.1  1.00000000  0.96794350  0.00228904  0.96794621 -0.25134927
 7989.2  1.00000000  0.96794347  0.00229012  0.96794618 -0.25134936
 7989.3  1.00000000  0.96794345  0.00229008  0.96794616 -0.25134945
 7989.4  1.00000000  0.96794344  0.00228901  0.96794615 -0.25134953
 7989.5  1.00000000  0.96794343  0.00228702  0.96794613 -0.25134961
 7989.6  1.00000000  0.96794342  0.00228421  0.96794611 -0.25134967
 7989.7  1.00000000  0.96794341  0.00228071  0.96794610 -0.25134972
 7989.8  1.00000000  0.96794342  0.00227680  0.96794610 -0.25134973
 7989.9  1.00000000  0.96794344  0.00227285  0.96794610 -0.25134972
 7990.0  1.00000000  0.96794345  0.00226919  0.96794611 -0.25134969
 7990.1  1.00000000  0.96794347  0.00226600  0.96794612 -0.25134965
 7990.2  1.00000000  0.96794348  0.00226343  0.96794613 -0.25134959
 7990.3  1.00000000  0.96794350  0.00226163  0.96794615 -0.25134951
 7990.4  1.00000000  0.96794353  0.00226082  0.96794617 -0.25134942
 7990.5  1.00000000  0.96794356  0.00226111  0.96794620 -0.25134934
 7990.6  1.00000000  0.96794357  0.00226242  0.96794621 -0.25134926
 7990.7  1.00000000  0.96794357  0.00226454  0.96794622 -0.25134920
 7990.8  1.00000000  0.96794357  0.00226726  0.96794623 -0.25134915
 7990.9  1.00000000  0.96794358  0.00227048  0.96794624 -0.25134912
 7991.0  1.00000000  0.96794358  0.00227408  0.96794625 -0.25134910
 7991.1  1.00000000  0.96794357  0.00227777  0.96794625 -0.25134911
 7991.2  1.00000000  0.96794354  0.00228114  0.96794623 -0.25134915
 7991.3  1.00000000  0.96794352  0.00228389  0.96794621 -0.25134920
 7991.4  1.00000000  0.96794351  0.00228595  0.96794621 -0.25134926
 7991.5  1.00000000  0.96794350  0.00228732  0.96794620 -0.25134932
 7991.6  1.00000000  0.96794348  0.00228789  0.96794618 -0.25134940
 7991.7  1.00000000  0.96794345  0.00228749  0.96794615 -0.25134948
 7991.8  1.00000000  0.96794343  0.00228604  0.96794613 -0.25134956
 7991.9  1.00000000  0.96794343  0.00228379  0.96794612 -0.25134961
 7992.0  1.00000000  0.96794344  0.00228107  0.96794613 -0.25134964
 7992.1  1.00000000  0.96794344  0.00227810  0.96794612 -0.25134966
 7992.2  1.00000000  0.96794344  0.00227489  0.96794611 -0.25134968
 7992.3  1.00000000  0.96794344  0.00227156  0.96794610 -0.25134968
 7992.4  1.00000000  0.96794346  0.00226845  0.96794612 -0.25134964
 7992.5  1.00000000  0.96794349  0.00226598  0.96794615 -0.25134957
 7992.6  1.00000000  0.96794351  0.00226434  0.96794616 -0.25134951
 7992.7  1.00000000  0.96794352  0.00226344  0.96794616 -0.25134946
 7992.8  1.00000000  0.96794352  0.00226318  0.96794617 -0.25134940
 7992.9  1.00000000  0.96794354  0.00226366  0.96794619 -0.25134932
 7993.0  1.00000000  0.96794357  0.00226507  0.96794622 -0.25134925
 7993.1  1.00000000  0.96794358  0.00226734  0.96794624 -0.25134919
 7993.2  1.00000000  0.96794357  0.00227011  0.96794623 -0.25134917
 7993.3  1.00000000  0.96794355  0.00227297  0.96794622 -0.25134917
 7993.4  1.00000000  0.96794355  0.00227579  0.96794622 -0.25134916
 7993.5  1.00000000  0.96794356  0.00227865  0.96794624 -0.25134916
 7993.6  1.00000000  0.96794355  0.00228144  0.96794624 -0.25134919
 7993.7  1.00000000  0.96794352  0.00228372  0.96794621 -0.25134925
 7993.8  1.00000000  0.96794348  0.00228511  0.96794618 -0.25134933
 7993.9  1.00000000  0.96794347  0.00228562  0.96794617 -0.25134939
 7994.0  1.00000000  0.96794348  0.00228549  0.96794618 -0.25134943
 7994.1  1.00000000  0.96794348  0.00228486  0.96794617 -0.25134948
 7994.2  1.00000000  0.96794345  0.00228356  0.96794614 -0.25134955
 7994.3  1.00000000  0.96794343  0.00228143  0.96794611 -0.25134961
 7994.4  1.00000000  0.96794343  0.00227871  0.96794611 -0.25134963
 7994.5  1.00000000  0.96794345  0.00227587  0.96794613 -0.25134963
 7994.6  1.00000000  0.96794347  0.00227326  0.96794614 -0.25134961
 7994.7  1.00000000  0.96794347  0.00227084  0.96794613 -0.25134961
 7994.8  1.00000000  0.96794346  0.00226853  0.96794612 -0.25134959
 7994.9  1.00000000  0.96794348  0.00226652  0.96794613 -0.25134954
 7995.0  1.00000000  0.96794352  0.00226524  0.96794617 -0.25134947
 7995.1  1.00000000  0.96794354  0.00226492  0.96794619 -0.25134940
 7995.2  1.00000000  0.96794354  0.00226535  0.96794619 -0.25134935
 7995.3  1.00000000  0.96794353  0.00226627  0.96794619 -0.25134931
 7995.4  1.00000000  0.96794354  0.00226758  0.96794619 -0.25134927
 7995.5  1.00000000  0.96794357  0.00226948  0.96794623 -0.25134921
 7995.6  1.00000000  0.96794358  0.00227199  0.96794624 -0.25134918
 7995.7  1.00000000  0.96794356  0.00227473  0.96794623 -0.25134919
 7995.8  1.00000000  0.96794353  0.00227726  0.96794621 -0.25134921
 7995.9  1.00000000  0.96794352  0.00227939  0.96794620 -0.25134924
 7996.0  1.00000000  0.96794353  0.00228123  0.96794622 -0.25134925
 7996.1  1.00000000  0.96794352  0.00228285  0.96794622 -0.25134929
 7996.2  1.00000000  0.96794350  0.00228396  0.96794620 -0.25134935
 7996.3  1.00000000  0.96794347  0.00228422  0.96794616 -0.25134942
 7996.4  1.00000000  0.96794346  0.00228364  0.96794615 -0.25134947
 7996.5  1.00000000  0.96794346  0.00228251  0.96794615 -0.25134951
 7996.6  1.00000000  0.96794347  0.00228107  0.96794616 -0.25134954
 7996.7  1.00000000  0.96794346  0.00227932  0.96794614 -0.25134957
 7996.8  1.00000000  0.96794344  0.00227709  0.96794612 -0.25134961
 7996.9  1.00000000  0.96794345  0.00227458  0.96794612 -0.25134961
 7997.0  1.00000000  0.96794347  0.00227218  0.96794613 -0.25134959
 7997.1  1.00000000  0.96794349  0.00227019  0.96794616 -0.25134955
 7997.2  1.00000000  0.96794350  0.00226868  0.96794615 -0.25134952
 7997.3  1.00000000  0.96794349  0.00226746  0.96794615 -0.25134949
 7997.4  1.00000000  0.96794350  0.00226663  0.96794616 -0.25134945
 7997.5  1.00000000  0.96794353  0.00226643  0.96794618 -0.25134938
 7997.6  1.00000000  0.96794355  0.00226703  0.96794620 -0.25134933
 7997.7  1.00000000  0.96794355  0.00226826  0.96794621 -0.25134929
 7997.8  1.00000000  0.96794354  0.00226981  0.96794620 -0.25134927
 7997.9  1.00000000  0.96794354  0.00227154  0.96794620 -0.25134925
 7998.0  1.00000000  0.96794355  0.00227352  0.96794622 -0.25134922
 7998.1  1.00000000  0.96794355  0.00227573  0.96794623 -0.25134922
 7998.2  1.00000000  0.96794354  0.00227794  0.96794622 -0.25134923
 7998.3  1.00000000  0.96794351  0.00227978  0.96794620 -0.25134927
 7998.4  1.00000000  0.96794350  0.00228110  0.96794619 -0.25134931
 7998.5  1.00000000  0.96794350  0.00228200  0.96794619 -0.25134934
 7998.6  1.00000000  0.96794350  0.00228253  0.96794619 -0.25134938
 7998.7  1.00000000  0.96794349  0.00228259  0.96794618 -0.25134943
 7998.8  1.00000000  0.96794346  0.00228200  0.96794615 -0.25134948
 7998.9  1.00000000  0.96794345  0.00228079  0.96794614 -0.25134952
 7999.0  1.00000000  0.96794346  0.00227919  0.96794614 -0.25134954
 7999.1  1.00000000  0.96794347  0.00227746  0.96794615 -0.25134955
 7999.2  1.00000000  0.96794347  0.00227564  0.96794614 -0.25134956
 7999.3  1.00000000  0.96794346  0.00227371  0.96794613 -0.25134957
 7999.4  1.00000000  0.96794347  0.00227177  0.96794613 -0.25134956
 7999.5  1.00000000  0.96794349  0.00227009  0.96794615 -0.25134952
 7999.6  1.00000000  0.96794351  0.00226890  0.96794617 -0.25134948
 7999.7  1.00000000  0.96794351  0.00226823  0.96794617 -0.25134944
 7999.8  1.00000000  0.96794351  0.00226797  0.96794617 -0.25134941
 7999.9  1.00000000  0.96794352  0.00226808  0.96794618 -0.25134937
 8000.0  1.00000000  0.96794353  0.00226868  0.96794619 -0.25134933
 8000.1  1.00000000  0.96794355  0.00226983  0.96794621 -0.25134929
 8000.2  1.00000000  0.96794355  0.00227140  0.96794621 -0.25134927
 8000.3  1.00000000  0.96794354  0.00227312  0.96794621 -0.25134926
 8000.4  1.00000000  0.96794353  0.00227483  0.96794620 -0.25134926
 8000.5  1.00000000  0.96794353  0.00227652  0.96794621 -0.25134926
 8000.6  1.00000000  0.96794353  0.00227819  0.96794621 -0.25134927
 8000.7  1.00000000  0.96794352  0.00227966  0.96794621 -0.25134930
 8000.8  1.00000000  0.96794350  0.00228072  0.96794619 -0.25134934
 8000.9  1.00000000  0.96794349  0.00228125  0.96794618 -0.25134938
 8001.0  1.00000000  0.96794349  0.00228131  0.96794617 -0.25134941
 8001.1  1.00000000  0.96794349  0.00228102  0.96794617 -0.25134944
 8001.2  1.00000000  0.96794348  0.00228037  0.96794616 -0.25134948
 8001.3  1.00000000  0.96794346  0.00227929  0.96794615 -0.25134951
 8001.4  1.00000000  0.96794346  0.00227782  0.96794614 -0.25134954
 8001.5  1.00000000  0.96794347  0.00227616  0.96794614 -0.25134954
 8001.6  1.00000000  0.96794348  0.00227452  0.96794615 -0.25134954
 8001.7  1.00000000  0.96794348  0.00227300  0.96794615 -0.25134953
 8001.8  1.00000000  0.96794348  0.00227159  0.96794615 -0.25134952
 8001.9  1.00000000  0.96794349  0.00227035  0.96794615 -0.25134949
 8002.0  1.00000000  0.96794350  0.00226944  0.96794616 -0.25134946
 8002.1  1.00000000  0.96794352  0.00226901  0.96794618 -0.25134942
 8002.2  1.00000000  0.96794353  0.00226907  0.96794619 -0.25134938
 8002.3  1.00000000  0.96794352  0.00226950  0.96794619 -0.25134936
 8002.4  1.00000000  0.96794353  0.00227023  0.96794619 -0.25134933
 8002.5  1.00000000  0.96794353  0.00227126  0.96794620 -0.25134930
 8002.6  1.00000000  0.96794354  0.00227262  0.96794621 -0.25134928
 8002.7  1.00000000  0.96794354  0.00227417  0.96794621 -0.25134927
 8002.8  1.00000000  0.96794353  0.00227572  0.96794620 -0.25134928
 8002.9  1.00000000  0.96794352  0.00227711  0.96794620 -0.25134929
 8003.0  1.00000000  0.96794352  0.00227832  0.96794620 -0.25134931
 8003.1  1.00000000  0.96794351  0.00227933  0.96794620 -0.25134933
 8003.2  1.00000000  0.96794350  0.00228007  0.96794619 -0.25134936
 8003.3  1.00000000  0.96794349  0.00228041  0.96794618 -0.25134940
 8003.4  1.00000000  0.96794348  0.00228028  0.96794617 -0.25134943
 8003.5  1.00000000  0.96794348  0.00227976  0.96794616 -0.25134946
 8003.6  1.00000000  0.96794348  0.00227896  0.96794616 -0.25134948
 8003.7  1.00000000  0.96794348  0.00227794  0.96794616 -0.25134950
 8003.8  1.00000000  0.96794347  0.00227670  0.96794615 -0.25134952
 8003.9  1.00000000  0.96794347  0.00227528  0.96794614 -0.25134952
 8004.0  1.00000000  0.96794348  0.00227385  0.96794615 -0.25134952
 8004.1  1.00000000  0.96794349  0.00227256  0.96794616 -0.25134950
 8004.2  1.00000000  0.96794350  0.00227151  0.96794616 -0.25134948
 8004.3  1.00000000  0.96794350  0.00227070  0.96794616 -0.25134946
 8004.4  1.00000000  0.96794350  0.00227014  0.96794617 -0.25134944
 8004.5  1.00000000  0.96794351  0.00226991  0.96794617 -0.25134941
 8004.6  1.00000000  0.96794352  0.00227008  0.96794619 -0.25134937
 8004.7  1.00000000  0.96794353  0.00227064  0.96794619 -0.25134935
 8004.8  1.00000000  0.96794353  0.00227148  0.96794619 -0.25134933
 8004.9  1.00000000  0.96794353  0.00227250  0.96794619 -0.25134931
 8005.0  1.00000000  0.96794353  0.00227366  0.96794620 -0.25134930
 8005.1  1.00000000  0.96794353  0.00227493  0.96794620 -0.25134930
 8005.2  1.00000000  0.96794353  0.00227621  0.96794620 -0.25134930
 8005.3  1.00000000  0.96794352  0.00227735  0.96794620 -0.25134932
 8005.4  1.00000000  0.96794351  0.00227828  0.96794619 -0.25134934
