 # AA:        451578.26000777836     
 # FLEGG:     257292.18844203415     
 # AF0:     -5.33308614247767210E-002
 # CPAR:      555.55779854881382     
 # Diff:     0.12463198212018202     
 # TF:       4.89897948556635358E-007
 # H:         284.00000000000000     
 # GRAD:     0.10000000000000001     
 # HR:       3.00000000000000006E-003
 # LP:       0.23500000000182525     
 # TIME  LP  TMAB  TMDS  TMPC  TMZ
46404.9  1.25000000  0.96815640 -0.00085420  0.96815678 -0.25063894
46405.0  1.25000000  0.96815628 -0.00228840  0.96815899 -0.25062424
46405.1  1.25000000  0.96815758 -0.00297059  0.96816213 -0.25060378
46405.2  1.25000000  0.96816168 -0.00274773  0.96816558 -0.25058224
46405.3  1.25000000  0.96816699 -0.00168082  0.96816845 -0.25056462
46405.4  1.25000000  0.96816967 -0.00003342  0.96816967 -0.25055523
46405.5  1.25000000  0.96816795  0.00180325  0.96816963 -0.25055554
46405.6  1.25000000  0.96816227  0.00342567  0.96816834 -0.25056538
46405.7  1.25000000  0.96815511  0.00445739  0.96816537 -0.25058296
46405.8  1.25000000  0.96815091  0.00466361  0.96816214 -0.25060357
46405.9  1.25000000  0.96815089  0.00402033  0.96815924 -0.25062255
46406.0  1.25000000  0.96815344  0.00268686  0.96815716 -0.25063574
46406.1  1.25000000  0.96815574  0.00096954  0.96815623 -0.25064032
46406.2  1.25000000  0.96815714 -0.00072668  0.96815741 -0.25063476
46406.3  1.25000000  0.96815737 -0.00200643  0.96815945 -0.25062127
46406.4  1.25000000  0.96815880 -0.00260266  0.96816230 -0.25060270
46406.5  1.25000000  0.96816260 -0.00237554  0.96816551 -0.25058318
46406.6  1.25000000  0.96816694 -0.00139189  0.96816794 -0.25056753
46406.7  1.25000000  0.96816906  0.00010621  0.96816907 -0.25055922
46406.8  1.25000000  0.96816738  0.00176717  0.96816899 -0.25055976
46406.9  1.25000000  0.96816238  0.00322270  0.96816774 -0.25056892
46407.0  1.25000000  0.96815619  0.00413512  0.96816502 -0.25058496
46407.1  1.25000000  0.96815259  0.00429786  0.96816213 -0.25060357
46407.2  1.25000000  0.96815252  0.00369815  0.96815958 -0.25062059
46407.3  1.25000000  0.96815446  0.00247783  0.96815763 -0.25063241
46407.4  1.25000000  0.96815655  0.00092127  0.96815698 -0.25063619
46407.5  1.25000000  0.96815779 -0.00060455  0.96815798 -0.25063101
46407.6  1.25000000  0.96815831 -0.00174735  0.96815989 -0.25061861
46407.7  1.25000000  0.96815975 -0.00226708  0.96816240 -0.25060180
46407.8  1.25000000  0.96816325 -0.00204094  0.96816540 -0.25058411
46407.9  1.25000000  0.96816677 -0.00113499  0.96816743 -0.25057021
46408.0  1.25000000  0.96816848  0.00022590  0.96816851 -0.25056285
46408.1  1.25000000  0.96816688  0.00172863  0.96816842 -0.25056356
46408.2  1.25000000  0.96816248  0.00303460  0.96816723 -0.25057207
46408.3  1.25000000  0.96815714  0.00384238  0.96816476 -0.25058669
46408.4  1.25000000  0.96815404  0.00396970  0.96816217 -0.25060351
46408.5  1.25000000  0.96815389  0.00341077  0.96815990 -0.25061879
46408.6  1.25000000  0.96815534  0.00229416  0.96815806 -0.25062938
46408.7  1.25000000  0.96815721  0.00088203  0.96815761 -0.25063248
46408.8  1.25000000  0.96815834 -0.00049049  0.96815847 -0.25062765
46408.9  1.25000000  0.96815904 -0.00151260  0.96816022 -0.25061628
46409.0  1.25000000  0.96816054 -0.00196374  0.96816254 -0.25060099
46409.1  1.25000000  0.96816369 -0.00174047  0.96816525 -0.25058503
46409.2  1.25000000  0.96816662 -0.00090547  0.96816705 -0.25057262
46409.3  1.25000000  0.96816795  0.00033146  0.96816801 -0.25056614
46409.4  1.25000000  0.96816648  0.00169149  0.96816795 -0.25056696
46409.5  1.25000000  0.96816251  0.00286263  0.96816674 -0.25057492
46409.6  1.25000000  0.96815792  0.00357589  0.96816453 -0.25058821
46409.7  1.25000000  0.96815522  0.00367301  0.96816219 -0.25060342
46409.8  1.25000000  0.96815499  0.00315113  0.96816012 -0.25061716
46409.9  1.25000000  0.96815613  0.00212950  0.96815847 -0.25062659
46410.0  1.25000000  0.96815779  0.00084944  0.96815817 -0.25062914
46410.1  1.25000000  0.96815888 -0.00038428  0.96815895 -0.25062460
46410.2  1.25000000  0.96815966 -0.00129716  0.96816053 -0.25061420
46410.3  1.25000000  0.96816124 -0.00168718  0.96816271 -0.25060026
46410.4  1.25000000  0.96816397 -0.00146782  0.96816508 -0.25058593
46410.5  1.25000000  0.96816644 -0.00070004  0.96816670 -0.25057483
46410.6  1.25000000  0.96816742  0.00042414  0.96816752 -0.25056916
46410.7  1.25000000  0.96816608  0.00165320  0.96816750 -0.25057004
46410.8  1.25000000  0.96816250  0.00270285  0.96816627 -0.25057748
46410.9  1.25000000  0.96815860  0.00333180  0.96816434 -0.25058953
46411.0  1.25000000  0.96815625  0.00340461  0.96816223 -0.25060328
46411.1  1.25000000  0.96815596  0.00291817  0.96816035 -0.25061565
46411.2  1.25000000  0.96815686  0.00198460  0.96815889 -0.25062401
46411.3  1.25000000  0.96815832  0.00082529  0.96815867 -0.25062611
46411.4  1.25000000  0.96815933 -0.00028422  0.96815938 -0.25062186
46411.5  1.25000000  0.96816016 -0.00109954  0.96816078 -0.25061237
46411.6  1.25000000  0.96816176 -0.00143703  0.96816283 -0.25059966
46411.7  1.25000000  0.96816413 -0.00122315  0.96816490 -0.25058680
46411.8  1.25000000  0.96816623 -0.00051845  0.96816637 -0.25057685
46411.9  1.25000000  0.96816697  0.00050435  0.96816711 -0.25057188
46412.0  1.25000000  0.96816573  0.00161497  0.96816708 -0.25057283
46412.1  1.25000000  0.96816253  0.00255632  0.96816591 -0.25057974
46412.2  1.25000000  0.96815918  0.00311101  0.96816418 -0.25059069
46412.3  1.25000000  0.96815712  0.00316348  0.96816228 -0.25060312
46412.4  1.25000000  0.96815674  0.00270972  0.96816053 -0.25061427
46412.5  1.25000000  0.96815749  0.00185618  0.96815927 -0.25062167
46412.6  1.25000000  0.96815876  0.00080608  0.96815910 -0.25062340
46412.7  1.25000000  0.96815972 -0.00019232  0.96815974 -0.25061941
46412.8  1.25000000  0.96816059 -0.00091979  0.96816103 -0.25061072
46412.9  1.25000000  0.96816218 -0.00121063  0.96816294 -0.25059915
46413.0  1.25000000  0.96816424 -0.00100254  0.96816476 -0.25058759
46413.1  1.25000000  0.96816602 -0.00035561  0.96816608 -0.25057870
46413.2  1.25000000  0.96816658  0.00057521  0.96816675 -0.25057433
46413.3  1.25000000  0.96816538  0.00157827  0.96816667 -0.25057538
46413.4  1.25000000  0.96816255  0.00242129  0.96816557 -0.25058177
46413.5  1.25000000  0.96815963  0.00290988  0.96816401 -0.25059173
46413.6  1.25000000  0.96815784  0.00294456  0.96816232 -0.25060294
46413.7  1.25000000  0.96815741  0.00252174  0.96816070 -0.25061300
46413.8  1.25000000  0.96815807  0.00174199  0.96815964 -0.25061951
46413.9  1.25000000  0.96815917  0.00079201  0.96815950 -0.25062093
46414.0  1.25000000  0.96816008 -0.00010612  0.96816009 -0.25061720
46414.1  1.25000000  0.96816098 -0.00075437  0.96816127 -0.25060924
46414.2  1.25000000  0.96816249 -0.00100444  0.96816302 -0.25059873
46414.3  1.25000000  0.96816429 -0.00080381  0.96816462 -0.25058835
46414.4  1.25000000  0.96816577 -0.00021061  0.96816580 -0.25058041
46414.5  1.25000000  0.96816621  0.00063587  0.96816642 -0.25057656
46414.6  1.25000000  0.96816506  0.00154151  0.96816628 -0.25057768
46414.7  1.25000000  0.96816257  0.00229608  0.96816530 -0.25058356
46414.8  1.25000000  0.96816004  0.00272726  0.96816388 -0.25059262
46414.9  1.25000000  0.96815847  0.00274721  0.96816237 -0.25060275
46415.0  1.25000000  0.96815801  0.00235410  0.96816087 -0.25061181
46415.1  1.25000000  0.96815858  0.00164195  0.96815997 -0.25061754
46415.2  1.25000000  0.96815953  0.00078251  0.96815984 -0.25061871
46415.3  1.25000000  0.96816037 -0.00002615  0.96816037 -0.25061524
46415.4  1.25000000  0.96816129 -0.00060382  0.96816148 -0.25060793
46415.5  1.25000000  0.96816272 -0.00081839  0.96816306 -0.25059840
46415.6  1.25000000  0.96816429 -0.00062587  0.96816449 -0.25058906
46415.7  1.25000000  0.96816555 -0.00008147  0.96816556 -0.25058196
46415.8  1.25000000  0.96816589  0.00068863  0.96816613 -0.25057857
46415.9  1.25000000  0.96816478  0.00150652  0.96816595 -0.25057975
46416.0  1.25000000  0.96816259  0.00218166  0.96816505 -0.25058516
46416.1  1.25000000  0.96816038  0.00256200  0.96816377 -0.25059340
46416.2  1.25000000  0.96815897  0.00256898  0.96816238 -0.25060257
46416.3  1.25000000  0.96815852  0.00220332  0.96816102 -0.25061071
46416.4  1.25000000  0.96815901  0.00155302  0.96816026 -0.25061577
46416.5  1.25000000  0.96815984  0.00077554  0.96816016 -0.25061671
46416.6  1.25000000  0.96816063  0.00004781  0.96816063 -0.25061346
46416.7  1.25000000  0.96816158 -0.00046614  0.96816169 -0.25060675
46416.8  1.25000000  0.96816289 -0.00064921  0.96816311 -0.25059812
46416.9  1.25000000  0.96816427 -0.00046530  0.96816438 -0.25058972
46417.0  1.25000000  0.96816534  0.00003421  0.96816534 -0.25058337
46417.1  1.25000000  0.96816557  0.00073430  0.96816585 -0.25058042
46417.2  1.25000000  0.96816452  0.00147226  0.96816563 -0.25058163
46417.3  1.25000000  0.96816259  0.00207588  0.96816482 -0.25058660
46417.4  1.25000000  0.96816067  0.00241120  0.96816368 -0.25059408
46417.5  1.25000000  0.96815941  0.00240772  0.96816240 -0.25060239
46417.6  1.25000000  0.96815898  0.00206818  0.96816118 -0.25060969
46417.7  1.25000000  0.96815941  0.00147502  0.96816054 -0.25061414
46417.8  1.25000000  0.96816014  0.00077211  0.96816044 -0.25061489
46417.9  1.25000000  0.96816086  0.00011702  0.96816087 -0.25061187
46418.0  1.25000000  0.96816181 -0.00034018  0.96816187 -0.25060571
46418.1  1.25000000  0.96816300 -0.00049625  0.96816313 -0.25059790
46418.2  1.25000000  0.96816422 -0.00032130  0.96816427 -0.25059035
46418.3  1.25000000  0.96816513  0.00013673  0.96816514 -0.25058467
46418.4  1.25000000  0.96816529  0.00077340  0.96816560 -0.25058209
46418.5  1.25000000  0.96816429  0.00143917  0.96816536 -0.25058331
46418.6  1.25000000  0.96816261  0.00197911  0.96816463 -0.25058787
46418.7  1.25000000  0.96816093  0.00227485  0.96816360 -0.25059467
46418.8  1.25000000  0.96815977  0.00226267  0.96816242 -0.25060220
46418.9  1.25000000  0.96815939  0.00194743  0.96816134 -0.25060873
46419.0  1.25000000  0.96815974  0.00140665  0.96816077 -0.25061267
46419.1  1.25000000  0.96816039  0.00077028  0.96816069 -0.25061326
46419.2  1.25000000  0.96816106  0.00018098  0.96816108 -0.25061045
46419.3  1.25000000  0.96816200 -0.00022565  0.96816203 -0.25060478
46419.4  1.25000000  0.96816308 -0.00035778  0.96816314 -0.25059773
46419.5  1.25000000  0.96816416 -0.00019198  0.96816418 -0.25059092
46419.6  1.25000000  0.96816494  0.00022876  0.96816497 -0.25058584
46419.7  1.25000000  0.96816503  0.00080727  0.96816536 -0.25058361
46419.8  1.25000000  0.96816409  0.00140766  0.96816512 -0.25058482
46419.9  1.25000000  0.96816261  0.00189043  0.96816445 -0.25058901
46420.0  1.25000000  0.96816113  0.00215068  0.96816352 -0.25059519
46420.1  1.25000000  0.96816008  0.00213115  0.96816243 -0.25060202
46420.2  1.25000000  0.96815974  0.00183873  0.96816149 -0.25060785
46420.3  1.25000000  0.96816005  0.00134618  0.96816098 -0.25061133
46420.4  1.25000000  0.96816061  0.00077023  0.96816092 -0.25061178
46420.5  1.25000000  0.96816126  0.00024067  0.96816129 -0.25060915
46420.6  1.25000000  0.96816216 -0.00012055  0.96816216 -0.25060397
46420.7  1.25000000  0.96816313 -0.00023203  0.96816316 -0.25059759
46420.8  1.25000000  0.96816408 -0.00007542  0.96816409 -0.25059146
46420.9  1.25000000  0.96816476  0.00031065  0.96816481 -0.25058692
46421.0  1.25000000  0.96816477  0.00083591  0.96816513 -0.25058500
46421.1  1.25000000  0.96816392  0.00137696  0.96816490 -0.25058618
46421.2  1.25000000  0.96816261  0.00180878  0.96816430 -0.25059002
46421.3  1.25000000  0.96816131  0.00203769  0.96816346 -0.25059565
46421.4  1.25000000  0.96816036  0.00201259  0.96816245 -0.25060182
46421.5  1.25000000  0.96816006  0.00174189  0.96816163 -0.25060704
46421.6  1.25000000  0.96816032  0.00129343  0.96816118 -0.25061011
46421.7  1.25000000  0.96816081  0.00077205  0.96816112 -0.25061045
46421.8  1.25000000  0.96816144  0.00029604  0.96816148 -0.25060799
46421.9  1.25000000  0.96816227 -0.00002479  0.96816227 -0.25060326
46422.0  1.25000000  0.96816316 -0.00011879  0.96816316 -0.25059749
46422.1  1.25000000  0.96816400  0.00002887  0.96816400 -0.25059197
46422.2  1.25000000  0.96816459  0.00038289  0.96816467 -0.25058790
46422.3  1.25000000  0.96816454  0.00085996  0.96816492 -0.25058626
46422.4  1.25000000  0.96816378  0.00134766  0.96816472 -0.25058739
46422.5  1.25000000  0.96816261  0.00173438  0.96816417 -0.25059092
46422.6  1.25000000  0.96816146  0.00193556  0.96816340 -0.25059604
46422.7  1.25000000  0.96816060  0.00190644  0.96816247 -0.25060163
46422.8  1.25000000  0.96816033  0.00165581  0.96816175 -0.25060629
46422.9  1.25000000  0.96816055  0.00124731  0.96816135 -0.25060901
46423.0  1.25000000  0.96816098  0.00077512  0.96816129 -0.25060926
46423.1  1.25000000  0.96816159  0.00034704  0.96816165 -0.25060695
46423.2  1.25000000  0.96816237  0.00006191  0.96816237 -0.25060263
46423.3  1.25000000  0.96816318 -0.00001702  0.96816318 -0.25059740
46423.4  1.25000000  0.96816391  0.00012251  0.96816392 -0.25059244
46423.5  1.25000000  0.96816443  0.00044708  0.96816454 -0.25058880
46423.6  1.25000000  0.96816434  0.00088096  0.96816474 -0.25058739
46423.7  1.25000000  0.96816364  0.00132034  0.96816454 -0.25058848
46423.8  1.25000000  0.96816261  0.00166660  0.96816405 -0.25059172
46423.9  1.25000000  0.96816158  0.00184293  0.96816333 -0.25059639
46424.0  1.25000000  0.96816082  0.00181056  0.96816251 -0.25060143
46424.1  1.25000000  0.96816057  0.00157861  0.96816185 -0.25060562
46424.2  1.25000000  0.96816078  0.00120653  0.96816153 -0.25060800
46424.3  1.25000000  0.96816114  0.00077914  0.96816145 -0.25060819
46424.4  1.25000000  0.96816173  0.00039413  0.96816181 -0.25060602
46424.5  1.25000000  0.96816244  0.00014128  0.96816245 -0.25060208
46424.6  1.25000000  0.96816318  0.00007520  0.96816318 -0.25059734
46424.7  1.25000000  0.96816383  0.00020665  0.96816386 -0.25059287
46424.8  1.25000000  0.96816427  0.00050414  0.96816440 -0.25058962
46424.9  1.25000000  0.96816417  0.00089831  0.96816458 -0.25058841
46425.0  1.25000000  0.96816350  0.00129444  0.96816437 -0.25058948
46425.1  1.25000000  0.96816263  0.00160418  0.96816396 -0.25059242
46425.2  1.25000000  0.96816168  0.00175936  0.96816328 -0.25059669
46425.3  1.25000000  0.96816101  0.00172395  0.96816254 -0.25060124
46425.4  1.25000000  0.96816078  0.00151013  0.96816195 -0.25060500
46425.5  1.25000000  0.96816096  0.00117048  0.96816167 -0.25060710
46425.6  1.25000000  0.96816128  0.00078407  0.96816160 -0.25060721
46425.7  1.25000000  0.96816184  0.00043724  0.96816194 -0.25060519
46425.8  1.25000000  0.96816251  0.00021357  0.96816254 -0.25060158
46425.9  1.25000000  0.96816316  0.00015844  0.96816317 -0.25059731
46426.0  1.25000000  0.96816377  0.00028232  0.96816381 -0.25059326
46426.1  1.25000000  0.96816412  0.00055523  0.96816428 -0.25059038
46426.2  1.25000000  0.96816401  0.00091307  0.96816444 -0.25058934
46426.3  1.25000000  0.96816340  0.00127013  0.96816423 -0.25059036
46426.4  1.25000000  0.96816262  0.00154698  0.96816386 -0.25059307
46426.5  1.25000000  0.96816177  0.00168287  0.96816324 -0.25059695
46426.6  1.25000000  0.96816116  0.00164528  0.96816255 -0.25060107
46426.7  1.25000000  0.96816099  0.00144810  0.96816207 -0.25060440
46426.8  1.25000000  0.96816110  0.00113884  0.96816177 -0.25060629
46426.9  1.25000000  0.96816143  0.00078905  0.96816175 -0.25060630
46427.0  1.25000000  0.96816193  0.00047803  0.96816205 -0.25060444
46427.1  1.25000000  0.96816258  0.00027980  0.96816262 -0.25060113
46427.2  1.25000000  0.96816313  0.00023463  0.96816316 -0.25059730
46427.3  1.25000000  0.96816370  0.00035068  0.96816377 -0.25059363
46427.4  1.25000000  0.96816398  0.00060107  0.96816417 -0.25059108
46427.5  1.25000000  0.96816385  0.00092509  0.96816429 -0.25059019
46427.6  1.25000000  0.96816331  0.00124682  0.96816411 -0.25059116
46427.7  1.25000000  0.96816262  0.00149434  0.96816377 -0.25059364
46427.8  1.25000000  0.96816185  0.00161287  0.96816320 -0.25059718
46427.9  1.25000000  0.96816130  0.00157442  0.96816258 -0.25060089
46428.0  1.25000000  0.96816117  0.00139266  0.96816217 -0.25060386
46428.1  1.25000000  0.96816124  0.00111145  0.96816188 -0.25060554
46428.2  1.25000000  0.96816156  0.00079455  0.96816188 -0.25060550
46428.3  1.25000000  0.96816202  0.00051606  0.96816216 -0.25060377
46428.4  1.25000000  0.96816261  0.00033999  0.96816267 -0.25060076
46428.5  1.25000000  0.96816311  0.00030343  0.96816316 -0.25059728
46428.6  1.25000000  0.96816362  0.00041199  0.96816371 -0.25059398
46428.7  1.25000000  0.96816386  0.00064163  0.96816407 -0.25059171
46428.8  1.25000000  0.96816371  0.00093501  0.96816416 -0.25059097
46428.9  1.25000000  0.96816325  0.00122503  0.96816402 -0.25059186
46429.0  1.25000000  0.96816260  0.00144631  0.96816368 -0.25059416
46429.1  1.25000000  0.96816192  0.00154942  0.96816316 -0.25059737
46429.2  1.25000000  0.96816144  0.00151060  0.96816262 -0.25060072
46429.3  1.25000000  0.96816131  0.00134317  0.96816224 -0.25060337
46429.4  1.25000000  0.96816137  0.00108715  0.96816198 -0.25060486
46429.5  1.25000000  0.96816166  0.00080037  0.96816199 -0.25060477
46429.6  1.25000000  0.96816211  0.00055092  0.96816227 -0.25060315
46429.7  1.25000000  0.96816262  0.00039490  0.96816270 -0.25060044
46429.8  1.25000000  0.96816310  0.00036553  0.96816317 -0.25059727
46429.9  1.25000000  0.96816354  0.00046742  0.96816366 -0.25059431
46430.0  1.25000000  0.96816375  0.00067753  0.96816399 -0.25059228
46430.1  1.25000000  0.96816358  0.00094336  0.96816404 -0.25059167
46430.2  1.25000000  0.96816318  0.00120452  0.96816393 -0.25059250
46430.3  1.25000000  0.96816259  0.00140230  0.96816360 -0.25059462
46430.4  1.25000000  0.96816198  0.00149166  0.96816313 -0.25059754
46430.5  1.25000000  0.96816156  0.00145305  0.96816265 -0.25060055
46430.6  1.25000000  0.96816144  0.00129896  0.96816231 -0.25060293
46430.7  1.25000000  0.96816150  0.00106589  0.96816208 -0.25060423
46430.8  1.25000000  0.96816176  0.00080668  0.96816210 -0.25060411
46430.9  1.25000000  0.96816219  0.00058314  0.96816236 -0.25060261
46431.0  1.25000000  0.96816263  0.00044503  0.96816273 -0.25060015
46431.1  1.25000000  0.96816309  0.00042160  0.96816318 -0.25059727
46431.2  1.25000000  0.96816347  0.00051726  0.96816361 -0.25059461
46431.3  1.25000000  0.96816364  0.00070911  0.96816390 -0.25059281
46431.4  1.25000000  0.96816347  0.00095011  0.96816394 -0.25059230
46431.5  1.25000000  0.96816312  0.00118518  0.96816385 -0.25059308
46431.6  1.25000000  0.96816258  0.00136201  0.96816354 -0.25059503
46431.7  1.25000000  0.96816204  0.00143926  0.96816311 -0.25059768
46431.8  1.25000000  0.96816167  0.00140137  0.96816269 -0.25060038
46431.9  1.25000000  0.96816155  0.00125956  0.96816237 -0.25060252
46432.0  1.25000000  0.96816160  0.00104732  0.96816217 -0.25060367
46432.1  1.25000000  0.96816185  0.00081312  0.96816219 -0.25060352
46432.2  1.25000000  0.96816224  0.00061277  0.96816244 -0.25060213
46432.3  1.25000000  0.96816264  0.00049052  0.96816277 -0.25059989
46432.4  1.25000000  0.96816306  0.00047226  0.96816318 -0.25059728
46432.5  1.25000000  0.96816340  0.00056196  0.96816357 -0.25059489
46432.6  1.25000000  0.96816353  0.00073714  0.96816381 -0.25059330
46432.7  1.25000000  0.96816339  0.00095560  0.96816386 -0.25059286
46432.8  1.25000000  0.96816306  0.00116731  0.96816377 -0.25059360
46432.9  1.25000000  0.96816257  0.00132512  0.96816348 -0.25059539
46433.0  1.25000000  0.96816208  0.00139182  0.96816308 -0.25059780
46433.1  1.25000000  0.96816177  0.00135474  0.96816272 -0.25060023
46433.2  1.25000000  0.96816165  0.00122439  0.96816242 -0.25060215
46433.3  1.25000000  0.96816170  0.00103115  0.96816225 -0.25060315
46433.4  1.25000000  0.96816193  0.00081973  0.96816228 -0.25060298
46433.5  1.25000000  0.96816229  0.00064014  0.96816251 -0.25060170
46433.6  1.25000000  0.96816266  0.00053194  0.96816280 -0.25059966
46433.7  1.25000000  0.96816304  0.00051810  0.96816318 -0.25059729
46433.8  1.25000000  0.96816334  0.00060190  0.96816353 -0.25059515
46433.9  1.25000000  0.96816343  0.00076183  0.96816373 -0.25059375
46434.0  1.25000000  0.96816331  0.00095971  0.96816379 -0.25059337
46434.1  1.25000000  0.96816300  0.00115049  0.96816369 -0.25059407
46434.2  1.25000000  0.96816257  0.00129121  0.96816343 -0.25059571
46434.3  1.25000000  0.96816212  0.00134897  0.96816306 -0.25059791
46434.4  1.25000000  0.96816186  0.00131288  0.96816275 -0.25060008
46434.5  1.25000000  0.96816173  0.00119314  0.96816247 -0.25060181
46434.6  1.25000000  0.96816179  0.00101702  0.96816233 -0.25060268
46434.7  1.25000000  0.96816201  0.00082624  0.96816236 -0.25060250
46434.8  1.25000000  0.96816233  0.00066522  0.96816256 -0.25060132
46434.9  1.25000000  0.96816266  0.00056953  0.96816283 -0.25059946
46435.0  1.25000000  0.96816301  0.00055954  0.96816318 -0.25059732
46435.1  1.25000000  0.96816328  0.00063775  0.96816349 -0.25059539
46435.2  1.25000000  0.96816335  0.00078376  0.96816366 -0.25059415
46435.3  1.25000000  0.96816324  0.00096297  0.96816372 -0.25059383
46435.4  1.25000000  0.96816296  0.00113496  0.96816362 -0.25059450
46435.5  1.25000000  0.96816256  0.00126021  0.96816338 -0.25059600
46435.6  1.25000000  0.96816217  0.00131013  0.96816306 -0.25059798
46435.7  1.25000000  0.96816193  0.00127515  0.96816277 -0.25059995
46435.8  1.25000000  0.96816182  0.00116510  0.96816252 -0.25060150
46435.9  1.25000000  0.96816187  0.00100469  0.96816239 -0.25060226
46436.0  1.25000000  0.96816208  0.00083262  0.96816244 -0.25060206
46436.1  1.25000000  0.96816236  0.00068830  0.96816261 -0.25060098
46436.2  1.25000000  0.96816267  0.00060370  0.96816286 -0.25059928
46436.3  1.25000000  0.96816299  0.00059712  0.96816317 -0.25059734
46436.4  1.25000000  0.96816322  0.00066997  0.96816346 -0.25059561
46436.5  1.25000000  0.96816327  0.00080322  0.96816361 -0.25059452
46436.6  1.25000000  0.96816317  0.00096556  0.96816366 -0.25059425
46436.7  1.25000000  0.96816292  0.00112044  0.96816356 -0.25059488
46436.8  1.25000000  0.96816255  0.00123185  0.96816333 -0.25059626
46436.9  1.25000000  0.96816221  0.00127479  0.96816305 -0.25059805
46437.0  1.25000000  0.96816199  0.00124115  0.96816279 -0.25059982
46437.1  1.25000000  0.96816189  0.00113990  0.96816256 -0.25060121
46437.2  1.25000000  0.96816194  0.00099408  0.96816245 -0.25060188
46437.3  1.25000000  0.96816214  0.00083885  0.96816250 -0.25060166
46437.4  1.25000000  0.96816239  0.00070964  0.96816265 -0.25060067
46437.5  1.25000000  0.96816268  0.00063484  0.96816289 -0.25059913
46437.6  1.25000000  0.96816297  0.00063117  0.96816317 -0.25059737
46437.7  1.25000000  0.96816317  0.00069880  0.96816342 -0.25059582
46437.8  1.25000000  0.96816321  0.00082037  0.96816355 -0.25059485
46437.9  1.25000000  0.96816312  0.00096740  0.96816360 -0.25059463
46438.0  1.25000000  0.96816288  0.00110680  0.96816351 -0.25059522
46438.1  1.25000000  0.96816255  0.00120591  0.96816330 -0.25059649
46438.2  1.25000000  0.96816225  0.00124280  0.96816305 -0.25059810
46438.3  1.25000000  0.96816205  0.00121064  0.96816280 -0.25059971
46438.4  1.25000000  0.96816196  0.00111747  0.96816260 -0.25060094
46438.5  1.25000000  0.96816201  0.00098499  0.96816251 -0.25060152
46438.6  1.25000000  0.96816219  0.00084492  0.96816256 -0.25060131
46438.7  1.25000000  0.96816242  0.00072919  0.96816269 -0.25060040
46438.8  1.25000000  0.96816268  0.00066310  0.96816291 -0.25059899
46438.9  1.25000000  0.96816294  0.00066185  0.96816317 -0.25059740
46439.0  1.25000000  0.96816311  0.00072460  0.96816338 -0.25059602
46439.1  1.25000000  0.96816315  0.00083550  0.96816351 -0.25059515
46439.2  1.25000000  0.96816306  0.00096874  0.96816355 -0.25059497
46439.3  1.25000000  0.96816284  0.00109414  0.96816346 -0.25059553
46439.4  1.25000000  0.96816254  0.00118227  0.96816326 -0.25059669
46439.5  1.25000000  0.96816228  0.00121388  0.96816304 -0.25059815
46439.6  1.25000000  0.96816210  0.00118314  0.96816282 -0.25059960
46439.7  1.25000000  0.96816202  0.00109743  0.96816264 -0.25060070
46439.8  1.25000000  0.96816207  0.00097710  0.96816256 -0.25060120
46439.9  1.25000000  0.96816223  0.00085077  0.96816261 -0.25060099
46440.0  1.25000000  0.96816244  0.00074710  0.96816273 -0.25060016
46440.1  1.25000000  0.96816269  0.00068889  0.96816293 -0.25059887
46440.2  1.25000000  0.96816292  0.00068959  0.96816317 -0.25059743
46440.3  1.25000000  0.96816306  0.00074776  0.96816335 -0.25059620
46440.4  1.25000000  0.96816310  0.00084888  0.96816347 -0.25059543
46440.5  1.25000000  0.96816301  0.00096960  0.96816350 -0.25059528
46440.6  1.25000000  0.96816281  0.00108229  0.96816341 -0.25059580
46440.7  1.25000000  0.96816254  0.00116063  0.96816324 -0.25059687
46440.8  1.25000000  0.96816231  0.00118766  0.96816304 -0.25059819
46440.9  1.25000000  0.96816214  0.00115845  0.96816284 -0.25059949
46441.0  1.25000000  0.96816207  0.00107986  0.96816267 -0.25060048
46441.1  1.25000000  0.96816212  0.00097064  0.96816261 -0.25060091
46441.2  1.25000000  0.96816227  0.00085666  0.96816265 -0.25060071
46441.3  1.25000000  0.96816246  0.00076364  0.96816276 -0.25059994
46441.4  1.25000000  0.96816268  0.00071222  0.96816294 -0.25059877
46441.5  1.25000000  0.96816290  0.00071414  0.96816316 -0.25059747
46441.6  1.25000000  0.96816302  0.00076805  0.96816333 -0.25059636
46441.7  1.25000000  0.96816305  0.00086020  0.96816343 -0.25059567
46441.8  1.25000000  0.96816297  0.00096974  0.96816346 -0.25059556
46441.9  1.25000000  0.96816278  0.00107126  0.96816337 -0.25059605
46442.0  1.25000000  0.96816254  0.00114122  0.96816322 -0.25059702
46442.1  1.25000000  0.96816233  0.00116433  0.96816303 -0.25059822
46442.2  1.25000000  0.96816219  0.00113663  0.96816285 -0.25059939
46442.3  1.25000000  0.96816212  0.00106444  0.96816270 -0.25060028
46442.4  1.25000000  0.96816217  0.00096498  0.96816265 -0.25060065
46442.5  1.25000000  0.96816230  0.00086207  0.96816269 -0.25060046
46442.6  1.25000000  0.96816248  0.00077854  0.96816279 -0.25059975
46442.7  1.25000000  0.96816268  0.00073313  0.96816296 -0.25059868
46442.8  1.25000000  0.96816287  0.00073621  0.96816315 -0.25059750
46442.9  1.25000000  0.96816299  0.00078622  0.96816331 -0.25059650
46443.0  1.25000000  0.96816300  0.00087040  0.96816339 -0.25059590
46443.1  1.25000000  0.96816293  0.00096960  0.96816342 -0.25059580
46443.2  1.25000000  0.96816276  0.00106136  0.96816334 -0.25059626
46443.3  1.25000000  0.96816254  0.00112359  0.96816319 -0.25059716
46443.4  1.25000000  0.96816236  0.00114336  0.96816304 -0.25059824
46443.5  1.25000000  0.96816222  0.00111708  0.96816286 -0.25059931
46443.6  1.25000000  0.96816216  0.00105071  0.96816273 -0.25060010
46443.7  1.25000000  0.96816220  0.00096006  0.96816268 -0.25060043
46443.8  1.25000000  0.96816235  0.00086691  0.96816273 -0.25060022
46443.9  1.25000000  0.96816249  0.00079231  0.96816281 -0.25059958
46444.0  1.25000000  0.96816268  0.00075186  0.96816297 -0.25059860
46444.1  1.25000000  0.96816286  0.00075627  0.96816316 -0.25059753
46444.2  1.25000000  0.96816294  0.00080257  0.96816328 -0.25059664
46444.3  1.25000000  0.96816296  0.00087946  0.96816336 -0.25059610
46444.4  1.25000000  0.96816289  0.00096942  0.96816338 -0.25059603
46444.5  1.25000000  0.96816275  0.00105207  0.96816332 -0.25059645
46444.6  1.25000000  0.96816253  0.00110760  0.96816316 -0.25059728
46444.7  1.25000000  0.96816238  0.00112396  0.96816303 -0.25059826
46444.8  1.25000000  0.96816227  0.00109950  0.96816289 -0.25059921
46444.9  1.25000000  0.96816218  0.00103820  0.96816274 -0.25059995
46445.0  1.25000000  0.96816226  0.00095578  0.96816274 -0.25060020
46445.1  1.25000000  0.96816235  0.00087185  0.96816275 -0.25060003
46445.2  1.25000000  0.96816252  0.00080475  0.96816286 -0.25059941
46445.3  1.25000000  0.96816265  0.00076950  0.96816296 -0.25059855
46445.4  1.25000000  0.96816286  0.00077419  0.96816317 -0.25059754
46445.5  1.25000000  0.96816289  0.00081783  0.96816324 -0.25059678
46445.6  1.25000000  0.96816294  0.00088707  0.96816334 -0.25059628
46445.7  1.25000000  0.96816286  0.00096942  0.96816335 -0.25059624
46445.8  1.25000000  0.96816273  0.00104314  0.96816329 -0.25059663
46445.9  1.25000000  0.96816253  0.00109276  0.96816315 -0.25059739
46446.0  1.25000000  0.96816240  0.00110637  0.96816303 -0.25059828
46446.1  1.25000000  0.96816229  0.00108324  0.96816290 -0.25059913
46446.2  1.25000000  0.96816222  0.00102703  0.96816277 -0.25059979
46446.3  1.25000000  0.96816230  0.00095197  0.96816277 -0.25060001
46446.4  1.25000000  0.96816239  0.00087673  0.96816278 -0.25059983
46446.5  1.25000000  0.96816251  0.00081618  0.96816286 -0.25059929
46446.6  1.25000000  0.96816268  0.00078566  0.96816300 -0.25059847
46446.7  1.25000000  0.96816281  0.00079083  0.96816314 -0.25059760
46446.8  1.25000000  0.96816289  0.00083120  0.96816325 -0.25059688
46446.9  1.25000000  0.96816288  0.00089419  0.96816329 -0.25059648
46447.0  1.25000000  0.96816286  0.00096889  0.96816335 -0.25059641
46447.1  1.25000000  0.96816268  0.00103504  0.96816323 -0.25059682
46447.2  1.25000000  0.96816256  0.00107889  0.96816316 -0.25059747
46447.3  1.25000000  0.96816240  0.00109055  0.96816302 -0.25059830
46447.4  1.25000000  0.96816232  0.00106848  0.96816291 -0.25059906
46447.5  1.25000000  0.96816226  0.00101700  0.96816279 -0.25059965
46447.6  1.25000000  0.96816233  0.00094895  0.96816280 -0.25059983
46447.7  1.25000000  0.96816241  0.00088113  0.96816281 -0.25059966
46447.8  1.25000000  0.96816252  0.00082699  0.96816287 -0.25059917
46447.9  1.25000000  0.96816269  0.00080009  0.96816302 -0.25059841
46448.0  1.25000000  0.96816278  0.00080620  0.96816312 -0.25059764
46448.1  1.25000000  0.96816287  0.00084275  0.96816324 -0.25059698
46448.2  1.25000000  0.96816284  0.00090085  0.96816326 -0.25059663
46448.3  1.25000000  0.96816284  0.00096784  0.96816332 -0.25059657
46448.4  1.25000000  0.96816266  0.00102776  0.96816320 -0.25059697
46448.5  1.25000000  0.96816256  0.00106606  0.96816315 -0.25059755
46448.6  1.25000000  0.96816242  0.00107641  0.96816302 -0.25059830
46448.7  1.25000000  0.96816234  0.00105507  0.96816292 -0.25059900
46448.8  1.25000000  0.96816229  0.00100820  0.96816282 -0.25059951
46448.9  1.25000000  0.96816236  0.00094639  0.96816282 -0.25059967
46449.0  1.25000000  0.96816243  0.00088530  0.96816283 -0.25059951
46449.1  1.25000000  0.96816253  0.00083681  0.96816289 -0.25059905
46449.2  1.25000000  0.96816268  0.00081332  0.96816302 -0.25059836
46449.3  1.25000000  0.96816277  0.00081989  0.96816312 -0.25059767
46449.4  1.25000000  0.96816283  0.00085324  0.96816321 -0.25059709
46449.5  1.25000000  0.96816283  0.00090657  0.96816326 -0.25059676
46449.6  1.25000000  0.96816279  0.00096692  0.96816328 -0.25059674
46449.7  1.25000000  0.96816266  0.00102082  0.96816320 -0.25059708
46449.8  1.25000000  0.96816255  0.00105461  0.96816312 -0.25059764
46449.9  1.25000000  0.96816245  0.00106339  0.96816303 -0.25059830
46450.0  1.25000000  0.96816235  0.00104314  0.96816291 -0.25059895
46450.1  1.25000000  0.96816234  0.00100024  0.96816285 -0.25059938
46450.2  1.25000000  0.96816237  0.00094433  0.96816283 -0.25059953
46450.3  1.25000000  0.96816245  0.00088916  0.96816286 -0.25059937
46450.4  1.25000000  0.96816254  0.00084584  0.96816291 -0.25059895
46450.5  1.25000000  0.96816268  0.00082543  0.96816303 -0.25059832
46450.6  1.25000000  0.96816276  0.00083210  0.96816311 -0.25059770
46450.7  1.25000000  0.96816281  0.00086280  0.96816319 -0.25059718
46450.8  1.25000000  0.96816282  0.00091141  0.96816325 -0.25059688
46450.9  1.25000000  0.96816276  0.00096607  0.96816324 -0.25059690
46451.0  1.25000000  0.96816266  0.00101416  0.96816319 -0.25059719
46451.1  1.25000000  0.96816254  0.00104441  0.96816311 -0.25059771
46451.2  1.25000000  0.96816247  0.00105140  0.96816304 -0.25059830
46451.3  1.25000000  0.96816236  0.00103259  0.96816291 -0.25059889
46451.4  1.25000000  0.96816237  0.00099308  0.96816288 -0.25059926
46451.5  1.25000000  0.96816239  0.00094276  0.96816285 -0.25059940
46451.6  1.25000000  0.96816246  0.00089269  0.96816288 -0.25059925
46451.7  1.25000000  0.96816255  0.00085421  0.96816292 -0.25059886
46451.8  1.25000000  0.96816267  0.00083638  0.96816303 -0.25059829
46451.9  1.25000000  0.96816274  0.00084308  0.96816311 -0.25059773
46452.0  1.25000000  0.96816279  0.00087135  0.96816318 -0.25059727
46452.1  1.25000000  0.96816280  0.00091565  0.96816323 -0.25059700
46452.2  1.25000000  0.96816274  0.00096514  0.96816322 -0.25059702
46452.3  1.25000000  0.96816265  0.00100805  0.96816318 -0.25059730
46452.4  1.25000000  0.96816255  0.00103513  0.96816310 -0.25059776
46452.5  1.25000000  0.96816247  0.00104058  0.96816303 -0.25059830
46452.6  1.25000000  0.96816238  0.00102309  0.96816292 -0.25059883
46452.7  1.25000000  0.96816239  0.00098678  0.96816289 -0.25059916
46452.8  1.25000000  0.96816241  0.00094144  0.96816287 -0.25059928
46452.9  1.25000000  0.96816247  0.00089607  0.96816289 -0.25059914
46453.0  1.25000000  0.96816256  0.00086189  0.96816295 -0.25059877
46453.1  1.25000000  0.96816266  0.00084633  0.96816303 -0.25059827
46453.2  1.25000000  0.96816273  0.00085297  0.96816311 -0.25059776
46453.3  1.25000000  0.96816277  0.00087898  0.96816316 -0.25059734
46453.4  1.25000000  0.96816278  0.00091936  0.96816322 -0.25059711
46453.5  1.25000000  0.96816272  0.00096407  0.96816320 -0.25059714
46453.6  1.25000000  0.96816264  0.00100245  0.96816316 -0.25059739
46453.7  1.25000000  0.96816256  0.00102658  0.96816310 -0.25059781
46453.8  1.25000000  0.96816247  0.00103084  0.96816302 -0.25059831
46453.9  1.25000000  0.96816241  0.00101448  0.96816294 -0.25059877
46454.0  1.25000000  0.96816240  0.00098134  0.96816290 -0.25059908
46454.1  1.25000000  0.96816244  0.00094023  0.96816289 -0.25059917
46454.2  1.25000000  0.96816248  0.00089933  0.96816289 -0.25059905
46454.3  1.25000000  0.96816258  0.00086879  0.96816297 -0.25059870
46454.4  1.25000000  0.96816265  0.00085543  0.96816303 -0.25059825
46454.5  1.25000000  0.96816272  0.00086177  0.96816311 -0.25059778
46454.6  1.25000000  0.96816275  0.00088589  0.96816315 -0.25059741
46454.7  1.25000000  0.96816276  0.00092259  0.96816320 -0.25059720
46454.8  1.25000000  0.96816270  0.00096298  0.96816318 -0.25059724
46454.9  1.25000000  0.96816263  0.00099735  0.96816315 -0.25059747
46455.0  1.25000000  0.96816256  0.00101878  0.96816310 -0.25059785
46455.1  1.25000000  0.96816248  0.00102210  0.96816302 -0.25059831
46455.2  1.25000000  0.96816243  0.00100668  0.96816295 -0.25059872
46455.3  1.25000000  0.96816242  0.00097660  0.96816291 -0.25059899
46455.4  1.25000000  0.96816245  0.00093916  0.96816290 -0.25059907
46455.5  1.25000000  0.96816249  0.00090243  0.96816291 -0.25059895
46455.6  1.25000000  0.96816258  0.00087509  0.96816298 -0.25059863
46455.7  1.25000000  0.96816265  0.00086368  0.96816303 -0.25059823
46455.8  1.25000000  0.96816271  0.00086969  0.96816310 -0.25059781
46455.9  1.25000000  0.96816274  0.00089208  0.96816315 -0.25059747
46456.0  1.25000000  0.96816274  0.00092540  0.96816318 -0.25059730
46456.1  1.25000000  0.96816269  0.00096188  0.96816317 -0.25059733
46456.2  1.25000000  0.96816263  0.00099268  0.96816314 -0.25059755
46456.3  1.25000000  0.96816256  0.00101170  0.96816309 -0.25059789
46456.4  1.25000000  0.96816248  0.00101416  0.96816301 -0.25059831
46456.5  1.25000000  0.96816244  0.00099972  0.96816296 -0.25059868
46456.6  1.25000000  0.96816244  0.00097236  0.96816293 -0.25059892
46456.7  1.25000000  0.96816246  0.00093832  0.96816291 -0.25059899
46456.8  1.25000000  0.96816250  0.00090528  0.96816293 -0.25059887
46456.9  1.25000000  0.96816258  0.00088093  0.96816298 -0.25059858
46457.0  1.25000000  0.96816265  0.00087108  0.96816304 -0.25059821
46457.1  1.25000000  0.96816269  0.00087690  0.96816309 -0.25059784
46457.2  1.25000000  0.96816273  0.00089753  0.96816315 -0.25059753
46457.3  1.25000000  0.96816272  0.00092781  0.96816317 -0.25059738
46457.4  1.25000000  0.96816268  0.00096060  0.96816316 -0.25059741
46457.5  1.25000000  0.96816262  0.00098833  0.96816313 -0.25059761
46457.6  1.25000000  0.96816256  0.00100515  0.96816309 -0.25059793
46457.7  1.25000000  0.96816249  0.00100706  0.96816301 -0.25059831
46457.8  1.25000000  0.96816246  0.00099359  0.96816297 -0.25059863
46457.9  1.25000000  0.96816245  0.00096873  0.96816294 -0.25059885
46458.0  1.25000000  0.96816247  0.00093784  0.96816292 -0.25059891
46458.1  1.25000000  0.96816252  0.00090802  0.96816294 -0.25059880
46458.2  1.25000000  0.96816258  0.00088632  0.96816299 -0.25059853
46458.3  1.25000000  0.96816264  0.00087763  0.96816304 -0.25059819
46458.4  1.25000000  0.96816268  0.00088341  0.96816308 -0.25059786
46458.5  1.25000000  0.96816272  0.00090211  0.96816314 -0.25059758
46458.6  1.25000000  0.96816271  0.00093003  0.96816316 -0.25059745
46458.7  1.25000000  0.96816267  0.00095942  0.96816314 -0.25059749
46458.8  1.25000000  0.96816262  0.00098454  0.96816312 -0.25059767
46458.9  1.25000000  0.96816256  0.00099926  0.96816308 -0.25059796
46459.0  1.25000000  0.96816250  0.00100069  0.96816302 -0.25059830
46459.1  1.25000000  0.96816246  0.00098804  0.96816297 -0.25059860
46459.2  1.25000000  0.96816247  0.00096539  0.96816295 -0.25059878
46459.3  1.25000000  0.96816247  0.00093736  0.96816293 -0.25059884
46459.4  1.25000000  0.96816253  0.00091046  0.96816296 -0.25059873
46459.5  1.25000000  0.96816258  0.00089121  0.96816299 -0.25059849
46459.6  1.25000000  0.96816264  0.00088368  0.96816304 -0.25059818
46459.7  1.25000000  0.96816268  0.00088922  0.96816309 -0.25059788
46459.8  1.25000000  0.96816270  0.00090653  0.96816313 -0.25059764
46459.9  1.25000000  0.96816270  0.00093183  0.96816315 -0.25059752
46460.0  1.25000000  0.96816265  0.00095842  0.96816313 -0.25059756
46460.1  1.25000000  0.96816262  0.00098084  0.96816312 -0.25059772
46460.2  1.25000000  0.96816256  0.00099402  0.96816307 -0.25059799
46460.3  1.25000000  0.96816251  0.00099470  0.96816302 -0.25059829
46460.4  1.25000000  0.96816247  0.00098316  0.96816297 -0.25059856
46460.5  1.25000000  0.96816248  0.00096233  0.96816296 -0.25059872
46460.6  1.25000000  0.96816248  0.00093705  0.96816294 -0.25059878
46460.7  1.25000000  0.96816254  0.00091272  0.96816297 -0.25059867
46460.8  1.25000000  0.96816259  0.00089572  0.96816300 -0.25059845
46460.9  1.25000000  0.96816263  0.00088915  0.96816304 -0.25059817
46461.0  1.25000000  0.96816267  0.00089448  0.96816308 -0.25059790
46461.1  1.25000000  0.96816269  0.00091048  0.96816312 -0.25059768
46461.2  1.25000000  0.96816269  0.00093337  0.96816314 -0.25059758
46461.3  1.25000000  0.96816265  0.00095745  0.96816312 -0.25059762
46461.4  1.25000000  0.96816262  0.00097747  0.96816311 -0.25059777
46461.5  1.25000000  0.96816256  0.00098920  0.96816306 -0.25059801
46461.6  1.25000000  0.96816251  0.00098933  0.96816302 -0.25059829
46461.7  1.25000000  0.96816249  0.00097875  0.96816299 -0.25059853
46461.8  1.25000000  0.96816249  0.00095966  0.96816296 -0.25059868
46461.9  1.25000000  0.96816250  0.00093678  0.96816295 -0.25059871
46462.0  1.25000000  0.96816254  0.00091488  0.96816297 -0.25059862
46462.1  1.25000000  0.96816259  0.00089981  0.96816301 -0.25059841
46462.2  1.25000000  0.96816263  0.00089411  0.96816304 -0.25059817
46462.3  1.25000000  0.96816267  0.00089923  0.96816308 -0.25059791
46462.4  1.25000000  0.96816268  0.00091399  0.96816311 -0.25059772
46462.5  1.25000000  0.96816267  0.00093472  0.96816313 -0.25059764
46462.6  1.25000000  0.96816264  0.00095645  0.96816312 -0.25059767
46462.7  1.25000000  0.96816261  0.00097444  0.96816310 -0.25059781
46462.8  1.25000000  0.96816256  0.00098473  0.96816306 -0.25059803
46462.9  1.25000000  0.96816252  0.00098456  0.96816302 -0.25059829
46463.0  1.25000000  0.96816251  0.00097473  0.96816300 -0.25059849
46463.1  1.25000000  0.96816249  0.00095737  0.96816297 -0.25059863
46463.2  1.25000000  0.96816251  0.00093652  0.96816297 -0.25059866
46463.3  1.25000000  0.96816254  0.00091696  0.96816298 -0.25059857
46463.4  1.25000000  0.96816259  0.00090348  0.96816301 -0.25059838
46463.5  1.25000000  0.96816262  0.00089864  0.96816304 -0.25059816
46463.6  1.25000000  0.96816266  0.00090349  0.96816308 -0.25059793
46463.7  1.25000000  0.96816267  0.00091713  0.96816311 -0.25059776
46463.8  1.25000000  0.96816266  0.00093588  0.96816312 -0.25059769
46463.9  1.25000000  0.96816264  0.00095551  0.96816311 -0.25059772
46464.0  1.25000000  0.96816261  0.00097165  0.96816309 -0.25059785
46464.1  1.25000000  0.96816256  0.00098064  0.96816306 -0.25059805
46464.2  1.25000000  0.96816252  0.00098027  0.96816302 -0.25059828
46464.3  1.25000000  0.96816251  0.00097113  0.96816300 -0.25059846
46464.4  1.25000000  0.96816250  0.00095535  0.96816297 -0.25059859
46464.5  1.25000000  0.96816252  0.00093636  0.96816297 -0.25059861
46464.6  1.25000000  0.96816255  0.00091891  0.96816299 -0.25059852
46464.7  1.25000000  0.96816259  0.00090683  0.96816301 -0.25059836
46464.8  1.25000000  0.96816262  0.00090273  0.96816304 -0.25059816
46464.9  1.25000000  0.96816265  0.00090734  0.96816308 -0.25059795
46465.0  1.25000000  0.96816266  0.00091991  0.96816310 -0.25059780
46465.1  1.25000000  0.96816265  0.00093687  0.96816311 -0.25059773
46465.2  1.25000000  0.96816264  0.00095461  0.96816311 -0.25059776
46465.3  1.25000000  0.96816260  0.00096908  0.96816309 -0.25059788
46465.4  1.25000000  0.96816256  0.00097694  0.96816306 -0.25059807
46465.5  1.25000000  0.96816253  0.00097639  0.96816302 -0.25059827
46465.6  1.25000000  0.96816252  0.00096793  0.96816300 -0.25059844
46465.7  1.25000000  0.96816251  0.00095353  0.96816298 -0.25059855
46465.8  1.25000000  0.96816253  0.00093631  0.96816298 -0.25059857
46465.9  1.25000000  0.96816256  0.00092068  0.96816299 -0.25059848
46466.0  1.25000000  0.96816259  0.00090991  0.96816301 -0.25059834
46466.1  1.25000000  0.96816262  0.00090640  0.96816304 -0.25059815
46466.2  1.25000000  0.96816265  0.00091085  0.96816307 -0.25059796
46466.3  1.25000000  0.96816266  0.00092234  0.96816310 -0.25059783
46466.4  1.25000000  0.96816265  0.00093774  0.96816310 -0.25059777
46466.5  1.25000000  0.96816263  0.00095374  0.96816310 -0.25059780
46466.6  1.25000000  0.96816260  0.00096673  0.96816308 -0.25059792
46466.7  1.25000000  0.96816256  0.00097358  0.96816305 -0.25059808
46466.8  1.25000000  0.96816254  0.00097289  0.96816303 -0.25059827
46466.9  1.25000000  0.96816252  0.00096506  0.96816300 -0.25059842
46467.0  1.25000000  0.96816252  0.00095190  0.96816299 -0.25059851
46467.1  1.25000000  0.96816253  0.00093634  0.96816298 -0.25059853
46467.2  1.25000000  0.96816256  0.00092230  0.96816300 -0.25059845
46467.3  1.25000000  0.96816259  0.00091274  0.96816302 -0.25059832
46467.4  1.25000000  0.96816262  0.00090972  0.96816305 -0.25059814
46467.5  1.25000000  0.96816264  0.00091401  0.96816307 -0.25059798
46467.6  1.25000000  0.96816265  0.00092449  0.96816309 -0.25059786
46467.7  1.25000000  0.96816264  0.00093849  0.96816309 -0.25059781
46467.8  1.25000000  0.96816263  0.00095291  0.96816310 -0.25059784
46467.9  1.25000000  0.96816260  0.00096456  0.96816308 -0.25059794
46468.0  1.25000000  0.96816256  0.00097052  0.96816305 -0.25059810
46468.1  1.25000000  0.96816254  0.00096973  0.96816303 -0.25059826
46468.2  1.25000000  0.96816253  0.00096250  0.96816301 -0.25059840
46468.3  1.25000000  0.96816252  0.00095047  0.96816299 -0.25059848
46468.4  1.25000000  0.96816254  0.00093642  0.96816299 -0.25059849
46468.5  1.25000000  0.96816256  0.00092380  0.96816300 -0.25059842
46468.6  1.25000000  0.96816259  0.00091530  0.96816302 -0.25059830
46468.7  1.25000000  0.96816262  0.00091274  0.96816305 -0.25059814
46468.8  1.25000000  0.96816264  0.00091685  0.96816307 -0.25059799
46468.9  1.25000000  0.96816264  0.00092640  0.96816309 -0.25059789
46469.0  1.25000000  0.96816264  0.00093913  0.96816309 -0.25059784
46469.1  1.25000000  0.96816262  0.00095214  0.96816309 -0.25059787
46469.2  1.25000000  0.96816259  0.00096255  0.96816307 -0.25059797
46469.3  1.25000000  0.96816257  0.00096775  0.96816305 -0.25059811
46469.4  1.25000000  0.96816255  0.00096689  0.96816303 -0.25059825
46469.5  1.25000000  0.96816253  0.00096020  0.96816301 -0.25059838
46469.6  1.25000000  0.96816253  0.00094921  0.96816300 -0.25059845
46469.7  1.25000000  0.96816254  0.00093652  0.96816300 -0.25059846
46469.8  1.25000000  0.96816257  0.00092519  0.96816301 -0.25059839
46469.9  1.25000000  0.96816259  0.00091763  0.96816302 -0.25059828
46470.0  1.25000000  0.96816261  0.00091549  0.96816305 -0.25059814
46470.1  1.25000000  0.96816263  0.00091938  0.96816307 -0.25059800
46470.2  1.25000000  0.96816264  0.00092811  0.96816308 -0.25059791
46470.3  1.25000000  0.96816263  0.00093965  0.96816309 -0.25059787
46470.4  1.25000000  0.96816262  0.00095142  0.96816308 -0.25059790
46470.5  1.25000000  0.96816259  0.00096069  0.96816307 -0.25059799
46470.6  1.25000000  0.96816257  0.00096520  0.96816305 -0.25059812
46470.7  1.25000000  0.96816255  0.00096428  0.96816303 -0.25059825
46470.8  1.25000000  0.96816254  0.00095826  0.96816301 -0.25059836
46470.9  1.25000000  0.96816254  0.00094834  0.96816300 -0.25059842
46471.0  1.25000000  0.96816255  0.00093688  0.96816300 -0.25059843
46471.1  1.25000000  0.96816257  0.00092663  0.96816301 -0.25059837
46471.2  1.25000000  0.96816259  0.00091980  0.96816303 -0.25059827
46471.3  1.25000000  0.96816261  0.00091787  0.96816304 -0.25059814
46471.4  1.25000000  0.96816263  0.00092130  0.96816307 -0.25059802
46471.5  1.25000000  0.96816263  0.00092928  0.96816308 -0.25059793
46471.6  1.25000000  0.96816263  0.00093985  0.96816308 -0.25059790
46471.7  1.25000000  0.96816261  0.00095051  0.96816308 -0.25059792
46471.8  1.25000000  0.96816259  0.00095899  0.96816307 -0.25059800
46471.9  1.25000000  0.96816257  0.00096337  0.96816305 -0.25059812
46472.0  1.25000000  0.96816255  0.00096251  0.96816303 -0.25059824
46472.1  1.25000000  0.96816254  0.00095677  0.96816301 -0.25059834
46472.2  1.25000000  0.96816254  0.00094766  0.96816301 -0.25059840
46472.3  1.25000000  0.96816255  0.00093715  0.96816300 -0.25059841
46472.4  1.25000000  0.96816257  0.00092756  0.96816301 -0.25059836
46472.5  1.25000000  0.96816259  0.00092130  0.96816303 -0.25059825
46472.6  1.25000000  0.96816261  0.00091978  0.96816305 -0.25059814
46472.7  1.25000000  0.96816262  0.00092302  0.96816306 -0.25059803
46472.8  1.25000000  0.96816263  0.00093022  0.96816308 -0.25059795
46472.9  1.25000000  0.96816263  0.00094001  0.96816309 -0.25059791
46473.0  1.25000000  0.96816261  0.00094987  0.96816308 -0.25059794
46473.1  1.25000000  0.96816259  0.00095741  0.96816306 -0.25059802
46473.2  1.25000000  0.96816258  0.00096133  0.96816305 -0.25059812
46473.3  1.25000000  0.96816256  0.00096076  0.96816303 -0.25059823
46473.4  1.25000000  0.96816254  0.00095547  0.96816301 -0.25059833
46473.5  1.25000000  0.96816255  0.00094700  0.96816301 -0.25059838
46473.6  1.25000000  0.96816256  0.00093754  0.96816301 -0.25059838
46473.7  1.25000000  0.96816257  0.00092898  0.96816301 -0.25059834
46473.8  1.25000000  0.96816258  0.00092306  0.96816302 -0.25059825
46473.9  1.25000000  0.96816261  0.00092153  0.96816305 -0.25059814
46474.0  1.25000000  0.96816262  0.00092481  0.96816306 -0.25059804
46474.1  1.25000000  0.96816261  0.00093126  0.96816306 -0.25059798
46474.2  1.25000000  0.96816263  0.00093995  0.96816308 -0.25059793
46474.3  1.25000000  0.96816261  0.00094931  0.96816308 -0.25059796
46474.4  1.25000000  0.96816258  0.00095613  0.96816305 -0.25059804
46474.5  1.25000000  0.96816257  0.00095940  0.96816305 -0.25059813
46474.6  1.25000000  0.96816256  0.00095888  0.96816304 -0.25059822
46474.7  1.25000000  0.96816255  0.00095423  0.96816302 -0.25059832
46474.8  1.25000000  0.96816254  0.00094616  0.96816300 -0.25059837
46474.9  1.25000000  0.96816257  0.00093750  0.96816303 -0.25059835
46475.0  1.25000000  0.96816257  0.00093026  0.96816301 -0.25059832
46475.1  1.25000000  0.96816257  0.00092443  0.96816302 -0.25059825
46475.2  1.25000000  0.96816263  0.00092342  0.96816307 -0.25059812
46475.3  1.25000000  0.96816261  0.00092652  0.96816305 -0.25059806
46475.4  1.25000000  0.96816262  0.00093238  0.96816307 -0.25059799
46475.5  1.25000000  0.96816261  0.00094025  0.96816307 -0.25059797
46475.6  1.25000000  0.96816263  0.00094870  0.96816309 -0.25059796
46475.7  1.25000000  0.96816256  0.00095517  0.96816303 -0.25059807
46475.8  1.25000000  0.96816258  0.00095726  0.96816306 -0.25059813
46475.9  1.25000000  0.96816257  0.00095754  0.96816305 -0.25059821
46476.0  1.25000000  0.96816253  0.00095263  0.96816300 -0.25059832
46476.1  1.25000000  0.96816256  0.00094550  0.96816302 -0.25059834
46476.2  1.25000000  0.96816256  0.00093765  0.96816302 -0.25059834
46476.3  1.25000000  0.96816258  0.00093109  0.96816303 -0.25059830
46476.4  1.25000000  0.96816256  0.00092605  0.96816301 -0.25059825
46476.5  1.25000000  0.96816263  0.00092482  0.96816307 -0.25059812
46476.6  1.25000000  0.96816261  0.00092848  0.96816306 -0.25059806
46476.7  1.25000000  0.96816260  0.00093296  0.96816305 -0.25059802
46476.8  1.25000000  0.96816264  0.00094083  0.96816310 -0.25059796
46476.9  1.25000000  0.96816259  0.00094810  0.96816305 -0.25059802
46477.0  1.25000000  0.96816260  0.00095393  0.96816307 -0.25059805
46477.1  1.25000000  0.96816254  0.00095581  0.96816301 -0.25059816
46477.2  1.25000000  0.96816262  0.00095579  0.96816309 -0.25059818
46477.3  1.25000000  0.96816250  0.00095171  0.96816296 -0.25059834
46477.4  1.25000000  0.96816259  0.00094435  0.96816305 -0.25059830
46477.5  1.25000000  0.96816255  0.00093840  0.96816300 -0.25059834
46477.6  1.25000000  0.96816259  0.00093142  0.96816303 -0.25059828
46477.7  1.25000000  0.96816257  0.00092768  0.96816301 -0.25059824
46477.8  1.25000000  0.96816262  0.00092628  0.96816307 -0.25059812
46477.9  1.25000000  0.96816261  0.00092988  0.96816306 -0.25059806
46478.0  1.25000000  0.96816258  0.00093395  0.96816303 -0.25059804
46478.1  1.25000000  0.96816265  0.00094077  0.96816311 -0.25059796
46478.2  1.25000000  0.96816257  0.00094820  0.96816304 -0.25059804
46478.3  1.25000000  0.96816260  0.00095205  0.96816307 -0.25059806
46478.4  1.25000000  0.96816256  0.00095517  0.96816303 -0.25059815
46478.5  1.25000000  0.96816259  0.00095372  0.96816306 -0.25059820
46478.6  1.25000000  0.96816253  0.00095109  0.96816300 -0.25059830
46478.7  1.25000000  0.96816256  0.00094330  0.96816302 -0.25059831
46478.8  1.25000000  0.96816259  0.00093904  0.96816305 -0.25059829
46478.9  1.25000000  0.96816254  0.00093182  0.96816299 -0.25059830
46479.0  1.25000000  0.96816261  0.00092902  0.96816306 -0.25059819
46479.1  1.25000000  0.96816259  0.00092781  0.96816304 -0.25059815
46479.2  1.25000000  0.96816262  0.00093096  0.96816307 -0.25059806
46479.3  1.25000000  0.96816258  0.00093484  0.96816304 -0.25059805
46479.4  1.25000000  0.96816264  0.00094097  0.96816310 -0.25059799
46479.5  1.25000000  0.96816259  0.00094779  0.96816305 -0.25059804
46479.6  1.25000000  0.96816258  0.00095094  0.96816304 -0.25059809
46479.7  1.25000000  0.96816260  0.00095388  0.96816307 -0.25059813
46479.8  1.25000000  0.96816255  0.00095267  0.96816302 -0.25059823
46479.9  1.25000000  0.96816258  0.00094958  0.96816304 -0.25059826
46480.0  1.25000000  0.96816253  0.00094342  0.96816299 -0.25059832
46480.1  1.25000000  0.96816262  0.00093866  0.96816308 -0.25059825
46480.2  1.25000000  0.96816251  0.00093301  0.96816296 -0.25059831
46480.3  1.25000000  0.96816264  0.00092961  0.96816309 -0.25059816
46480.4  1.25000000  0.96816257  0.00092970  0.96816302 -0.25059816
46480.5  1.25000000  0.96816263  0.00093154  0.96816307 -0.25059806
46480.6  1.25000000  0.96816259  0.00093584  0.96816304 -0.25059806
46480.7  1.25000000  0.96816263  0.00094111  0.96816309 -0.25059801
46480.8  1.25000000  0.96816259  0.00094725  0.96816305 -0.25059805
46480.9  1.25000000  0.96816258  0.00095013  0.96816304 -0.25059810
46481.0  1.25000000  0.96816260  0.00095255  0.96816307 -0.25059813
46481.1  1.25000000  0.96816254  0.00095183  0.96816301 -0.25059823
46481.2  1.25000000  0.96816258  0.00094813  0.96816304 -0.25059825
46481.3  1.25000000  0.96816255  0.00094361  0.96816301 -0.25059830
46481.4  1.25000000  0.96816260  0.00093830  0.96816305 -0.25059826
46481.5  1.25000000  0.96816254  0.00093405  0.96816299 -0.25059828
46481.6  1.25000000  0.96816262  0.00093031  0.96816307 -0.25059818
46481.7  1.25000000  0.96816259  0.00093124  0.96816304 -0.25059815
46481.8  1.25000000  0.96816260  0.00093219  0.96816305 -0.25059809
46481.9  1.25000000  0.96816261  0.00093666  0.96816306 -0.25059805
46482.0  1.25000000  0.96816261  0.00094128  0.96816307 -0.25059804
46482.1  1.25000000  0.96816259  0.00094670  0.96816306 -0.25059806
46482.2  1.25000000  0.96816257  0.00094939  0.96816304 -0.25059811
46482.3  1.25000000  0.96816260  0.00095148  0.96816307 -0.25059813
46482.4  1.25000000  0.96816255  0.00095081  0.96816302 -0.25059822
46482.5  1.25000000  0.96816257  0.00094719  0.96816303 -0.25059825
46482.6  1.25000000  0.96816257  0.00094341  0.96816303 -0.25059827
46482.7  1.25000000  0.96816257  0.00093838  0.96816302 -0.25059827
46482.8  1.25000000  0.96816257  0.00093455  0.96816302 -0.25059825
46482.9  1.25000000  0.96816259  0.00093143  0.96816304 -0.25059819
46483.0  1.25000000  0.96816261  0.00093215  0.96816306 -0.25059813
46483.1  1.25000000  0.96816258  0.00093318  0.96816303 -0.25059811
46483.2  1.25000000  0.96816263  0.00093708  0.96816308 -0.25059804
46483.3  1.25000000  0.96816259  0.00094165  0.96816305 -0.25059806
46483.4  1.25000000  0.96816260  0.00094600  0.96816307 -0.25059806
46483.5  1.25000000  0.96816257  0.00094884  0.96816304 -0.25059812
46483.6  1.25000000  0.96816260  0.00095045  0.96816307 -0.25059814
46483.7  1.25000000  0.96816255  0.00094983  0.96816302 -0.25059822
46483.8  1.25000000  0.96816257  0.00094649  0.96816303 -0.25059824
46483.9  1.25000000  0.96816258  0.00094309  0.96816304 -0.25059825
46484.0  1.25000000  0.96816256  0.00093861  0.96816301 -0.25059827
46484.1  1.25000000  0.96816259  0.00093487  0.96816304 -0.25059823
46484.2  1.25000000  0.96816258  0.00093263  0.96816303 -0.25059819
46484.3  1.25000000  0.96816261  0.00093278  0.96816306 -0.25059813
46484.4  1.25000000  0.96816258  0.00093421  0.96816303 -0.25059812
46484.5  1.25000000  0.96816263  0.00093738  0.96816308 -0.25059805
46484.6  1.25000000  0.96816259  0.00094199  0.96816304 -0.25059807
46484.7  1.25000000  0.96816260  0.00094534  0.96816306 -0.25059807
46484.8  1.25000000  0.96816258  0.00094834  0.96816305 -0.25059811
46484.9  1.25000000  0.96816259  0.00094946  0.96816305 -0.25059815
46485.0  1.25000000  0.96816257  0.00094889  0.96816303 -0.25059820
46485.1  1.25000000  0.96816256  0.00094598  0.96816303 -0.25059824
46485.2  1.25000000  0.96816258  0.00094272  0.96816304 -0.25059824
46485.3  1.25000000  0.96816256  0.00093893  0.96816302 -0.25059826
46485.4  1.25000000  0.96816258  0.00093528  0.96816303 -0.25059822
46485.5  1.25000000  0.96816259  0.00093364  0.96816304 -0.25059818
46485.6  1.25000000  0.96816259  0.00093347  0.96816304 -0.25059814
46485.7  1.25000000  0.96816260  0.00093503  0.96816305 -0.25059810
46485.8  1.25000000  0.96816260  0.00093781  0.96816305 -0.25059808
46485.9  1.25000000  0.96816261  0.00094190  0.96816307 -0.25059806
46486.0  1.25000000  0.96816257  0.00094518  0.96816303 -0.25059811
46486.1  1.25000000  0.96816261  0.00094740  0.96816307 -0.25059810
46486.2  1.25000000  0.96816256  0.00094905  0.96816303 -0.25059817
46486.3  1.25000000  0.96816258  0.00094774  0.96816305 -0.25059819
46486.4  1.25000000  0.96816256  0.00094577  0.96816302 -0.25059824
46486.5  1.25000000  0.96816259  0.00094220  0.96816304 -0.25059823
46486.6  1.25000000  0.96816257  0.00093931  0.96816302 -0.25059825
46486.7  1.25000000  0.96816258  0.00093552  0.96816303 -0.25059822
46486.8  1.25000000  0.96816261  0.00093447  0.96816306 -0.25059817
46486.9  1.25000000  0.96816258  0.00093424  0.96816303 -0.25059815
46487.0  1.25000000  0.96816260  0.00093553  0.96816306 -0.25059810
46487.1  1.25000000  0.96816260  0.00093842  0.96816306 -0.25059808
46487.2  1.25000000  0.96816260  0.00094173  0.96816306 -0.25059808
46487.3  1.25000000  0.96816258  0.00094504  0.96816305 -0.25059810
46487.4  1.25000000  0.96816259  0.00094665  0.96816305 -0.25059812
46487.5  1.25000000  0.96816259  0.00094853  0.96816305 -0.25059815
46487.6  1.25000000  0.96816256  0.00094689  0.96816302 -0.25059821
46487.7  1.25000000  0.96816259  0.00094532  0.96816305 -0.25059821
46487.8  1.25000000  0.96816256  0.00094209  0.96816302 -0.25059825
46487.9  1.25000000  0.96816259  0.00093927  0.96816304 -0.25059822
46488.0  1.25000000  0.96816256  0.00093612  0.96816301 -0.25059823
46488.1  1.25000000  0.96816262  0.00093502  0.96816307 -0.25059816
46488.2  1.25000000  0.96816257  0.00093500  0.96816302 -0.25059816
46488.3  1.25000000  0.96816261  0.00093601  0.96816306 -0.25059810
46488.4  1.25000000  0.96816260  0.00093886  0.96816306 -0.25059809
46488.5  1.25000000  0.96816259  0.00094178  0.96816305 -0.25059809
46488.6  1.25000000  0.96816259  0.00094458  0.96816305 -0.25059810
46488.7  1.25000000  0.96816258  0.00094640  0.96816304 -0.25059813
46488.8  1.25000000  0.96816259  0.00094759  0.96816306 -0.25059815
46488.9  1.25000000  0.96816255  0.00094652  0.96816301 -0.25059821
46489.0  1.25000000  0.96816260  0.00094460  0.96816306 -0.25059820
46489.1  1.25000000  0.96816256  0.00094226  0.96816302 -0.25059824
46489.2  1.25000000  0.96816259  0.00093901  0.96816304 -0.25059822
46489.3  1.25000000  0.96816257  0.00093684  0.96816302 -0.25059822
46489.4  1.25000000  0.96816261  0.00093539  0.96816306 -0.25059816
46489.5  1.25000000  0.96816258  0.00093574  0.96816303 -0.25059816
46489.6  1.25000000  0.96816260  0.00093642  0.96816306 -0.25059811
46489.7  1.25000000  0.96816260  0.00093927  0.96816306 -0.25059809
46489.8  1.25000000  0.96816259  0.00094177  0.96816305 -0.25059810
46489.9  1.25000000  0.96816259  0.00094424  0.96816306 -0.25059810
46490.0  1.25000000  0.96816258  0.00094609  0.96816305 -0.25059813
46490.1  1.25000000  0.96816259  0.00094683  0.96816305 -0.25059816
46490.2  1.25000000  0.96816256  0.00094606  0.96816303 -0.25059820
46490.3  1.25000000  0.96816259  0.00094412  0.96816305 -0.25059820
46490.4  1.25000000  0.96816257  0.00094219  0.96816303 -0.25059823
46490.5  1.25000000  0.96816257  0.00093901  0.96816303 -0.25059822
46490.6  1.25000000  0.96816259  0.00093731  0.96816304 -0.25059820
46490.7  1.25000000  0.96816259  0.00093592  0.96816304 -0.25059817
46490.8  1.25000000  0.96816259  0.00093624  0.96816304 -0.25059815
46490.9  1.25000000  0.96816259  0.00093696  0.96816305 -0.25059812
46491.0  1.25000000  0.96816261  0.00093953  0.96816306 -0.25059810
46491.1  1.25000000  0.96816258  0.00094178  0.96816304 -0.25059811
46491.2  1.25000000  0.96816260  0.00094395  0.96816306 -0.25059811
46491.3  1.25000000  0.96816258  0.00094574  0.96816305 -0.25059813
46491.4  1.25000000  0.96816258  0.00094622  0.96816304 -0.25059816
46491.5  1.25000000  0.96816257  0.00094554  0.96816303 -0.25059819
46491.6  1.25000000  0.96816258  0.00094386  0.96816304 -0.25059820
46491.7  1.25000000  0.96816258  0.00094195  0.96816304 -0.25059821
46491.8  1.25000000  0.96816257  0.00093921  0.96816302 -0.25059822
46491.9  1.25000000  0.96816260  0.00093756  0.96816305 -0.25059818
46492.0  1.25000000  0.96816258  0.00093655  0.96816303 -0.25059818
46492.1  1.25000000  0.96816260  0.00093655  0.96816305 -0.25059814
46492.2  1.25000000  0.96816259  0.00093757  0.96816304 -0.25059813
46492.3  1.25000000  0.96816261  0.00093964  0.96816306 -0.25059810
46492.4  1.25000000  0.96816258  0.00094184  0.96816304 -0.25059812
46492.5  1.25000000  0.96816260  0.00094367  0.96816306 -0.25059811
46492.6  1.25000000  0.96816258  0.00094539  0.96816305 -0.25059814
46492.7  1.25000000  0.96816258  0.00094567  0.96816304 -0.25059816
46492.8  1.25000000  0.96816258  0.00094507  0.96816304 -0.25059819
46492.9  1.25000000  0.96816258  0.00094362  0.96816304 -0.25059820
46493.0  1.25000000  0.96816258  0.00094171  0.96816304 -0.25059821
46493.1  1.25000000  0.96816257  0.00093945  0.96816303 -0.25059821
46493.2  1.25000000  0.96816259  0.00093776  0.96816305 -0.25059818
46493.3  1.25000000  0.96816258  0.00093715  0.96816304 -0.25059818
46493.4  1.25000000  0.96816259  0.00093682  0.96816304 -0.25059815
46493.5  1.25000000  0.96816260  0.00093813  0.96816305 -0.25059812
46493.6  1.25000000  0.96816259  0.00093973  0.96816305 -0.25059811
46493.7  1.25000000  0.96816259  0.00094190  0.96816305 -0.25059811
46493.8  1.25000000  0.96816259  0.00094341  0.96816304 -0.25059812
46493.9  1.25000000  0.96816260  0.00094508  0.96816306 -0.25059813
46494.0  1.25000000  0.96816257  0.00094522  0.96816303 -0.25059817
46494.1  1.25000000  0.96816259  0.00094463  0.96816305 -0.25059817
46494.2  1.25000000  0.96816257  0.00094342  0.96816303 -0.25059820
46494.3  1.25000000  0.96816258  0.00094154  0.96816304 -0.25059821
46494.4  1.25000000  0.96816258  0.00093958  0.96816303 -0.25059820
46494.5  1.25000000  0.96816259  0.00093805  0.96816304 -0.25059819
46494.6  1.25000000  0.96816259  0.00093752  0.96816304 -0.25059817
46494.7  1.25000000  0.96816258  0.00093725  0.96816304 -0.25059815
46494.8  1.25000000  0.96816261  0.00093841  0.96816306 -0.25059812
46494.9  1.25000000  0.96816258  0.00094004  0.96816304 -0.25059813
46495.0  1.25000000  0.96816260  0.00094169  0.96816306 -0.25059811
46495.1  1.25000000  0.96816258  0.00094344  0.96816304 -0.25059813
46495.2  1.25000000  0.96816260  0.00094455  0.96816306 -0.25059813
46495.3  1.25000000  0.96816257  0.00094496  0.96816303 -0.25059818
46495.4  1.25000000  0.96816259  0.00094413  0.96816305 -0.25059817
46495.5  1.25000000  0.96816257  0.00094330  0.96816303 -0.25059820
46495.6  1.25000000  0.96816258  0.00094134  0.96816304 -0.25059820
46495.7  1.25000000  0.96816258  0.00093972  0.96816304 -0.25059820
46495.8  1.25000000  0.96816259  0.00093837  0.96816304 -0.25059818
46495.9  1.25000000  0.96816259  0.00093779  0.96816304 -0.25059817
46496.0  1.25000000  0.96816259  0.00093769  0.96816304 -0.25059815
46496.1  1.25000000  0.96816260  0.00093867  0.96816306 -0.25059812
46496.2  1.25000000  0.96816259  0.00094026  0.96816304 -0.25059813
46496.3  1.25000000  0.96816259  0.00094159  0.96816305 -0.25059812
46496.4  1.25000000  0.96816259  0.00094336  0.96816305 -0.25059813
46496.5  1.25000000  0.96816259  0.00094419  0.96816305 -0.25059814
46496.6  1.25000000  0.96816258  0.00094461  0.96816304 -0.25059817
46496.7  1.25000000  0.96816258  0.00094382  0.96816304 -0.25059818
46496.8  1.25000000  0.96816258  0.00094307  0.96816304 -0.25059819
46496.9  1.25000000  0.96816257  0.00094126  0.96816303 -0.25059820
46497.0  1.25000000  0.96816259  0.00093981  0.96816304 -0.25059819
46497.1  1.25000000  0.96816258  0.00093867  0.96816304 -0.25059818
46497.2  1.25000000  0.96816259  0.00093805  0.96816304 -0.25059817
46497.3  1.25000000  0.96816259  0.00093807  0.96816304 -0.25059815
46497.4  1.25000000  0.96816260  0.00093896  0.96816305 -0.25059813
46497.5  1.25000000  0.96816259  0.00094036  0.96816304 -0.25059813
46497.6  1.25000000  0.96816259  0.00094160  0.96816305 -0.25059813
46497.7  1.25000000  0.96816259  0.00094316  0.96816305 -0.25059813
46497.8  1.25000000  0.96816258  0.00094396  0.96816304 -0.25059815
46497.9  1.25000000  0.96816259  0.00094418  0.96816305 -0.25059816
46498.0  1.25000000  0.96816258  0.00094366  0.96816304 -0.25059818
46498.1  1.25000000  0.96816259  0.00094277  0.96816304 -0.25059819
46498.2  1.25000000  0.96816257  0.00094126  0.96816303 -0.25059820
46498.3  1.25000000  0.96816259  0.00093985  0.96816305 -0.25059818
46498.4  1.25000000  0.96816258  0.00093895  0.96816304 -0.25059818
46498.5  1.25000000  0.96816259  0.00093826  0.96816304 -0.25059816
46498.6  1.25000000  0.96816259  0.00093843  0.96816304 -0.25059815
46498.7  1.25000000  0.96816259  0.00093921  0.96816305 -0.25059813
46498.8  1.25000000  0.96816259  0.00094044  0.96816305 -0.25059813
46498.9  1.25000000  0.96816259  0.00094163  0.96816305 -0.25059813
46499.0  1.25000000  0.96816259  0.00094298  0.96816305 -0.25059813
46499.1  1.25000000  0.96816258  0.00094375  0.96816304 -0.25059815
46499.2  1.25000000  0.96816259  0.00094381  0.96816305 -0.25059816
46499.3  1.25000000  0.96816258  0.00094349  0.96816304 -0.25059818
46499.4  1.25000000  0.96816258  0.00094251  0.96816304 -0.25059819
46499.5  1.25000000  0.96816258  0.00094126  0.96816303 -0.25059819
46499.6  1.25000000  0.96816259  0.00093992  0.96816304 -0.25059818
46499.7  1.25000000  0.96816258  0.00093918  0.96816304 -0.25059818
46499.8  1.25000000  0.96816259  0.00093849  0.96816304 -0.25059817
46499.9  1.25000000  0.96816259  0.00093873  0.96816305 -0.25059815
46500.0  1.25000000  0.96816259  0.00093943  0.96816305 -0.25059814
46500.1  1.25000000  0.96816259  0.00094051  0.96816305 -0.25059813
46500.2  1.25000000  0.96816259  0.00094165  0.96816305 -0.25059813
46500.3  1.25000000  0.96816259  0.00094283  0.96816305 -0.25059814
46500.4  1.25000000  0.96816258  0.00094351  0.96816304 -0.25059815
46500.5  1.25000000  0.96816258  0.00094354  0.96816304 -0.25059816
46500.6  1.25000000  0.96816258  0.00094328  0.96816304 -0.25059817
46500.7  1.25000000  0.96816258  0.00094233  0.96816304 -0.25059819
46500.8  1.25000000  0.96816258  0.00094120  0.96816304 -0.25059819
46500.9  1.25000000  0.96816258  0.00094005  0.96816304 -0.25059818
46501.0  1.25000000  0.96816259  0.00093932  0.96816304 -0.25059817
46501.1  1.25000000  0.96816258  0.00093875  0.96816304 -0.25059817
46501.2  1.25000000  0.96816259  0.00093897  0.96816305 -0.25059815
46501.3  1.25000000  0.96816259  0.00093964  0.96816304 -0.25059814
46501.4  1.25000000  0.96816259  0.00094056  0.96816305 -0.25059813
46501.5  1.25000000  0.96816259  0.00094166  0.96816305 -0.25059813
46501.6  1.25000000  0.96816259  0.00094265  0.96816305 -0.25059814
46501.7  1.25000000  0.96816258  0.00094325  0.96816304 -0.25059815
46501.8  1.25000000  0.96816258  0.00094330  0.96816304 -0.25059816
46501.9  1.25000000  0.96816258  0.00094299  0.96816304 -0.25059817
46502.0  1.25000000  0.96816258  0.00094225  0.96816304 -0.25059818
46502.1  1.25000000  0.96816258  0.00094122  0.96816304 -0.25059819
46502.2  1.25000000  0.96816258  0.00094023  0.96816304 -0.25059818
46502.3  1.25000000  0.96816259  0.00093951  0.96816304 -0.25059817
46502.4  1.25000000  0.96816259  0.00093913  0.96816304 -0.25059816
46502.5  1.25000000  0.96816259  0.00093917  0.96816304 -0.25059815
46502.6  1.25000000  0.96816259  0.00093965  0.96816305 -0.25059814
46502.7  1.25000000  0.96816259  0.00094046  0.96816305 -0.25059814
46502.8  1.25000000  0.96816259  0.00094140  0.96816305 -0.25059814
46502.9  1.25000000  0.96816259  0.00094228  0.96816305 -0.25059814
46503.0  1.25000000  0.96816259  0.00094291  0.96816304 -0.25059815
46503.1  1.25000000  0.96816258  0.00094316  0.96816304 -0.25059816
46503.2  1.25000000  0.96816258  0.00094296  0.96816304 -0.25059817
46503.3  1.25000000  0.96816258  0.00094234  0.96816304 -0.25059818
46503.4  1.25000000  0.96816258  0.00094143  0.96816304 -0.25059818
46503.5  1.25000000  0.96816258  0.00094047  0.96816304 -0.25059818
46503.6  1.25000000  0.96816259  0.00093968  0.96816304 -0.25059817
46503.7  1.25000000  0.96816259  0.00093925  0.96816304 -0.25059817
46503.8  1.25000000  0.96816259  0.00093925  0.96816304 -0.25059815
46503.9  1.25000000  0.96816259  0.00093969  0.96816305 -0.25059814
46504.0  1.25000000  0.96816259  0.00094048  0.96816305 -0.25059814
46504.1  1.25000000  0.96816259  0.00094143  0.96816305 -0.25059814
