 # AA:        219117.46418138818     
 # FLEGG:     179224.99817922857     
 # AF0:     -5.33308614247767210E-002
 # CPAR:      555.55779854881382     
 # Diff:     0.12463198212018202     
 # TF:       4.89897948556635358E-007
 # H:         284.00000000000000     
 # GRAD:     0.10000000000000001     
 # HR:       3.00000000000000006E-003
 # LP:       0.23504002911195335     
 # TIME  LP  TMAB  TMDS  TMPC  TMZ
19147.9  1.25000000  0.96799265  0.00221135  0.96799518 -0.25126140
19148.0  1.25000000  0.96799465  0.00129285  0.96799551 -0.25126006
19148.1  1.25000000  0.96799780 -0.00055874  0.96799796 -0.25124914
19148.2  1.25000000  0.96799986 -0.00207106  0.96800208 -0.25122888
19148.3  1.25000000  0.96800296 -0.00306543  0.96800782 -0.25120152
19148.4  1.25000000  0.96800828 -0.00342579  0.96801434 -0.25117064
19148.5  1.25000000  0.96801570 -0.00311785  0.96802072 -0.25114018
19148.6  1.25000000  0.96802359 -0.00219424  0.96802607 -0.25111396
19148.7  1.25000000  0.96802988 -0.00077718  0.96803020 -0.25109476
19148.8  1.25000000  0.96803176  0.00095434  0.96803223 -0.25108515
19148.9  1.25000000  0.96802792  0.00277751  0.96803191 -0.25108619
19149.0  1.25000000  0.96801932  0.00446733  0.96802963 -0.25109733
19149.1  1.25000000  0.96800803  0.00581970  0.96802552 -0.25111719
19149.2  1.25000000  0.96799706  0.00667309  0.96802006 -0.25114321
19149.3  1.25000000  0.96798909  0.00692745  0.96801388 -0.25117215
19149.4  1.25000000  0.96798590  0.00656328  0.96800815 -0.25120005
19149.5  1.25000000  0.96798667  0.00563788  0.96800309 -0.25122387
19149.6  1.25000000  0.96799008  0.00427028  0.96799950 -0.25124059
19149.7  1.25000000  0.96799438  0.00263956  0.96799798 -0.25124814
19149.8  1.25000000  0.96799801  0.00095189  0.96799848 -0.25124591
19149.9  1.25000000  0.96800067 -0.00058572  0.96800085 -0.25123438
19150.0  1.25000000  0.96800335 -0.00178685  0.96800500 -0.25121496
19150.1  1.25000000  0.96800703 -0.00250634  0.96801027 -0.25119025
19150.2  1.25000000  0.96801212 -0.00266683  0.96801579 -0.25116356
19150.3  1.25000000  0.96801858 -0.00225838  0.96802122 -0.25113791
19150.4  1.25000000  0.96802480 -0.00133798  0.96802572 -0.25111657
19150.5  1.25000000  0.96802868 -0.00002925  0.96802868 -0.25110216
19150.6  1.25000000  0.96802869  0.00149948  0.96802985 -0.25109628
19150.7  1.25000000  0.96802439  0.00305743  0.96802922 -0.25109941
19150.8  1.25000000  0.96801650  0.00445378  0.96802675 -0.25111116
19150.9  1.25000000  0.96800698  0.00551626  0.96802269 -0.25113000
19151.0  1.25000000  0.96799852  0.00612018  0.96801786 -0.25115326
19151.1  1.25000000  0.96799279  0.00620058  0.96801265 -0.25117816
19151.2  1.25000000  0.96799058  0.00575446  0.96800769 -0.25120164
19151.3  1.25000000  0.96799157  0.00484525  0.96800370 -0.25122071
19151.4  1.25000000  0.96799452  0.00359470  0.96800119 -0.25123307
19151.5  1.25000000  0.96799784  0.00216241  0.96800025 -0.25123749
19151.6  1.25000000  0.96800085  0.00072595  0.96800112 -0.25123342
19151.7  1.25000000  0.96800357 -0.00053528  0.96800372 -0.25122148
19151.8  1.25000000  0.96800636 -0.00146973  0.96800747 -0.25120344
19151.9  1.25000000  0.96801005 -0.00196959  0.96801206 -0.25118151
19152.0  1.25000000  0.96801490 -0.00197932  0.96801692 -0.25115842
19152.1  1.25000000  0.96802020 -0.00150566  0.96802137 -0.25113710
19152.2  1.25000000  0.96802463 -0.00061642  0.96802483 -0.25112018
19152.3  1.25000000  0.96802690  0.00057232  0.96802707 -0.25110951
19152.4  1.25000000  0.96802584  0.00191114  0.96802773 -0.25110640
19152.5  1.25000000  0.96802129  0.00323118  0.96802668 -0.25111118
19152.6  1.25000000  0.96801434  0.00436997  0.96802421 -0.25112300
19152.7  1.25000000  0.96800670  0.00519143  0.96802062 -0.25114033
19152.8  1.25000000  0.96800009  0.00559946  0.96801629 -0.25116101
19152.9  1.25000000  0.96799587  0.00554917  0.96801178 -0.25118241
19153.0  1.25000000  0.96799457  0.00505529  0.96800777 -0.25120178
19153.1  1.25000000  0.96799554  0.00418696  0.96800460 -0.25121689
19153.2  1.25000000  0.96799784  0.00305576  0.96800267 -0.25122593
19153.3  1.25000000  0.96800062  0.00180630  0.96800231 -0.25122779
19153.4  1.25000000  0.96800325  0.00059528  0.96800343 -0.25122246
19153.5  1.25000000  0.96800577 -0.00042997  0.96800586 -0.25121074
19153.6  1.25000000  0.96800869 -0.00114641  0.96800937 -0.25119409
19153.7  1.25000000  0.96801235 -0.00147005  0.96801347 -0.25117468
19153.8  1.25000000  0.96801659 -0.00136859  0.96801756 -0.25115501
19153.9  1.25000000  0.96802087 -0.00086191  0.96802125 -0.25113741
19154.0  1.25000000  0.96802409 -0.00001790  0.96802409 -0.25112402
19154.1  1.25000000  0.96802507  0.00105361  0.96802564 -0.25111650
19154.2  1.25000000  0.96802327  0.00221572  0.96802581 -0.25111561
19154.3  1.25000000  0.96801892  0.00332490  0.96802463 -0.25112133
19154.4  1.25000000  0.96801290  0.00424597  0.96802221 -0.25113290
19154.5  1.25000000  0.96800658  0.00486735  0.96801882 -0.25114884
19154.6  1.25000000  0.96800149  0.00511741  0.96801502 -0.25116699
19154.7  1.25000000  0.96799845  0.00497264  0.96801122 -0.25118516
19154.8  1.25000000  0.96799757  0.00445648  0.96800783 -0.25120113
19154.9  1.25000000  0.96799853  0.00363849  0.96800536 -0.25121290
19155.0  1.25000000  0.96800054  0.00262553  0.96800410 -0.25121909
19155.1  1.25000000  0.96800287  0.00154558  0.96800410 -0.25121910
19155.2  1.25000000  0.96800523  0.00053185  0.96800538 -0.25121300
19155.3  1.25000000  0.96800780 -0.00029103  0.96800784 -0.25120158
19155.4  1.25000000  0.96801066 -0.00082454  0.96801102 -0.25118646
19155.5  1.25000000  0.96801403 -0.00100943  0.96801455 -0.25116951
19155.6  1.25000000  0.96801773 -0.00082772  0.96801809 -0.25115279
19155.7  1.25000000  0.96802104 -0.00030785  0.96802109 -0.25113843
19155.8  1.25000000  0.96802308  0.00047989  0.96802320 -0.25112815
19155.9  1.25000000  0.96802317  0.00143373  0.96802423 -0.25112311
19156.0  1.25000000  0.96802104  0.00243479  0.96802410 -0.25112382
19156.1  1.25000000  0.96801688  0.00335832  0.96802271 -0.25113021
19156.2  1.25000000  0.96801174  0.00409114  0.96802038 -0.25114128
19156.3  1.25000000  0.96800671  0.00454734  0.96801739 -0.25115563
19156.4  1.25000000  0.96800278  0.00467508  0.96801407 -0.25117147
19156.5  1.25000000  0.96800055  0.00446350  0.96801084 -0.25118681
19156.6  1.25000000  0.96800013  0.00394457  0.96800817 -0.25119972
19156.7  1.25000000  0.96800107  0.00318824  0.96800632 -0.25120868
19156.8  1.25000000  0.96800274  0.00229055  0.96800545 -0.25121271
19156.9  1.25000000  0.96800483  0.00136467  0.96800579 -0.25121128
19157.0  1.25000000  0.96800702  0.00052603  0.96800717 -0.25120476
19157.1  1.25000000  0.96800940 -0.00012472  0.96800941 -0.25119402
19157.2  1.25000000  0.96801212 -0.00051050  0.96801225 -0.25118042
19157.3  1.25000000  0.96801518 -0.00058785  0.96801536 -0.25116568
19157.4  1.25000000  0.96801820 -0.00035250  0.96801826 -0.25115169
19157.5  1.25000000  0.96802065  0.00016048  0.96802066 -0.25114012
19157.6  1.25000000  0.96802192  0.00088444  0.96802232 -0.25113231
19157.7  1.25000000  0.96802141  0.00172660  0.96802294 -0.25112924
19157.8  1.25000000  0.96801909  0.00258072  0.96802253 -0.25113117
19157.9  1.25000000  0.96801539  0.00334184  0.96802116 -0.25113776
19158.0  1.25000000  0.96801107  0.00391809  0.96801900 -0.25114815
19158.1  1.25000000  0.96800699  0.00424106  0.96801628 -0.25116103
19158.2  1.25000000  0.96800398  0.00427478  0.96801342 -0.25117471
19158.3  1.25000000  0.96800240  0.00402084  0.96801076 -0.25118749
19158.4  1.25000000  0.96800217  0.00351472  0.96800855 -0.25119789
19158.5  1.25000000  0.96800303  0.00282277  0.96800715 -0.25120458
19158.6  1.25000000  0.96800455  0.00203398  0.96800669 -0.25120682
19158.7  1.25000000  0.96800639  0.00124707  0.96800719 -0.25120444
19158.8  1.25000000  0.96800841  0.00055841  0.96800857 -0.25119780
19158.9  1.25000000  0.96801071  0.00005158  0.96801071 -0.25118775
19159.0  1.25000000  0.96801323 -0.00021381  0.96801325 -0.25117564
19159.1  1.25000000  0.96801588 -0.00020990  0.96801590 -0.25116298
19159.2  1.25000000  0.96801836  0.00005870  0.96801836 -0.25115131
19159.3  1.25000000  0.96802014  0.00055477  0.96802030 -0.25114207
19159.4  1.25000000  0.96802072  0.00121304  0.96802148 -0.25113638
19159.5  1.25000000  0.96801983  0.00194963  0.96802179 -0.25113484
19159.6  1.25000000  0.96801753  0.00267304  0.96802122 -0.25113758
19159.7  1.25000000  0.96801420  0.00329419  0.96801981 -0.25114423
19159.8  1.25000000  0.96801055  0.00373780  0.96801777 -0.25115386
19159.9  1.25000000  0.96800732  0.00395270  0.96801539 -0.25116524
19160.0  1.25000000  0.96800500  0.00391618  0.96801292 -0.25117697
19160.1  1.25000000  0.96800386  0.00363661  0.96801069 -0.25118758
19160.2  1.25000000  0.96800385  0.00315266  0.96800899 -0.25119576
19160.3  1.25000000  0.96800470  0.00252782  0.96800800 -0.25120056
19160.4  1.25000000  0.96800605  0.00184098  0.96800780 -0.25120147
19160.5  1.25000000  0.96800775  0.00117781  0.96800847 -0.25119840
19160.6  1.25000000  0.96800967  0.00062002  0.96800987 -0.25119182
19160.7  1.25000000  0.96801177  0.00023408  0.96801180 -0.25118262
19160.8  1.25000000  0.96801404  0.00006450  0.96801404 -0.25117194
19160.9  1.25000000  0.96801630  0.00012881  0.96801631 -0.25116113
19161.0  1.25000000  0.96801822  0.00041508  0.96801831 -0.25115154
19161.1  1.25000000  0.96801940  0.00088400  0.96801980 -0.25114432
19161.2  1.25000000  0.96801952  0.00147515  0.96802064 -0.25114029
19161.3  1.25000000  0.96801840  0.00211382  0.96802070 -0.25113994
19161.4  1.25000000  0.96801618  0.00272022  0.96802000 -0.25114323
19161.5  1.25000000  0.96801329  0.00322039  0.96801865 -0.25114968
19161.6  1.25000000  0.96801029  0.00355470  0.96801681 -0.25115847
19161.7  1.25000000  0.96800770  0.00368452  0.96801471 -0.25116847
19161.8  1.25000000  0.96800595  0.00359711  0.96801263 -0.25117842
19161.9  1.25000000  0.96800518  0.00330725  0.96801083 -0.25118709
19162.0  1.25000000  0.96800529  0.00285386  0.96800949 -0.25119346
19162.1  1.25000000  0.96800608  0.00229534  0.96800880 -0.25119676
19162.2  1.25000000  0.96800735  0.00170253  0.96800884 -0.25119664
19162.3  1.25000000  0.96800889  0.00114899  0.96800957 -0.25119318
19162.4  1.25000000  0.96801063  0.00070196  0.96801089 -0.25118686
19162.5  1.25000000  0.96801256  0.00041485  0.96801265 -0.25117849
19162.6  1.25000000  0.96801455  0.00032046  0.96801460 -0.25116916
19162.7  1.25000000  0.96801641  0.00042676  0.96801651 -0.25116003
19162.8  1.25000000  0.96801788  0.00071726  0.96801815 -0.25115220
19162.9  1.25000000  0.96801863  0.00115378  0.96801932 -0.25114663
19163.0  1.25000000  0.96801841  0.00167980  0.96801987 -0.25114396
19163.1  1.25000000  0.96801719  0.00222904  0.96801976 -0.25114448
19163.2  1.25000000  0.96801516  0.00273362  0.96801902 -0.25114805
19163.3  1.25000000  0.96801265  0.00313218  0.96801772 -0.25115422
19163.4  1.25000000  0.96801015  0.00337697  0.96801604 -0.25116216
19163.5  1.25000000  0.96800812  0.00344066  0.96801423 -0.25117086
19163.6  1.25000000  0.96800678  0.00331854  0.96801247 -0.25117925
19163.7  1.25000000  0.96800624  0.00302841  0.96801098 -0.25118630
19163.8  1.25000000  0.96800645  0.00260897  0.96800997 -0.25119114
19163.9  1.25000000  0.96800723  0.00211431  0.96800954 -0.25119323
19164.0  1.25000000  0.96800838  0.00160645  0.96800971 -0.25119237
19164.1  1.25000000  0.96800981  0.00114796  0.96801049 -0.25118869
19164.2  1.25000000  0.96801144  0.00079497  0.96801177 -0.25118270
19164.3  1.25000000  0.96801316  0.00058886  0.96801333 -0.25117520
19164.4  1.25000000  0.96801488  0.00055238  0.96801504 -0.25116711
19164.5  1.25000000  0.96801641  0.00068752  0.96801665 -0.25115944
19164.6  1.25000000  0.96801748  0.00097460  0.96801797 -0.25115313
19164.7  1.25000000  0.96801785  0.00137562  0.96801883 -0.25114895
19164.8  1.25000000  0.96801742  0.00183929  0.96801917 -0.25114735
19164.9  1.25000000  0.96801617  0.00230783  0.96801892 -0.25114851
19165.0  1.25000000  0.96801429  0.00272297  0.96801812 -0.25115223
19165.1  1.25000000  0.96801216  0.00303467  0.96801691 -0.25115801
19165.2  1.25000000  0.96801012  0.00320639  0.96801543 -0.25116509
19165.3  1.25000000  0.96800849  0.00321921  0.96801385 -0.25117261
19165.4  1.25000000  0.96800750  0.00307407  0.96801238 -0.25117961
19165.5  1.25000000  0.96800719  0.00279174  0.96801121 -0.25118523
19165.6  1.25000000  0.96800746  0.00240933  0.96801046 -0.25118882
19165.7  1.25000000  0.96800821  0.00197532  0.96801023 -0.25118997
19165.8  1.25000000  0.96800931  0.00154434  0.96801054 -0.25118856
19165.9  1.25000000  0.96801061  0.00116936  0.96801132 -0.25118484
19166.0  1.25000000  0.96801207  0.00089545  0.96801248 -0.25117928
19166.1  1.25000000  0.96801359  0.00075465  0.96801389 -0.25117261
19166.2  1.25000000  0.96801504  0.00076224  0.96801535 -0.25116565
19166.3  1.25000000  0.96801623  0.00091457  0.96801666 -0.25115930
19166.4  1.25000000  0.96801698  0.00119044  0.96801771 -0.25115429
19166.5  1.25000000  0.96801710  0.00155409  0.96801835 -0.25115123
19166.6  1.25000000  0.96801652  0.00195909  0.96801850 -0.25115047
19166.7  1.25000000  0.96801530  0.00235486  0.96801816 -0.25115206
19166.8  1.25000000  0.96801365  0.00269294  0.96801739 -0.25115576
19166.9  1.25000000  0.96801183  0.00293270  0.96801627 -0.25116110
19167.0  1.25000000  0.96801016  0.00304603  0.96801495 -0.25116737
19167.1  1.25000000  0.96800890  0.00302121  0.96801362 -0.25117379
19167.2  1.25000000  0.96800817  0.00286369  0.96801240 -0.25117958
19167.3  1.25000000  0.96800799  0.00259493  0.96801147 -0.25118402
19167.4  1.25000000  0.96800832  0.00224999  0.96801094 -0.25118659
19167.5  1.25000000  0.96800904  0.00187260  0.96801085 -0.25118701
19167.6  1.25000000  0.96801004  0.00150976  0.96801121 -0.25118527
19167.7  1.25000000  0.96801123  0.00120582  0.96801198 -0.25118160
19167.8  1.25000000  0.96801255  0.00099743  0.96801306 -0.25117650
19167.9  1.25000000  0.96801386  0.00090855  0.96801429 -0.25117062
19168.0  1.25000000  0.96801507  0.00094801  0.96801553 -0.25116470
19168.1  1.25000000  0.96801600  0.00110897  0.96801663 -0.25115945
19168.2  1.25000000  0.96801649  0.00136959  0.96801746 -0.25115553
19168.3  1.25000000  0.96801641  0.00169600  0.96801790 -0.25115340
19168.4  1.25000000  0.96801576  0.00204695  0.96801793 -0.25115327
19168.5  1.25000000  0.96801461  0.00237895  0.96801753 -0.25115513
19168.6  1.25000000  0.96801314  0.00265125  0.96801677 -0.25115874
19168.7  1.25000000  0.96801161  0.00283126  0.96801575 -0.25116361
19168.8  1.25000000  0.96801025  0.00289853  0.96801459 -0.25116911
19168.9  1.25000000  0.96800926  0.00284651  0.96801344 -0.25117457
19169.0  1.25000000  0.96800873  0.00268359  0.96801245 -0.25117930
19169.1  1.25000000  0.96800868  0.00243174  0.96801173 -0.25118274
19169.2  1.25000000  0.96800904  0.00212356  0.96801137 -0.25118449
19169.3  1.25000000  0.96800973  0.00179777  0.96801140 -0.25118437
19169.4  1.25000000  0.96801067  0.00149484  0.96801182 -0.25118240
19169.5  1.25000000  0.96801176  0.00125187  0.96801257 -0.25117887
19169.6  1.25000000  0.96801291  0.00109753  0.96801353 -0.25117425
19169.7  1.25000000  0.96801405  0.00104945  0.96801462 -0.25116911
19169.8  1.25000000  0.96801503  0.00111185  0.96801567 -0.25116410
19169.9  1.25000000  0.96801572  0.00127516  0.96801656 -0.25115983
19170.0  1.25000000  0.96801599  0.00151745  0.96801718 -0.25115683
19170.1  1.25000000  0.96801579  0.00180768  0.96801748 -0.25115542
19170.2  1.25000000  0.96801509  0.00210942  0.96801739 -0.25115577
19170.3  1.25000000  0.96801402  0.00238500  0.96801696 -0.25115780
19170.4  1.25000000  0.96801275  0.00260118  0.96801624 -0.25116123
19170.5  1.25000000  0.96801147  0.00273231  0.96801532 -0.25116562
19170.6  1.25000000  0.96801037  0.00276356  0.96801432 -0.25117040
19170.7  1.25000000  0.96800961  0.00269275  0.96801335 -0.25117500
19170.8  1.25000000  0.96800926  0.00253042  0.96801257 -0.25117882
19170.9  1.25000000  0.96800928  0.00229811  0.96801201 -0.25118144
19171.0  1.25000000  0.96800967  0.00202535  0.96801179 -0.25118253
19171.1  1.25000000  0.96801033  0.00174676  0.96801191 -0.25118200
19171.2  1.25000000  0.96801118  0.00149653  0.96801234 -0.25117993
19171.3  1.25000000  0.96801216  0.00130502  0.96801304 -0.25117661
19171.4  1.25000000  0.96801317  0.00119479  0.96801391 -0.25117246
19171.5  1.25000000  0.96801412  0.00117822  0.96801484 -0.25116801
19171.6  1.25000000  0.96801490  0.00125554  0.96801571 -0.25116382
19171.7  1.25000000  0.96801540  0.00141577  0.96801643 -0.25116039
19171.8  1.25000000  0.96801552  0.00163792  0.96801691 -0.25115813
19171.9  1.25000000  0.96801522  0.00189341  0.96801707 -0.25115731
19172.0  1.25000000  0.96801454  0.00215030  0.96801693 -0.25115800
19172.1  1.25000000  0.96801357  0.00237697  0.96801649 -0.25116008
19172.2  1.25000000  0.96801247  0.00254605  0.96801582 -0.25116329
19172.3  1.25000000  0.96801140  0.00263747  0.96801499 -0.25116721
19172.4  1.25000000  0.96801053  0.00264145  0.96801414 -0.25117133
19172.5  1.25000000  0.96800995  0.00255896  0.96801333 -0.25117516
19172.6  1.25000000  0.96800971  0.00240143  0.96801269 -0.25117822
19172.7  1.25000000  0.96800981  0.00218969  0.96801228 -0.25118015
19172.8  1.25000000  0.96801020  0.00195069  0.96801216 -0.25118073
19172.9  1.25000000  0.96801081  0.00171430  0.96801233 -0.25117992
19173.0  1.25000000  0.96801160  0.00150953  0.96801278 -0.25117783
19173.1  1.25000000  0.96801247  0.00136125  0.96801343 -0.25117474
19173.2  1.25000000  0.96801334  0.00128663  0.96801420 -0.25117106
19173.3  1.25000000  0.96801414  0.00129360  0.96801500 -0.25116724
19173.4  1.25000000  0.96801475  0.00138006  0.96801573 -0.25116376
19173.5  1.25000000  0.96801509  0.00153396  0.96801630 -0.25116104
19173.6  1.25000000  0.96801509  0.00173516  0.96801664 -0.25115940
19173.7  1.25000000  0.96801474  0.00195812  0.96801672 -0.25115903
19173.8  1.25000000  0.96801408  0.00217516  0.96801652 -0.25115994
19173.9  1.25000000  0.96801320  0.00235946  0.96801608 -0.25116202
19174.0  1.25000000  0.96801226  0.00248895  0.96801546 -0.25116498
19174.1  1.25000000  0.96801138  0.00254861  0.96801473 -0.25116844
19174.2  1.25000000  0.96801068  0.00253223  0.96801399 -0.25117197
19174.3  1.25000000  0.96801025  0.00244308  0.96801333 -0.25117513
19174.4  1.25000000  0.96801011  0.00229343  0.96801283 -0.25117753
19174.5  1.25000000  0.96801026  0.00210272  0.96801254 -0.25117891
19174.6  1.25000000  0.96801065  0.00189504  0.96801251 -0.25117909
19174.7  1.25000000  0.96801124  0.00169638  0.96801272 -0.25117809
19174.8  1.25000000  0.96801194  0.00153100  0.96801315 -0.25117604
19174.9  1.25000000  0.96801271  0.00141865  0.96801375 -0.25117322
19175.0  1.25000000  0.96801346  0.00137233  0.96801443 -0.25116998
19175.1  1.25000000  0.96801410  0.00139664  0.96801511 -0.25116673
19175.2  1.25000000  0.96801456  0.00148735  0.96801570 -0.25116387
19175.3  1.25000000  0.96801477  0.00163217  0.96801615 -0.25116175
19175.4  1.25000000  0.96801469  0.00181246  0.96801638 -0.25116061
19175.5  1.25000000  0.96801431  0.00200533  0.96801638 -0.25116058
19175.6  1.25000000  0.96801369  0.00218684  0.96801616 -0.25116165
19175.7  1.25000000  0.96801292  0.00233486  0.96801574 -0.25116366
19175.8  1.25000000  0.96801212  0.00243173  0.96801517 -0.25116635
19175.9  1.25000000  0.96801140  0.00246631  0.96801454 -0.25116938
19176.0  1.25000000  0.96801085  0.00243545  0.96801392 -0.25117236
19176.1  1.25000000  0.96801054  0.00234404  0.96801338 -0.25117494
19176.2  1.25000000  0.96801048  0.00220430  0.96801299 -0.25117681
19176.3  1.25000000  0.96801066  0.00203428  0.96801279 -0.25117773
19176.4  1.25000000  0.96801104  0.00185545  0.96801282 -0.25117762
19176.5  1.25000000  0.96801158  0.00168995  0.96801305 -0.25117651
19176.6  1.25000000  0.96801221  0.00155791  0.96801346 -0.25117455
19176.7  1.25000000  0.96801288  0.00147509  0.96801400 -0.25117199
19176.8  1.25000000  0.96801350  0.00145084  0.96801459 -0.25116917
19176.9  1.25000000  0.96801402  0.00148712  0.96801517 -0.25116643
19177.0  1.25000000  0.96801437  0.00157852  0.96801565 -0.25116410
19177.1  1.25000000  0.96801448  0.00171284  0.96801599 -0.25116248
19177.2  1.25000000  0.96801433  0.00187280  0.96801615 -0.25116174
19177.3  1.25000000  0.96801395  0.00203829  0.96801610 -0.25116197
19177.4  1.25000000  0.96801338  0.00218887  0.96801586 -0.25116311
19177.5  1.25000000  0.96801271  0.00230618  0.96801546 -0.25116502
19177.6  1.25000000  0.96801203  0.00237635  0.96801495 -0.25116744
19177.7  1.25000000  0.96801144  0.00239155  0.96801440 -0.25117007
19177.8  1.25000000  0.96801101  0.00235080  0.96801387 -0.25117258
19177.9  1.25000000  0.96801079  0.00226003  0.96801343 -0.25117467
19178.0  1.25000000  0.96801079  0.00213132  0.96801314 -0.25117607
19178.1  1.25000000  0.96801099  0.00198113  0.96801302 -0.25117664
19178.2  1.25000000  0.96801136  0.00182830  0.96801309 -0.25117632
19178.3  1.25000000  0.96801186  0.00169173  0.96801334 -0.25117516
19178.4  1.25000000  0.96801242  0.00158797  0.96801372 -0.25117331
19178.5  1.25000000  0.96801300  0.00152922  0.96801421 -0.25117102
19178.6  1.25000000  0.96801352  0.00152194  0.96801472 -0.25116858
19178.7  1.25000000  0.96801393  0.00156601  0.96801520 -0.25116629
19178.8  1.25000000  0.96801417  0.00165515  0.96801559 -0.25116443
19178.9  1.25000000  0.96801421  0.00177786  0.96801584 -0.25116321
19179.0  1.25000000  0.96801403  0.00191848  0.96801593 -0.25116278
19179.1  1.25000000  0.96801365  0.00205936  0.96801584 -0.25116319
19179.2  1.25000000  0.96801313  0.00218317  0.96801559 -0.25116435
19179.3  1.25000000  0.96801255  0.00227496  0.96801522 -0.25116613
19179.4  1.25000000  0.96801198  0.00232395  0.96801477 -0.25116829
19179.5  1.25000000  0.96801150  0.00232478  0.96801429 -0.25117056
19179.6  1.25000000  0.96801117  0.00227812  0.96801385 -0.25117265
19179.7  1.25000000  0.96801103  0.00219045  0.96801351 -0.25117432
19179.8  1.25000000  0.96801107  0.00207326  0.96801329 -0.25117536
19179.9  1.25000000  0.96801128  0.00194154  0.96801323 -0.25117566
19180.0  1.25000000  0.96801164  0.00181177  0.96801333 -0.25117519
19180.1  1.25000000  0.96801209  0.00169995  0.96801358 -0.25117402
19180.2  1.25000000  0.96801258  0.00161947  0.96801393 -0.25117231
19180.3  1.25000000  0.96801307  0.00157969  0.96801436 -0.25117027
19180.4  1.25000000  0.96801351  0.00158498  0.96801480 -0.25116817
19180.5  1.25000000  0.96801382  0.00163380  0.96801520 -0.25116627
19180.6  1.25000000  0.96801398  0.00171936  0.96801551 -0.25116479
19180.7  1.25000000  0.96801396  0.00183063  0.96801569 -0.25116391
19180.8  1.25000000  0.96801376  0.00195352  0.96801573 -0.25116372
19180.9  1.25000000  0.96801339  0.00207247  0.96801561 -0.25116426
19181.0  1.25000000  0.96801294  0.00217307  0.96801538 -0.25116541
19181.1  1.25000000  0.96801243  0.00224335  0.96801503 -0.25116705
19181.2  1.25000000  0.96801196  0.00227486  0.96801463 -0.25116896
19181.3  1.25000000  0.96801158  0.00226458  0.96801422 -0.25117090
19181.4  1.25000000  0.96801133  0.00221447  0.96801387 -0.25117262
19181.5  1.25000000  0.96801124  0.00213131  0.96801359 -0.25117394
19181.6  1.25000000  0.96801131  0.00202581  0.96801343 -0.25117467
19181.7  1.25000000  0.96801154  0.00191152  0.96801342 -0.25117475
19181.8  1.25000000  0.96801186  0.00180261  0.96801354 -0.25117419
19181.9  1.25000000  0.96801226  0.00171223  0.96801378 -0.25117304
19182.0  1.25000000  0.96801270  0.00165144  0.96801411 -0.25117147
19182.1  1.25000000  0.96801312  0.00162715  0.96801448 -0.25116969
19182.2  1.25000000  0.96801346  0.00164165  0.96801485 -0.25116791
19182.3  1.25000000  0.96801370  0.00169255  0.96801518 -0.25116634
19182.4  1.25000000  0.96801381  0.00177314  0.96801543 -0.25116518
19182.5  1.25000000  0.96801374  0.00187273  0.96801555 -0.25116458
19182.6  1.25000000  0.96801353  0.00197887  0.96801555 -0.25116458
19182.7  1.25000000  0.96801319  0.00207844  0.96801542 -0.25116519
19182.8  1.25000000  0.96801278  0.00215920  0.96801519 -0.25116631
19182.9  1.25000000  0.96801235  0.00221147  0.96801487 -0.25116780
19183.0  1.25000000  0.96801196  0.00222939  0.96801453 -0.25116946
19183.1  1.25000000  0.96801165  0.00221136  0.96801418 -0.25117111
19183.2  1.25000000  0.96801147  0.00216001  0.96801388 -0.25117252
19183.3  1.25000000  0.96801143  0.00208241  0.96801367 -0.25117353
19183.4  1.25000000  0.96801153  0.00198855  0.96801357 -0.25117402
19183.5  1.25000000  0.96801174  0.00189013  0.96801359 -0.25117394
19183.6  1.25000000  0.96801205  0.00179944  0.96801372 -0.25117331
19183.7  1.25000000  0.96801241  0.00172755  0.96801396 -0.25117222
19183.8  1.25000000  0.96801278  0.00168295  0.96801425 -0.25117081
19183.9  1.25000000  0.96801313  0.00167061  0.96801458 -0.25116925
19184.0  1.25000000  0.96801342  0.00169166  0.96801489 -0.25116774
19184.1  1.25000000  0.96801359  0.00174284  0.96801515 -0.25116648
19184.2  1.25000000  0.96801363  0.00181732  0.96801534 -0.25116560
19184.3  1.25000000  0.96801354  0.00190561  0.96801542 -0.25116521
19184.4  1.25000000  0.96801333  0.00199662  0.96801539 -0.25116535
19184.5  1.25000000  0.96801302  0.00207899  0.96801525 -0.25116600
19184.6  1.25000000  0.96801266  0.00214279  0.96801503 -0.25116705
19184.7  1.25000000  0.96801229  0.00218054  0.96801475 -0.25116839
19184.8  1.25000000  0.96801197  0.00218790  0.96801444 -0.25116984
19184.9  1.25000000  0.96801174  0.00216452  0.96801416 -0.25117122
19185.0  1.25000000  0.96801161  0.00211386  0.96801392 -0.25117235
19185.1  1.25000000  0.96801161  0.00204255  0.96801376 -0.25117312
19185.2  1.25000000  0.96801171  0.00195969  0.96801370 -0.25117341
19185.3  1.25000000  0.96801193  0.00187576  0.96801374 -0.25117322
19185.4  1.25000000  0.96801220  0.00180108  0.96801388 -0.25117257
19185.5  1.25000000  0.96801252  0.00174463  0.96801409 -0.25117154
19185.6  1.25000000  0.96801284  0.00171314  0.96801436 -0.25117028
19185.7  1.25000000  0.96801313  0.00171006  0.96801464 -0.25116893
19185.8  1.25000000  0.96801335  0.00173523  0.96801490 -0.25116768
19185.9  1.25000000  0.96801347  0.00178511  0.96801512 -0.25116666
19186.0  1.25000000  0.96801348  0.00185320  0.96801525 -0.25116600
19186.1  1.25000000  0.96801337  0.00193074  0.96801530 -0.25116579
19186.2  1.25000000  0.96801316  0.00200802  0.96801525 -0.25116603
19186.3  1.25000000  0.96801289  0.00207560  0.96801511 -0.25116668
19186.4  1.25000000  0.96801257  0.00212527  0.96801490 -0.25116767
19186.5  1.25000000  0.96801226  0.00215118  0.96801465 -0.25116886
19186.6  1.25000000  0.96801200  0.00215059  0.96801439 -0.25117011
19186.7  1.25000000  0.96801182  0.00212404  0.96801415 -0.25117125
19186.8  1.25000000  0.96801174  0.00207517  0.96801396 -0.25117216
19186.9  1.25000000  0.96801176  0.00201039  0.96801385 -0.25117271
19187.0  1.25000000  0.96801187  0.00193797  0.96801381 -0.25117286
19187.1  1.25000000  0.96801207  0.00186691  0.96801387 -0.25117259
19187.2  1.25000000  0.96801233  0.00180595  0.96801401 -0.25117193
19187.3  1.25000000  0.96801261  0.00176248  0.96801421 -0.25117099
19187.4  1.25000000  0.96801288  0.00174152  0.96801444 -0.25116987
19187.5  1.25000000  0.96801311  0.00174524  0.96801469 -0.25116871
19187.6  1.25000000  0.96801328  0.00177285  0.96801491 -0.25116767
19187.7  1.25000000  0.96801336  0.00182051  0.96801507 -0.25116687
19187.8  1.25000000  0.96801334  0.00188197  0.96801517 -0.25116640
19187.9  1.25000000  0.96801323  0.00194949  0.96801519 -0.25116631
19188.0  1.25000000  0.96801303  0.00201465  0.96801512 -0.25116662
19188.1  1.25000000  0.96801277  0.00206943  0.96801499 -0.25116727
19188.2  1.25000000  0.96801250  0.00210726  0.96801480 -0.25116817
19188.3  1.25000000  0.96801225  0.00212381  0.96801458 -0.25116922
19188.4  1.25000000  0.96801204  0.00211735  0.96801435 -0.25117029
19188.5  1.25000000  0.96801190  0.00208907  0.96801416 -0.25117123
19188.6  1.25000000  0.96801185  0.00204285  0.96801401 -0.25117194
19188.7  1.25000000  0.96801189  0.00198466  0.96801393 -0.25117233
19188.8  1.25000000  0.96801201  0.00192185  0.96801392 -0.25117236
19188.9  1.25000000  0.96801220  0.00186227  0.96801399 -0.25117203
19189.0  1.25000000  0.96801243  0.00181320  0.96801412 -0.25117140
19189.1  1.25000000  0.96801267  0.00178046  0.96801430 -0.25117053
19189.2  1.25000000  0.96801290  0.00176785  0.96801451 -0.25116955
19189.3  1.25000000  0.96801309  0.00177659  0.96801472 -0.25116857
19189.4  1.25000000  0.96801321  0.00180521  0.96801489 -0.25116772
19189.5  1.25000000  0.96801326  0.00184986  0.96801502 -0.25116710
19189.6  1.25000000  0.96801322  0.00190481  0.96801509 -0.25116677
19189.7  1.25000000  0.96801310  0.00196309  0.96801509 -0.25116679
19189.8  1.25000000  0.96801291  0.00201745  0.96801501 -0.25116713
19189.9  1.25000000  0.96801269  0.00206131  0.96801488 -0.25116775
19190.0  1.25000000  0.96801246  0.00208942  0.96801471 -0.25116858
19190.1  1.25000000  0.96801224  0.00209856  0.96801452 -0.25116950
19190.2  1.25000000  0.96801208  0.00208796  0.96801433 -0.25117039
19190.3  1.25000000  0.96801198  0.00205925  0.96801417 -0.25117116
19190.4  1.25000000  0.96801196  0.00201624  0.96801406 -0.25117171
19190.5  1.25000000  0.96801201  0.00196448  0.96801400 -0.25117197
19190.6  1.25000000  0.96801213  0.00191051  0.96801401 -0.25117191
19190.7  1.25000000  0.96801230  0.00186100  0.96801409 -0.25117156
19190.8  1.25000000  0.96801250  0.00182195  0.96801422 -0.25117095
19190.9  1.25000000  0.96801271  0.00179803  0.96801438 -0.25117017
19191.0  1.25000000  0.96801290  0.00179192  0.96801456 -0.25116932
19191.1  1.25000000  0.96801305  0.00180406  0.96801473 -0.25116849
19191.2  1.25000000  0.96801314  0.00183267  0.96801488 -0.25116780
19191.3  1.25000000  0.96801316  0.00187394  0.96801498 -0.25116733
19191.4  1.25000000  0.96801311  0.00192257  0.96801502 -0.25116712
19191.5  1.25000000  0.96801299  0.00197246  0.96801500 -0.25116721
19191.6  1.25000000  0.96801282  0.00201745  0.96801492 -0.25116757
19191.7  1.25000000  0.96801262  0.00205206  0.96801480 -0.25116816
19191.8  1.25000000  0.96801243  0.00207221  0.96801464 -0.25116890
19191.9  1.25000000  0.96801225  0.00207568  0.96801448 -0.25116970
19192.0  1.25000000  0.96801212  0.00206229  0.96801432 -0.25117045
19192.1  1.25000000  0.96801205  0.00203398  0.96801419 -0.25117107
19192.2  1.25000000  0.96801205  0.00199450  0.96801410 -0.25117148
19192.3  1.25000000  0.96801211  0.00194890  0.96801407 -0.25117163
19192.4  1.25000000  0.96801223  0.00190288  0.96801410 -0.25117152
19192.5  1.25000000  0.96801238  0.00186213  0.96801417 -0.25117115
19192.6  1.25000000  0.96801256  0.00183158  0.96801429 -0.25117058
19192.7  1.25000000  0.96801274  0.00181481  0.96801444 -0.25116988
19192.8  1.25000000  0.96801290  0.00181367  0.96801460 -0.25116914
19192.9  1.25000000  0.96801301  0.00182803  0.96801474 -0.25116846
19193.0  1.25000000  0.96801308  0.00185586  0.96801485 -0.25116791
19193.1  1.25000000  0.96801308  0.00189350  0.96801493 -0.25116755
19193.2  1.25000000  0.96801301  0.00193617  0.96801495 -0.25116744
19193.3  1.25000000  0.96801290  0.00197851  0.96801492 -0.25116758
19193.4  1.25000000  0.96801275  0.00201532  0.96801484 -0.25116795
19193.5  1.25000000  0.96801257  0.00204216  0.96801473 -0.25116850
19193.6  1.25000000  0.96801241  0.00205590  0.96801459 -0.25116916
19193.7  1.25000000  0.96801227  0.00205505  0.96801445 -0.25116984
19193.8  1.25000000  0.96801217  0.00203998  0.96801432 -0.25117046
19193.9  1.25000000  0.96801212  0.00201281  0.96801421 -0.25117095
19194.0  1.25000000  0.96801213  0.00197702  0.96801415 -0.25117125
19194.1  1.25000000  0.96801220  0.00193719  0.96801414 -0.25117133
19194.2  1.25000000  0.96801231  0.00189826  0.96801417 -0.25117117
19194.3  1.25000000  0.96801245  0.00186498  0.96801425 -0.25117081
19194.4  1.25000000  0.96801261  0.00184134  0.96801436 -0.25117028
19194.5  1.25000000  0.96801276  0.00183016  0.96801449 -0.25116966
19194.6  1.25000000  0.96801289  0.00183262  0.96801462 -0.25116903
19194.7  1.25000000  0.96801297  0.00184822  0.96801474 -0.25116846
19194.8  1.25000000  0.96801301  0.00187485  0.96801483 -0.25116802
19194.9  1.25000000  0.96801300  0.00190897  0.96801488 -0.25116777
19195.0  1.25000000  0.96801294  0.00194628  0.96801489 -0.25116773
19195.1  1.25000000  0.96801282  0.00198212  0.96801485 -0.25116790
19195.2  1.25000000  0.96801268  0.00201202  0.96801478 -0.25116827
19195.3  1.25000000  0.96801254  0.00203249  0.96801467 -0.25116877
19195.4  1.25000000  0.96801240  0.00204125  0.96801455 -0.25116935
19195.5  1.25000000  0.96801228  0.00203721  0.96801442 -0.25116994
19195.6  1.25000000  0.96801221  0.00202113  0.96801432 -0.25117045
19195.7  1.25000000  0.96801219  0.00199544  0.96801424 -0.25117083
19195.8  1.25000000  0.96801220  0.00196323  0.96801419 -0.25117105
19195.9  1.25000000  0.96801227  0.00192853  0.96801419 -0.25117106
19196.0  1.25000000  0.96801238  0.00189587  0.96801424 -0.25117087
19196.1  1.25000000  0.96801250  0.00186912  0.96801431 -0.25117052
19196.2  1.25000000  0.96801263  0.00185135  0.96801440 -0.25117004
19196.3  1.25000000  0.96801277  0.00184466  0.96801452 -0.25116949
19196.4  1.25000000  0.96801287  0.00184984  0.96801464 -0.25116895
19196.5  1.25000000  0.96801293  0.00186589  0.96801473 -0.25116849
19196.6  1.25000000  0.96801296  0.00189064  0.96801480 -0.25116815
19196.7  1.25000000  0.96801294  0.00192112  0.96801485 -0.25116797
19196.8  1.25000000  0.96801286  0.00195339  0.96801484 -0.25116799
19196.9  1.25000000  0.96801276  0.00198324  0.96801479 -0.25116818
19197.0  1.25000000  0.96801264  0.00200725  0.96801473 -0.25116853
19197.1  1.25000000  0.96801252  0.00202264  0.96801463 -0.25116898
19197.2  1.25000000  0.96801239  0.00202743  0.96801451 -0.25116950
19197.3  1.25000000  0.96801230  0.00202116  0.96801441 -0.25116999
19197.4  1.25000000  0.96801226  0.00200510  0.96801434 -0.25117040
19197.5  1.25000000  0.96801224  0.00198128  0.96801426 -0.25117071
19197.6  1.25000000  0.96801226  0.00195239  0.96801423 -0.25117085
19197.7  1.25000000  0.96801234  0.00192255  0.96801425 -0.25117081
19197.8  1.25000000  0.96801243  0.00189545  0.96801429 -0.25117061
19197.9  1.25000000  0.96801254  0.00187393  0.96801435 -0.25117028
19198.0  1.25000000  0.96801266  0.00186085  0.96801445 -0.25116984
19198.1  1.25000000  0.96801277  0.00185788  0.96801456 -0.25116936
19198.2  1.25000000  0.96801284  0.00186492  0.96801464 -0.25116892
19198.3  1.25000000  0.96801289  0.00188074  0.96801472 -0.25116854
19198.4  1.25000000  0.96801292  0.00190386  0.96801479 -0.25116826
19198.5  1.25000000  0.96801287  0.00193095  0.96801479 -0.25116817
19198.6  1.25000000  0.96801280  0.00195830  0.96801478 -0.25116822
19198.7  1.25000000  0.96801272  0.00198315  0.96801475 -0.25116842
19198.8  1.25000000  0.96801261  0.00200220  0.96801468 -0.25116875
19198.9  1.25000000  0.96801249  0.00201308  0.96801458 -0.25116917
19199.0  1.25000000  0.96801241  0.00201457  0.96801450 -0.25116960
19199.1  1.25000000  0.96801234  0.00200717  0.96801442 -0.25117001
19199.2  1.25000000  0.96801228  0.00199125  0.96801433 -0.25117037
19199.3  1.25000000  0.96801229  0.00196912  0.96801430 -0.25117058
19199.4  1.25000000  0.96801233  0.00194400  0.96801428 -0.25117066
19199.5  1.25000000  0.96801239  0.00191860  0.96801429 -0.25117060
19199.6  1.25000000  0.96801247  0.00189604  0.96801433 -0.25117039
19199.7  1.25000000  0.96801259  0.00187933  0.96801441 -0.25117006
19199.8  1.25000000  0.96801267  0.00187043  0.96801448 -0.25116968
19199.9  1.25000000  0.96801275  0.00186987  0.96801456 -0.25116928
19200.0  1.25000000  0.96801284  0.00187799  0.96801466 -0.25116889
19200.1  1.25000000  0.96801286  0.00189373  0.96801471 -0.25116860
19200.2  1.25000000  0.96801285  0.00191458  0.96801475 -0.25116840
19200.3  1.25000000  0.96801282  0.00193814  0.96801476 -0.25116835
19200.4  1.25000000  0.96801277  0.00196164  0.96801475 -0.25116842
19200.5  1.25000000  0.96801267  0.00198195  0.96801469 -0.25116864
19200.6  1.25000000  0.96801257  0.00199645  0.96801463 -0.25116894
19200.7  1.25000000  0.96801250  0.00200399  0.96801457 -0.25116929
19200.8  1.25000000  0.96801240  0.00200333  0.96801448 -0.25116968
19200.9  1.25000000  0.96801235  0.00199470  0.96801440 -0.25117003
19201.0  1.25000000  0.96801233  0.00197948  0.96801436 -0.25117029
19201.1  1.25000000  0.96801234  0.00195969  0.96801432 -0.25117045
19201.2  1.25000000  0.96801237  0.00193755  0.96801430 -0.25117050
19201.3  1.25000000  0.96801244  0.00191599  0.96801433 -0.25117040
19201.4  1.25000000  0.96801252  0.00189792  0.96801438 -0.25117019
19201.5  1.25000000  0.96801259  0.00188502  0.96801443 -0.25116991
19201.6  1.25000000  0.96801268  0.00187904  0.96801451 -0.25116956
19201.7  1.25000000  0.96801276  0.00188073  0.96801458 -0.25116921
19201.8  1.25000000  0.96801280  0.00188957  0.96801464 -0.25116890
19201.9  1.25000000  0.96801282  0.00190426  0.96801469 -0.25116867
19202.0  1.25000000  0.96801282  0.00192316  0.96801473 -0.25116852
19202.1  1.25000000  0.96801277  0.00194380  0.96801472 -0.25116851
19202.2  1.25000000  0.96801271  0.00196336  0.96801470 -0.25116861
19202.3  1.25000000  0.96801264  0.00197973  0.96801467 -0.25116880
19202.4  1.25000000  0.96801256  0.00199095  0.96801461 -0.25116909
19202.5  1.25000000  0.96801248  0.00199550  0.96801453 -0.25116941
19202.6  1.25000000  0.96801242  0.00199303  0.96801447 -0.25116973
19202.7  1.25000000  0.96801238  0.00198416  0.96801442 -0.25117001
19202.8  1.25000000  0.96801236  0.00196983  0.96801436 -0.25117023
19202.9  1.25000000  0.96801238  0.00195190  0.96801434 -0.25117034
19203.0  1.25000000  0.96801242  0.00193288  0.96801435 -0.25117033
19203.1  1.25000000  0.96801247  0.00191494  0.96801436 -0.25117023
19203.2  1.25000000  0.96801254  0.00190023  0.96801441 -0.25117004
19203.3  1.25000000  0.96801262  0.00189063  0.96801447 -0.25116976
19203.4  1.25000000  0.96801269  0.00188729  0.96801453 -0.25116947
19203.5  1.25000000  0.96801274  0.00189026  0.96801458 -0.25116918
19203.6  1.25000000  0.96801278  0.00189928  0.96801465 -0.25116891
19203.7  1.25000000  0.96801279  0.00191318  0.96801468 -0.25116873
19203.8  1.25000000  0.96801277  0.00192997  0.96801470 -0.25116864
19203.9  1.25000000  0.96801274  0.00194762  0.96801470 -0.25116865
19204.0  1.25000000  0.96801269  0.00196405  0.96801468 -0.25116876
19204.1  1.25000000  0.96801261  0.00197714  0.96801463 -0.25116896
19204.2  1.25000000  0.96801254  0.00198527  0.96801458 -0.25116921
19204.3  1.25000000  0.96801248  0.00198771  0.96801453 -0.25116948
19204.4  1.25000000  0.96801243  0.00198417  0.96801446 -0.25116976
19204.5  1.25000000  0.96801240  0.00197507  0.96801441 -0.25116999
19204.6  1.25000000  0.96801240  0.00196178  0.96801439 -0.25117015
19204.7  1.25000000  0.96801241  0.00194601  0.96801437 -0.25117022
19204.8  1.25000000  0.96801245  0.00192960  0.96801437 -0.25117020
19204.9  1.25000000  0.96801250  0.00191466  0.96801440 -0.25117009
19205.0  1.25000000  0.96801257  0.00190312  0.96801444 -0.25116990
19205.1  1.25000000  0.96801263  0.00189616  0.96801448 -0.25116966
19205.2  1.25000000  0.96801269  0.00189461  0.96801454 -0.25116940
19205.3  1.25000000  0.96801273  0.00189866  0.96801460 -0.25116915
19205.4  1.25000000  0.96801276  0.00190766  0.96801463 -0.25116895
19205.5  1.25000000  0.96801276  0.00192034  0.96801466 -0.25116881
19205.6  1.25000000  0.96801275  0.00193521  0.96801468 -0.25116875
19205.7  1.25000000  0.96801271  0.00195037  0.96801467 -0.25116878
19205.8  1.25000000  0.96801265  0.00196385  0.96801464 -0.25116890
19205.9  1.25000000  0.96801260  0.00197411  0.96801461 -0.25116908
19206.0  1.25000000  0.96801254  0.00197997  0.96801456 -0.25116930
19206.1  1.25000000  0.96801248  0.00198068  0.96801451 -0.25116955
19206.2  1.25000000  0.96801244  0.00197628  0.96801446 -0.25116977
19206.3  1.25000000  0.96801243  0.00196747  0.96801443 -0.25116996
19206.4  1.25000000  0.96801242  0.00195531  0.96801440 -0.25117008
19206.5  1.25000000  0.96801244  0.00194135  0.96801439 -0.25117012
19206.6  1.25000000  0.96801248  0.00192745  0.96801440 -0.25117008
19206.7  1.25000000  0.96801253  0.00191524  0.96801442 -0.25116996
19206.8  1.25000000  0.96801258  0.00190616  0.96801446 -0.25116979
19206.9  1.25000000  0.96801264  0.00190135  0.96801451 -0.25116957
19207.0  1.25000000  0.96801268  0.00190134  0.96801455 -0.25116935
19207.1  1.25000000  0.96801272  0.00190595  0.96801459 -0.25116914
19207.2  1.25000000  0.96801274  0.00191461  0.96801463 -0.25116898
19207.3  1.25000000  0.96801274  0.00192623  0.96801465 -0.25116888
19207.4  1.25000000  0.96801271  0.00193922  0.96801465 -0.25116885
19207.5  1.25000000  0.96801268  0.00195200  0.96801465 -0.25116889
19207.6  1.25000000  0.96801263  0.00196306  0.96801462 -0.25116901
19207.7  1.25000000  0.96801258  0.00197100  0.96801459 -0.25116918
19207.8  1.25000000  0.96801253  0.00197488  0.96801454 -0.25116938
19207.9  1.25000000  0.96801249  0.00197435  0.96801450 -0.25116959
19208.0  1.25000000  0.96801246  0.00196954  0.96801446 -0.25116978
19208.1  1.25000000  0.96801244  0.00196105  0.96801443 -0.25116992
19208.2  1.25000000  0.96801245  0.00195005  0.96801441 -0.25117001
19208.3  1.25000000  0.96801247  0.00193795  0.96801441 -0.25117002
19208.4  1.25000000  0.96801250  0.00192625  0.96801442 -0.25116997
19208.5  1.25000000  0.96801255  0.00191636  0.96801444 -0.25116986
19208.6  1.25000000  0.96801260  0.00190950  0.96801448 -0.25116970
19208.7  1.25000000  0.96801264  0.00190637  0.96801452 -0.25116951
19208.8  1.25000000  0.96801268  0.00190731  0.96801456 -0.25116932
19208.9  1.25000000  0.96801271  0.00191219  0.96801459 -0.25116915
19209.0  1.25000000  0.96801272  0.00192037  0.96801462 -0.25116902
19209.1  1.25000000  0.96801271  0.00193074  0.96801464 -0.25116895
19209.2  1.25000000  0.96801269  0.00194199  0.96801464 -0.25116894
19209.3  1.25000000  0.96801266  0.00195277  0.96801463 -0.25116899
19209.4  1.25000000  0.96801261  0.00196175  0.96801460 -0.25116910
19209.5  1.25000000  0.96801257  0.00196781  0.96801457 -0.25116926
19209.6  1.25000000  0.96801253  0.00197027  0.96801453 -0.25116943
19209.7  1.25000000  0.96801249  0.00196890  0.96801450 -0.25116961
19209.8  1.25000000  0.96801247  0.00196392  0.96801446 -0.25116977
19209.9  1.25000000  0.96801246  0.00195597  0.96801444 -0.25116988
19210.0  1.25000000  0.96801247  0.00194610  0.96801443 -0.25116994
19210.1  1.25000000  0.96801249  0.00193559  0.96801443 -0.25116994
19210.2  1.25000000  0.96801252  0.00192570  0.96801444 -0.25116989
19210.3  1.25000000  0.96801256  0.00191762  0.96801446 -0.25116978
19210.4  1.25000000  0.96801261  0.00191236  0.96801449 -0.25116963
19210.5  1.25000000  0.96801264  0.00191055  0.96801453 -0.25116946
19210.6  1.25000000  0.96801267  0.00191228  0.96801456 -0.25116930
19210.7  1.25000000  0.96801269  0.00191729  0.96801459 -0.25116916
19210.8  1.25000000  0.96801270  0.00192498  0.96801462 -0.25116905
19210.9  1.25000000  0.96801269  0.00193436  0.96801462 -0.25116900
19211.0  1.25000000  0.96801267  0.00194417  0.96801462 -0.25116901
19211.1  1.25000000  0.96801264  0.00195317  0.96801461 -0.25116907
19211.2  1.25000000  0.96801261  0.00196043  0.96801459 -0.25116918
19211.3  1.25000000  0.96801256  0.00196499  0.96801456 -0.25116932
19211.4  1.25000000  0.96801252  0.00196621  0.96801452 -0.25116948
19211.5  1.25000000  0.96801250  0.00196413  0.96801449 -0.25116963
19211.6  1.25000000  0.96801249  0.00195915  0.96801447 -0.25116975
19211.7  1.25000000  0.96801247  0.00195174  0.96801444 -0.25116985
19211.8  1.25000000  0.96801249  0.00194280  0.96801444 -0.25116989
19211.9  1.25000000  0.96801252  0.00193376  0.96801445 -0.25116986
19212.0  1.25000000  0.96801254  0.00192561  0.96801445 -0.25116981
19212.1  1.25000000  0.96801257  0.00191905  0.96801447 -0.25116971
19212.2  1.25000000  0.96801262  0.00191520  0.96801451 -0.25116956
19212.3  1.25000000  0.96801265  0.00191458  0.96801454 -0.25116942
19212.4  1.25000000  0.96801266  0.00191682  0.96801456 -0.25116929
19212.5  1.25000000  0.96801268  0.00192170  0.96801459 -0.25116917
19212.6  1.25000000  0.96801269  0.00192897  0.96801461 -0.25116909
19212.7  1.25000000  0.96801266  0.00193732  0.96801460 -0.25116907
19212.8  1.25000000  0.96801265  0.00194551  0.96801460 -0.25116909
19212.9  1.25000000  0.96801263  0.00195310  0.96801460 -0.25116914
19213.0  1.25000000  0.96801259  0.00195891  0.96801457 -0.25116925
19213.1  1.25000000  0.96801255  0.00196195  0.96801454 -0.25116938
19213.2  1.25000000  0.96801254  0.00196225  0.96801453 -0.25116950
19213.3  1.25000000  0.96801251  0.00195997  0.96801449 -0.25116963
19213.4  1.25000000  0.96801249  0.00195491  0.96801446 -0.25116975
19213.5  1.25000000  0.96801250  0.00194798  0.96801446 -0.25116980
19213.6  1.25000000  0.96801251  0.00194043  0.96801446 -0.25116982
19213.7  1.25000000  0.96801252  0.00193266  0.96801445 -0.25116981
19213.8  1.25000000  0.96801255  0.00192572  0.96801447 -0.25116974
19213.9  1.25000000  0.96801259  0.00192083  0.96801450 -0.25116963
19214.0  1.25000000  0.96801261  0.00191829  0.96801451 -0.25116952
19214.1  1.25000000  0.96801263  0.00191814  0.96801453 -0.25116940
19214.2  1.25000000  0.96801267  0.00192077  0.96801458 -0.25116927
19214.3  1.25000000  0.96801267  0.00192581  0.96801458 -0.25116919
19214.4  1.25000000  0.96801266  0.00193214  0.96801459 -0.25116914
19214.5  1.25000000  0.96801266  0.00193932  0.96801460 -0.25116912
19214.6  1.25000000  0.96801264  0.00194661  0.96801460 -0.25116914
19214.7  1.25000000  0.96801260  0.00195268  0.96801457 -0.25116922
19214.8  1.25000000  0.96801258  0.00195693  0.96801456 -0.25116931
19214.9  1.25000000  0.96801256  0.00195920  0.96801455 -0.25116941
19215.0  1.25000000  0.96801252  0.00195889  0.96801451 -0.25116954
19215.1  1.25000000  0.96801251  0.00195602  0.96801449 -0.25116964
19215.2  1.25000000  0.96801252  0.00195132  0.96801448 -0.25116971
19215.3  1.25000000  0.96801251  0.00194529  0.96801446 -0.25116977
19215.4  1.25000000  0.96801252  0.00193842  0.96801446 -0.25116978
19215.5  1.25000000  0.96801255  0.00193185  0.96801447 -0.25116974
19215.6  1.25000000  0.96801257  0.00192651  0.96801448 -0.25116968
19215.7  1.25000000  0.96801258  0.00192260  0.96801449 -0.25116960
19215.8  1.25000000  0.96801262  0.00192084  0.96801453 -0.25116948
19215.9  1.25000000  0.96801264  0.00192158  0.96801455 -0.25116937
19216.0  1.25000000  0.96801265  0.00192437  0.96801456 -0.25116929
19216.1  1.25000000  0.96801266  0.00192888  0.96801458 -0.25116921
19216.2  1.25000000  0.96801266  0.00193475  0.96801460 -0.25116917
19216.3  1.25000000  0.96801264  0.00194110  0.96801458 -0.25116917
19216.4  1.25000000  0.96801262  0.00194696  0.96801458 -0.25116920
19216.5  1.25000000  0.96801261  0.00195191  0.96801457 -0.25116926
19216.6  1.25000000  0.96801258  0.00195532  0.96801455 -0.25116935
19216.7  1.25000000  0.96801255  0.00195652  0.96801452 -0.25116945
19216.8  1.25000000  0.96801254  0.00195564  0.96801451 -0.25116955
19216.9  1.25000000  0.96801253  0.00195291  0.96801450 -0.25116963
19217.0  1.25000000  0.96801251  0.00194842  0.96801447 -0.25116970
19217.1  1.25000000  0.96801252  0.00194285  0.96801447 -0.25116973
19217.2  1.25000000  0.96801254  0.00193710  0.96801448 -0.25116972
19217.3  1.25000000  0.96801255  0.00193166  0.96801447 -0.25116970
19217.4  1.25000000  0.96801257  0.00192717  0.96801449 -0.25116963
19217.5  1.25000000  0.96801260  0.00192436  0.96801451 -0.25116955
19217.6  1.25000000  0.96801262  0.00192349  0.96801453 -0.25116946
19217.7  1.25000000  0.96801263  0.00192443  0.96801454 -0.25116937
19217.8  1.25000000  0.96801265  0.00192729  0.96801457 -0.25116929
19217.9  1.25000000  0.96801265  0.00193166  0.96801458 -0.25116923
19218.0  1.25000000  0.96801264  0.00193677  0.96801458 -0.25116921
19218.1  1.25000000  0.96801263  0.00194214  0.96801458 -0.25116921
19218.2  1.25000000  0.96801262  0.00194719  0.96801458 -0.25116925
19218.3  1.25000000  0.96801259  0.00195111  0.96801456 -0.25116931
19218.4  1.25000000  0.96801257  0.00195345  0.96801454 -0.25116939
19218.5  1.25000000  0.96801256  0.00195414  0.96801453 -0.25116947
19218.6  1.25000000  0.96801253  0.00195299  0.96801451 -0.25116956
19218.7  1.25000000  0.96801253  0.00195006  0.96801449 -0.25116963
19218.8  1.25000000  0.96801253  0.00194597  0.96801449 -0.25116967
19218.9  1.25000000  0.96801253  0.00194117  0.96801448 -0.25116969
19219.0  1.25000000  0.96801254  0.00193611  0.96801448 -0.25116969
19219.1  1.25000000  0.96801256  0.00193158  0.96801449 -0.25116965
19219.2  1.25000000  0.96801258  0.00192816  0.96801450 -0.25116959
19219.3  1.25000000  0.96801260  0.00192610  0.96801451 -0.25116952
19219.4  1.25000000  0.96801262  0.00192568  0.96801453 -0.25116944
19219.5  1.25000000  0.96801263  0.00192705  0.96801455 -0.25116936
19219.6  1.25000000  0.96801263  0.00192988  0.96801456 -0.25116930
19219.7  1.25000000  0.96801264  0.00193376  0.96801457 -0.25116926
19219.8  1.25000000  0.96801264  0.00193835  0.96801458 -0.25116924
19219.9  1.25000000  0.96801262  0.00194300  0.96801457 -0.25116925
19220.0  1.25000000  0.96801260  0.00194703  0.96801456 -0.25116929
19220.1  1.25000000  0.96801259  0.00195011  0.96801455 -0.25116934
19220.2  1.25000000  0.96801257  0.00195186  0.96801454 -0.25116942
19220.3  1.25000000  0.96801255  0.00195196  0.96801452 -0.25116949
19220.4  1.25000000  0.96801254  0.00195052  0.96801451 -0.25116956
19220.5  1.25000000  0.96801254  0.00194780  0.96801450 -0.25116961
19220.6  1.25000000  0.96801253  0.00194403  0.96801449 -0.25116965
19220.7  1.25000000  0.96801254  0.00193972  0.96801449 -0.25116966
19220.8  1.25000000  0.96801256  0.00193551  0.96801449 -0.25116965
19220.9  1.25000000  0.96801257  0.00193184  0.96801449 -0.25116961
19221.0  1.25000000  0.96801258  0.00192909  0.96801451 -0.25116956
19221.1  1.25000000  0.96801260  0.00192771  0.96801452 -0.25116949
19221.2  1.25000000  0.96801262  0.00192780  0.96801454 -0.25116942
19221.3  1.25000000  0.96801262  0.00192926  0.96801455 -0.25116936
19221.4  1.25000000  0.96801263  0.00193196  0.96801456 -0.25116931
19221.5  1.25000000  0.96801263  0.00193557  0.96801457 -0.25116928
19221.6  1.25000000  0.96801262  0.00193954  0.96801457 -0.25116927
19221.7  1.25000000  0.96801261  0.00194341  0.96801456 -0.25116929
19221.8  1.25000000  0.96801260  0.00194678  0.96801456 -0.25116932
19221.9  1.25000000  0.96801258  0.00194914  0.96801454 -0.25116938
19222.0  1.25000000  0.96801257  0.00195023  0.96801453 -0.25116944
19222.1  1.25000000  0.96801256  0.00195001  0.96801452 -0.25116950
19222.2  1.25000000  0.96801255  0.00194850  0.96801451 -0.25116956
19222.3  1.25000000  0.96801254  0.00194586  0.96801450 -0.25116960
19222.4  1.25000000  0.96801254  0.00194248  0.96801449 -0.25116963
19222.5  1.25000000  0.96801255  0.00193881  0.96801449 -0.25116963
19222.6  1.25000000  0.96801256  0.00193523  0.96801449 -0.25116962
19222.7  1.25000000  0.96801257  0.00193220  0.96801450 -0.25116958
19222.8  1.25000000  0.96801259  0.00193013  0.96801451 -0.25116953
19222.9  1.25000000  0.96801260  0.00192924  0.96801453 -0.25116947
19223.0  1.25000000  0.96801261  0.00192958  0.96801454 -0.25116941
19223.1  1.25000000  0.96801262  0.00193112  0.96801455 -0.25116936
19223.2  1.25000000  0.96801263  0.00193367  0.96801456 -0.25116932
19223.3  1.25000000  0.96801262  0.00193689  0.96801456 -0.25116930
19223.4  1.25000000  0.96801262  0.00194032  0.96801456 -0.25116930
19223.5  1.25000000  0.96801261  0.00194360  0.96801456 -0.25116932
19223.6  1.25000000  0.96801259  0.00194634  0.96801455 -0.25116935
19223.7  1.25000000  0.96801258  0.00194816  0.96801454 -0.25116940
19223.8  1.25000000  0.96801257  0.00194885  0.96801453 -0.25116945
19223.9  1.25000000  0.96801256  0.00194837  0.96801452 -0.25116951
19224.0  1.25000000  0.96801255  0.00194684  0.96801451 -0.25116955
19224.1  1.25000000  0.96801255  0.00194440  0.96801450 -0.25116959
19224.2  1.25000000  0.96801255  0.00194140  0.96801450 -0.25116961
19224.3  1.25000000  0.96801256  0.00193823  0.96801450 -0.25116961
19224.4  1.25000000  0.96801257  0.00193525  0.96801450 -0.25116959
19224.5  1.25000000  0.96801258  0.00193281  0.96801451 -0.25116956
19224.6  1.25000000  0.96801259  0.00193117  0.96801452 -0.25116951
19224.7  1.25000000  0.96801260  0.00193056  0.96801453 -0.25116946
19224.8  1.25000000  0.96801261  0.00193101  0.96801454 -0.25116941
19224.9  1.25000000  0.96801262  0.00193245  0.96801455 -0.25116937
19225.0  1.25000000  0.96801262  0.00193471  0.96801455 -0.25116934
19225.1  1.25000000  0.96801262  0.00193750  0.96801456 -0.25116932
19225.2  1.25000000  0.96801261  0.00194050  0.96801456 -0.25116932
19225.3  1.25000000  0.96801260  0.00194333  0.96801455 -0.25116934
19225.4  1.25000000  0.96801259  0.00194563  0.96801455 -0.25116937
19225.5  1.25000000  0.96801258  0.00194713  0.96801454 -0.25116941
19225.6  1.25000000  0.96801257  0.00194765  0.96801453 -0.25116946
19225.7  1.25000000  0.96801256  0.00194716  0.96801452 -0.25116951
19225.8  1.25000000  0.96801255  0.00194572  0.96801451 -0.25116955
19225.9  1.25000000  0.96801255  0.00194350  0.96801450 -0.25116958
19226.0  1.25000000  0.96801255  0.00194080  0.96801450 -0.25116959
19226.1  1.25000000  0.96801256  0.00193797  0.96801450 -0.25116959
19226.2  1.25000000  0.96801257  0.00193535  0.96801451 -0.25116957
19226.3  1.25000000  0.96801258  0.00193325  0.96801451 -0.25116954
19226.4  1.25000000  0.96801259  0.00193192  0.96801452 -0.25116950
19226.5  1.25000000  0.96801260  0.00193153  0.96801453 -0.25116945
19226.6  1.25000000  0.96801261  0.00193212  0.96801454 -0.25116941
19226.7  1.25000000  0.96801262  0.00193359  0.96801455 -0.25116937
19226.8  1.25000000  0.96801262  0.00193574  0.96801455 -0.25116935
19226.9  1.25000000  0.96801261  0.00193831  0.96801455 -0.25116933
19227.0  1.25000000  0.96801261  0.00194099  0.96801455 -0.25116934
19227.1  1.25000000  0.96801260  0.00194344  0.96801455 -0.25116936
19227.2  1.25000000  0.96801259  0.00194535  0.96801454 -0.25116939
19227.3  1.25000000  0.96801258  0.00194648  0.96801453 -0.25116943
19227.4  1.25000000  0.96801257  0.00194674  0.96801453 -0.25116947
19227.5  1.25000000  0.96801256  0.00194610  0.96801452 -0.25116951
19227.6  1.25000000  0.96801256  0.00194466  0.96801451 -0.25116954
19227.7  1.25000000  0.96801256  0.00194259  0.96801450 -0.25116957
19227.8  1.25000000  0.96801256  0.00194019  0.96801450 -0.25116958
19227.9  1.25000000  0.96801257  0.00193774  0.96801450 -0.25116957
19228.0  1.25000000  0.96801257  0.00193561  0.96801451 -0.25116955
19228.1  1.25000000  0.96801258  0.00193392  0.96801451 -0.25116952
19228.2  1.25000000  0.96801259  0.00193292  0.96801452 -0.25116949
19228.3  1.25000000  0.96801260  0.00193272  0.96801453 -0.25116945
19228.4  1.25000000  0.96801261  0.00193329  0.96801454 -0.25116941
19228.5  1.25000000  0.96801261  0.00193455  0.96801454 -0.25116939
19228.6  1.25000000  0.96801261  0.00193633  0.96801455 -0.25116936
19228.7  1.25000000  0.96801261  0.00193844  0.96801455 -0.25116935
19228.8  1.25000000  0.96801260  0.00194063  0.96801455 -0.25116936
19228.9  1.25000000  0.96801260  0.00194268  0.96801455 -0.25116937
19229.0  1.25000000  0.96801259  0.00194434  0.96801454 -0.25116940
19229.1  1.25000000  0.96801258  0.00194538  0.96801453 -0.25116943
19229.2  1.25000000  0.96801257  0.00194569  0.96801453 -0.25116947
19229.3  1.25000000  0.96801256  0.00194521  0.96801452 -0.25116950
19229.4  1.25000000  0.96801256  0.00194401  0.96801451 -0.25116953
19229.5  1.25000000  0.96801256  0.00194225  0.96801451 -0.25116955
19229.6  1.25000000  0.96801256  0.00194014  0.96801451 -0.25116956
19229.7  1.25000000  0.96801257  0.00193795  0.96801451 -0.25116956
19229.8  1.25000000  0.96801257  0.00193594  0.96801451 -0.25116954
19229.9  1.25000000  0.96801258  0.00193438  0.96801452 -0.25116952
19230.0  1.25000000  0.96801259  0.00193344  0.96801452 -0.25116948
19230.1  1.25000000  0.96801260  0.00193324  0.96801453 -0.25116945
19230.2  1.25000000  0.96801261  0.00193380  0.96801454 -0.25116942
19230.3  1.25000000  0.96801261  0.00193503  0.96801454 -0.25116939
19230.4  1.25000000  0.96801261  0.00193680  0.96801455 -0.25116937
19230.5  1.25000000  0.96801261  0.00193887  0.96801455 -0.25116936
19230.6  1.25000000  0.96801260  0.00194099  0.96801455 -0.25116936
19230.7  1.25000000  0.96801259  0.00194290  0.96801454 -0.25116938
19230.8  1.25000000  0.96801259  0.00194436  0.96801454 -0.25116941
19230.9  1.25000000  0.96801258  0.00194518  0.96801453 -0.25116944
19231.0  1.25000000  0.96801257  0.00194529  0.96801453 -0.25116947
19231.1  1.25000000  0.96801257  0.00194467  0.96801452 -0.25116950
19231.2  1.25000000  0.96801256  0.00194342  0.96801451 -0.25116953
19231.3  1.25000000  0.96801256  0.00194169  0.96801451 -0.25116955
19231.4  1.25000000  0.96801256  0.00193971  0.96801451 -0.25116956
19231.5  1.25000000  0.96801257  0.00193774  0.96801451 -0.25116955
19231.6  1.25000000  0.96801258  0.00193600  0.96801451 -0.25116953
19231.7  1.25000000  0.96801258  0.00193469  0.96801452 -0.25116951
19231.8  1.25000000  0.96801259  0.00193395  0.96801452 -0.25116948
19231.9  1.25000000  0.96801260  0.00193386  0.96801453 -0.25116945
19232.0  1.25000000  0.96801260  0.00193443  0.96801454 -0.25116942
19232.1  1.25000000  0.96801261  0.00193558  0.96801454 -0.25116939
19232.2  1.25000000  0.96801261  0.00193713  0.96801454 -0.25116938
19232.3  1.25000000  0.96801260  0.00193891  0.96801455 -0.25116937
19232.4  1.25000000  0.96801260  0.00194073  0.96801455 -0.25116938
19232.5  1.25000000  0.96801259  0.00194236  0.96801454 -0.25116939
19232.6  1.25000000  0.96801259  0.00194364  0.96801454 -0.25116941
19232.7  1.25000000  0.96801258  0.00194441  0.96801453 -0.25116944
19232.8  1.25000000  0.96801257  0.00194456  0.96801453 -0.25116947
19232.9  1.25000000  0.96801257  0.00194407  0.96801452 -0.25116950
19233.0  1.25000000  0.96801256  0.00194301  0.96801451 -0.25116952
19233.1  1.25000000  0.96801256  0.00194151  0.96801451 -0.25116954
19233.2  1.25000000  0.96801257  0.00193976  0.96801451 -0.25116954
19233.3  1.25000000  0.96801257  0.00193797  0.96801451 -0.25116954
19233.4  1.25000000  0.96801258  0.00193636  0.96801451 -0.25116953
19233.5  1.25000000  0.96801258  0.00193513  0.96801452 -0.25116950
19233.6  1.25000000  0.96801259  0.00193442  0.96801452 -0.25116948
19233.7  1.25000000  0.96801260  0.00193432  0.96801453 -0.25116945
19233.8  1.25000000  0.96801260  0.00193484  0.96801454 -0.25116942
19233.9  1.25000000  0.96801261  0.00193590  0.96801454 -0.25116940
19234.0  1.25000000  0.96801261  0.00193738  0.96801454 -0.25116938
19234.1  1.25000000  0.96801260  0.00193910  0.96801455 -0.25116938
19234.2  1.25000000  0.96801260  0.00194084  0.96801454 -0.25116938
19234.3  1.25000000  0.96801259  0.00194239  0.96801454 -0.25116940
19234.4  1.25000000  0.96801259  0.00194358  0.96801454 -0.25116942
19234.5  1.25000000  0.96801258  0.00194426  0.96801453 -0.25116944
19234.6  1.25000000  0.96801257  0.00194434  0.96801453 -0.25116947
19234.7  1.25000000  0.96801257  0.00194382  0.96801452 -0.25116950
19234.8  1.25000000  0.96801257  0.00194276  0.96801451 -0.25116952
19234.9  1.25000000  0.96801257  0.00194128  0.96801451 -0.25116954
19235.0  1.25000000  0.96801257  0.00193955  0.96801451 -0.25116954
19235.1  1.25000000  0.96801257  0.00193780  0.96801451 -0.25116954
19235.2  1.25000000  0.96801258  0.00193624  0.96801451 -0.25116952
19235.3  1.25000000  0.96801259  0.00193506  0.96801452 -0.25116950
19235.4  1.25000000  0.96801259  0.00193441  0.96801453 -0.25116947
19235.5  1.25000000  0.96801260  0.00193437  0.96801453 -0.25116944
19235.6  1.25000000  0.96801260  0.00193494  0.96801454 -0.25116942
19235.7  1.25000000  0.96801261  0.00193605  0.96801454 -0.25116940
19235.8  1.25000000  0.96801261  0.00193753  0.96801454 -0.25116938
19235.9  1.25000000  0.96801260  0.00193921  0.96801455 -0.25116938
19236.0  1.25000000  0.96801260  0.00194089  0.96801454 -0.25116938
19236.1  1.25000000  0.96801259  0.00194239  0.96801454 -0.25116940
19236.2  1.25000000  0.96801259  0.00194353  0.96801454 -0.25116942
19236.3  1.25000000  0.96801258  0.00194414  0.96801453 -0.25116945
19236.4  1.25000000  0.96801257  0.00194417  0.96801453 -0.25116947
19236.5  1.25000000  0.96801257  0.00194362  0.96801452 -0.25116950
19236.6  1.25000000  0.96801257  0.00194256  0.96801452 -0.25116952
19236.7  1.25000000  0.96801257  0.00194115  0.96801451 -0.25116953
19236.8  1.25000000  0.96801257  0.00193955  0.96801451 -0.25116954
19236.9  1.25000000  0.96801257  0.00193794  0.96801451 -0.25116953
19237.0  1.25000000  0.96801258  0.00193654  0.96801452 -0.25116952
19237.1  1.25000000  0.96801258  0.00193547  0.96801452 -0.25116950
19237.2  1.25000000  0.96801259  0.00193486  0.96801452 -0.25116947
19237.3  1.25000000  0.96801260  0.00193480  0.96801453 -0.25116945
19237.4  1.25000000  0.96801260  0.00193528  0.96801454 -0.25116942
19237.5  1.25000000  0.96801260  0.00193627  0.96801454 -0.25116940
19237.6  1.25000000  0.96801260  0.00193764  0.96801454 -0.25116939
19237.7  1.25000000  0.96801260  0.00193921  0.96801454 -0.25116938
19237.8  1.25000000  0.96801260  0.00194079  0.96801454 -0.25116939
19237.9  1.25000000  0.96801259  0.00194219  0.96801454 -0.25116940
19238.0  1.25000000  0.96801259  0.00194325  0.96801454 -0.25116942
19238.1  1.25000000  0.96801258  0.00194382  0.96801453 -0.25116945
19238.2  1.25000000  0.96801257  0.00194385  0.96801453 -0.25116947
19238.3  1.25000000  0.96801257  0.00194334  0.96801452 -0.25116950
19238.4  1.25000000  0.96801257  0.00194235  0.96801452 -0.25116952
19238.5  1.25000000  0.96801257  0.00194100  0.96801451 -0.25116953
19238.6  1.25000000  0.96801257  0.00193946  0.96801451 -0.25116953
19238.7  1.25000000  0.96801257  0.00193791  0.96801451 -0.25116953
19238.8  1.25000000  0.96801258  0.00193655  0.96801452 -0.25116952
19238.9  1.25000000  0.96801259  0.00193554  0.96801452 -0.25116950
19239.0  1.25000000  0.96801259  0.00193497  0.96801453 -0.25116947
19239.1  1.25000000  0.96801260  0.00193496  0.96801453 -0.25116945
19239.2  1.25000000  0.96801260  0.00193548  0.96801454 -0.25116942
19239.3  1.25000000  0.96801260  0.00193647  0.96801454 -0.25116940
19239.4  1.25000000  0.96801260  0.00193782  0.96801454 -0.25116939
19239.5  1.25000000  0.96801260  0.00193937  0.96801454 -0.25116939
19239.6  1.25000000  0.96801260  0.00194092  0.96801454 -0.25116939
19239.7  1.25000000  0.96801259  0.00194228  0.96801454 -0.25116940
19239.8  1.25000000  0.96801258  0.00194328  0.96801454 -0.25116942
19239.9  1.25000000  0.96801258  0.00194381  0.96801453 -0.25116945
19240.0  1.25000000  0.96801257  0.00194379  0.96801452 -0.25116947
19240.1  1.25000000  0.96801257  0.00194323  0.96801452 -0.25116950
19240.2  1.25000000  0.96801257  0.00194220  0.96801452 -0.25116952
19240.3  1.25000000  0.96801257  0.00194082  0.96801451 -0.25116953
19240.4  1.25000000  0.96801257  0.00193925  0.96801451 -0.25116953
19240.5  1.25000000  0.96801257  0.00193770  0.96801451 -0.25116953
19240.6  1.25000000  0.96801258  0.00193635  0.96801452 -0.25116951
19240.7  1.25000000  0.96801259  0.00193537  0.96801452 -0.25116949
19240.8  1.25000000  0.96801259  0.00193487  0.96801453 -0.25116947
19240.9  1.25000000  0.96801260  0.00193493  0.96801453 -0.25116944
19241.0  1.25000000  0.96801260  0.00193554  0.96801454 -0.25116942
19241.1  1.25000000  0.96801260  0.00193663  0.96801454 -0.25116940
19241.2  1.25000000  0.96801260  0.00193805  0.96801454 -0.25116939
19241.3  1.25000000  0.96801260  0.00193963  0.96801454 -0.25116938
19241.4  1.25000000  0.96801260  0.00194119  0.96801454 -0.25116939
19241.5  1.25000000  0.96801259  0.00194252  0.96801454 -0.25116941
19241.6  1.25000000  0.96801258  0.00194347  0.96801453 -0.25116943
19241.7  1.25000000  0.96801258  0.00194392  0.96801453 -0.25116945
19241.8  1.25000000  0.96801257  0.00194381  0.96801452 -0.25116948
19241.9  1.25000000  0.96801257  0.00194316  0.96801452 -0.25116950
19242.0  1.25000000  0.96801257  0.00194203  0.96801451 -0.25116952
19242.1  1.25000000  0.96801257  0.00194057  0.96801451 -0.25116953
19242.2  1.25000000  0.96801257  0.00193897  0.96801451 -0.25116953
19242.3  1.25000000  0.96801258  0.00193741  0.96801451 -0.25116953
19242.4  1.25000000  0.96801258  0.00193609  0.96801452 -0.25116951
19242.5  1.25000000  0.96801259  0.00193518  0.96801452 -0.25116949
19242.6  1.25000000  0.96801259  0.00193477  0.96801453 -0.25116946
19242.7  1.25000000  0.96801260  0.00193493  0.96801453 -0.25116944
19242.8  1.25000000  0.96801260  0.00193564  0.96801454 -0.25116941
19242.9  1.25000000  0.96801260  0.00193680  0.96801454 -0.25116940
19243.0  1.25000000  0.96801260  0.00193826  0.96801454 -0.25116939
19243.1  1.25000000  0.96801260  0.00193980  0.96801454 -0.25116939
19243.2  1.25000000  0.96801259  0.00194130  0.96801454 -0.25116939
19243.3  1.25000000  0.96801259  0.00194257  0.96801454 -0.25116941
19243.4  1.25000000  0.96801258  0.00194345  0.96801453 -0.25116943
19243.5  1.25000000  0.96801258  0.00194382  0.96801453 -0.25116946
19243.6  1.25000000  0.96801257  0.00194364  0.96801452 -0.25116948
19243.7  1.25000000  0.96801257  0.00194294  0.96801452 -0.25116950
19243.8  1.25000000  0.96801257  0.00194180  0.96801451 -0.25116952
19243.9  1.25000000  0.96801257  0.00194038  0.96801451 -0.25116953
19244.0  1.25000000  0.96801257  0.00193885  0.96801451 -0.25116953
19244.1  1.25000000  0.96801258  0.00193739  0.96801451 -0.25116952
19244.2  1.25000000  0.96801258  0.00193619  0.96801452 -0.25116951
19244.3  1.25000000  0.96801259  0.00193538  0.96801452 -0.25116949
19244.4  1.25000000  0.96801259  0.00193506  0.96801453 -0.25116946
19244.5  1.25000000  0.96801260  0.00193527  0.96801453 -0.25116944
19244.6  1.25000000  0.96801260  0.00193597  0.96801454 -0.25116942
19244.7  1.25000000  0.96801260  0.00193706  0.96801454 -0.25116940
19244.8  1.25000000  0.96801260  0.00193839  0.96801454 -0.25116939
19244.9  1.25000000  0.96801260  0.00193983  0.96801454 -0.25116939
19245.0  1.25000000  0.96801259  0.00194118  0.96801454 -0.25116940
19245.1  1.25000000  0.96801259  0.00194231  0.96801454 -0.25116941
19245.2  1.25000000  0.96801258  0.00194308  0.96801453 -0.25116943
19245.3  1.25000000  0.96801258  0.00194342  0.96801453 -0.25116946
19245.4  1.25000000  0.96801257  0.00194325  0.96801452 -0.25116948
19245.5  1.25000000  0.96801257  0.00194261  0.96801452 -0.25116950
19245.6  1.25000000  0.96801257  0.00194158  0.96801452 -0.25116952
19245.7  1.25000000  0.96801257  0.00194028  0.96801451 -0.25116952
19245.8  1.25000000  0.96801257  0.00193888  0.96801451 -0.25116952
19245.9  1.25000000  0.96801258  0.00193754  0.96801452 -0.25116952
19246.0  1.25000000  0.96801258  0.00193644  0.96801452 -0.25116950
19246.1  1.25000000  0.96801259  0.00193573  0.96801452 -0.25116948
19246.2  1.25000000  0.96801259  0.00193548  0.96801453 -0.25116946
19246.3  1.25000000  0.96801260  0.00193573  0.96801453 -0.25116944
19246.4  1.25000000  0.96801260  0.00193642  0.96801454 -0.25116942
19246.5  1.25000000  0.96801260  0.00193748  0.96801454 -0.25116940
19246.6  1.25000000  0.96801260  0.00193877  0.96801454 -0.25116940
19246.7  1.25000000  0.96801260  0.00194013  0.96801454 -0.25116940
19246.8  1.25000000  0.96801259  0.00194138  0.96801454 -0.25116941
19246.9  1.25000000  0.96801259  0.00194238  0.96801454 -0.25116942
19247.0  1.25000000  0.96801258  0.00194299  0.96801453 -0.25116944
19247.1  1.25000000  0.96801258  0.00194314  0.96801453 -0.25116946
19247.2  1.25000000  0.96801257  0.00194283  0.96801452 -0.25116949
19247.3  1.25000000  0.96801257  0.00194210  0.96801452 -0.25116950
19247.4  1.25000000  0.96801257  0.00194103  0.96801452 -0.25116952
19247.5  1.25000000  0.96801257  0.00193976  0.96801452 -0.25116952
19247.6  1.25000000  0.96801257  0.00193845  0.96801452 -0.25116952
19247.7  1.25000000  0.96801258  0.00193725  0.96801452 -0.25116951
19247.8  1.25000000  0.96801258  0.00193631  0.96801452 -0.25116949
19247.9  1.25000000  0.96801259  0.00193574  0.96801452 -0.25116947
