 # AA:        411877.72547989147     
 # FLEGG:     245722.11282076681     
 # AF0:     -5.33308614247767210E-002
 # CPAR:      555.55779854881382     
 # Diff:     0.12463198212018202     
 # TF:       4.89897948556635358E-007
 # H:         284.00000000000000     
 # GRAD:     0.10000000000000001     
 # HR:       3.00000000000000006E-003
 # LP:       0.23500000000182675     
 # TIME  LP  TMAB  TMDS  TMPC  TMZ
40954.5  1.25000000  0.96814174 -0.00032534  0.96814179 -0.25069730
40954.6  1.25000000  0.96814210 -0.00192944  0.96814402 -0.25068425
40954.7  1.25000000  0.96814288 -0.00288635  0.96814718 -0.25066434
40954.8  1.25000000  0.96814636 -0.00299851  0.96815100 -0.25064155
40954.9  1.25000000  0.96815193 -0.00225087  0.96815455 -0.25062086
40955.0  1.25000000  0.96815636 -0.00081744  0.96815670 -0.25060691
40955.1  1.25000000  0.96815684  0.00097740  0.96815734 -0.25060230
40955.2  1.25000000  0.96815279  0.00276156  0.96815673 -0.25060753
40955.3  1.25000000  0.96814530  0.00415732  0.96815422 -0.25062203
40955.4  1.25000000  0.96813858  0.00486256  0.96815079 -0.25064224
40955.5  1.25000000  0.96813570  0.00474668  0.96814734 -0.25066364
40955.6  1.25000000  0.96813670  0.00384855  0.96814435 -0.25068188
40955.7  1.25000000  0.96813937  0.00236556  0.96814226 -0.25069329
40955.8  1.25000000  0.96814190  0.00061844  0.96814209 -0.25069508
40955.9  1.25000000  0.96814299 -0.00100314  0.96814351 -0.25068731
40956.0  1.25000000  0.96814341 -0.00217356  0.96814585 -0.25067205
40956.1  1.25000000  0.96814573 -0.00264574  0.96814934 -0.25065205
40956.2  1.25000000  0.96814988 -0.00232645  0.96815268 -0.25063207
40956.3  1.25000000  0.96815430 -0.00130153  0.96815517 -0.25061633
40956.4  1.25000000  0.96815644  0.00019676  0.96815646 -0.25060795
40956.5  1.25000000  0.96815479  0.00185267  0.96815656 -0.25060839
40956.6  1.25000000  0.96814920  0.00331310  0.96815487 -0.25061791
40956.7  1.25000000  0.96814273  0.00426118  0.96815211 -0.25063408
40956.8  1.25000000  0.96813858  0.00451357  0.96814910 -0.25065319
40956.9  1.25000000  0.96813764  0.00402704  0.96814601 -0.25067153
40957.0  1.25000000  0.96813932  0.00290986  0.96814369 -0.25068506
40957.1  1.25000000  0.96814178  0.00141080  0.96814281 -0.25069083
40957.2  1.25000000  0.96814342 -0.00013863  0.96814343 -0.25068783
40957.3  1.25000000  0.96814397 -0.00141919  0.96814501 -0.25067714
40957.4  1.25000000  0.96814553 -0.00216112  0.96814794 -0.25066055
40957.5  1.25000000  0.96814845 -0.00220858  0.96815097 -0.25064217
40957.6  1.25000000  0.96815229 -0.00157251  0.96815357 -0.25062583
40957.7  1.25000000  0.96815528 -0.00039613  0.96815537 -0.25061480
40957.8  1.25000000  0.96815546  0.00106725  0.96815605 -0.25061130
40957.9  1.25000000  0.96815191  0.00250318  0.96815514 -0.25061624
40958.0  1.25000000  0.96814640  0.00359977  0.96815309 -0.25062826
40958.1  1.25000000  0.96814174  0.00413920  0.96815059 -0.25064451
40958.2  1.25000000  0.96813928  0.00401461  0.96814760 -0.25066193
40958.3  1.25000000  0.96813965  0.00325463  0.96814513 -0.25067653
40958.4  1.25000000  0.96814162  0.00203675  0.96814376 -0.25068518
40958.5  1.25000000  0.96814341  0.00062800  0.96814362 -0.25068628
40958.6  1.25000000  0.96814432 -0.00067523  0.96814455 -0.25067984
40958.7  1.25000000  0.96814552 -0.00159743  0.96814684 -0.25066694
40958.8  1.25000000  0.96814760 -0.00194122  0.96814954 -0.25065079
40958.9  1.25000000  0.96815064 -0.00165453  0.96815205 -0.25063487
40959.0  1.25000000  0.96815389 -0.00080294  0.96815422 -0.25062223
40959.1  1.25000000  0.96815521  0.00042693  0.96815531 -0.25061573
40959.2  1.25000000  0.96815347  0.00176600  0.96815508 -0.25061669
40959.3  1.25000000  0.96814928  0.00292527  0.96815370 -0.25062469
40959.4  1.25000000  0.96814474  0.00366876  0.96815169 -0.25063777
40959.5  1.25000000  0.96814135  0.00384428  0.96814898 -0.25065349
40959.6  1.25000000  0.96814046  0.00341571  0.96814649 -0.25066819
40959.7  1.25000000  0.96814165  0.00249122  0.96814486 -0.25067869
40959.8  1.25000000  0.96814326  0.00127364  0.96814409 -0.25068308
40959.9  1.25000000  0.96814450  0.00002154  0.96814450 -0.25068041
40960.0  1.25000000  0.96814561 -0.00099641  0.96814612 -0.25067124
40960.1  1.25000000  0.96814713 -0.00156381  0.96814840 -0.25065777
40960.2  1.25000000  0.96814942 -0.00157603  0.96815070 -0.25064303
40960.3  1.25000000  0.96815245 -0.00103558  0.96815300 -0.25062980
40960.4  1.25000000  0.96815439 -0.00006201  0.96815439 -0.25062118
40960.5  1.25000000  0.96815404  0.00112582  0.96815470 -0.25061886
40960.6  1.25000000  0.96815131  0.00227390  0.96815398 -0.25062313
40960.7  1.25000000  0.96814735  0.00314380  0.96815246 -0.25063295
40960.8  1.25000000  0.96814363  0.00355442  0.96815015 -0.25064641
40960.9  1.25000000  0.96814176  0.00341972  0.96814780 -0.25066041
40961.0  1.25000000  0.96814201  0.00278396  0.96814602 -0.25067186
40961.1  1.25000000  0.96814316  0.00178794  0.96814482 -0.25067869
40961.2  1.25000000  0.96814449  0.00064422  0.96814470 -0.25067928
40961.3  1.25000000  0.96814564 -0.00039768  0.96814572 -0.25067360
40961.4  1.25000000  0.96814683 -0.00111777  0.96814748 -0.25066308
40961.5  1.25000000  0.96814856 -0.00137354  0.96814954 -0.25065005
40961.6  1.25000000  0.96815114 -0.00111572  0.96815178 -0.25063707
40961.7  1.25000000  0.96815333 -0.00040320  0.96815341 -0.25062714
40961.8  1.25000000  0.96815394  0.00059903  0.96815412 -0.25062229
40961.9  1.25000000  0.96815255  0.00167722  0.96815400 -0.25062328
40962.0  1.25000000  0.96814944  0.00260452  0.96815295 -0.25062993
40962.1  1.25000000  0.96814585  0.00318464  0.96815108 -0.25064084
40962.2  1.25000000  0.96814334  0.00329656  0.96814896 -0.25065352
40962.3  1.25000000  0.96814269  0.00292926  0.96814712 -0.25066517
40962.4  1.25000000  0.96814322  0.00216622  0.96814564 -0.25067359
40962.5  1.25000000  0.96814439  0.00117148  0.96814510 -0.25067682
40962.6  1.25000000  0.96814559  0.00016522  0.96814560 -0.25067426
40962.7  1.25000000  0.96814662 -0.00064031  0.96814684 -0.25066670
40962.8  1.25000000  0.96814802 -0.00108065  0.96814862 -0.25065576
40962.9  1.25000000  0.96815010 -0.00106596  0.96815069 -0.25064368
40963.0  1.25000000  0.96815223 -0.00060456  0.96815242 -0.25063321
40963.1  1.25000000  0.96815341  0.00019361  0.96815342 -0.25062655
40963.2  1.25000000  0.96815308  0.00115679  0.96815377 -0.25062484
40963.3  1.25000000  0.96815092  0.00208130  0.96815316 -0.25062855
40963.4  1.25000000  0.96814778  0.00276814  0.96815174 -0.25063681
40963.5  1.25000000  0.96814504  0.00307511  0.96814992 -0.25064773
40963.6  1.25000000  0.96814366  0.00294612  0.96814814 -0.25065890
40963.7  1.25000000  0.96814353  0.00241431  0.96814654 -0.25066816
40963.8  1.25000000  0.96814435  0.00159441  0.96814566 -0.25067339
40963.9  1.25000000  0.96814551  0.00067088  0.96814575 -0.25067350
40964.0  1.25000000  0.96814647 -0.00016088  0.96814648 -0.25066878
40964.1  1.25000000  0.96814764 -0.00072886  0.96814791 -0.25066012
40964.2  1.25000000  0.96814930 -0.00091341  0.96814974 -0.25064941
40964.3  1.25000000  0.96815120 -0.00068128  0.96815144 -0.25063907
40964.4  1.25000000  0.96815264 -0.00009199  0.96815264 -0.25063128
40964.5  1.25000000  0.96815306  0.00072580  0.96815333 -0.25062746
40964.6  1.25000000  0.96815183  0.00159886  0.96815315 -0.25062855
40964.7  1.25000000  0.96814933  0.00233609  0.96815215 -0.25063424
40964.8  1.25000000  0.96814671  0.00278530  0.96815072 -0.25064311
40964.9  1.25000000  0.96814484  0.00285774  0.96814906 -0.25065333
40965.0  1.25000000  0.96814411  0.00254216  0.96814745 -0.25066277
40965.1  1.25000000  0.96814447  0.00190892  0.96814635 -0.25066934
40965.2  1.25000000  0.96814542  0.00110206  0.96814605 -0.25067164
40965.3  1.25000000  0.96814630  0.00029329  0.96814634 -0.25066946
40965.4  1.25000000  0.96814734 -0.00034835  0.96814740 -0.25066314
40965.5  1.25000000  0.96814871 -0.00068533  0.96814895 -0.25065411
40965.6  1.25000000  0.96815031 -0.00065249  0.96815053 -0.25064444
40965.7  1.25000000  0.96815183 -0.00026491  0.96815187 -0.25063612
40965.8  1.25000000  0.96815271  0.00039161  0.96815279 -0.25063081
40965.9  1.25000000  0.96815226  0.00117580  0.96815297 -0.25062970
40966.0  1.25000000  0.96815046  0.00191525  0.96815236 -0.25063299
40966.1  1.25000000  0.96814818  0.00245599  0.96815130 -0.25063974
40966.2  1.25000000  0.96814609  0.00268855  0.96814983 -0.25064862
40966.3  1.25000000  0.96814488  0.00256535  0.96814828 -0.25065772
40966.4  1.25000000  0.96814475  0.00211783  0.96814707 -0.25066501
40966.5  1.25000000  0.96814539  0.00144887  0.96814647 -0.25066898
40966.6  1.25000000  0.96814616  0.00070218  0.96814642 -0.25066897
40966.7  1.25000000  0.96814711  0.00003525  0.96814711 -0.25066490
40966.8  1.25000000  0.96814828 -0.00040768  0.96814836 -0.25065771
40966.9  1.25000000  0.96814960 -0.00053848  0.96814975 -0.25064911
40967.0  1.25000000  0.96815105 -0.00033595  0.96815111 -0.25064081
40967.1  1.25000000  0.96815216  0.00015408  0.96815217 -0.25063457
40967.2  1.25000000  0.96815227  0.00082357  0.96815262 -0.25063174
40967.3  1.25000000  0.96815118  0.00152512  0.96815238 -0.25063288
40967.4  1.25000000  0.96814935  0.00211132  0.96815165 -0.25063756
40967.5  1.25000000  0.96814731  0.00246169  0.96815044 -0.25064486
40967.6  1.25000000  0.96814579  0.00250209  0.96814902 -0.25065319
40967.7  1.25000000  0.96814524  0.00222993  0.96814781 -0.25066068
40967.8  1.25000000  0.96814548  0.00170949  0.96814699 -0.25066579
40967.9  1.25000000  0.96814609  0.00105333  0.96814666 -0.25066756
40968.0  1.25000000  0.96814692  0.00040156  0.96814701 -0.25066554
40968.1  1.25000000  0.96814793 -0.00010439  0.96814793 -0.25066025
40968.2  1.25000000  0.96814903 -0.00036179  0.96814909 -0.25065297
40968.3  1.25000000  0.96815034 -0.00032114  0.96815039 -0.25064514
40968.4  1.25000000  0.96815153  0.00000686  0.96815153 -0.25063845
40968.5  1.25000000  0.96815202  0.00054733  0.96815218 -0.25063438
40968.6  1.25000000  0.96815154  0.00118077  0.96815226 -0.25063370
40968.7  1.25000000  0.96815022  0.00177320  0.96815184 -0.25063644
40968.8  1.25000000  0.96814841  0.00220090  0.96815091 -0.25064207
40968.9  1.25000000  0.96814676  0.00237271  0.96814966 -0.25064934
40969.0  1.25000000  0.96814587  0.00225768  0.96814850 -0.25065658
40969.1  1.25000000  0.96814571  0.00188587  0.96814755 -0.25066237
40969.2  1.25000000  0.96814607  0.00133807  0.96814700 -0.25066548
40969.3  1.25000000  0.96814678  0.00073328  0.96814705 -0.25066525
40969.4  1.25000000  0.96814765  0.00020280  0.96814767 -0.25066178
40969.5  1.25000000  0.96814858 -0.00014387  0.96814859 -0.25065595
40969.6  1.25000000  0.96814974 -0.00023700  0.96814977 -0.25064893
40969.7  1.25000000  0.96815091 -0.00005854  0.96815091 -0.25064223
40969.8  1.25000000  0.96815162  0.00034829  0.96815168 -0.25063736
40969.9  1.25000000  0.96815161  0.00089251  0.96815202 -0.25063524
40970.0  1.25000000  0.96815078  0.00145844  0.96815188 -0.25063626
40970.1  1.25000000  0.96814929  0.00192613  0.96815121 -0.25064023
40970.2  1.25000000  0.96814768  0.00219568  0.96815017 -0.25064624
40970.3  1.25000000  0.96814658  0.00221457  0.96814911 -0.25065290
40970.4  1.25000000  0.96814607  0.00198382  0.96814811 -0.25065892
40970.5  1.25000000  0.96814617  0.00155357  0.96814741 -0.25066297
40970.6  1.25000000  0.96814670  0.00101958  0.96814724 -0.25066419
40970.7  1.25000000  0.96814743  0.00049763  0.96814756 -0.25066239
40970.8  1.25000000  0.96814824  0.00009684  0.96814824 -0.25065807
40970.9  1.25000000  0.96814925 -0.00010051  0.96814926 -0.25065207
40971.0  1.25000000  0.96815033 -0.00005307  0.96815033 -0.25064573
40971.1  1.25000000  0.96815113  0.00022289  0.96815116 -0.25064048
40971.2  1.25000000  0.96815146  0.00066516  0.96815169 -0.25063729
40971.3  1.25000000  0.96815106  0.00117917  0.96815178 -0.25063685
40971.4  1.25000000  0.96814995  0.00165434  0.96815136 -0.25063925
40971.5  1.25000000  0.96814852  0.00198920  0.96815057 -0.25064392
40971.6  1.25000000  0.96814732  0.00211636  0.96814964 -0.25064976
40971.7  1.25000000  0.96814656  0.00201281  0.96814866 -0.25065562
40971.8  1.25000000  0.96814637  0.00170155  0.96814787 -0.25066023
40971.9  1.25000000  0.96814670  0.00125361  0.96814752 -0.25066257
40972.0  1.25000000  0.96814727  0.00076649  0.96814757 -0.25066224
40972.1  1.25000000  0.96814797  0.00034269  0.96814803 -0.25065936
40972.2  1.25000000  0.96814884  0.00007116  0.96814884 -0.25065453
40972.3  1.25000000  0.96814981  0.00000880  0.96814981 -0.25064882
40972.4  1.25000000  0.96815064  0.00016366  0.96815065 -0.25064352
40972.5  1.25000000  0.96815118  0.00049941  0.96815131 -0.25063964
40972.6  1.25000000  0.96815112  0.00094389  0.96815158 -0.25063804
40972.7  1.25000000  0.96815038  0.00139996  0.96815140 -0.25063904
40972.8  1.25000000  0.96814922  0.00177021  0.96815084 -0.25064235
40972.9  1.25000000  0.96814803  0.00197877  0.96815006 -0.25064722
40973.0  1.25000000  0.96814711  0.00198404  0.96814914 -0.25065265
40973.1  1.25000000  0.96814668  0.00178626  0.96814832 -0.25065747
40973.2  1.25000000  0.96814678  0.00143208  0.96814784 -0.25066059
40973.3  1.25000000  0.96814717  0.00099937  0.96814769 -0.25066147
40973.4  1.25000000  0.96814776  0.00057950  0.96814793 -0.25065992
40973.5  1.25000000  0.96814852  0.00026224  0.96814856 -0.25065629
40973.6  1.25000000  0.96814937  0.00011392  0.96814938 -0.25065140
40973.7  1.25000000  0.96815018  0.00016202  0.96815019 -0.25064634
40973.8  1.25000000  0.96815082  0.00039315  0.96815090 -0.25064212
40973.9  1.25000000  0.96815102  0.00075712  0.96815132 -0.25063964
40974.0  1.25000000  0.96815061  0.00117319  0.96815132 -0.25063945
40974.1  1.25000000  0.96814974  0.00155232  0.96815099 -0.25064149
40974.2  1.25000000  0.96814867  0.00181593  0.96815037 -0.25064530
40974.3  1.25000000  0.96814768  0.00190952  0.96814956 -0.25065010
40974.4  1.25000000  0.96814707  0.00181482  0.96814877 -0.25065481
40974.5  1.25000000  0.96814695  0.00155610  0.96814820 -0.25065841
40974.6  1.25000000  0.96814716  0.00119093  0.96814789 -0.25066022
40974.7  1.25000000  0.96814762  0.00079686  0.96814795 -0.25065986
40974.8  1.25000000  0.96814827  0.00045918  0.96814838 -0.25065739
40974.9  1.25000000  0.96814900  0.00024873  0.96814903 -0.25065344
40975.0  1.25000000  0.96814975  0.00020704  0.96814978 -0.25064884
40975.1  1.25000000  0.96815044  0.00034055  0.96815050 -0.25064456
40975.2  1.25000000  0.96815081  0.00061936  0.96815101 -0.25064151
40975.3  1.25000000  0.96815067  0.00098075  0.96815117 -0.25064036
40975.4  1.25000000  0.96815010  0.00134697  0.96815103 -0.25064125
40975.5  1.25000000  0.96814920  0.00164151  0.96815059 -0.25064399
40975.6  1.25000000  0.96814823  0.00180218  0.96814991 -0.25064801
40975.7  1.25000000  0.96814751  0.00179654  0.96814918 -0.25065239
40975.8  1.25000000  0.96814720  0.00162939  0.96814857 -0.25065620
40975.9  1.25000000  0.96814722  0.00133853  0.96814815 -0.25065867
40976.0  1.25000000  0.96814754  0.00098644  0.96814804 -0.25065928
40976.1  1.25000000  0.96814807  0.00064996  0.96814829 -0.25065790
40976.2  1.25000000  0.96814870  0.00040012  0.96814878 -0.25065491
40976.3  1.25000000  0.96814939  0.00028753  0.96814943 -0.25065095
40976.4  1.25000000  0.96815006  0.00033455  0.96815012 -0.25064684
40976.5  1.25000000  0.96815054  0.00052922  0.96815068 -0.25064349
40976.6  1.25000000  0.96815062  0.00082693  0.96815097 -0.25064161
40976.7  1.25000000  0.96815029  0.00116316  0.96815099 -0.25064152
40976.8  1.25000000  0.96814960  0.00146707  0.96815071 -0.25064325
40976.9  1.25000000  0.96814872  0.00167372  0.96815017 -0.25064643
40977.0  1.25000000  0.96814796  0.00174077  0.96814953 -0.25065030
40977.1  1.25000000  0.96814750  0.00165702  0.96814892 -0.25065407
40977.2  1.25000000  0.96814735  0.00144218  0.96814843 -0.25065695
40977.3  1.25000000  0.96814752  0.00114317  0.96814820 -0.25065832
40977.4  1.25000000  0.96814794  0.00082571  0.96814829 -0.25065790
40977.5  1.25000000  0.96814846  0.00055725  0.96814862 -0.25065585
40977.6  1.25000000  0.96814908  0.00039302  0.96814916 -0.25065261
40977.7  1.25000000  0.96814972  0.00036705  0.96814979 -0.25064887
40977.8  1.25000000  0.96815023  0.00048274  0.96815035 -0.25064545
40977.9  1.25000000  0.96815047  0.00071256  0.96815073 -0.25064308
40978.0  1.25000000  0.96815036  0.00100635  0.96815088 -0.25064220
40978.1  1.25000000  0.96814987  0.00130158  0.96815075 -0.25064301
40978.2  1.25000000  0.96814913  0.00153469  0.96815035 -0.25064533
40978.3  1.25000000  0.96814840  0.00165742  0.96814982 -0.25064859
40978.4  1.25000000  0.96814784  0.00164618  0.96814924 -0.25065212
40978.5  1.25000000  0.96814755  0.00150483  0.96814872 -0.25065517
40978.6  1.25000000  0.96814758  0.00126506  0.96814841 -0.25065709
40978.7  1.25000000  0.96814786  0.00098005  0.96814836 -0.25065748
40978.8  1.25000000  0.96814828  0.00071064  0.96814854 -0.25065631
40978.9  1.25000000  0.96814881  0.00051304  0.96814895 -0.25065384
40979.0  1.25000000  0.96814941  0.00042886  0.96814950 -0.25065059
40979.1  1.25000000  0.96814992  0.00047403  0.96815004 -0.25064730
40979.2  1.25000000  0.96815026  0.00063630  0.96815047 -0.25064465
40979.3  1.25000000  0.96815032  0.00087995  0.96815072 -0.25064318
40979.4  1.25000000  0.96815003  0.00115242  0.96815072 -0.25064319
40979.5  1.25000000  0.96814945  0.00139477  0.96815046 -0.25064468
40979.6  1.25000000  0.96814879  0.00155632  0.96815004 -0.25064727
40979.7  1.25000000  0.96814819  0.00160470  0.96814952 -0.25065042
40979.8  1.25000000  0.96814779  0.00153066  0.96814900 -0.25065346
40979.9  1.25000000  0.96814769  0.00135184  0.96814863 -0.25065572
40980.0  1.25000000  0.96814784  0.00110838  0.96814847 -0.25065675
40980.1  1.25000000  0.96814816  0.00085254  0.96814853 -0.25065636
40980.2  1.25000000  0.96814861  0.00063835  0.96814882 -0.25065463
40980.3  1.25000000  0.96814914  0.00051131  0.96814928 -0.25065196
40980.4  1.25000000  0.96814964  0.00049671  0.96814977 -0.25064895
40980.5  1.25000000  0.96815003  0.00059536  0.96815021 -0.25064622
40980.6  1.25000000  0.96815022  0.00078519  0.96815053 -0.25064434
40980.7  1.25000000  0.96815009  0.00102455  0.96815063 -0.25064371
40980.8  1.25000000  0.96814968  0.00126140  0.96815050 -0.25064445
40980.9  1.25000000  0.96814911  0.00144588  0.96815019 -0.25064635
40981.0  1.25000000  0.96814852  0.00154015  0.96814975 -0.25064902
40981.1  1.25000000  0.96814806  0.00152493  0.96814926 -0.25065188
40981.2  1.25000000  0.96814785  0.00140533  0.96814887 -0.25065430
40981.3  1.25000000  0.96814788  0.00120880  0.96814863 -0.25065579
40981.4  1.25000000  0.96814809  0.00097775  0.96814858 -0.25065605
40981.5  1.25000000  0.96814845  0.00076153  0.96814875 -0.25065504
40981.6  1.25000000  0.96814892  0.00060633  0.96814911 -0.25065298
40981.7  1.25000000  0.96814938  0.00054377  0.96814953 -0.25065035
40981.8  1.25000000  0.96814979  0.00058528  0.96814997 -0.25064770
40981.9  1.25000000  0.96815006  0.00072102  0.96815033 -0.25064559
40982.0  1.25000000  0.96815007  0.00092062  0.96815050 -0.25064447
40982.1  1.25000000  0.96814981  0.00114036  0.96815048 -0.25064456
40982.2  1.25000000  0.96814937  0.00133376  0.96815028 -0.25064580
40982.3  1.25000000  0.96814883  0.00146043  0.96814993 -0.25064794
40982.4  1.25000000  0.96814834  0.00149400  0.96814950 -0.25065050
40982.5  1.25000000  0.96814805  0.00142905  0.96814910 -0.25065292
40982.6  1.25000000  0.96814796  0.00128121  0.96814881 -0.25065470
40982.7  1.25000000  0.96814807  0.00108263  0.96814867 -0.25065549
40982.8  1.25000000  0.96814835  0.00087624  0.96814874 -0.25065510
40982.9  1.25000000  0.96814873  0.00070634  0.96814899 -0.25065365
40983.0  1.25000000  0.96814915  0.00060803  0.96814934 -0.25065148
40983.1  1.25000000  0.96814956  0.00060082  0.96814975 -0.25064904
40983.2  1.25000000  0.96814988  0.00068532  0.96815012 -0.25064685
40983.3  1.25000000  0.96814999  0.00084195  0.96815035 -0.25064539
40983.4  1.25000000  0.96814987  0.00103601  0.96815042 -0.25064494
40983.5  1.25000000  0.96814955  0.00122628  0.96815032 -0.25064558
40983.6  1.25000000  0.96814908  0.00137260  0.96815006 -0.25064717
40983.7  1.25000000  0.96814861  0.00144422  0.96814969 -0.25064935
40983.8  1.25000000  0.96814826  0.00142728  0.96814931 -0.25065165
40983.9  1.25000000  0.96814809  0.00132710  0.96814900 -0.25065357
40984.0  1.25000000  0.96814809  0.00116561  0.96814879 -0.25065475
40984.1  1.25000000  0.96814828  0.00097797  0.96814878 -0.25065489
40984.2  1.25000000  0.96814860  0.00080494  0.96814893 -0.25065402
40984.3  1.25000000  0.96814896  0.00068254  0.96814920 -0.25065233
40984.4  1.25000000  0.96814935  0.00063569  0.96814956 -0.25065019
40984.5  1.25000000  0.96814969  0.00067373  0.96814992 -0.25064804
40984.6  1.25000000  0.96814987  0.00078743  0.96815019 -0.25064637
40984.7  1.25000000  0.96814985  0.00095064  0.96815032 -0.25064552
40984.8  1.25000000  0.96814966  0.00112859  0.96815032 -0.25064562
40984.9  1.25000000  0.96814929  0.00128372  0.96815014 -0.25064668
40985.0  1.25000000  0.96814884  0.00138245  0.96814983 -0.25064846
40985.1  1.25000000  0.96814848  0.00140539  0.96814950 -0.25065052
40985.2  1.25000000  0.96814824  0.00134915  0.96814918 -0.25065247
40985.3  1.25000000  0.96814816  0.00122629  0.96814894 -0.25065389
40985.4  1.25000000  0.96814826  0.00106376  0.96814884 -0.25065447
40985.5  1.25000000  0.96814851  0.00089762  0.96814893 -0.25065409
40985.6  1.25000000  0.96814879  0.00076233  0.96814909 -0.25065291
40985.7  1.25000000  0.96814917  0.00068572  0.96814941 -0.25065111
40985.8  1.25000000  0.96814949  0.00068437  0.96814974 -0.25064913
40985.9  1.25000000  0.96814973  0.00075639  0.96815003 -0.25064738
40986.0  1.25000000  0.96814980  0.00088548  0.96815020 -0.25064624
40986.1  1.25000000  0.96814971  0.00104352  0.96815028 -0.25064590
40986.2  1.25000000  0.96814943  0.00119724  0.96815017 -0.25064648
40986.3  1.25000000  0.96814905  0.00131264  0.96814994 -0.25064781
40986.4  1.25000000  0.96814870  0.00136707  0.96814966 -0.25064958
40986.5  1.25000000  0.96814841  0.00134990  0.96814935 -0.25065144
40986.6  1.25000000  0.96814826  0.00126509  0.96814909 -0.25065299
40986.7  1.25000000  0.96814828  0.00113221  0.96814894 -0.25065388
40986.8  1.25000000  0.96814845  0.00098035  0.96814894 -0.25065395
40986.9  1.25000000  0.96814868  0.00084183  0.96814905 -0.25065322
40987.0  1.25000000  0.96814900  0.00074506  0.96814929 -0.25065181
40987.1  1.25000000  0.96814933  0.00071150  0.96814959 -0.25065006
40987.2  1.25000000  0.96814957  0.00074580  0.96814986 -0.25064836
40987.3  1.25000000  0.96814972  0.00084016  0.96815008 -0.25064703
40987.4  1.25000000  0.96814970  0.00097370  0.96815019 -0.25064636
40987.5  1.25000000  0.96814953  0.00111783  0.96815017 -0.25064650
40987.6  1.25000000  0.96814921  0.00124081  0.96815000 -0.25064741
40987.7  1.25000000  0.96814889  0.00131788  0.96814979 -0.25064883
40987.8  1.25000000  0.96814858  0.00133340  0.96814950 -0.25065053
40987.9  1.25000000  0.96814838  0.00128421  0.96814923 -0.25065210
40988.0  1.25000000  0.96814834  0.00118248  0.96814906 -0.25065320
40988.1  1.25000000  0.96814842  0.00105062  0.96814899 -0.25065363
40988.2  1.25000000  0.96814860  0.00091666  0.96814904 -0.25065330
40988.3  1.25000000  0.96814887  0.00080891  0.96814921 -0.25065229
40988.4  1.25000000  0.96814918  0.00075063  0.96814947 -0.25065082
40988.5  1.25000000  0.96814941  0.00075258  0.96814971 -0.25064924
40988.6  1.25000000  0.96814961  0.00081338  0.96814995 -0.25064783
40988.7  1.25000000  0.96814966  0.00091996  0.96815010 -0.25064694
40988.8  1.25000000  0.96814957  0.00104843  0.96815013 -0.25064672
40988.9  1.25000000  0.96814933  0.00117114  0.96815004 -0.25064722
40989.0  1.25000000  0.96814905  0.00126250  0.96814988 -0.25064830
40989.1  1.25000000  0.96814875  0.00130387  0.96814962 -0.25064976
40989.2  1.25000000  0.96814852  0.00128636  0.96814937 -0.25065126
40989.3  1.25000000  0.96814842  0.00121545  0.96814918 -0.25065247
40989.4  1.25000000  0.96814843  0.00110687  0.96814906 -0.25065317
40989.5  1.25000000  0.96814855  0.00098379  0.96814905 -0.25065320
40989.6  1.25000000  0.96814877  0.00087279  0.96814916 -0.25065256
40989.7  1.25000000  0.96814904  0.00079749  0.96814936 -0.25065140
40989.8  1.25000000  0.96814927  0.00077291  0.96814958 -0.25065000
40989.9  1.25000000  0.96814949  0.00080323  0.96814982 -0.25064861
40990.0  1.25000000  0.96814960  0.00088208  0.96815000 -0.25064756
40990.1  1.25000000  0.96814956  0.00099107  0.96815007 -0.25064707
40990.2  1.25000000  0.96814941  0.00110695  0.96815005 -0.25064721
40990.3  1.25000000  0.96814918  0.00120517  0.96814993 -0.25064796
40990.4  1.25000000  0.96814890  0.00126531  0.96814973 -0.25064915
40990.5  1.25000000  0.96814865  0.00127455  0.96814949 -0.25065052
40990.6  1.25000000  0.96814852  0.00123247  0.96814930 -0.25065176
40990.7  1.25000000  0.96814847  0.00114863  0.96814915 -0.25065264
40990.8  1.25000000  0.96814853  0.00104101  0.96814909 -0.25065295
40990.9  1.25000000  0.96814870  0.00093323  0.96814915 -0.25065265
40991.0  1.25000000  0.96814892  0.00084820  0.96814929 -0.25065181
40991.1  1.25000000  0.96814915  0.00080325  0.96814948 -0.25065062
40991.2  1.25000000  0.96814937  0.00080726  0.96814970 -0.25064933
40991.3  1.25000000  0.96814951  0.00085919  0.96814989 -0.25064821
40991.4  1.25000000  0.96814953  0.00094661  0.96814999 -0.25064752
40991.5  1.25000000  0.96814946  0.00105060  0.96815003 -0.25064737
40991.6  1.25000000  0.96814927  0.00114922  0.96814995 -0.25064779
40991.7  1.25000000  0.96814903  0.00122136  0.96814980 -0.25064870
40991.8  1.25000000  0.96814879  0.00125196  0.96814960 -0.25064989
40991.9  1.25000000  0.96814862  0.00123559  0.96814941 -0.25065108
40992.0  1.25000000  0.96814853  0.00117642  0.96814924 -0.25065206
40992.1  1.25000000  0.96814854  0.00108715  0.96814915 -0.25065260
40992.2  1.25000000  0.96814866  0.00098776  0.96814916 -0.25065258
40992.3  1.25000000  0.96814883  0.00089934  0.96814925 -0.25065205
40992.4  1.25000000  0.96814904  0.00084017  0.96814940 -0.25065110
40992.5  1.25000000  0.96814925  0.00082252  0.96814960 -0.25064995
40992.6  1.25000000  0.96814941  0.00084972  0.96814979 -0.25064884
40992.7  1.25000000  0.96814948  0.00091489  0.96814991 -0.25064802
40992.8  1.25000000  0.96814946  0.00100368  0.96814998 -0.25064763
40992.9  1.25000000  0.96814934  0.00109736  0.96814996 -0.25064778
40993.0  1.25000000  0.96814913  0.00117547  0.96814985 -0.25064841
40993.1  1.25000000  0.96814892  0.00122183  0.96814969 -0.25064938
40993.2  1.25000000  0.96814873  0.00122731  0.96814951 -0.25065048
40993.3  1.25000000  0.96814861  0.00119134  0.96814934 -0.25065149
40993.4  1.25000000  0.96814857  0.00112181  0.96814922 -0.25065217
40993.5  1.25000000  0.96814864  0.00103450  0.96814920 -0.25065240
40993.6  1.25000000  0.96814877  0.00094803  0.96814923 -0.25065213
40993.7  1.25000000  0.96814895  0.00088044  0.96814935 -0.25065144
40993.8  1.25000000  0.96814915  0.00084607  0.96814952 -0.25065046
40993.9  1.25000000  0.96814931  0.00085172  0.96814969 -0.25064941
40994.0  1.25000000  0.96814941  0.00089529  0.96814983 -0.25064853
40994.1  1.25000000  0.96814944  0.00096702  0.96814992 -0.25064798
40994.2  1.25000000  0.96814937  0.00105162  0.96814994 -0.25064789
40994.3  1.25000000  0.96814921  0.00113047  0.96814987 -0.25064827
40994.4  1.25000000  0.96814902  0.00118713  0.96814975 -0.25064901
40994.5  1.25000000  0.96814884  0.00121013  0.96814959 -0.25064997
40994.6  1.25000000  0.96814869  0.00119493  0.96814943 -0.25065094
40994.7  1.25000000  0.96814862  0.00114522  0.96814930 -0.25065171
40994.8  1.25000000  0.96814865  0.00107240  0.96814924 -0.25065212
40994.9  1.25000000  0.96814873  0.00099215  0.96814924 -0.25065209
40995.0  1.25000000  0.96814888  0.00092134  0.96814932 -0.25065164
40995.1  1.25000000  0.96814906  0.00087519  0.96814945 -0.25065085
40995.2  1.25000000  0.96814922  0.00086299  0.96814960 -0.25064992
40995.3  1.25000000  0.96814934  0.00088661  0.96814975 -0.25064904
40995.4  1.25000000  0.96814940  0.00094062  0.96814986 -0.25064838
40995.5  1.25000000  0.96814938  0.00101326  0.96814991 -0.25064810
40995.6  1.25000000  0.96814926  0.00108853  0.96814987 -0.25064824
40995.7  1.25000000  0.96814911  0.00115055  0.96814979 -0.25064876
40995.8  1.25000000  0.96814893  0.00118660  0.96814966 -0.25064956
40995.9  1.25000000  0.96814878  0.00118916  0.96814951 -0.25065046
40996.0  1.25000000  0.96814869  0.00115825  0.96814938 -0.25065125
40996.1  1.25000000  0.96814867  0.00110113  0.96814929 -0.25065178
40996.2  1.25000000  0.96814871  0.00103022  0.96814926 -0.25065195
40996.3  1.25000000  0.96814883  0.00096056  0.96814930 -0.25065172
40996.4  1.25000000  0.96814898  0.00090724  0.96814940 -0.25065113
40996.5  1.25000000  0.96814913  0.00088116  0.96814953 -0.25065034
40996.6  1.25000000  0.96814926  0.00088725  0.96814967 -0.25064950
40996.7  1.25000000  0.96814935  0.00092383  0.96814979 -0.25064880
40996.8  1.25000000  0.96814936  0.00098272  0.96814986 -0.25064837
40996.9  1.25000000  0.96814929  0.00105110  0.96814986 -0.25064832
40997.0  1.25000000  0.96814917  0.00111429  0.96814981 -0.25064863
40997.1  1.25000000  0.96814902  0.00115925  0.96814972 -0.25064925
40997.2  1.25000000  0.96814886  0.00117649  0.96814958 -0.25065003
40997.3  1.25000000  0.96814875  0.00116262  0.96814945 -0.25065081
40997.4  1.25000000  0.96814871  0.00112139  0.96814936 -0.25065142
40997.5  1.25000000  0.96814872  0.00106180  0.96814930 -0.25065175
40997.6  1.25000000  0.96814879  0.00099650  0.96814930 -0.25065171
40997.7  1.25000000  0.96814892  0.00093964  0.96814937 -0.25065132
40997.8  1.25000000  0.96814906  0.00090329  0.96814948 -0.25065067
40997.9  1.25000000  0.96814919  0.00089465  0.96814960 -0.25064992
40998.0  1.25000000  0.96814929  0.00091496  0.96814972 -0.25064920
40998.1  1.25000000  0.96814934  0.00096005  0.96814982 -0.25064867
40998.2  1.25000000  0.96814930  0.00101975  0.96814984 -0.25064847
40998.3  1.25000000  0.96814921  0.00108055  0.96814982 -0.25064860
40998.4  1.25000000  0.96814910  0.00113058  0.96814976 -0.25064903
40998.5  1.25000000  0.96814894  0.00115887  0.96814964 -0.25064969
40998.6  1.25000000  0.96814882  0.00115955  0.96814952 -0.25065042
40998.7  1.25000000  0.96814874  0.00113307  0.96814941 -0.25065106
40998.8  1.25000000  0.96814875  0.00108591  0.96814935 -0.25065148
40998.9  1.25000000  0.96814876  0.00102784  0.96814931 -0.25065162
40999.0  1.25000000  0.96814887  0.00097094  0.96814936 -0.25065140
40999.1  1.25000000  0.96814901  0.00092877  0.96814945 -0.25065090
40999.2  1.25000000  0.96814910  0.00090851  0.96814953 -0.25065027
40999.3  1.25000000  0.96814924  0.00091450  0.96814967 -0.25064957
40999.4  1.25000000  0.96814929  0.00094573  0.96814975 -0.25064901
40999.5  1.25000000  0.96814931  0.00099453  0.96814982 -0.25064867
40999.6  1.25000000  0.96814922  0.00105037  0.96814979 -0.25064866
40999.7  1.25000000  0.96814916  0.00110106  0.96814979 -0.25064890
40999.8  1.25000000  0.96814900  0.00113746  0.96814967 -0.25064944
40999.9  1.25000000  0.96814889  0.00114925  0.96814957 -0.25065008
41000.0  1.25000000  0.96814881  0.00113720  0.96814948 -0.25065070
41000.1  1.25000000  0.96814876  0.00110242  0.96814939 -0.25065119
41000.2  1.25000000  0.96814877  0.00105357  0.96814934 -0.25065144
41000.3  1.25000000  0.96814884  0.00100014  0.96814935 -0.25065139
41000.4  1.25000000  0.96814896  0.00095518  0.96814943 -0.25065105
41000.5  1.25000000  0.96814904  0.00092666  0.96814948 -0.25065055
41000.6  1.25000000  0.96814917  0.00092052  0.96814961 -0.25064991
41000.7  1.25000000  0.96814925  0.00093886  0.96814971 -0.25064933
41000.8  1.25000000  0.96814927  0.00097598  0.96814976 -0.25064893
41000.9  1.25000000  0.96814925  0.00102457  0.96814979 -0.25064877
41001.0  1.25000000  0.96814918  0.00107360  0.96814977 -0.25064889
41001.1  1.25000000  0.96814908  0.00111385  0.96814972 -0.25064925
41001.2  1.25000000  0.96814894  0.00113488  0.96814960 -0.25064981
41001.3  1.25000000  0.96814888  0.00113457  0.96814955 -0.25065036
41001.4  1.25000000  0.96814879  0.00111233  0.96814943 -0.25065091
41001.5  1.25000000  0.96814879  0.00107312  0.96814939 -0.25065122
41001.6  1.25000000  0.96814882  0.00102578  0.96814936 -0.25065132
41001.7  1.25000000  0.96814892  0.00098075  0.96814942 -0.25065112
41001.8  1.25000000  0.96814899  0.00094707  0.96814945 -0.25065074
41001.9  1.25000000  0.96814911  0.00093146  0.96814956 -0.25065019
41002.0  1.25000000  0.96814920  0.00093812  0.96814966 -0.25064964
41002.1  1.25000000  0.96814923  0.00096399  0.96814971 -0.25064920
41002.2  1.25000000  0.96814925  0.00100378  0.96814977 -0.25064893
41002.3  1.25000000  0.96814920  0.00104913  0.96814976 -0.25064893
41002.4  1.25000000  0.96814912  0.00109011  0.96814973 -0.25064915
41002.5  1.25000000  0.96814900  0.00111776  0.96814964 -0.25064959
41002.6  1.25000000  0.96814893  0.00112686  0.96814959 -0.25065009
41002.7  1.25000000  0.96814883  0.00111613  0.96814948 -0.25065062
41002.8  1.25000000  0.96814881  0.00108684  0.96814942 -0.25065100
41002.9  1.25000000  0.96814883  0.00104699  0.96814939 -0.25065118
41003.0  1.25000000  0.96814889  0.00100430  0.96814941 -0.25065112
41003.1  1.25000000  0.96814896  0.00096821  0.96814944 -0.25065086
41003.2  1.25000000  0.96814906  0.00094574  0.96814952 -0.25065042
41003.3  1.25000000  0.96814915  0.00094250  0.96814961 -0.25064991
41003.4  1.25000000  0.96814919  0.00095778  0.96814967 -0.25064947
41003.5  1.25000000  0.96814923  0.00098833  0.96814974 -0.25064913
41003.6  1.25000000  0.96814921  0.00102803  0.96814975 -0.25064901
41003.7  1.25000000  0.96814914  0.00106761  0.96814973 -0.25064913
41003.8  1.25000000  0.96814906  0.00109901  0.96814968 -0.25064943
41003.9  1.25000000  0.96814897  0.00111564  0.96814961 -0.25064987
41004.0  1.25000000  0.96814889  0.00111461  0.96814954 -0.25065034
41004.1  1.25000000  0.96814883  0.00109548  0.96814945 -0.25065077
41004.2  1.25000000  0.96814885  0.00106335  0.96814944 -0.25065100
41004.3  1.25000000  0.96814886  0.00102537  0.96814940 -0.25065108
41004.4  1.25000000  0.96814893  0.00098872  0.96814944 -0.25065092
41004.5  1.25000000  0.96814901  0.00096215  0.96814949 -0.25065059
41004.6  1.25000000  0.96814911  0.00095060  0.96814957 -0.25065014
41004.7  1.25000000  0.96814916  0.00095672  0.96814963 -0.25064971
41004.8  1.25000000  0.96814920  0.00097793  0.96814969 -0.25064935
41004.9  1.25000000  0.96814921  0.00101107  0.96814974 -0.25064914
41005.0  1.25000000  0.96814915  0.00104765  0.96814972 -0.25064916
41005.1  1.25000000  0.96814910  0.00108010  0.96814970 -0.25064934
41005.2  1.25000000  0.96814901  0.00110220  0.96814964 -0.25064969
41005.3  1.25000000  0.96814893  0.00110884  0.96814957 -0.25065012
41005.4  1.25000000  0.96814887  0.00109905  0.96814950 -0.25065053
41005.5  1.25000000  0.96814885  0.00107484  0.96814945 -0.25065083
41005.6  1.25000000  0.96814887  0.00104272  0.96814944 -0.25065097
41005.7  1.25000000  0.96814889  0.00100772  0.96814942 -0.25065093
41005.8  1.25000000  0.96814900  0.00097909  0.96814949 -0.25065068
41005.9  1.25000000  0.96814905  0.00096180  0.96814952 -0.25065034
41006.0  1.25000000  0.96814913  0.00095975  0.96814961 -0.25064992
41006.1  1.25000000  0.96814916  0.00097262  0.96814965 -0.25064957
41006.2  1.25000000  0.96814921  0.00099829  0.96814972 -0.25064929
41006.3  1.25000000  0.96814915  0.00103051  0.96814970 -0.25064923
41006.4  1.25000000  0.96814912  0.00106210  0.96814971 -0.25064931
41006.5  1.25000000  0.96814905  0.00108735  0.96814966 -0.25064957
41006.6  1.25000000  0.96814897  0.00110010  0.96814960 -0.25064993
41006.7  1.25000000  0.96814891  0.00109812  0.96814954 -0.25065031
41006.8  1.25000000  0.96814888  0.00108218  0.96814948 -0.25065064
41006.9  1.25000000  0.96814888  0.00105599  0.96814946 -0.25065083
41007.0  1.25000000  0.96814888  0.00102473  0.96814942 -0.25065089
41007.1  1.25000000  0.96814897  0.00099551  0.96814948 -0.25065073
41007.2  1.25000000  0.96814901  0.00097485  0.96814950 -0.25065048
41007.3  1.25000000  0.96814909  0.00096592  0.96814957 -0.25065011
41007.4  1.25000000  0.96814914  0.00097154  0.96814962 -0.25064976
41007.5  1.25000000  0.96814918  0.00098962  0.96814968 -0.25064947
41007.6  1.25000000  0.96814916  0.00101663  0.96814969 -0.25064933
41007.7  1.25000000  0.96814913  0.00104581  0.96814970 -0.25064933
41007.8  1.25000000  0.96814908  0.00107230  0.96814968 -0.25064949
41007.9  1.25000000  0.96814900  0.00108933  0.96814962 -0.25064979
41008.0  1.25000000  0.96814895  0.00109386  0.96814957 -0.25065013
41008.1  1.25000000  0.96814891  0.00108538  0.96814951 -0.25065045
41008.2  1.25000000  0.96814889  0.00106559  0.96814947 -0.25065070
41008.3  1.25000000  0.96814889  0.00103886  0.96814945 -0.25065081
41008.4  1.25000000  0.96814894  0.00101094  0.96814947 -0.25065075
41008.5  1.25000000  0.96814899  0.00098835  0.96814950 -0.25065056
41008.6  1.25000000  0.96814905  0.00097464  0.96814954 -0.25065027
41008.7  1.25000000  0.96814912  0.00097373  0.96814961 -0.25064993
41008.8  1.25000000  0.96814914  0.00098495  0.96814964 -0.25064965
41008.9  1.25000000  0.96814916  0.00100602  0.96814968 -0.25064944
41009.0  1.25000000  0.96814914  0.00103190  0.96814969 -0.25064939
41009.1  1.25000000  0.96814911  0.00105780  0.96814969 -0.25064946
41009.2  1.25000000  0.96814903  0.00107749  0.96814963 -0.25064969
41009.3  1.25000000  0.96814898  0.00108707  0.96814959 -0.25064997
41009.4  1.25000000  0.96814893  0.00108510  0.96814954 -0.25065028
41009.5  1.25000000  0.96814890  0.00107165  0.96814950 -0.25065055
41009.6  1.25000000  0.96814890  0.00104992  0.96814947 -0.25065070
41009.7  1.25000000  0.96814893  0.00102472  0.96814947 -0.25065072
41009.8  1.25000000  0.96814897  0.00100159  0.96814949 -0.25065060
41009.9  1.25000000  0.96814902  0.00098486  0.96814952 -0.25065039
41010.0  1.25000000  0.96814909  0.00097853  0.96814958 -0.25065008
41010.1  1.25000000  0.96814912  0.00098373  0.96814962 -0.25064981
41010.2  1.25000000  0.96814914  0.00099867  0.96814966 -0.25064958
41010.3  1.25000000  0.96814914  0.00102054  0.96814968 -0.25064946
41010.4  1.25000000  0.96814912  0.00104446  0.96814968 -0.25064947
41010.5  1.25000000  0.96814906  0.00106538  0.96814965 -0.25064962
41010.6  1.25000000  0.96814901  0.00107853  0.96814961 -0.25064985
41010.7  1.25000000  0.96814897  0.00108201  0.96814957 -0.25065013
41010.8  1.25000000  0.96814892  0.00107453  0.96814952 -0.25065040
41010.9  1.25000000  0.96814891  0.00105809  0.96814949 -0.25065058
41011.0  1.25000000  0.96814892  0.00103651  0.96814948 -0.25065066
41011.1  1.25000000  0.96814895  0.00101424  0.96814949 -0.25065062
41011.2  1.25000000  0.96814900  0.00099594  0.96814951 -0.25065046
41011.3  1.25000000  0.96814905  0.00098546  0.96814955 -0.25065022
41011.4  1.25000000  0.96814910  0.00098505  0.96814960 -0.25064995
41011.5  1.25000000  0.96814912  0.00099433  0.96814963 -0.25064972
41011.6  1.25000000  0.96814913  0.00101126  0.96814966 -0.25064956
41011.7  1.25000000  0.96814912  0.00103253  0.96814967 -0.25064951
41011.8  1.25000000  0.96814908  0.00105319  0.96814965 -0.25064959
41011.9  1.25000000  0.96814904  0.00106894  0.96814963 -0.25064976
41012.0  1.25000000  0.96814899  0.00107666  0.96814959 -0.25065000
41012.1  1.25000000  0.96814895  0.00107479  0.96814955 -0.25065025
41012.2  1.25000000  0.96814892  0.00106376  0.96814951 -0.25065046
41012.3  1.25000000  0.96814893  0.00104595  0.96814949 -0.25065058
41012.4  1.25000000  0.96814895  0.00102572  0.96814950 -0.25065059
41012.5  1.25000000  0.96814897  0.00100690  0.96814950 -0.25065051
41012.6  1.25000000  0.96814903  0.00099337  0.96814954 -0.25065032
41012.7  1.25000000  0.96814907  0.00098869  0.96814958 -0.25065008
41012.8  1.25000000  0.96814910  0.00099285  0.96814961 -0.25064985
41012.9  1.25000000  0.96814912  0.00100526  0.96814964 -0.25064967
41013.0  1.25000000  0.96814912  0.00102304  0.96814966 -0.25064958
41013.1  1.25000000  0.96814910  0.00104268  0.96814966 -0.25064958
41013.2  1.25000000  0.96814904  0.00105938  0.96814962 -0.25064972
41013.3  1.25000000  0.96814902  0.00106984  0.96814961 -0.25064989
41013.4  1.25000000  0.96814898  0.00107275  0.96814957 -0.25065012
41013.5  1.25000000  0.96814893  0.00106610  0.96814952 -0.25065035
41013.6  1.25000000  0.96814895  0.00105273  0.96814952 -0.25065048
41013.7  1.25000000  0.96814893  0.00103504  0.96814948 -0.25065056
41013.8  1.25000000  0.96814898  0.00101700  0.96814952 -0.25065050
41013.9  1.25000000  0.96814898  0.00100209  0.96814950 -0.25065040
41014.0  1.25000000  0.96814908  0.00099386  0.96814959 -0.25065016
41014.1  1.25000000  0.96814906  0.00099424  0.96814957 -0.25064999
41014.2  1.25000000  0.96814912  0.00100142  0.96814964 -0.25064977
41014.3  1.25000000  0.96814911  0.00101624  0.96814964 -0.25064966
41014.4  1.25000000  0.96814911  0.00103311  0.96814966 -0.25064962
41014.5  1.25000000  0.96814906  0.00105012  0.96814963 -0.25064969
41014.6  1.25000000  0.96814904  0.00106222  0.96814962 -0.25064983
41014.7  1.25000000  0.96814900  0.00106861  0.96814959 -0.25065002
41014.8  1.25000000  0.96814895  0.00106634  0.96814953 -0.25065024
41014.9  1.25000000  0.96814896  0.00105682  0.96814954 -0.25065038
41015.0  1.25000000  0.96814894  0.00104282  0.96814950 -0.25065049
41015.1  1.25000000  0.96814896  0.00102573  0.96814950 -0.25065050
41015.2  1.25000000  0.96814899  0.00101099  0.96814952 -0.25065042
41015.3  1.25000000  0.96814903  0.00100015  0.96814954 -0.25065026
41015.4  1.25000000  0.96814907  0.00099721  0.96814958 -0.25065007
41015.5  1.25000000  0.96814907  0.00100017  0.96814959 -0.25064990
41015.6  1.25000000  0.96814913  0.00101127  0.96814966 -0.25064972
41015.7  1.25000000  0.96814907  0.00102552  0.96814962 -0.25064969
41015.8  1.25000000  0.96814910  0.00104134  0.96814966 -0.25064967
41015.9  1.25000000  0.96814904  0.00105456  0.96814961 -0.25064979
41016.0  1.25000000  0.96814903  0.00106317  0.96814961 -0.25064993
41016.1  1.25000000  0.96814896  0.00106464  0.96814955 -0.25065014
41016.2  1.25000000  0.96814897  0.00105896  0.96814955 -0.25065029
41016.3  1.25000000  0.96814895  0.00104831  0.96814952 -0.25065042
41016.4  1.25000000  0.96814895  0.00103350  0.96814950 -0.25065047
41016.5  1.25000000  0.96814899  0.00101897  0.96814953 -0.25065042
41016.6  1.25000000  0.96814900  0.00100738  0.96814952 -0.25065032
41016.7  1.25000000  0.96814906  0.00100104  0.96814958 -0.25065014
41016.8  1.25000000  0.96814905  0.00100128  0.96814957 -0.25065000
41016.9  1.25000000  0.96814912  0.00100791  0.96814965 -0.25064980
41017.0  1.25000000  0.96814907  0.00101999  0.96814960 -0.25064975
41017.1  1.25000000  0.96814910  0.00103338  0.96814965 -0.25064969
41017.2  1.25000000  0.96814905  0.00104733  0.96814962 -0.25064977
41017.3  1.25000000  0.96814904  0.00105689  0.96814962 -0.25064988
41017.4  1.25000000  0.96814899  0.00106159  0.96814957 -0.25065005
41017.5  1.25000000  0.96814898  0.00105921  0.96814956 -0.25065020
41017.6  1.25000000  0.96814897  0.00105195  0.96814954 -0.25065033
41017.7  1.25000000  0.96814895  0.00103965  0.96814951 -0.25065042
41017.8  1.25000000  0.96814898  0.00102626  0.96814953 -0.25065041
41017.9  1.25000000  0.96814900  0.00101446  0.96814953 -0.25065035
41018.0  1.25000000  0.96814903  0.00100596  0.96814955 -0.25065022
41018.1  1.25000000  0.96814906  0.00100359  0.96814958 -0.25065007
41018.2  1.25000000  0.96814908  0.00100671  0.96814961 -0.25064991
41018.3  1.25000000  0.96814909  0.00101585  0.96814962 -0.25064980
41018.4  1.25000000  0.96814908  0.00102709  0.96814962 -0.25064975
41018.5  1.25000000  0.96814908  0.00104032  0.96814964 -0.25064975
41018.6  1.25000000  0.96814903  0.00105070  0.96814960 -0.25064986
41018.7  1.25000000  0.96814903  0.00105731  0.96814960 -0.25064997
41018.8  1.25000000  0.96814898  0.00105809  0.96814956 -0.25065013
41018.9  1.25000000  0.96814898  0.00105372  0.96814956 -0.25065025
41019.0  1.25000000  0.96814895  0.00104430  0.96814952 -0.25065037
41019.1  1.25000000  0.96814898  0.00103251  0.96814953 -0.25065038
41019.2  1.25000000  0.96814899  0.00102103  0.96814953 -0.25065036
41019.3  1.25000000  0.96814901  0.00101153  0.96814954 -0.25065027
41019.4  1.25000000  0.96814905  0.00100678  0.96814957 -0.25065013
41019.5  1.25000000  0.96814906  0.00100727  0.96814958 -0.25065000
41019.6  1.25000000  0.96814908  0.00101309  0.96814962 -0.25064987
41019.7  1.25000000  0.96814907  0.00102245  0.96814961 -0.25064980
41019.8  1.25000000  0.96814909  0.00103396  0.96814964 -0.25064977
41019.9  1.25000000  0.96814904  0.00104479  0.96814960 -0.25064984
41020.0  1.25000000  0.96814904  0.00105233  0.96814961 -0.25064992
41020.1  1.25000000  0.96814900  0.00105589  0.96814957 -0.25065006
41020.2  1.25000000  0.96814899  0.00105391  0.96814957 -0.25065018
41020.3  1.25000000  0.96814896  0.00104746  0.96814953 -0.25065030
41020.4  1.25000000  0.96814898  0.00103754  0.96814954 -0.25065034
41020.5  1.25000000  0.96814899  0.00102699  0.96814953 -0.25065035
41020.6  1.25000000  0.96814900  0.00101710  0.96814953 -0.25065029
41020.7  1.25000000  0.96814904  0.00101075  0.96814956 -0.25065018
41020.8  1.25000000  0.96814905  0.00100900  0.96814958 -0.25065006
41020.9  1.25000000  0.96814907  0.00101190  0.96814960 -0.25064994
41021.0  1.25000000  0.96814907  0.00101908  0.96814961 -0.25064985
41021.1  1.25000000  0.96814908  0.00102876  0.96814963 -0.25064980
41021.2  1.25000000  0.96814905  0.00103917  0.96814961 -0.25064983
41021.3  1.25000000  0.96814904  0.00104729  0.96814961 -0.25064989
41021.4  1.25000000  0.96814902  0.00105267  0.96814959 -0.25065000
41021.5  1.25000000  0.96814899  0.00105301  0.96814956 -0.25065012
41021.6  1.25000000  0.96814898  0.00104911  0.96814955 -0.25065023
41021.7  1.25000000  0.96814898  0.00104138  0.96814954 -0.25065030
41021.8  1.25000000  0.96814899  0.00103204  0.96814954 -0.25065033
41021.9  1.25000000  0.96814899  0.00102244  0.96814953 -0.25065031
41022.0  1.25000000  0.96814903  0.00101512  0.96814956 -0.25065022
41022.1  1.25000000  0.96814904  0.00101156  0.96814957 -0.25065012
41022.2  1.25000000  0.96814906  0.00101207  0.96814959 -0.25065000
41022.3  1.25000000  0.96814907  0.00101692  0.96814961 -0.25064990
41022.4  1.25000000  0.96814907  0.00102479  0.96814961 -0.25064985
41022.5  1.25000000  0.96814906  0.00103408  0.96814962 -0.25064984
41022.6  1.25000000  0.96814904  0.00104249  0.96814960 -0.25064988
41022.7  1.25000000  0.96814904  0.00104882  0.96814960 -0.25064995
41022.8  1.25000000  0.96814900  0.00105119  0.96814957 -0.25065007
41022.9  1.25000000  0.96814900  0.00104939  0.96814956 -0.25065017
41023.0  1.25000000  0.96814898  0.00104410  0.96814954 -0.25065025
41023.1  1.25000000  0.96814899  0.00103613  0.96814954 -0.25065030
41023.2  1.25000000  0.96814899  0.00102745  0.96814954 -0.25065030
41023.3  1.25000000  0.96814901  0.00101966  0.96814955 -0.25065025
41023.4  1.25000000  0.96814903  0.00101477  0.96814957 -0.25065016
41023.5  1.25000000  0.96814904  0.00101336  0.96814957 -0.25065006
41023.6  1.25000000  0.96814907  0.00101582  0.96814960 -0.25064996
41023.7  1.25000000  0.96814907  0.00102187  0.96814961 -0.25064989
41023.8  1.25000000  0.96814906  0.00102968  0.96814961 -0.25064986
41023.9  1.25000000  0.96814905  0.00103787  0.96814961 -0.25064987
41024.0  1.25000000  0.96814903  0.00104466  0.96814960 -0.25064993
41024.1  1.25000000  0.96814902  0.00104866  0.96814959 -0.25065001
41024.2  1.25000000  0.96814899  0.00104887  0.96814956 -0.25065012
41024.3  1.25000000  0.96814900  0.00104549  0.96814956 -0.25065019
41024.4  1.25000000  0.96814898  0.00103947  0.96814954 -0.25065027
41024.5  1.25000000  0.96814899  0.00103147  0.96814954 -0.25065028
41024.6  1.25000000  0.96814900  0.00102409  0.96814954 -0.25065025
41024.7  1.25000000  0.96814902  0.00101812  0.96814956 -0.25065019
41024.8  1.25000000  0.96814904  0.00101545  0.96814957 -0.25065011
41024.9  1.25000000  0.96814905  0.00101580  0.96814959 -0.25065001
41025.0  1.25000000  0.96814906  0.00102012  0.96814960 -0.25064993
41025.1  1.25000000  0.96814906  0.00102635  0.96814960 -0.25064989
41025.2  1.25000000  0.96814906  0.00103381  0.96814961 -0.25064988
41025.3  1.25000000  0.96814904  0.00104077  0.96814960 -0.25064992
41025.4  1.25000000  0.96814903  0.00104562  0.96814959 -0.25064998
41025.5  1.25000000  0.96814901  0.00104748  0.96814957 -0.25065007
41025.6  1.25000000  0.96814900  0.00104589  0.96814957 -0.25065015
41025.7  1.25000000  0.96814899  0.00104160  0.96814955 -0.25065022
41025.8  1.25000000  0.96814899  0.00103487  0.96814954 -0.25065026
41025.9  1.25000000  0.96814901  0.00102796  0.96814956 -0.25065024
41026.0  1.25000000  0.96814901  0.00102174  0.96814955 -0.25065022
41026.1  1.25000000  0.96814904  0.00101785  0.96814957 -0.25065014
41026.2  1.25000000  0.96814904  0.00101681  0.96814957 -0.25065006
41026.3  1.25000000  0.96814906  0.00101919  0.96814960 -0.25064997
41026.4  1.25000000  0.96814905  0.00102400  0.96814959 -0.25064993
41026.5  1.25000000  0.96814906  0.00103036  0.96814961 -0.25064990
41026.6  1.25000000  0.96814905  0.00103712  0.96814960 -0.25064992
41026.7  1.25000000  0.96814903  0.00104241  0.96814959 -0.25064996
41026.8  1.25000000  0.96814902  0.00104546  0.96814958 -0.25065003
41026.9  1.25000000  0.96814901  0.00104553  0.96814957 -0.25065011
41027.0  1.25000000  0.96814900  0.00104275  0.96814956 -0.25065018
41027.1  1.25000000  0.96814899  0.00103753  0.96814954 -0.25065023
41027.2  1.25000000  0.96814901  0.00103126  0.96814956 -0.25065023
41027.3  1.25000000  0.96814900  0.00102528  0.96814955 -0.25065022
41027.4  1.25000000  0.96814903  0.00102052  0.96814956 -0.25065016
41027.5  1.25000000  0.96814903  0.00101845  0.96814957 -0.25065010
41027.6  1.25000000  0.96814905  0.00101909  0.96814959 -0.25065002
41027.7  1.25000000  0.96814905  0.00102251  0.96814959 -0.25064996
41027.8  1.25000000  0.96814906  0.00102762  0.96814960 -0.25064992
41027.9  1.25000000  0.96814905  0.00103385  0.96814960 -0.25064992
41028.0  1.25000000  0.96814904  0.00103923  0.96814959 -0.25064995
41028.1  1.25000000  0.96814903  0.00104309  0.96814959 -0.25065000
41028.2  1.25000000  0.96814901  0.00104447  0.96814958 -0.25065007
41028.3  1.25000000  0.96814900  0.00104313  0.96814956 -0.25065014
41028.4  1.25000000  0.96814900  0.00103935  0.96814955 -0.25065020
41028.5  1.25000000  0.96814900  0.00103403  0.96814955 -0.25065022
41028.6  1.25000000  0.96814900  0.00102843  0.96814955 -0.25065022
41028.7  1.25000000  0.96814902  0.00102337  0.96814956 -0.25065018
41028.8  1.25000000  0.96814903  0.00102042  0.96814957 -0.25065012
41028.9  1.25000000  0.96814904  0.00101976  0.96814958 -0.25065006
41029.0  1.25000000  0.96814905  0.00102172  0.96814959 -0.25064999
41029.1  1.25000000  0.96814905  0.00102568  0.96814959 -0.25064995
41029.2  1.25000000  0.96814905  0.00103103  0.96814960 -0.25064993
41029.3  1.25000000  0.96814904  0.00103628  0.96814959 -0.25064995
41029.4  1.25000000  0.96814903  0.00104054  0.96814959 -0.25064998
41029.5  1.25000000  0.96814902  0.00104294  0.96814958 -0.25065005
41029.6  1.25000000  0.96814901  0.00104283  0.96814957 -0.25065011
41029.7  1.25000000  0.96814900  0.00104040  0.96814956 -0.25065016
41029.8  1.25000000  0.96814900  0.00103619  0.96814956 -0.25065020
41029.9  1.25000000  0.96814900  0.00103115  0.96814955 -0.25065021
41030.0  1.25000000  0.96814901  0.00102617  0.96814955 -0.25065019
41030.1  1.25000000  0.96814903  0.00102259  0.96814957 -0.25065014
41030.2  1.25000000  0.96814903  0.00102097  0.96814957 -0.25065009
41030.3  1.25000000  0.96814905  0.00102159  0.96814958 -0.25065003
41030.4  1.25000000  0.96814905  0.00102443  0.96814959 -0.25064998
41030.5  1.25000000  0.96814905  0.00102875  0.96814960 -0.25064995
41030.6  1.25000000  0.96814904  0.00103364  0.96814959 -0.25064995
41030.7  1.25000000  0.96814904  0.00103798  0.96814959 -0.25064997
41030.8  1.25000000  0.96814902  0.00104109  0.96814958 -0.25065002
41030.9  1.25000000  0.96814901  0.00104200  0.96814957 -0.25065008
41031.0  1.25000000  0.96814901  0.00104080  0.96814957 -0.25065013
41031.1  1.25000000  0.96814900  0.00103771  0.96814956 -0.25065017
41031.2  1.25000000  0.96814900  0.00103339  0.96814956 -0.25065019
41031.3  1.25000000  0.96814901  0.00102874  0.96814956 -0.25065019
41031.4  1.25000000  0.96814902  0.00102486  0.96814956 -0.25065016
41031.5  1.25000000  0.96814903  0.00102262  0.96814957 -0.25065011
41031.6  1.25000000  0.96814904  0.00102217  0.96814958 -0.25065006
41031.7  1.25000000  0.96814905  0.00102382  0.96814959 -0.25065001
41031.8  1.25000000  0.96814905  0.00102707  0.96814959 -0.25064998
41031.9  1.25000000  0.96814904  0.00103119  0.96814959 -0.25064996
41032.0  1.25000000  0.96814904  0.00103528  0.96814959 -0.25064998
41032.1  1.25000000  0.96814903  0.00103845  0.96814959 -0.25065001
41032.2  1.25000000  0.96814902  0.00104023  0.96814958 -0.25065005
41032.3  1.25000000  0.96814901  0.00104022  0.96814957 -0.25065010
41032.4  1.25000000  0.96814901  0.00103851  0.96814956 -0.25065014
41032.5  1.25000000  0.96814901  0.00103550  0.96814956 -0.25065017
41032.6  1.25000000  0.96814901  0.00103174  0.96814956 -0.25065018
41032.7  1.25000000  0.96814901  0.00102804  0.96814956 -0.25065016
41032.8  1.25000000  0.96814902  0.00102511  0.96814957 -0.25065013
41032.9  1.25000000  0.96814903  0.00102358  0.96814957 -0.25065009
41033.0  1.25000000  0.96814904  0.00102380  0.96814958 -0.25065005
41033.1  1.25000000  0.96814904  0.00102568  0.96814959 -0.25065001
41033.2  1.25000000  0.96814904  0.00102877  0.96814959 -0.25064998
41033.3  1.25000000  0.96814904  0.00103244  0.96814959 -0.25064998
41033.4  1.25000000  0.96814903  0.00103590  0.96814959 -0.25064999
41033.5  1.25000000  0.96814903  0.00103850  0.96814958 -0.25065002
41033.6  1.25000000  0.96814902  0.00103970  0.96814958 -0.25065007
41033.7  1.25000000  0.96814901  0.00103920  0.96814957 -0.25065011
41033.8  1.25000000  0.96814901  0.00103711  0.96814956 -0.25065015
41033.9  1.25000000  0.96814901  0.00103388  0.96814956 -0.25065017
41034.0  1.25000000  0.96814901  0.00103022  0.96814956 -0.25065017
41034.1  1.25000000  0.96814902  0.00102689  0.96814956 -0.25065015
41034.2  1.25000000  0.96814903  0.00102462  0.96814957 -0.25065011
41034.3  1.25000000  0.96814903  0.00102385  0.96814958 -0.25065007
41034.4  1.25000000  0.96814904  0.00102475  0.96814958 -0.25065003
41034.5  1.25000000  0.96814904  0.00102711  0.96814959 -0.25065000
41034.6  1.25000000  0.96814904  0.00103046  0.96814959 -0.25064998
41034.7  1.25000000  0.96814904  0.00103408  0.96814959 -0.25064998
41034.8  1.25000000  0.96814903  0.00103718  0.96814959 -0.25065001
41034.9  1.25000000  0.96814902  0.00103911  0.96814958 -0.25065005
41035.0  1.25000000  0.96814902  0.00103948  0.96814957 -0.25065009
41035.1  1.25000000  0.96814901  0.00103823  0.96814957 -0.25065013
41035.2  1.25000000  0.96814901  0.00103564  0.96814956 -0.25065016
41035.3  1.25000000  0.96814901  0.00103228  0.96814956 -0.25065017
41035.4  1.25000000  0.96814901  0.00102886  0.96814956 -0.25065016
41035.5  1.25000000  0.96814902  0.00102611  0.96814957 -0.25065013
41035.6  1.25000000  0.96814903  0.00102455  0.96814957 -0.25065010
41035.7  1.25000000  0.96814904  0.00102446  0.96814958 -0.25065006
41035.8  1.25000000  0.96814904  0.00102584  0.96814958 -0.25065002
41035.9  1.25000000  0.96814904  0.00102839  0.96814959 -0.25065000
41036.0  1.25000000  0.96814904  0.00103163  0.96814959 -0.25064999
41036.1  1.25000000  0.96814904  0.00103488  0.96814959 -0.25065000
41036.2  1.25000000  0.96814903  0.00103743  0.96814958 -0.25065002
41036.3  1.25000000  0.96814902  0.00103876  0.96814958 -0.25065006
41036.4  1.25000000  0.96814901  0.00103862  0.96814957 -0.25065010
41036.5  1.25000000  0.96814901  0.00103702  0.96814957 -0.25065013
41036.6  1.25000000  0.96814901  0.00103432  0.96814956 -0.25065015
41036.7  1.25000000  0.96814901  0.00103111  0.96814956 -0.25065016
41036.8  1.25000000  0.96814902  0.00102804  0.96814956 -0.25065015
41036.9  1.25000000  0.96814902  0.00102577  0.96814957 -0.25065012
41037.0  1.25000000  0.96814903  0.00102475  0.96814957 -0.25065008
41037.1  1.25000000  0.96814904  0.00102521  0.96814958 -0.25065004
41037.2  1.25000000  0.96814904  0.00102704  0.96814959 -0.25065001
41037.3  1.25000000  0.96814904  0.00102984  0.96814959 -0.25064999
41037.4  1.25000000  0.96814904  0.00103302  0.96814959 -0.25064999
41037.5  1.25000000  0.96814903  0.00103591  0.96814959 -0.25065001
41037.6  1.25000000  0.96814903  0.00103793  0.96814958 -0.25065004
41037.7  1.25000000  0.96814902  0.00103866  0.96814958 -0.25065008
41037.8  1.25000000  0.96814901  0.00103792  0.96814957 -0.25065011
41037.9  1.25000000  0.96814901  0.00103587  0.96814956 -0.25065014
41038.0  1.25000000  0.96814901  0.00103294  0.96814956 -0.25065016
41038.1  1.25000000  0.96814901  0.00102976  0.96814956 -0.25065015
41038.2  1.25000000  0.96814902  0.00102699  0.96814957 -0.25065013
41038.3  1.25000000  0.96814903  0.00102523  0.96814957 -0.25065010
41038.4  1.25000000  0.96814904  0.00102485  0.96814958 -0.25065006
41038.5  1.25000000  0.96814904  0.00102594  0.96814958 -0.25065003
41038.6  1.25000000  0.96814904  0.00102826  0.96814959 -0.25065000
41038.7  1.25000000  0.96814904  0.00103132  0.96814959 -0.25064999
41038.8  1.25000000  0.96814904  0.00103448  0.96814959 -0.25065000
41038.9  1.25000000  0.96814903  0.00103705  0.96814958 -0.25065002
41039.0  1.25000000  0.96814902  0.00103851  0.96814958 -0.25065006
41039.1  1.25000000  0.96814902  0.00103852  0.96814957 -0.25065009
41039.2  1.25000000  0.96814901  0.00103710  0.96814957 -0.25065013
41039.3  1.25000000  0.96814901  0.00103452  0.96814956 -0.25065015
41039.4  1.25000000  0.96814901  0.00103136  0.96814956 -0.25065016
41039.5  1.25000000  0.96814902  0.00102828  0.96814956 -0.25065015
41039.6  1.25000000  0.96814902  0.00102594  0.96814957 -0.25065012
41039.7  1.25000000  0.96814903  0.00102484  0.96814957 -0.25065008
41039.8  1.25000000  0.96814904  0.00102521  0.96814958 -0.25065005
41039.9  1.25000000  0.96814904  0.00102697  0.96814959 -0.25065001
41040.0  1.25000000  0.96814904  0.00102975  0.96814959 -0.25064999
41040.1  1.25000000  0.96814904  0.00103296  0.96814959 -0.25064999
41040.2  1.25000000  0.96814903  0.00103589  0.96814959 -0.25065001
41040.3  1.25000000  0.96814902  0.00103794  0.96814958 -0.25065004
41040.4  1.25000000  0.96814902  0.00103866  0.96814958 -0.25065008
41040.5  1.25000000  0.96814901  0.00103794  0.96814957 -0.25065011
41040.6  1.25000000  0.96814901  0.00103589  0.96814956 -0.25065014
41040.7  1.25000000  0.96814901  0.00103295  0.96814956 -0.25065016
41040.8  1.25000000  0.96814901  0.00102973  0.96814956 -0.25065016
41040.9  1.25000000  0.96814902  0.00102694  0.96814957 -0.25065013
41041.0  1.25000000  0.96814903  0.00102525  0.96814957 -0.25065010
41041.1  1.25000000  0.96814903  0.00102496  0.96814958 -0.25065006
41041.2  1.25000000  0.96814904  0.00102603  0.96814958 -0.25065003
41041.3  1.25000000  0.96814904  0.00102831  0.96814959 -0.25065000
41041.4  1.25000000  0.96814904  0.00103141  0.96814959 -0.25064999
41041.5  1.25000000  0.96814903  0.00103446  0.96814958 -0.25065000
41041.6  1.25000000  0.96814903  0.00103677  0.96814958 -0.25065003
41041.7  1.25000000  0.96814903  0.00103818  0.96814958 -0.25065005
41041.8  1.25000000  0.96814901  0.00103820  0.96814957 -0.25065010
41041.9  1.25000000  0.96814901  0.00103663  0.96814957 -0.25065013
41042.0  1.25000000  0.96814901  0.00103420  0.96814957 -0.25065015
41042.1  1.25000000  0.96814902  0.00103134  0.96814957 -0.25065015
41042.2  1.25000000  0.96814902  0.00102860  0.96814956 -0.25065014
41042.3  1.25000000  0.96814902  0.00102627  0.96814956 -0.25065012
41042.4  1.25000000  0.96814904  0.00102554  0.96814959 -0.25065007
41042.5  1.25000000  0.96814902  0.00102610  0.96814957 -0.25065006
41042.6  1.25000000  0.96814904  0.00102731  0.96814959 -0.25065002
41042.7  1.25000000  0.96814905  0.00103023  0.96814959 -0.25065000
41042.8  1.25000000  0.96814903  0.00103286  0.96814958 -0.25065001
41042.9  1.25000000  0.96814903  0.00103548  0.96814959 -0.25065002
41043.0  1.25000000  0.96814902  0.00103692  0.96814958 -0.25065005
41043.1  1.25000000  0.96814903  0.00103787  0.96814959 -0.25065007
41043.2  1.25000000  0.96814899  0.00103697  0.96814955 -0.25065013
41043.3  1.25000000  0.96814903  0.00103485  0.96814958 -0.25065012
41043.4  1.25000000  0.96814901  0.00103294  0.96814957 -0.25065014
41043.5  1.25000000  0.96814901  0.00102982  0.96814955 -0.25065015
41043.6  1.25000000  0.96814903  0.00102776  0.96814958 -0.25065011
41043.7  1.25000000  0.96814902  0.00102629  0.96814956 -0.25065010
41043.8  1.25000000  0.96814905  0.00102639  0.96814959 -0.25065005
41043.9  1.25000000  0.96814901  0.00102702  0.96814955 -0.25065006
41044.0  1.25000000  0.96814908  0.00102896  0.96814962 -0.25064998
41044.1  1.25000000  0.96814900  0.00103200  0.96814955 -0.25065003
41044.2  1.25000000  0.96814905  0.00103355  0.96814960 -0.25065000
41044.3  1.25000000  0.96814902  0.00103631  0.96814957 -0.25065004
41044.4  1.25000000  0.96814903  0.00103673  0.96814959 -0.25065005
41044.5  1.25000000  0.96814900  0.00103724  0.96814956 -0.25065010
41044.6  1.25000000  0.96814902  0.00103517  0.96814957 -0.25065011
41044.7  1.25000000  0.96814903  0.00103408  0.96814958 -0.25065012
41044.8  1.25000000  0.96814899  0.00103114  0.96814954 -0.25065015
41044.9  1.25000000  0.96814904  0.00102885  0.96814959 -0.25065011
41045.0  1.25000000  0.96814902  0.00102759  0.96814956 -0.25065011
41045.1  1.25000000  0.96814904  0.00102655  0.96814958 -0.25065007
41045.2  1.25000000  0.96814902  0.00102722  0.96814957 -0.25065006
41045.3  1.25000000  0.96814905  0.00102813  0.96814959 -0.25065002
41045.4  1.25000000  0.96814904  0.00103105  0.96814959 -0.25065002
41045.5  1.25000000  0.96814902  0.00103224  0.96814957 -0.25065003
41045.6  1.25000000  0.96814906  0.00103515  0.96814961 -0.25065001
41045.7  1.25000000  0.96814900  0.00103599  0.96814955 -0.25065007
41045.8  1.25000000  0.96814904  0.00103668  0.96814959 -0.25065006
41045.9  1.25000000  0.96814900  0.00103567  0.96814955 -0.25065012
41046.0  1.25000000  0.96814904  0.00103459  0.96814959 -0.25065010
41046.1  1.25000000  0.96814899  0.00103237  0.96814954 -0.25065015
41046.2  1.25000000  0.96814904  0.00102993  0.96814959 -0.25065011
41046.3  1.25000000  0.96814902  0.00102872  0.96814957 -0.25065012
41046.4  1.25000000  0.96814902  0.00102720  0.96814957 -0.25065010
41046.5  1.25000000  0.96814904  0.00102731  0.96814958 -0.25065006
41046.6  1.25000000  0.96814903  0.00102802  0.96814957 -0.25065005
41046.7  1.25000000  0.96814905  0.00102990  0.96814960 -0.25065002
41046.8  1.25000000  0.96814901  0.00103154  0.96814956 -0.25065004
41046.9  1.25000000  0.96814906  0.00103366  0.96814962 -0.25065000
41047.0  1.25000000  0.96814900  0.00103546  0.96814955 -0.25065007
41047.1  1.25000000  0.96814904  0.00103573  0.96814960 -0.25065005
41047.2  1.25000000  0.96814901  0.00103602  0.96814956 -0.25065010
41047.3  1.25000000  0.96814903  0.00103475  0.96814958 -0.25065010
41047.4  1.25000000  0.96814900  0.00103339  0.96814955 -0.25065013
41047.5  1.25000000  0.96814903  0.00103092  0.96814958 -0.25065012
41047.6  1.25000000  0.96814903  0.00102978  0.96814957 -0.25065011
41047.7  1.25000000  0.96814901  0.00102800  0.96814956 -0.25065011
41047.8  1.25000000  0.96814904  0.00102761  0.96814959 -0.25065007
41047.9  1.25000000  0.96814903  0.00102810  0.96814957 -0.25065006
41048.0  1.25000000  0.96814904  0.00102914  0.96814959 -0.25065003
41048.1  1.25000000  0.96814903  0.00103085  0.96814957 -0.25065003
41048.2  1.25000000  0.96814905  0.00103253  0.96814960 -0.25065002
41048.3  1.25000000  0.96814902  0.00103461  0.96814957 -0.25065005
41048.4  1.25000000  0.96814902  0.00103499  0.96814958 -0.25065006
41048.5  1.25000000  0.96814903  0.00103583  0.96814958 -0.25065007
41048.6  1.25000000  0.96814901  0.00103495  0.96814956 -0.25065011
41048.7  1.25000000  0.96814902  0.00103391  0.96814957 -0.25065011
41048.8  1.25000000  0.96814901  0.00103195  0.96814956 -0.25065013
41048.9  1.25000000  0.96814903  0.00103061  0.96814958 -0.25065011
41049.0  1.25000000  0.96814901  0.00102893  0.96814955 -0.25065012
41049.1  1.25000000  0.96814904  0.00102807  0.96814959 -0.25065008
41049.2  1.25000000  0.96814903  0.00102830  0.96814957 -0.25065007
41049.3  1.25000000  0.96814903  0.00102877  0.96814958 -0.25065005
41049.4  1.25000000  0.96814904  0.00103019  0.96814958 -0.25065003
41049.5  1.25000000  0.96814903  0.00103175  0.96814958 -0.25065003
41049.6  1.25000000  0.96814903  0.00103356  0.96814958 -0.25065004
41049.7  1.25000000  0.96814902  0.00103442  0.96814957 -0.25065006
41049.8  1.25000000  0.96814904  0.00103526  0.96814959 -0.25065006
41049.9  1.25000000  0.96814901  0.00103513  0.96814956 -0.25065010
41050.0  1.25000000  0.96814903  0.00103406  0.96814958 -0.25065010
41050.1  1.25000000  0.96814901  0.00103290  0.96814956 -0.25065012
41050.2  1.25000000  0.96814903  0.00103124  0.96814958 -0.25065011
41050.3  1.25000000  0.96814901  0.00102992  0.96814956 -0.25065011
41050.4  1.25000000  0.96814903  0.00102860  0.96814958 -0.25065009
41050.5  1.25000000  0.96814903  0.00102865  0.96814958 -0.25065007
41050.6  1.25000000  0.96814902  0.00102866  0.96814957 -0.25065007
41050.7  1.25000000  0.96814904  0.00102968  0.96814959 -0.25065004
41050.8  1.25000000  0.96814903  0.00103114  0.96814958 -0.25065004
41050.9  1.25000000  0.96814903  0.00103257  0.96814958 -0.25065004
41051.0  1.25000000  0.96814902  0.00103385  0.96814957 -0.25065005
41051.1  1.25000000  0.96814903  0.00103459  0.96814959 -0.25065006
41051.2  1.25000000  0.96814902  0.00103507  0.96814957 -0.25065008
41051.3  1.25000000  0.96814901  0.00103414  0.96814957 -0.25065010
41051.4  1.25000000  0.96814903  0.00103349  0.96814958 -0.25065010
41051.5  1.25000000  0.96814901  0.00103194  0.96814956 -0.25065012
41051.6  1.25000000  0.96814903  0.00103066  0.96814958 -0.25065010
41051.7  1.25000000  0.96814902  0.00102935  0.96814956 -0.25065010
41051.8  1.25000000  0.96814904  0.00102897  0.96814959 -0.25065007
41051.9  1.25000000  0.96814902  0.00102882  0.96814956 -0.25065008
41052.0  1.25000000  0.96814904  0.00102933  0.96814959 -0.25065004
41052.1  1.25000000  0.96814903  0.00103068  0.96814958 -0.25065005
41052.2  1.25000000  0.96814903  0.00103179  0.96814958 -0.25065004
41052.3  1.25000000  0.96814903  0.00103314  0.96814958 -0.25065004
41052.4  1.25000000  0.96814903  0.00103407  0.96814958 -0.25065005
41052.5  1.25000000  0.96814903  0.00103465  0.96814958 -0.25065007
41052.6  1.25000000  0.96814901  0.00103427  0.96814957 -0.25065009
41052.7  1.25000000  0.96814903  0.00103369  0.96814958 -0.25065009
41052.8  1.25000000  0.96814901  0.00103265  0.96814956 -0.25065012
41052.9  1.25000000  0.96814903  0.00103117  0.96814958 -0.25065010
41053.0  1.25000000  0.96814902  0.00103020  0.96814957 -0.25065010
41053.1  1.25000000  0.96814903  0.00102932  0.96814958 -0.25065008
41053.2  1.25000000  0.96814902  0.00102914  0.96814957 -0.25065008
41053.3  1.25000000  0.96814904  0.00102919  0.96814958 -0.25065006
41053.4  1.25000000  0.96814903  0.00103033  0.96814958 -0.25065005
41053.5  1.25000000  0.96814903  0.00103117  0.96814958 -0.25065005
41053.6  1.25000000  0.96814903  0.00103247  0.96814958 -0.25065004
