 # AA:        367250.02967137686     
 # FLEGG:     232028.32655413673     
 # AF0:     -5.33308614247767210E-002
 # CPAR:      555.55779854881382     
 # Diff:     0.12463198212018202     
 # TF:       4.89897948556635358E-007
 # H:         284.00000000000000     
 # GRAD:     0.10000000000000001     
 # HR:       3.00000000000000006E-003
 # LP:       0.28000000000182668     
 # TIME  LP  TMAB  TMDS  TMPC  TMZ
35840.7  1.50000000  0.96807293  0.00219771  0.96807543 -0.25103215
35840.8  1.50000000  0.96807479  0.00133764  0.96807571 -0.25103097
35840.9  1.50000000  0.96807753 -0.00044303  0.96807763 -0.25102090
35841.0  1.50000000  0.96807921 -0.00172228  0.96808074 -0.25100258
35841.1  1.50000000  0.96808233 -0.00225995  0.96808497 -0.25097928
35841.2  1.50000000  0.96808707 -0.00196863  0.96808907 -0.25095592
35841.3  1.50000000  0.96809191 -0.00092546  0.96809236 -0.25093689
35841.4  1.50000000  0.96809427  0.00065647  0.96809449 -0.25092556
35841.5  1.50000000  0.96809144  0.00246199  0.96809457 -0.25092434
35841.6  1.50000000  0.96808430  0.00413353  0.96809312 -0.25093287
35841.7  1.50000000  0.96807537  0.00536135  0.96809022 -0.25094950
35841.8  1.50000000  0.96806827  0.00590859  0.96808631 -0.25097096
35841.9  1.50000000  0.96806584  0.00569027  0.96808256 -0.25099269
35842.0  1.50000000  0.96806754  0.00476283  0.96807926 -0.25101087
35842.1  1.50000000  0.96807162  0.00331831  0.96807731 -0.25102182
35842.2  1.50000000  0.96807569  0.00164936  0.96807709 -0.25102357
35842.3  1.50000000  0.96807826  0.00008014  0.96807826 -0.25101628
35842.4  1.50000000  0.96808052 -0.00109030  0.96808113 -0.25100108
35842.5  1.50000000  0.96808310 -0.00164109  0.96808449 -0.25098157
35842.6  1.50000000  0.96808701 -0.00148712  0.96808815 -0.25096123
35842.7  1.50000000  0.96809097 -0.00066522  0.96809120 -0.25094412
35842.8  1.50000000  0.96809279  0.00064677  0.96809300 -0.25093352
35842.9  1.50000000  0.96809095  0.00218785  0.96809343 -0.25093118
35843.0  1.50000000  0.96808541  0.00365890  0.96809233 -0.25093747
35843.1  1.50000000  0.96807803  0.00477444  0.96808980 -0.25095110
35843.2  1.50000000  0.96807208  0.00532919  0.96808675 -0.25096900
35843.3  1.50000000  0.96806915  0.00522975  0.96808327 -0.25098802
35843.4  1.50000000  0.96806999  0.00450356  0.96808047 -0.25100413
35843.5  1.50000000  0.96807301  0.00331161  0.96807868 -0.25101445
35843.6  1.50000000  0.96807632  0.00188612  0.96807816 -0.25101716
35843.7  1.50000000  0.96807907  0.00051160  0.96807921 -0.25101172
35843.8  1.50000000  0.96808119 -0.00055012  0.96808135 -0.25099956
35843.9  1.50000000  0.96808361 -0.00110321  0.96808424 -0.25098309
35844.0  1.50000000  0.96808689 -0.00104918  0.96808746 -0.25096543
35844.1  1.50000000  0.96808988 -0.00041383  0.96808997 -0.25095035
35844.2  1.50000000  0.96809165  0.00066789  0.96809188 -0.25094022
35844.3  1.50000000  0.96809026  0.00198241  0.96809229 -0.25093733
35844.4  1.50000000  0.96808600  0.00326601  0.96809151 -0.25094179
35844.5  1.50000000  0.96808016  0.00427781  0.96808962 -0.25095268
35844.6  1.50000000  0.96807487  0.00482599  0.96808690 -0.25096785
35844.7  1.50000000  0.96807205  0.00481378  0.96808402 -0.25098417
35844.8  1.50000000  0.96807216  0.00425870  0.96808153 -0.25099849
35844.9  1.50000000  0.96807417  0.00327542  0.96807971 -0.25100824
35845.0  1.50000000  0.96807708  0.00206471  0.96807928 -0.25101134
35845.1  1.50000000  0.96807944  0.00086501  0.96807983 -0.25100770
35845.2  1.50000000  0.96808164 -0.00009610  0.96808164 -0.25099785
35845.3  1.50000000  0.96808387 -0.00063417  0.96808408 -0.25098402
35845.4  1.50000000  0.96808652 -0.00065933  0.96808674 -0.25096890
35845.5  1.50000000  0.96808915 -0.00017503  0.96808917 -0.25095537
35845.6  1.50000000  0.96809054  0.00071496  0.96809081 -0.25094607
35845.7  1.50000000  0.96808963  0.00182814  0.96809135 -0.25094270
35845.8  1.50000000  0.96808642  0.00294924  0.96809091 -0.25094566
35845.9  1.50000000  0.96808154  0.00385978  0.96808924 -0.25095450
35846.0  1.50000000  0.96807713  0.00438888  0.96808708 -0.25096708
35846.1  1.50000000  0.96807433  0.00444489  0.96808454 -0.25098117
35846.2  1.50000000  0.96807391  0.00402374  0.96808227 -0.25099389
35846.3  1.50000000  0.96807538  0.00321939  0.96808073 -0.25100280
35846.4  1.50000000  0.96807759  0.00219420  0.96808007 -0.25100636
35846.5  1.50000000  0.96807986  0.00114895  0.96808054 -0.25100390
35846.6  1.50000000  0.96808192  0.00028831  0.96808197 -0.25099607
35846.7  1.50000000  0.96808394 -0.00022961  0.96808396 -0.25098456
35846.8  1.50000000  0.96808631 -0.00030998  0.96808636 -0.25097149
35846.9  1.50000000  0.96808838  0.00005249  0.96808838 -0.25095964
35847.0  1.50000000  0.96808962  0.00077737  0.96808993 -0.25095104
35847.1  1.50000000  0.96808903  0.00171993  0.96809056 -0.25094740
35847.2  1.50000000  0.96808644  0.00269212  0.96809018 -0.25094932
35847.3  1.50000000  0.96808262  0.00350673  0.96808897 -0.25095623
35847.4  1.50000000  0.96807879  0.00401182  0.96808710 -0.25096677
35847.5  1.50000000  0.96807620  0.00411369  0.96808494 -0.25097884
35847.6  1.50000000  0.96807555  0.00380441  0.96808302 -0.25098999
35847.7  1.50000000  0.96807639  0.00315018  0.96808151 -0.25099824
35847.8  1.50000000  0.96807822  0.00228480  0.96808092 -0.25100189
35847.9  1.50000000  0.96808017  0.00138048  0.96808116 -0.25100049
35848.0  1.50000000  0.96808205  0.00061023  0.96808224 -0.25099434
35848.1  1.50000000  0.96808397  0.00012096  0.96808398 -0.25098471
35848.2  1.50000000  0.96808591  0.00000029  0.96808591 -0.25097361
35848.3  1.50000000  0.96808774  0.00026248  0.96808778 -0.25096311
35848.4  1.50000000  0.96808880  0.00085126  0.96808917 -0.25095527
35848.5  1.50000000  0.96808839  0.00164382  0.96808979 -0.25095157
35848.6  1.50000000  0.96808647  0.00248529  0.96808966 -0.25095252
35848.7  1.50000000  0.96808333  0.00321222  0.96808866 -0.25095799
35848.8  1.50000000  0.96808010  0.00368619  0.96808712 -0.25096672
35848.9  1.50000000  0.96807777  0.00382270  0.96808531 -0.25097700
35849.0  1.50000000  0.96807684  0.00360153  0.96808354 -0.25098685
35849.1  1.50000000  0.96807737  0.00307275  0.96808224 -0.25099430
35849.2  1.50000000  0.96807872  0.00234614  0.96808157 -0.25099806
35849.3  1.50000000  0.96808041  0.00156363  0.96808168 -0.25099742
35849.4  1.50000000  0.96808216  0.00087937  0.96808256 -0.25099260
35849.5  1.50000000  0.96808385  0.00042132  0.96808394 -0.25098468
35849.6  1.50000000  0.96808562  0.00027324  0.96808566 -0.25097516
35849.7  1.50000000  0.96808717  0.00045764  0.96808728 -0.25096598
35849.8  1.50000000  0.96808807  0.00093068  0.96808852 -0.25095888
35849.9  1.50000000  0.96808789  0.00159626  0.96808920 -0.25095513
35850.0  1.50000000  0.96808633  0.00232193  0.96808911 -0.25095548
35850.1  1.50000000  0.96808382  0.00296602  0.96808837 -0.25095968
35850.2  1.50000000  0.96808110  0.00340800  0.96808709 -0.25096688
35850.3  1.50000000  0.96807894  0.00356509  0.96808551 -0.25097567
35850.4  1.50000000  0.96807800  0.00341430  0.96808402 -0.25098423
35850.5  1.50000000  0.96807818  0.00299103  0.96808280 -0.25099102
35850.6  1.50000000  0.96807923  0.00238195  0.96808216 -0.25099469
35850.7  1.50000000  0.96808069  0.00170937  0.96808220 -0.25099462
35850.8  1.50000000  0.96808220  0.00110340  0.96808283 -0.25099097
35850.9  1.50000000  0.96808379  0.00067914  0.96808403 -0.25098440
35851.0  1.50000000  0.96808530  0.00051502  0.96808544 -0.25097635
35851.1  1.50000000  0.96808664  0.00063548  0.96808685 -0.25096834
35851.2  1.50000000  0.96808747  0.00101322  0.96808800 -0.25096190
35851.3  1.50000000  0.96808734  0.00156884  0.96808861 -0.25095829
35851.4  1.50000000  0.96808617  0.00219191  0.96808865 -0.25095808
35851.5  1.50000000  0.96808415  0.00276183  0.96808809 -0.25096128
35851.6  1.50000000  0.96808183  0.00316892  0.96808701 -0.25096722
35851.7  1.50000000  0.96807998  0.00333895  0.96808573 -0.25097462
35851.8  1.50000000  0.96807895  0.00324445  0.96808438 -0.25098213
35851.9  1.50000000  0.96807895  0.00290796  0.96808332 -0.25098821
35852.0  1.50000000  0.96807972  0.00240126  0.96808270 -0.25099177
35852.1  1.50000000  0.96808089  0.00182372  0.96808261 -0.25099218
35852.2  1.50000000  0.96808227  0.00128919  0.96808313 -0.25098938
35852.3  1.50000000  0.96808365  0.00089939  0.96808406 -0.25098404
35852.4  1.50000000  0.96808500  0.00072566  0.96808527 -0.25097722
35852.5  1.50000000  0.96808620  0.00079775  0.96808653 -0.25097022
35852.6  1.50000000  0.96808689  0.00109587  0.96808751 -0.25096448
35852.7  1.50000000  0.96808691  0.00155784  0.96808816 -0.25096098
35852.8  1.50000000  0.96808598  0.00209213  0.96808824 -0.25096042
35852.9  1.50000000  0.96808434  0.00259304  0.96808781 -0.25096281
35853.0  1.50000000  0.96808243  0.00296611  0.96808697 -0.25096763
35853.1  1.50000000  0.96808074  0.00314154  0.96808584 -0.25097392
35853.2  1.50000000  0.96807976  0.00308958  0.96808469 -0.25098041
35853.3  1.50000000  0.96807961  0.00282583  0.96808373 -0.25098587
35853.4  1.50000000  0.96808013  0.00240468  0.96808311 -0.25098927
35853.5  1.50000000  0.96808113  0.00191116  0.96808302 -0.25098996
35853.6  1.50000000  0.96808229  0.00144191  0.96808336 -0.25098793
35853.7  1.50000000  0.96808355  0.00108600  0.96808416 -0.25098357
35853.8  1.50000000  0.96808475  0.00091061  0.96808518 -0.25097780
35853.9  1.50000000  0.96808578  0.00094455  0.96808624 -0.25097177
35854.0  1.50000000  0.96808645  0.00117739  0.96808716 -0.25096661
35854.1  1.50000000  0.96808648  0.00156020  0.96808774 -0.25096332
35854.2  1.50000000  0.96808577  0.00201543  0.96808787 -0.25096250
35854.3  1.50000000  0.96808446  0.00245484  0.96808757 -0.25096422
35854.4  1.50000000  0.96808282  0.00279354  0.96808685 -0.25096815
35854.5  1.50000000  0.96808138  0.00296855  0.96808594 -0.25097342
35854.6  1.50000000  0.96808044  0.00295031  0.96808493 -0.25097904
35854.7  1.50000000  0.96808018  0.00274597  0.96808407 -0.25098390
35854.8  1.50000000  0.96808055  0.00239913  0.96808353 -0.25098707
35854.9  1.50000000  0.96808133  0.00197915  0.96808335 -0.25098802
35855.0  1.50000000  0.96808235  0.00156806  0.96808362 -0.25098657
35855.1  1.50000000  0.96808345  0.00124554  0.96808425 -0.25098306
35855.2  1.50000000  0.96808449  0.00107123  0.96808509 -0.25097823
35855.3  1.50000000  0.96808544  0.00107554  0.96808603 -0.25097299
35855.4  1.50000000  0.96808602  0.00125472  0.96808683 -0.25096842
35855.5  1.50000000  0.96808609  0.00156903  0.96808737 -0.25096534
35855.6  1.50000000  0.96808559  0.00195683  0.96808757 -0.25096431
35855.7  1.50000000  0.96808450  0.00234073  0.96808733 -0.25096553
35855.8  1.50000000  0.96808316  0.00264724  0.96808678 -0.25096866
35855.9  1.50000000  0.96808190  0.00281937  0.96808600 -0.25097309
35856.0  1.50000000  0.96808099  0.00282621  0.96808512 -0.25097796
35856.1  1.50000000  0.96808071  0.00267020  0.96808439 -0.25098225
35856.2  1.50000000  0.96808090  0.00238532  0.96808383 -0.25098524
35856.3  1.50000000  0.96808153  0.00202793  0.96808366 -0.25098630
35856.4  1.50000000  0.96808240  0.00167000  0.96808384 -0.25098532
35856.5  1.50000000  0.96808334  0.00137896  0.96808432 -0.25098252
35856.6  1.50000000  0.96808431  0.00121026  0.96808506 -0.25097845
35856.7  1.50000000  0.96808511  0.00119371  0.96808585 -0.25097396
35856.8  1.50000000  0.96808565  0.00132866  0.96808657 -0.25096991
35856.9  1.50000000  0.96808579  0.00158669  0.96808709 -0.25096704
35857.0  1.50000000  0.96808536  0.00191509  0.96808726 -0.25096594
35857.1  1.50000000  0.96808453  0.00224888  0.96808714 -0.25096671
35857.2  1.50000000  0.96808339  0.00252465  0.96808668 -0.25096922
35857.3  1.50000000  0.96808228  0.00268922  0.96808602 -0.25097293
35857.4  1.50000000  0.96808149  0.00271464  0.96808529 -0.25097708
35857.5  1.50000000  0.96808112  0.00259858  0.96808460 -0.25098090
35857.6  1.50000000  0.96808123  0.00236614  0.96808412 -0.25098363
35857.7  1.50000000  0.96808173  0.00206468  0.96808393 -0.25098479
35857.8  1.50000000  0.96808244  0.00175338  0.96808402 -0.25098419
35857.9  1.50000000  0.96808329  0.00149236  0.96808444 -0.25098195
35858.0  1.50000000  0.96808412  0.00133145  0.96808503 -0.25097859
35858.1  1.50000000  0.96808484  0.00129829  0.96808571 -0.25097474
35858.2  1.50000000  0.96808535  0.00139786  0.96808636 -0.25097114
35858.3  1.50000000  0.96808547  0.00160730  0.96808680 -0.25096853
35858.4  1.50000000  0.96808519  0.00188412  0.96808702 -0.25096734
35858.5  1.50000000  0.96808449  0.00217418  0.96808694 -0.25096780
35858.6  1.50000000  0.96808355  0.00242058  0.96808657 -0.25096978
35858.7  1.50000000  0.96808261  0.00257723  0.96808604 -0.25097284
35858.8  1.50000000  0.96808187  0.00261624  0.96808541 -0.25097641
35858.9  1.50000000  0.96808149  0.00253138  0.96808480 -0.25097978
35859.0  1.50000000  0.96808155  0.00234327  0.96808439 -0.25098227
35859.1  1.50000000  0.96808188  0.00208882  0.96808414 -0.25098349
35859.2  1.50000000  0.96808253  0.00181925  0.96808424 -0.25098314
35859.3  1.50000000  0.96808322  0.00158675  0.96808452 -0.25098142
35859.4  1.50000000  0.96808396  0.00143477  0.96808503 -0.25097861
35859.5  1.50000000  0.96808462  0.00139133  0.96808562 -0.25097530
35859.6  1.50000000  0.96808505  0.00146256  0.96808616 -0.25097217
35859.7  1.50000000  0.96808522  0.00163138  0.96808659 -0.25096977
35859.8  1.50000000  0.96808501  0.00186491  0.96808680 -0.25096857
35859.9  1.50000000  0.96808444  0.00211490  0.96808675 -0.25096879
35860.0  1.50000000  0.96808369  0.00233446  0.96808650 -0.25097031
35860.1  1.50000000  0.96808285  0.00248118  0.96808603 -0.25097287
35860.2  1.50000000  0.96808220  0.00252829  0.96808550 -0.25097591
35860.3  1.50000000  0.96808183  0.00246944  0.96808498 -0.25097885
35860.4  1.50000000  0.96808179  0.00231759  0.96808456 -0.25098114
35860.5  1.50000000  0.96808208  0.00210410  0.96808437 -0.25098232
35860.6  1.50000000  0.96808257  0.00187198  0.96808438 -0.25098222
35860.7  1.50000000  0.96808319  0.00166504  0.96808462 -0.25098087
35860.8  1.50000000  0.96808385  0.00152417  0.96808505 -0.25097854
35860.9  1.50000000  0.96808440  0.00147363  0.96808552 -0.25097576
35861.0  1.50000000  0.96808483  0.00152211  0.96808603 -0.25097299
35861.1  1.50000000  0.96808499  0.00165795  0.96808641 -0.25097083
35861.2  1.50000000  0.96808483  0.00185289  0.96808660 -0.25096966
35861.3  1.50000000  0.96808441  0.00206846  0.96808662 -0.25096966
35861.4  1.50000000  0.96808374  0.00226279  0.96808638 -0.25097086
35861.5  1.50000000  0.96808305  0.00239830  0.96808603 -0.25097294
35861.6  1.50000000  0.96808246  0.00245125  0.96808556 -0.25097553
35861.7  1.50000000  0.96808210  0.00241198  0.96808510 -0.25097811
35861.8  1.50000000  0.96808204  0.00229099  0.96808475 -0.25098015
35861.9  1.50000000  0.96808223  0.00211287  0.96808454 -0.25098132
35862.0  1.50000000  0.96808264  0.00191300  0.96808453 -0.25098138
35862.1  1.50000000  0.96808318  0.00173076  0.96808472 -0.25098034
35862.2  1.50000000  0.96808372  0.00160046  0.96808505 -0.25097846
35862.3  1.50000000  0.96808425  0.00154605  0.96808548 -0.25097606
35862.4  1.50000000  0.96808461  0.00157687  0.96808590 -0.25097368
35862.5  1.50000000  0.96808478  0.00168427  0.96808624 -0.25097173
35862.6  1.50000000  0.96808469  0.00184702  0.96808645 -0.25097058
35862.7  1.50000000  0.96808433  0.00203179  0.96808646 -0.25097047
35862.8  1.50000000  0.96808380  0.00220295  0.96808631 -0.25097135
35862.9  1.50000000  0.96808321  0.00232792  0.96808600 -0.25097306
35863.0  1.50000000  0.96808267  0.00238326  0.96808561 -0.25097526
35863.1  1.50000000  0.96808235  0.00236015  0.96808523 -0.25097748
35863.2  1.50000000  0.96808223  0.00226463  0.96808488 -0.25097934
35863.3  1.50000000  0.96808239  0.00211629  0.96808470 -0.25098045
35863.4  1.50000000  0.96808271  0.00194546  0.96808467 -0.25098063
35863.5  1.50000000  0.96808315  0.00178478  0.96808480 -0.25097987
35863.6  1.50000000  0.96808365  0.00166549  0.96808508 -0.25097831
35863.7  1.50000000  0.96808409  0.00160950  0.96808543 -0.25097631
35863.8  1.50000000  0.96808443  0.00162605  0.96808580 -0.25097422
35863.9  1.50000000  0.96808461  0.00171080  0.96808612 -0.25097247
35864.0  1.50000000  0.96808454  0.00184564  0.96808629 -0.25097140
35864.1  1.50000000  0.96808427  0.00200363  0.96808635 -0.25097116
35864.2  1.50000000  0.96808382  0.00215415  0.96808622 -0.25097182
35864.3  1.50000000  0.96808332  0.00226783  0.96808598 -0.25097322
35864.4  1.50000000  0.96808286  0.00232418  0.96808565 -0.25097506
35864.5  1.50000000  0.96808254  0.00231317  0.96808530 -0.25097700
35864.6  1.50000000  0.96808242  0.00223847  0.96808501 -0.25097865
35864.7  1.50000000  0.96808252  0.00211610  0.96808483 -0.25097970
35864.8  1.50000000  0.96808277  0.00197023  0.96808478 -0.25097997
35864.9  1.50000000  0.96808316  0.00182957  0.96808489 -0.25097941
35865.0  1.50000000  0.96808357  0.00172106  0.96808510 -0.25097816
35865.1  1.50000000  0.96808397  0.00166466  0.96808541 -0.25097647
35865.2  1.50000000  0.96808428  0.00167067  0.96808573 -0.25097467
35865.3  1.50000000  0.96808444  0.00173604  0.96808599 -0.25097311
35865.4  1.50000000  0.96808442  0.00184716  0.96808618 -0.25097209
35865.5  1.50000000  0.96808420  0.00198172  0.96808623 -0.25097179
35865.6  1.50000000  0.96808384  0.00211313  0.96808614 -0.25097226
35865.7  1.50000000  0.96808341  0.00221657  0.96808595 -0.25097337
35865.8  1.50000000  0.96808300  0.00227256  0.96808567 -0.25097493
35865.9  1.50000000  0.96808271  0.00227101  0.96808538 -0.25097660
35866.0  1.50000000  0.96808259  0.00221403  0.96808512 -0.25097807
35866.1  1.50000000  0.96808263  0.00211309  0.96808494 -0.25097906
35866.2  1.50000000  0.96808285  0.00198911  0.96808489 -0.25097938
35866.3  1.50000000  0.96808315  0.00186621  0.96808495 -0.25097900
35866.4  1.50000000  0.96808352  0.00176789  0.96808513 -0.25097799
35866.5  1.50000000  0.96808387  0.00171285  0.96808539 -0.25097657
35866.6  1.50000000  0.96808414  0.00171050  0.96808565 -0.25097503
35866.7  1.50000000  0.96808431  0.00176025  0.96808591 -0.25097363
35866.8  1.50000000  0.96808430  0.00185160  0.96808607 -0.25097269
35866.9  1.50000000  0.96808414  0.00196567  0.96808613 -0.25097234
35867.0  1.50000000  0.96808384  0.00208035  0.96808608 -0.25097265
35867.1  1.50000000  0.96808347  0.00217341  0.96808591 -0.25097355
35867.2  1.50000000  0.96808313  0.00222747  0.96808569 -0.25097485
35867.3  1.50000000  0.96808286  0.00223312  0.96808543 -0.25097628
35867.4  1.50000000  0.96808272  0.00219010  0.96808520 -0.25097759
35867.5  1.50000000  0.96808275  0.00210790  0.96808504 -0.25097849
35867.6  1.50000000  0.96808290  0.00200320  0.96808497 -0.25097886
35867.7  1.50000000  0.96808316  0.00189614  0.96808502 -0.25097861
35867.8  1.50000000  0.96808348  0.00180790  0.96808517 -0.25097781
35867.9  1.50000000  0.96808378  0.00175470  0.96808537 -0.25097664
35868.0  1.50000000  0.96808404  0.00174622  0.96808561 -0.25097530
35868.1  1.50000000  0.96808418  0.00178321  0.96808583 -0.25097408
35868.2  1.50000000  0.96808420  0.00185739  0.96808598 -0.25097320
35868.3  1.50000000  0.96808408  0.00195386  0.96808605 -0.25097282
35868.4  1.50000000  0.96808383  0.00205366  0.96808601 -0.25097302
35868.5  1.50000000  0.96808352  0.00213713  0.96808588 -0.25097373
35868.6  1.50000000  0.96808323  0.00218908  0.96808570 -0.25097480
35868.7  1.50000000  0.96808297  0.00219971  0.96808547 -0.25097605
35868.8  1.50000000  0.96808285  0.00216808  0.96808528 -0.25097718
35868.9  1.50000000  0.96808284  0.00210144  0.96808512 -0.25097803
35869.0  1.50000000  0.96808296  0.00201284  0.96808505 -0.25097841
35869.1  1.50000000  0.96808318  0.00192019  0.96808509 -0.25097827
35869.2  1.50000000  0.96808344  0.00184108  0.96808519 -0.25097764
35869.3  1.50000000  0.96808371  0.00179049  0.96808537 -0.25097666
35869.4  1.50000000  0.96808394  0.00177781  0.96808558 -0.25097551
35869.5  1.50000000  0.96808407  0.00180444  0.96808575 -0.25097445
35869.6  1.50000000  0.96808412  0.00186439  0.96808591 -0.25097363
35869.7  1.50000000  0.96808401  0.00194585  0.96808597 -0.25097325
35869.8  1.50000000  0.96808382  0.00203191  0.96808595 -0.25097335
35869.9  1.50000000  0.96808356  0.00210677  0.96808586 -0.25097390
35870.0  1.50000000  0.96808330  0.00215559  0.96808570 -0.25097480
35870.1  1.50000000  0.96808308  0.00216983  0.96808551 -0.25097585
35870.2  1.50000000  0.96808295  0.00214756  0.96808534 -0.25097685
35870.3  1.50000000  0.96808292  0.00209352  0.96808519 -0.25097763
35870.4  1.50000000  0.96808303  0.00201912  0.96808514 -0.25097801
35870.5  1.50000000  0.96808319  0.00193899  0.96808513 -0.25097796
35870.6  1.50000000  0.96808343  0.00186848  0.96808523 -0.25097746
35870.7  1.50000000  0.96808366  0.00182143  0.96808537 -0.25097665
35870.8  1.50000000  0.96808386  0.00180582  0.96808554 -0.25097568
35870.9  1.50000000  0.96808399  0.00182444  0.96808571 -0.25097473
35871.0  1.50000000  0.96808403  0.00187281  0.96808584 -0.25097400
35871.1  1.50000000  0.96808396  0.00194087  0.96808590 -0.25097362
35871.2  1.50000000  0.96808381  0.00201536  0.96808591 -0.25097364
35871.3  1.50000000  0.96808358  0.00208159  0.96808582 -0.25097408
35871.4  1.50000000  0.96808336  0.00212700  0.96808570 -0.25097481
35871.5  1.50000000  0.96808316  0.00214355  0.96808553 -0.25097572
35871.6  1.50000000  0.96808304  0.00212822  0.96808538 -0.25097659
35871.7  1.50000000  0.96808301  0.00208508  0.96808526 -0.25097729
35871.8  1.50000000  0.96808307  0.00202278  0.96808519 -0.25097767
35871.9  1.50000000  0.96808322  0.00195369  0.96808519 -0.25097767
35872.0  1.50000000  0.96808341  0.00189154  0.96808526 -0.25097729
35872.1  1.50000000  0.96808361  0.00184772  0.96808537 -0.25097663
35872.2  1.50000000  0.96808380  0.00183065  0.96808553 -0.25097579
35872.3  1.50000000  0.96808391  0.00184287  0.96808566 -0.25097498
35872.4  1.50000000  0.96808396  0.00188132  0.96808579 -0.25097431
35872.5  1.50000000  0.96808391  0.00193833  0.96808585 -0.25097394
35872.6  1.50000000  0.96808378  0.00200218  0.96808585 -0.25097392
35872.7  1.50000000  0.96808360  0.00206068  0.96808580 -0.25097424
35872.8  1.50000000  0.96808340  0.00210267  0.96808569 -0.25097485
35872.9  1.50000000  0.96808323  0.00212019  0.96808555 -0.25097561
35873.0  1.50000000  0.96808312  0.00211076  0.96808542 -0.25097637
35873.1  1.50000000  0.96808307  0.00207642  0.96808530 -0.25097701
35873.2  1.50000000  0.96808313  0.00202450  0.96808525 -0.25097737
35873.3  1.50000000  0.96808324  0.00196538  0.96808523 -0.25097742
35873.4  1.50000000  0.96808340  0.00191044  0.96808528 -0.25097713
35873.5  1.50000000  0.96808358  0.00187033  0.96808538 -0.25097658
35873.6  1.50000000  0.96808373  0.00185240  0.96808550 -0.25097589
35873.7  1.50000000  0.96808385  0.00185950  0.96808563 -0.25097517
35873.8  1.50000000  0.96808389  0.00189002  0.96808574 -0.25097458
35873.9  1.50000000  0.96808386  0.00193724  0.96808580 -0.25097422
35874.0  1.50000000  0.96808376  0.00199200  0.96808581 -0.25097415
35874.1  1.50000000  0.96808361  0.00204347  0.96808576 -0.25097440
35874.2  1.50000000  0.96808344  0.00208177  0.96808568 -0.25097489
35874.3  1.50000000  0.96808329  0.00209997  0.96808557 -0.25097554
35874.4  1.50000000  0.96808318  0.00209483  0.96808545 -0.25097620
35874.5  1.50000000  0.96808314  0.00206789  0.96808535 -0.25097676
35874.6  1.50000000  0.96808317  0.00202490  0.96808529 -0.25097711
35874.7  1.50000000  0.96808326  0.00197424  0.96808527 -0.25097719
35874.8  1.50000000  0.96808340  0.00192613  0.96808531 -0.25097698
35874.9  1.50000000  0.96808354  0.00188950  0.96808539 -0.25097654
35875.0  1.50000000  0.96808369  0.00187131  0.96808550 -0.25097594
35875.1  1.50000000  0.96808379  0.00187467  0.96808560 -0.25097533
35875.2  1.50000000  0.96808384  0.00189836  0.96808570 -0.25097480
35875.3  1.50000000  0.96808382  0.00193752  0.96808576 -0.25097446
35875.4  1.50000000  0.96808374  0.00198423  0.96808577 -0.25097437
35875.5  1.50000000  0.96808362  0.00202927  0.96808574 -0.25097454
35875.6  1.50000000  0.96808347  0.00206418  0.96808567 -0.25097494
35875.7  1.50000000  0.96808333  0.00208223  0.96808557 -0.25097549
35875.8  1.50000000  0.96808324  0.00208051  0.96808547 -0.25097606
35875.9  1.50000000  0.96808319  0.00205968  0.96808538 -0.25097656
35876.0  1.50000000  0.96808321  0.00202412  0.96808533 -0.25097689
35876.1  1.50000000  0.96808328  0.00198109  0.96808531 -0.25097699
35876.2  1.50000000  0.96808339  0.00193894  0.96808533 -0.25097684
35876.3  1.50000000  0.96808353  0.00190577  0.96808540 -0.25097648
35876.4  1.50000000  0.96808365  0.00188787  0.96808549 -0.25097599
35876.5  1.50000000  0.96808374  0.00188818  0.96808558 -0.25097545
35876.6  1.50000000  0.96808379  0.00190647  0.96808567 -0.25097498
35876.7  1.50000000  0.96808378  0.00193865  0.96808572 -0.25097466
35876.8  1.50000000  0.96808372  0.00197832  0.96808574 -0.25097456
35876.9  1.50000000  0.96808362  0.00201771  0.96808572 -0.25097468
35877.0  1.50000000  0.96808349  0.00204916  0.96808566 -0.25097500
35877.1  1.50000000  0.96808338  0.00206686  0.96808558 -0.25097545
35877.2  1.50000000  0.96808328  0.00206768  0.96808549 -0.25097595
35877.3  1.50000000  0.96808324  0.00205175  0.96808541 -0.25097639
35877.4  1.50000000  0.96808325  0.00202265  0.96808536 -0.25097670
35877.5  1.50000000  0.96808330  0.00198607  0.96808534 -0.25097681
35877.6  1.50000000  0.96808340  0.00194936  0.96808536 -0.25097671
35877.7  1.50000000  0.96808351  0.00191959  0.96808541 -0.25097642
35877.8  1.50000000  0.96808361  0.00190222  0.96808548 -0.25097601
35877.9  1.50000000  0.96808370  0.00190039  0.96808557 -0.25097555
35878.0  1.50000000  0.96808374  0.00191398  0.96808564 -0.25097514
35878.1  1.50000000  0.96808375  0.00194003  0.96808569 -0.25097484
35878.2  1.50000000  0.96808370  0.00197350  0.96808571 -0.25097472
35878.3  1.50000000  0.96808361  0.00200779  0.96808570 -0.25097480
35878.4  1.50000000  0.96808351  0.00203621  0.96808565 -0.25097505
35878.5  1.50000000  0.96808341  0.00205351  0.96808559 -0.25097543
35878.6  1.50000000  0.96808332  0.00205647  0.96808551 -0.25097586
35878.7  1.50000000  0.96808328  0.00204487  0.96808544 -0.25097625
35878.8  1.50000000  0.96808328  0.00202126  0.96808539 -0.25097654
35878.9  1.50000000  0.96808332  0.00199033  0.96808537 -0.25097666
35879.0  1.50000000  0.96808340  0.00195823  0.96808538 -0.25097660
35879.1  1.50000000  0.96808349  0.00193122  0.96808542 -0.25097638
35879.2  1.50000000  0.96808359  0.00191431  0.96808548 -0.25097603
35879.3  1.50000000  0.96808367  0.00191062  0.96808555 -0.25097563
35879.4  1.50000000  0.96808371  0.00192061  0.96808562 -0.25097526
35879.5  1.50000000  0.96808371  0.00194194  0.96808566 -0.25097499
35879.6  1.50000000  0.96808368  0.00197043  0.96808569 -0.25097486
35879.7  1.50000000  0.96808361  0.00200040  0.96808568 -0.25097491
35879.8  1.50000000  0.96808352  0.00202593  0.96808564 -0.25097511
35879.9  1.50000000  0.96808343  0.00204242  0.96808559 -0.25097542
35880.0  1.50000000  0.96808335  0.00204671  0.96808552 -0.25097579
35880.1  1.50000000  0.96808331  0.00203820  0.96808546 -0.25097614
35880.2  1.50000000  0.96808331  0.00201902  0.96808542 -0.25097640
35880.3  1.50000000  0.96808334  0.00199281  0.96808539 -0.25097653
35880.4  1.50000000  0.96808340  0.00196484  0.96808540 -0.25097650
35880.5  1.50000000  0.96808348  0.00194074  0.96808543 -0.25097632
35880.6  1.50000000  0.96808356  0.00192471  0.96808547 -0.25097604
35880.7  1.50000000  0.96808364  0.00191990  0.96808554 -0.25097569
35880.8  1.50000000  0.96808368  0.00192717  0.96808560 -0.25097537
35880.9  1.50000000  0.96808368  0.00194429  0.96808564 -0.25097512
35881.0  1.50000000  0.96808367  0.00196846  0.96808567 -0.25097498
35881.1  1.50000000  0.96808360  0.00199447  0.96808565 -0.25097501
35881.2  1.50000000  0.96808354  0.00201711  0.96808564 -0.25097516
35881.3  1.50000000  0.96808345  0.00203278  0.96808559 -0.25097542
35881.4  1.50000000  0.96808338  0.00203775  0.96808552 -0.25097574
35881.5  1.50000000  0.96808335  0.00203186  0.96808548 -0.25097604
35881.6  1.50000000  0.96808333  0.00201655  0.96808543 -0.25097628
35881.7  1.50000000  0.96808335  0.00199436  0.96808541 -0.25097641
35881.8  1.50000000  0.96808342  0.00197042  0.96808542 -0.25097639
35881.9  1.50000000  0.96808347  0.00194899  0.96808543 -0.25097627
35882.0  1.50000000  0.96808355  0.00193391  0.96808548 -0.25097603
35882.1  1.50000000  0.96808362  0.00192855  0.96808554 -0.25097574
35882.2  1.50000000  0.96808364  0.00193310  0.96808557 -0.25097546
35882.3  1.50000000  0.96808367  0.00194675  0.96808563 -0.25097522
35882.4  1.50000000  0.96808365  0.00196704  0.96808564 -0.25097510
35882.5  1.50000000  0.96808359  0.00198918  0.96808564 -0.25097510
35882.6  1.50000000  0.96808355  0.00200954  0.96808563 -0.25097521
35882.7  1.50000000  0.96808347  0.00202414  0.96808558 -0.25097543
35882.8  1.50000000  0.96808340  0.00202960  0.96808553 -0.25097570
35882.9  1.50000000  0.96808339  0.00202622  0.96808551 -0.25097595
35883.0  1.50000000  0.96808334  0.00201394  0.96808543 -0.25097620
35883.1  1.50000000  0.96808339  0.00199537  0.96808544 -0.25097629
35883.2  1.50000000  0.96808341  0.00197514  0.96808543 -0.25097632
35883.3  1.50000000  0.96808346  0.00195563  0.96808544 -0.25097622
35883.4  1.50000000  0.96808355  0.00194202  0.96808549 -0.25097601
35883.5  1.50000000  0.96808358  0.00193607  0.96808552 -0.25097578
35883.6  1.50000000  0.96808363  0.00193860  0.96808557 -0.25097553
35883.7  1.50000000  0.96808365  0.00194973  0.96808562 -0.25097531
35883.8  1.50000000  0.96808361  0.00196640  0.96808561 -0.25097521
35883.9  1.50000000  0.96808361  0.00198526  0.96808565 -0.25097517
35884.0  1.50000000  0.96808353  0.00200378  0.96808561 -0.25097527
35884.1  1.50000000  0.96808348  0.00201632  0.96808558 -0.25097545
35884.2  1.50000000  0.96808345  0.00202293  0.96808556 -0.25097565
35884.3  1.50000000  0.96808338  0.00202068  0.96808548 -0.25097591
35884.4  1.50000000  0.96808339  0.00201092  0.96808548 -0.25097609
35884.5  1.50000000  0.96808339  0.00199600  0.96808545 -0.25097621
35884.6  1.50000000  0.96808341  0.00197806  0.96808543 -0.25097625
35884.7  1.50000000  0.96808349  0.00196122  0.96808547 -0.25097615
35884.8  1.50000000  0.96808351  0.00194897  0.96808547 -0.25097602
35884.9  1.50000000  0.96808358  0.00194221  0.96808553 -0.25097579
35885.0  1.50000000  0.96808361  0.00194428  0.96808557 -0.25097557
35885.1  1.50000000  0.96808361  0.00195230  0.96808558 -0.25097541
35885.2  1.50000000  0.96808363  0.00196632  0.96808562 -0.25097527
35885.3  1.50000000  0.96808358  0.00198281  0.96808561 -0.25097526
35885.4  1.50000000  0.96808353  0.00199827  0.96808560 -0.25097532
35885.5  1.50000000  0.96808351  0.00201051  0.96808560 -0.25097545
35885.6  1.50000000  0.96808343  0.00201667  0.96808553 -0.25097566
35885.7  1.50000000  0.96808343  0.00201551  0.96808553 -0.25097584
35885.8  1.50000000  0.96808339  0.00200852  0.96808547 -0.25097603
35885.9  1.50000000  0.96808340  0.00199543  0.96808546 -0.25097614
35886.0  1.50000000  0.96808344  0.00198067  0.96808546 -0.25097616
35886.1  1.50000000  0.96808346  0.00196589  0.96808545 -0.25097612
35886.2  1.50000000  0.96808352  0.00195428  0.96808549 -0.25097598
35886.3  1.50000000  0.96808356  0.00194845  0.96808552 -0.25097581
35886.4  1.50000000  0.96808357  0.00194862  0.96808554 -0.25097564
35886.5  1.50000000  0.96808362  0.00195518  0.96808560 -0.25097545
35886.6  1.50000000  0.96808359  0.00196682  0.96808559 -0.25097536
35886.7  1.50000000  0.96808359  0.00198036  0.96808561 -0.25097531
35886.8  1.50000000  0.96808354  0.00199449  0.96808560 -0.25097536
35886.9  1.50000000  0.96808349  0.00200512  0.96808557 -0.25097548
35887.0  1.50000000  0.96808346  0.00201116  0.96808555 -0.25097563
35887.1  1.50000000  0.96808343  0.00201141  0.96808552 -0.25097581
35887.2  1.50000000  0.96808341  0.00200541  0.96808548 -0.25097597
35887.3  1.50000000  0.96808343  0.00199528  0.96808548 -0.25097606
35887.4  1.50000000  0.96808342  0.00198241  0.96808545 -0.25097612
35887.5  1.50000000  0.96808348  0.00196944  0.96808548 -0.25097606
35887.6  1.50000000  0.96808350  0.00195940  0.96808549 -0.25097597
35887.7  1.50000000  0.96808354  0.00195319  0.96808551 -0.25097582
35887.8  1.50000000  0.96808358  0.00195292  0.96808555 -0.25097565
35887.9  1.50000000  0.96808359  0.00195792  0.96808557 -0.25097552
35888.0  1.50000000  0.96808359  0.00196709  0.96808559 -0.25097541
35888.1  1.50000000  0.96808358  0.00197914  0.96808560 -0.25097537
35888.2  1.50000000  0.96808353  0.00199091  0.96808558 -0.25097542
35888.3  1.50000000  0.96808352  0.00200074  0.96808559 -0.25097549
35888.4  1.50000000  0.96808346  0.00200665  0.96808554 -0.25097564
35888.5  1.50000000  0.96808345  0.00200718  0.96808553 -0.25097578
35888.6  1.50000000  0.96808343  0.00200309  0.96808550 -0.25097591
35888.7  1.50000000  0.96808342  0.00199454  0.96808548 -0.25097602
35888.8  1.50000000  0.96808345  0.00198363  0.96808548 -0.25097605
35888.9  1.50000000  0.96808347  0.00197268  0.96808548 -0.25097603
35889.0  1.50000000  0.96808350  0.00196318  0.96808549 -0.25097595
35889.1  1.50000000  0.96808354  0.00195771  0.96808552 -0.25097582
35889.2  1.50000000  0.96808355  0.00195664  0.96808553 -0.25097570
35889.3  1.50000000  0.96808359  0.00196025  0.96808557 -0.25097555
35889.4  1.50000000  0.96808358  0.00196804  0.96808558 -0.25097547
35889.5  1.50000000  0.96808356  0.00197784  0.96808558 -0.25097543
35889.6  1.50000000  0.96808355  0.00198829  0.96808559 -0.25097544
35889.7  1.50000000  0.96808351  0.00199710  0.96808557 -0.25097552
35889.8  1.50000000  0.96808348  0.00200243  0.96808555 -0.25097563
35889.9  1.50000000  0.96808346  0.00200388  0.96808553 -0.25097575
35890.0  1.50000000  0.96808343  0.00200057  0.96808550 -0.25097588
35890.1  1.50000000  0.96808345  0.00199376  0.96808550 -0.25097596
35890.2  1.50000000  0.96808344  0.00198467  0.96808548 -0.25097601
35890.3  1.50000000  0.96808347  0.00197489  0.96808549 -0.25097599
35890.4  1.50000000  0.96808350  0.00196675  0.96808550 -0.25097593
35890.5  1.50000000  0.96808352  0.00196138  0.96808551 -0.25097583
35890.6  1.50000000  0.96808356  0.00195989  0.96808554 -0.25097571
35890.7  1.50000000  0.96808357  0.00196271  0.96808556 -0.25097560
35890.8  1.50000000  0.96808357  0.00196869  0.96808557 -0.25097551
35890.9  1.50000000  0.96808356  0.00197722  0.96808558 -0.25097547
35891.0  1.50000000  0.96808353  0.00198614  0.96808557 -0.25097548
35891.1  1.50000000  0.96808352  0.00199388  0.96808557 -0.25097553
35891.2  1.50000000  0.96808349  0.00199914  0.96808555 -0.25097563
35891.3  1.50000000  0.96808346  0.00200061  0.96808553 -0.25097574
35891.4  1.50000000  0.96808345  0.00199841  0.96808552 -0.25097584
35891.5  1.50000000  0.96808344  0.00199295  0.96808549 -0.25097593
35891.6  1.50000000  0.96808346  0.00198513  0.96808549 -0.25097596
35891.7  1.50000000  0.96808348  0.00197696  0.96808549 -0.25097596
35891.8  1.50000000  0.96808349  0.00196950  0.96808550 -0.25097591
35891.9  1.50000000  0.96808353  0.00196457  0.96808552 -0.25097582
35892.0  1.50000000  0.96808354  0.00196292  0.96808553 -0.25097573
35892.1  1.50000000  0.96808356  0.00196467  0.96808555 -0.25097563
35892.2  1.50000000  0.96808356  0.00196970  0.96808557 -0.25097555
35892.3  1.50000000  0.96808355  0.00197671  0.96808557 -0.25097551
35892.4  1.50000000  0.96808354  0.00198438  0.96808557 -0.25097551
35892.5  1.50000000  0.96808351  0.00199140  0.96808556 -0.25097556
35892.6  1.50000000  0.96808349  0.00199606  0.96808555 -0.25097563
35892.7  1.50000000  0.96808347  0.00199793  0.96808554 -0.25097572
35892.8  1.50000000  0.96808346  0.00199641  0.96808551 -0.25097582
35892.9  1.50000000  0.96808346  0.00199195  0.96808551 -0.25097589
35893.0  1.50000000  0.96808346  0.00198560  0.96808550 -0.25097593
35893.1  1.50000000  0.96808347  0.00197837  0.96808549 -0.25097593
35893.2  1.50000000  0.96808350  0.00197190  0.96808551 -0.25097589
35893.3  1.50000000  0.96808351  0.00196735  0.96808551 -0.25097582
35893.4  1.50000000  0.96808354  0.00196541  0.96808553 -0.25097574
35893.5  1.50000000  0.96808355  0.00196670  0.96808555 -0.25097565
35893.6  1.50000000  0.96808355  0.00197057  0.96808556 -0.25097558
35893.7  1.50000000  0.96808355  0.00197645  0.96808557 -0.25097554
35893.8  1.50000000  0.96808353  0.00198312  0.96808556 -0.25097554
35893.9  1.50000000  0.96808352  0.00198915  0.96808556 -0.25097557
35894.0  1.50000000  0.96808350  0.00199361  0.96808555 -0.25097563
35894.1  1.50000000  0.96808348  0.00199549  0.96808553 -0.25097572
35894.2  1.50000000  0.96808347  0.00199449  0.96808552 -0.25097579
35894.3  1.50000000  0.96808346  0.00199108  0.96808551 -0.25097586
35894.4  1.50000000  0.96808346  0.00198568  0.96808550 -0.25097590
35894.5  1.50000000  0.96808348  0.00197959  0.96808550 -0.25097590
35894.6  1.50000000  0.96808349  0.00197393  0.96808551 -0.25097587
35894.7  1.50000000  0.96808351  0.00196965  0.96808552 -0.25097582
35894.8  1.50000000  0.96808353  0.00196776  0.96808553 -0.25097574
35894.9  1.50000000  0.96808354  0.00196842  0.96808554 -0.25097567
35895.0  1.50000000  0.96808354  0.00197138  0.96808555 -0.25097561
35895.1  1.50000000  0.96808354  0.00197617  0.96808556 -0.25097557
35895.2  1.50000000  0.96808353  0.00198179  0.96808556 -0.25097556
35895.3  1.50000000  0.96808352  0.00198709  0.96808556 -0.25097559
35895.4  1.50000000  0.96808350  0.00199118  0.96808555 -0.25097563
35895.5  1.50000000  0.96808349  0.00199329  0.96808554 -0.25097570
35895.6  1.50000000  0.96808347  0.00199299  0.96808552 -0.25097577
35895.7  1.50000000  0.96808347  0.00199045  0.96808552 -0.25097583
35895.8  1.50000000  0.96808347  0.00198618  0.96808551 -0.25097587
35895.9  1.50000000  0.96808348  0.00198097  0.96808550 -0.25097588
35896.0  1.50000000  0.96808349  0.00197587  0.96808551 -0.25097586
35896.1  1.50000000  0.96808351  0.00197190  0.96808552 -0.25097582
35896.2  1.50000000  0.96808352  0.00196973  0.96808553 -0.25097576
35896.3  1.50000000  0.96808354  0.00196978  0.96808554 -0.25097569
35896.4  1.50000000  0.96808354  0.00197203  0.96808555 -0.25097563
35896.5  1.50000000  0.96808354  0.00197595  0.96808555 -0.25097560
35896.6  1.50000000  0.96808353  0.00198077  0.96808556 -0.25097558
35896.7  1.50000000  0.96808352  0.00198559  0.96808556 -0.25097560
35896.8  1.50000000  0.96808350  0.00198944  0.96808555 -0.25097564
35896.9  1.50000000  0.96808349  0.00199156  0.96808554 -0.25097569
35897.0  1.50000000  0.96808348  0.00199168  0.96808553 -0.25097575
35897.1  1.50000000  0.96808347  0.00198976  0.96808552 -0.25097581
35897.2  1.50000000  0.96808347  0.00198621  0.96808551 -0.25097585
35897.3  1.50000000  0.96808348  0.00198181  0.96808551 -0.25097586
35897.4  1.50000000  0.96808349  0.00197736  0.96808551 -0.25097585
35897.5  1.50000000  0.96808350  0.00197362  0.96808552 -0.25097582
35897.6  1.50000000  0.96808352  0.00197135  0.96808553 -0.25097576
35897.7  1.50000000  0.96808353  0.00197107  0.96808554 -0.25097571
35897.8  1.50000000  0.96808353  0.00197271  0.96808554 -0.25097566
35897.9  1.50000000  0.96808353  0.00197584  0.96808555 -0.25097562
35898.0  1.50000000  0.96808353  0.00197997  0.96808556 -0.25097560
35898.1  1.50000000  0.96808352  0.00198422  0.96808555 -0.25097561
35898.2  1.50000000  0.96808351  0.00198770  0.96808555 -0.25097564
35898.3  1.50000000  0.96808350  0.00198990  0.96808554 -0.25097569
35898.4  1.50000000  0.96808348  0.00199041  0.96808553 -0.25097574
35898.5  1.50000000  0.96808348  0.00198911  0.96808552 -0.25097579
35898.6  1.50000000  0.96808348  0.00198634  0.96808552 -0.25097582
35898.7  1.50000000  0.96808348  0.00198267  0.96808551 -0.25097584
35898.8  1.50000000  0.96808349  0.00197875  0.96808551 -0.25097584
35898.9  1.50000000  0.96808350  0.00197532  0.96808552 -0.25097581
35899.0  1.50000000  0.96808352  0.00197303  0.96808553 -0.25097577
35899.1  1.50000000  0.96808352  0.00197235  0.96808553 -0.25097572
35899.2  1.50000000  0.96808353  0.00197331  0.96808554 -0.25097568
35899.3  1.50000000  0.96808353  0.00197574  0.96808555 -0.25097564
35899.4  1.50000000  0.96808353  0.00197915  0.96808555 -0.25097562
35899.5  1.50000000  0.96808352  0.00198280  0.96808555 -0.25097562
35899.6  1.50000000  0.96808351  0.00198603  0.96808555 -0.25097564
35899.7  1.50000000  0.96808350  0.00198830  0.96808554 -0.25097568
35899.8  1.50000000  0.96808349  0.00198917  0.96808553 -0.25097572
35899.9  1.50000000  0.96808348  0.00198849  0.96808552 -0.25097577
35900.0  1.50000000  0.96808348  0.00198646  0.96808552 -0.25097580
35900.1  1.50000000  0.96808348  0.00198348  0.96808552 -0.25097582
35900.2  1.50000000  0.96808349  0.00198005  0.96808551 -0.25097583
35900.3  1.50000000  0.96808350  0.00197685  0.96808552 -0.25097581
35900.4  1.50000000  0.96808351  0.00197453  0.96808552 -0.25097578
35900.5  1.50000000  0.96808352  0.00197350  0.96808553 -0.25097574
35900.6  1.50000000  0.96808353  0.00197392  0.96808554 -0.25097569
35900.7  1.50000000  0.96808353  0.00197570  0.96808554 -0.25097566
35900.8  1.50000000  0.96808353  0.00197850  0.96808555 -0.25097564
35900.9  1.50000000  0.96808352  0.00198174  0.96808555 -0.25097563
35901.0  1.50000000  0.96808351  0.00198481  0.96808555 -0.25097565
35901.1  1.50000000  0.96808350  0.00198711  0.96808554 -0.25097568
35901.2  1.50000000  0.96808349  0.00198823  0.96808553 -0.25097572
35901.3  1.50000000  0.96808349  0.00198795  0.96808553 -0.25097576
35901.4  1.50000000  0.96808348  0.00198635  0.96808552 -0.25097579
35901.5  1.50000000  0.96808349  0.00198376  0.96808552 -0.25097581
35901.6  1.50000000  0.96808349  0.00198068  0.96808552 -0.25097582
35901.7  1.50000000  0.96808350  0.00197771  0.96808552 -0.25097580
35901.8  1.50000000  0.96808351  0.00197543  0.96808552 -0.25097578
35901.9  1.50000000  0.96808352  0.00197430  0.96808553 -0.25097574
35902.0  1.50000000  0.96808352  0.00197451  0.96808554 -0.25097570
35902.1  1.50000000  0.96808353  0.00197598  0.96808554 -0.25097567
35902.2  1.50000000  0.96808353  0.00197841  0.96808555 -0.25097565
35902.3  1.50000000  0.96808352  0.00198133  0.96808555 -0.25097564
35902.4  1.50000000  0.96808351  0.00198410  0.96808554 -0.25097566
35902.5  1.50000000  0.96808350  0.00198621  0.96808554 -0.25097568
35902.6  1.50000000  0.96808350  0.00198733  0.96808554 -0.25097571
35902.7  1.50000000  0.96808349  0.00198722  0.96808553 -0.25097575
35902.8  1.50000000  0.96808348  0.00198585  0.96808552 -0.25097578
35902.9  1.50000000  0.96808349  0.00198365  0.96808552 -0.25097580
35903.0  1.50000000  0.96808349  0.00198104  0.96808552 -0.25097581
35903.1  1.50000000  0.96808350  0.00197827  0.96808552 -0.25097580
35903.2  1.50000000  0.96808351  0.00197640  0.96808553 -0.25097577
35903.3  1.50000000  0.96808351  0.00197533  0.96808552 -0.25097575
35903.4  1.50000000  0.96808352  0.00197521  0.96808554 -0.25097571
35903.5  1.50000000  0.96808353  0.00197660  0.96808555 -0.25097568
35903.6  1.50000000  0.96808351  0.00197846  0.96808553 -0.25097567
35903.7  1.50000000  0.96808353  0.00198085  0.96808556 -0.25097565
35903.8  1.50000000  0.96808351  0.00198358  0.96808554 -0.25097567
35903.9  1.50000000  0.96808350  0.00198511  0.96808553 -0.25097569
35904.0  1.50000000  0.96808352  0.00198646  0.96808555 -0.25097570
35904.1  1.50000000  0.96808347  0.00198656  0.96808551 -0.25097576
35904.2  1.50000000  0.96808350  0.00198510  0.96808553 -0.25097576
35904.3  1.50000000  0.96808350  0.00198389  0.96808553 -0.25097578
35904.4  1.50000000  0.96808347  0.00198117  0.96808550 -0.25097581
35904.5  1.50000000  0.96808352  0.00197891  0.96808555 -0.25097577
35904.6  1.50000000  0.96808349  0.00197756  0.96808551 -0.25097578
35904.7  1.50000000  0.96808351  0.00197573  0.96808552 -0.25097575
35904.8  1.50000000  0.96808354  0.00197632  0.96808556 -0.25097570
35904.9  1.50000000  0.96808349  0.00197701  0.96808551 -0.25097572
35905.0  1.50000000  0.96808354  0.00197822  0.96808556 -0.25097565
35905.1  1.50000000  0.96808352  0.00198118  0.96808554 -0.25097567
35905.2  1.50000000  0.96808349  0.00198243  0.96808552 -0.25097569
35905.3  1.50000000  0.96808354  0.00198457  0.96808558 -0.25097566
35905.4  1.50000000  0.96808347  0.00198590  0.96808551 -0.25097573
35905.5  1.50000000  0.96808350  0.00198516  0.96808554 -0.25097573
35905.6  1.50000000  0.96808351  0.00198545  0.96808555 -0.25097574
35905.7  1.50000000  0.96808345  0.00198329  0.96808548 -0.25097581
35905.8  1.50000000  0.96808353  0.00198129  0.96808556 -0.25097575
35905.9  1.50000000  0.96808348  0.00198011  0.96808550 -0.25097580
35906.0  1.50000000  0.96808350  0.00197733  0.96808552 -0.25097577
35906.1  1.50000000  0.96808354  0.00197728  0.96808556 -0.25097572
35906.2  1.50000000  0.96808348  0.00197675  0.96808549 -0.25097575
35906.3  1.50000000  0.96808355  0.00197698  0.96808557 -0.25097567
35906.4  1.50000000  0.96808351  0.00197929  0.96808554 -0.25097569
35906.5  1.50000000  0.96808350  0.00198001  0.96808552 -0.25097569
35906.6  1.50000000  0.96808355  0.00198249  0.96808558 -0.25097565
35906.7  1.50000000  0.96808347  0.00198410  0.96808550 -0.25097572
35906.8  1.50000000  0.96808352  0.00198437  0.96808555 -0.25097569
35906.9  1.50000000  0.96808350  0.00198560  0.96808554 -0.25097573
35907.0  1.50000000  0.96808347  0.00198423  0.96808550 -0.25097578
35907.1  1.50000000  0.96808353  0.00198328  0.96808556 -0.25097574
35907.2  1.50000000  0.96808347  0.00198206  0.96808550 -0.25097580
35907.3  1.50000000  0.96808350  0.00197948  0.96808553 -0.25097577
35907.4  1.50000000  0.96808352  0.00197893  0.96808554 -0.25097575
35907.5  1.50000000  0.96808348  0.00197744  0.96808550 -0.25097577
35907.6  1.50000000  0.96808354  0.00197712  0.96808556 -0.25097570
35907.7  1.50000000  0.96808350  0.00197820  0.96808552 -0.25097572
35907.8  1.50000000  0.96808351  0.00197843  0.96808553 -0.25097569
35907.9  1.50000000  0.96808354  0.00198061  0.96808556 -0.25097566
35908.0  1.50000000  0.96808348  0.00198199  0.96808551 -0.25097571
35908.1  1.50000000  0.96808353  0.00198301  0.96808556 -0.25097568
35908.2  1.50000000  0.96808350  0.00198467  0.96808553 -0.25097571
35908.3  1.50000000  0.96808348  0.00198419  0.96808552 -0.25097574
35908.4  1.50000000  0.96808352  0.00198424  0.96808556 -0.25097573
35908.5  1.50000000  0.96808347  0.00198334  0.96808550 -0.25097578
35908.6  1.50000000  0.96808351  0.00198145  0.96808554 -0.25097576
35908.7  1.50000000  0.96808351  0.00198069  0.96808553 -0.25097576
35908.8  1.50000000  0.96808348  0.00197883  0.96808551 -0.25097578
35908.9  1.50000000  0.96808353  0.00197809  0.96808555 -0.25097572
35909.0  1.50000000  0.96808349  0.00197811  0.96808552 -0.25097574
35909.1  1.50000000  0.96808352  0.00197780  0.96808554 -0.25097571
35909.2  1.50000000  0.96808353  0.00197931  0.96808555 -0.25097568
35909.3  1.50000000  0.96808349  0.00198020  0.96808552 -0.25097571
35909.4  1.50000000  0.96808353  0.00198149  0.96808556 -0.25097567
35909.5  1.50000000  0.96808350  0.00198317  0.96808553 -0.25097570
35909.6  1.50000000  0.96808350  0.00198342  0.96808553 -0.25097571
35909.7  1.50000000  0.96808352  0.00198420  0.96808555 -0.25097571
35909.8  1.50000000  0.96808348  0.00198383  0.96808551 -0.25097576
35909.9  1.50000000  0.96808351  0.00198277  0.96808554 -0.25097574
35910.0  1.50000000  0.96808350  0.00198216  0.96808553 -0.25097576
35910.1  1.50000000  0.96808349  0.00198037  0.96808551 -0.25097577
35910.2  1.50000000  0.96808352  0.00197950  0.96808555 -0.25097574
35910.3  1.50000000  0.96808349  0.00197876  0.96808551 -0.25097576
35910.4  1.50000000  0.96808352  0.00197804  0.96808554 -0.25097572
35910.5  1.50000000  0.96808352  0.00197875  0.96808554 -0.25097571
35910.6  1.50000000  0.96808350  0.00197907  0.96808552 -0.25097571
35910.7  1.50000000  0.96808353  0.00198019  0.96808556 -0.25097568
35910.8  1.50000000  0.96808350  0.00198161  0.96808553 -0.25097570
35910.9  1.50000000  0.96808351  0.00198225  0.96808554 -0.25097570
35911.0  1.50000000  0.96808352  0.00198342  0.96808555 -0.25097570
35911.1  1.50000000  0.96808349  0.00198364  0.96808552 -0.25097574
35911.2  1.50000000  0.96808351  0.00198329  0.96808554 -0.25097573
35911.3  1.50000000  0.96808350  0.00198304  0.96808553 -0.25097575
35911.4  1.50000000  0.96808349  0.00198177  0.96808551 -0.25097577
35911.5  1.50000000  0.96808352  0.00198077  0.96808554 -0.25097574
35911.6  1.50000000  0.96808349  0.00198001  0.96808552 -0.25097576
35911.7  1.50000000  0.96808351  0.00197877  0.96808553 -0.25097574
35911.8  1.50000000  0.96808352  0.00197888  0.96808555 -0.25097572
35911.9  1.50000000  0.96808349  0.00197882  0.96808551 -0.25097573
35912.0  1.50000000  0.96808353  0.00197912  0.96808555 -0.25097569
35912.1  1.50000000  0.96808351  0.00198055  0.96808554 -0.25097570
35912.2  1.50000000  0.96808350  0.00198095  0.96808552 -0.25097571
35912.3  1.50000000  0.96808353  0.00198222  0.96808556 -0.25097568
35912.4  1.50000000  0.96808348  0.00198310  0.96808551 -0.25097573
35912.5  1.50000000  0.96808351  0.00198287  0.96808554 -0.25097572
35912.6  1.50000000  0.96808351  0.00198350  0.96808554 -0.25097572
35912.7  1.50000000  0.96808347  0.00198257  0.96808550 -0.25097577
35912.8  1.50000000  0.96808353  0.00198171  0.96808555 -0.25097573
35912.9  1.50000000  0.96808349  0.00198138  0.96808552 -0.25097576
35913.0  1.50000000  0.96808349  0.00197968  0.96808552 -0.25097576
35913.1  1.50000000  0.96808353  0.00197958  0.96808556 -0.25097572
35913.2  1.50000000  0.96808348  0.00197918  0.96808550 -0.25097576
35913.3  1.50000000  0.96808353  0.00197868  0.96808555 -0.25097571
35913.4  1.50000000  0.96808352  0.00197998  0.96808554 -0.25097571
35913.5  1.50000000  0.96808349  0.00197992  0.96808551 -0.25097572
35913.6  1.50000000  0.96808354  0.00198106  0.96808557 -0.25097567
35913.7  1.50000000  0.96808348  0.00198226  0.96808551 -0.25097573
35913.8  1.50000000  0.96808351  0.00198206  0.96808554 -0.25097571
35913.9  1.50000000  0.96808352  0.00198334  0.96808555 -0.25097571
35914.0  1.50000000  0.96808347  0.00198274  0.96808550 -0.25097576
35914.1  1.50000000  0.96808353  0.00198235  0.96808556 -0.25097572
35914.2  1.50000000  0.96808349  0.00198229  0.96808551 -0.25097576
35914.3  1.50000000  0.96808350  0.00198064  0.96808552 -0.25097576
35914.4  1.50000000  0.96808353  0.00198058  0.96808555 -0.25097573
35914.5  1.50000000  0.96808347  0.00197972  0.96808550 -0.25097577
35914.6  1.50000000  0.96808353  0.00197904  0.96808555 -0.25097571
35914.7  1.50000000  0.96808350  0.00197978  0.96808553 -0.25097573
35914.8  1.50000000  0.96808350  0.00197931  0.96808552 -0.25097573
35914.9  1.50000000  0.96808354  0.00198037  0.96808556 -0.25097569
35915.0  1.50000000  0.96808348  0.00198114  0.96808551 -0.25097573
35915.1  1.50000000  0.96808352  0.00198134  0.96808555 -0.25097570
35915.2  1.50000000  0.96808351  0.00198267  0.96808554 -0.25097571
35915.3  1.50000000  0.96808348  0.00198241  0.96808551 -0.25097574
35915.4  1.50000000  0.96808353  0.00198261  0.96808556 -0.25097571
35915.5  1.50000000  0.96808348  0.00198265  0.96808551 -0.25097576
35915.6  1.50000000  0.96808350  0.00198148  0.96808553 -0.25097574
35915.7  1.50000000  0.96808351  0.00198147  0.96808554 -0.25097574
35915.8  1.50000000  0.96808348  0.00198042  0.96808551 -0.25097576
35915.9  1.50000000  0.96808353  0.00197979  0.96808555 -0.25097572
35916.0  1.50000000  0.96808350  0.00197993  0.96808552 -0.25097574
35916.1  1.50000000  0.96808350  0.00197925  0.96808553 -0.25097573
35916.2  1.50000000  0.96808353  0.00197999  0.96808555 -0.25097570
35916.3  1.50000000  0.96808349  0.00198033  0.96808551 -0.25097573
35916.4  1.50000000  0.96808352  0.00198067  0.96808555 -0.25097570
35916.5  1.50000000  0.96808351  0.00198185  0.96808553 -0.25097571
35916.6  1.50000000  0.96808349  0.00198182  0.96808552 -0.25097572
35916.7  1.50000000  0.96808352  0.00198245  0.96808555 -0.25097571
35916.8  1.50000000  0.96808348  0.00198258  0.96808551 -0.25097574
35916.9  1.50000000  0.96808351  0.00198196  0.96808554 -0.25097573
35917.0  1.50000000  0.96808351  0.00198207  0.96808554 -0.25097574
35917.1  1.50000000  0.96808349  0.00198109  0.96808551 -0.25097576
35917.2  1.50000000  0.96808352  0.00198061  0.96808555 -0.25097573
35917.3  1.50000000  0.96808349  0.00198036  0.96808552 -0.25097575
35917.4  1.50000000  0.96808351  0.00197958  0.96808553 -0.25097573
35917.5  1.50000000  0.96808352  0.00197996  0.96808554 -0.25097572
35917.6  1.50000000  0.96808349  0.00197990  0.96808552 -0.25097573
35917.7  1.50000000  0.96808352  0.00198021  0.96808555 -0.25097570
35917.8  1.50000000  0.96808350  0.00198108  0.96808553 -0.25097572
35917.9  1.50000000  0.96808350  0.00198117  0.96808553 -0.25097572
35918.0  1.50000000  0.96808352  0.00198199  0.96808555 -0.25097570
35918.1  1.50000000  0.96808349  0.00198222  0.96808552 -0.25097573
35918.2  1.50000000  0.96808351  0.00198208  0.96808554 -0.25097572
35918.3  1.50000000  0.96808350  0.00198233  0.96808553 -0.25097574
35918.4  1.50000000  0.96808349  0.00198160  0.96808552 -0.25097575
35918.5  1.50000000  0.96808352  0.00198131  0.96808554 -0.25097573
35918.6  1.50000000  0.96808349  0.00198088  0.96808552 -0.25097575
35918.7  1.50000000  0.96808351  0.00198013  0.96808554 -0.25097573
35918.8  1.50000000  0.96808351  0.00198022  0.96808554 -0.25097573
35918.9  1.50000000  0.96808350  0.00197985  0.96808552 -0.25097574
35919.0  1.50000000  0.96808352  0.00198003  0.96808555 -0.25097571
35919.1  1.50000000  0.96808350  0.00198053  0.96808553 -0.25097572
35919.2  1.50000000  0.96808351  0.00198064  0.96808553 -0.25097571
35919.3  1.50000000  0.96808352  0.00198142  0.96808554 -0.25097571
35919.4  1.50000000  0.96808349  0.00198169  0.96808552 -0.25097573
35919.5  1.50000000  0.96808352  0.00198190  0.96808554 -0.25097571
35919.6  1.50000000  0.96808350  0.00198225  0.96808553 -0.25097573
35919.7  1.50000000  0.96808350  0.00198183  0.96808553 -0.25097574
35919.8  1.50000000  0.96808351  0.00198178  0.96808554 -0.25097573
35919.9  1.50000000  0.96808349  0.00198134  0.96808552 -0.25097575
35920.0  1.50000000  0.96808351  0.00198074  0.96808554 -0.25097573
35920.1  1.50000000  0.96808351  0.00198063  0.96808553 -0.25097574
35920.2  1.50000000  0.96808350  0.00198010  0.96808552 -0.25097574
35920.3  1.50000000  0.96808352  0.00198011  0.96808554 -0.25097572
35920.4  1.50000000  0.96808350  0.00198027  0.96808553 -0.25097573
35920.5  1.50000000  0.96808351  0.00198030  0.96808554 -0.25097572
35920.6  1.50000000  0.96808351  0.00198093  0.96808554 -0.25097571
35920.7  1.50000000  0.96808350  0.00198115  0.96808553 -0.25097572
35920.8  1.50000000  0.96808352  0.00198154  0.96808554 -0.25097571
35920.9  1.50000000  0.96808350  0.00198194  0.96808553 -0.25097573
35921.0  1.50000000  0.96808350  0.00198182  0.96808553 -0.25097573
35921.1  1.50000000  0.96808351  0.00198196  0.96808554 -0.25097573
35921.2  1.50000000  0.96808349  0.00198165  0.96808552 -0.25097574
35921.3  1.50000000  0.96808351  0.00198125  0.96808554 -0.25097573
35921.4  1.50000000  0.96808350  0.00198106  0.96808553 -0.25097574
35921.5  1.50000000  0.96808350  0.00198049  0.96808553 -0.25097574
35921.6  1.50000000  0.96808351  0.00198039  0.96808554 -0.25097573
35921.7  1.50000000  0.96808350  0.00198027  0.96808553 -0.25097573
35921.8  1.50000000  0.96808351  0.00198020  0.96808554 -0.25097572
35921.9  1.50000000  0.96808351  0.00198059  0.96808553 -0.25097572
35922.0  1.50000000  0.96808350  0.00198072  0.96808553 -0.25097572
35922.1  1.50000000  0.96808351  0.00198114  0.96808554 -0.25097571
35922.2  1.50000000  0.96808350  0.00198153  0.96808553 -0.25097572
35922.3  1.50000000  0.96808351  0.00198161  0.96808554 -0.25097572
35922.4  1.50000000  0.96808351  0.00198190  0.96808554 -0.25097572
35922.5  1.50000000  0.96808350  0.00198174  0.96808553 -0.25097573
35922.6  1.50000000  0.96808351  0.00198157  0.96808554 -0.25097573
35922.7  1.50000000  0.96808350  0.00198140  0.96808553 -0.25097574
35922.8  1.50000000  0.96808350  0.00198092  0.96808553 -0.25097574
35922.9  1.50000000  0.96808351  0.00198075  0.96808554 -0.25097573
35923.0  1.50000000  0.96808350  0.00198047  0.96808553 -0.25097574
35923.1  1.50000000  0.96808351  0.00198031  0.96808554 -0.25097572
35923.2  1.50000000  0.96808351  0.00198046  0.96808553 -0.25097573
35923.3  1.50000000  0.96808351  0.00198047  0.96808553 -0.25097572
35923.4  1.50000000  0.96808351  0.00198082  0.96808554 -0.25097572
35923.5  1.50000000  0.96808350  0.00198111  0.96808553 -0.25097572
35923.6  1.50000000  0.96808351  0.00198131  0.96808554 -0.25097572
35923.7  1.50000000  0.96808351  0.00198166  0.96808553 -0.25097572
35923.8  1.50000000  0.96808350  0.00198166  0.96808553 -0.25097573
35923.9  1.50000000  0.96808351  0.00198169  0.96808554 -0.25097573
35924.0  1.50000000  0.96808350  0.00198159  0.96808553 -0.25097574
35924.1  1.50000000  0.96808350  0.00198126  0.96808553 -0.25097573
35924.2  1.50000000  0.96808351  0.00198110  0.96808553 -0.25097573
35924.3  1.50000000  0.96808350  0.00198076  0.96808553 -0.25097574
35924.4  1.50000000  0.96808351  0.00198055  0.96808554 -0.25097573
35924.5  1.50000000  0.96808350  0.00198052  0.96808553 -0.25097573
35924.6  1.50000000  0.96808351  0.00198041  0.96808553 -0.25097573
35924.7  1.50000000  0.96808351  0.00198063  0.96808554 -0.25097572
35924.8  1.50000000  0.96808350  0.00198080  0.96808553 -0.25097572
35924.9  1.50000000  0.96808351  0.00198101  0.96808554 -0.25097572
35925.0  1.50000000  0.96808351  0.00198135  0.96808553 -0.25097572
35925.1  1.50000000  0.96808350  0.00198145  0.96808553 -0.25097572
35925.2  1.50000000  0.96808351  0.00198162  0.96808554 -0.25097572
35925.3  1.50000000  0.96808350  0.00198163  0.96808553 -0.25097573
35925.4  1.50000000  0.96808351  0.00198145  0.96808553 -0.25097573
35925.5  1.50000000  0.96808350  0.00198136  0.96808553 -0.25097573
35925.6  1.50000000  0.96808350  0.00198105  0.96808553 -0.25097574
35925.7  1.50000000  0.96808351  0.00198085  0.96808553 -0.25097573
35925.8  1.50000000  0.96808350  0.00198069  0.96808553 -0.25097573
35925.9  1.50000000  0.96808351  0.00198051  0.96808553 -0.25097573
35926.0  1.50000000  0.96808351  0.00198058  0.96808553 -0.25097572
35926.1  1.50000000  0.96808350  0.00198063  0.96808553 -0.25097573
35926.2  1.50000000  0.96808351  0.00198079  0.96808554 -0.25097572
35926.3  1.50000000  0.96808351  0.00198106  0.96808553 -0.25097572
35926.4  1.50000000  0.96808351  0.00198120  0.96808553 -0.25097572
35926.5  1.50000000  0.96808351  0.00198144  0.96808554 -0.25097572
35926.6  1.50000000  0.96808350  0.00198152  0.96808553 -0.25097573
35926.7  1.50000000  0.96808351  0.00198151  0.96808553 -0.25097573
35926.8  1.50000000  0.96808350  0.00198149  0.96808553 -0.25097573
35926.9  1.50000000  0.96808350  0.00198127  0.96808553 -0.25097573
35927.0  1.50000000  0.96808351  0.00198111  0.96808553 -0.25097573
35927.1  1.50000000  0.96808350  0.00198092  0.96808553 -0.25097573
35927.2  1.50000000  0.96808351  0.00198070  0.96808553 -0.25097573
35927.3  1.50000000  0.96808351  0.00198066  0.96808553 -0.25097573
35927.4  1.50000000  0.96808350  0.00198059  0.96808553 -0.25097573
35927.5  1.50000000  0.96808351  0.00198066  0.96808554 -0.25097572
35927.6  1.50000000  0.96808351  0.00198082  0.96808553 -0.25097572
35927.7  1.50000000  0.96808351  0.00198094  0.96808553 -0.25097572
35927.8  1.50000000  0.96808351  0.00198117  0.96808553 -0.25097572
35927.9  1.50000000  0.96808350  0.00198129  0.96808553 -0.25097573
35928.0  1.50000000  0.96808351  0.00198138  0.96808553 -0.25097572
35928.1  1.50000000  0.96808350  0.00198143  0.96808553 -0.25097573
35928.2  1.50000000  0.96808350  0.00198132  0.96808553 -0.25097573
35928.3  1.50000000  0.96808351  0.00198123  0.96808553 -0.25097573
35928.4  1.50000000  0.96808350  0.00198104  0.96808553 -0.25097573
35928.5  1.50000000  0.96808351  0.00198084  0.96808553 -0.25097573
35928.6  1.50000000  0.96808351  0.00198073  0.96808553 -0.25097573
35928.7  1.50000000  0.96808351  0.00198058  0.96808553 -0.25097573
35928.8  1.50000000  0.96808351  0.00198058  0.96808553 -0.25097573
35928.9  1.50000000  0.96808351  0.00198064  0.96808553 -0.25097573
35929.0  1.50000000  0.96808351  0.00198071  0.96808553 -0.25097572
35929.1  1.50000000  0.96808351  0.00198091  0.96808553 -0.25097572
35929.2  1.50000000  0.96808351  0.00198105  0.96808553 -0.25097572
35929.3  1.50000000  0.96808351  0.00198120  0.96808553 -0.25097572
35929.4  1.50000000  0.96808350  0.00198131  0.96808553 -0.25097573
35929.5  1.50000000  0.96808351  0.00198129  0.96808553 -0.25097573
35929.6  1.50000000  0.96808351  0.00198127  0.96808553 -0.25097573
35929.7  1.50000000  0.96808350  0.00198117  0.96808553 -0.25097573
35929.8  1.50000000  0.96808350  0.00198098  0.96808553 -0.25097573
35929.9  1.50000000  0.96808351  0.00198084  0.96808553 -0.25097573
35930.0  1.50000000  0.96808351  0.00198077  0.96808553 -0.25097573
35930.1  1.50000000  0.96808350  0.00198061  0.96808553 -0.25097573
35930.2  1.50000000  0.96808351  0.00198056  0.96808554 -0.25097572
35930.3  1.50000000  0.96808351  0.00198070  0.96808553 -0.25097572
35930.4  1.50000000  0.96808350  0.00198072  0.96808553 -0.25097573
35930.5  1.50000000  0.96808351  0.00198084  0.96808554 -0.25097572
35930.6  1.50000000  0.96808351  0.00198107  0.96808553 -0.25097572
35930.7  1.50000000  0.96808350  0.00198113  0.96808553 -0.25097573
35930.8  1.50000000  0.96808351  0.00198120  0.96808554 -0.25097572
35930.9  1.50000000  0.96808351  0.00198130  0.96808553 -0.25097573
35931.0  1.50000000  0.96808350  0.00198123  0.96808553 -0.25097573
35931.1  1.50000000  0.96808351  0.00198113  0.96808553 -0.25097573
35931.2  1.50000000  0.96808351  0.00198104  0.96808553 -0.25097573
35931.3  1.50000000  0.96808350  0.00198090  0.96808553 -0.25097573
35931.4  1.50000000  0.96808351  0.00198077  0.96808553 -0.25097573
35931.5  1.50000000  0.96808351  0.00198070  0.96808553 -0.25097573
35931.6  1.50000000  0.96808351  0.00198067  0.96808553 -0.25097573
35931.7  1.50000000  0.96808351  0.00198067  0.96808553 -0.25097573
35931.8  1.50000000  0.96808351  0.00198075  0.96808553 -0.25097572
35931.9  1.50000000  0.96808351  0.00198085  0.96808553 -0.25097572
35932.0  1.50000000  0.96808351  0.00198094  0.96808553 -0.25097572
35932.1  1.50000000  0.96808351  0.00198102  0.96808553 -0.25097572
35932.2  1.50000000  0.96808351  0.00198106  0.96808553 -0.25097573
35932.3  1.50000000  0.96808351  0.00198108  0.96808553 -0.25097573
35932.4  1.50000000  0.96808351  0.00198108  0.96808553 -0.25097573
35932.5  1.50000000  0.96808351  0.00198106  0.96808553 -0.25097573
35932.6  1.50000000  0.96808351  0.00198105  0.96808553 -0.25097573
35932.7  1.50000000  0.96808351  0.00198102  0.96808553 -0.25097573
35932.8  1.50000000  0.96808351  0.00198099  0.96808553 -0.25097573
35932.9  1.50000000  0.96808351  0.00198095  0.96808553 -0.25097573
35933.0  1.50000000  0.96808351  0.00198091  0.96808553 -0.25097573
35933.1  1.50000000  0.96808351  0.00198087  0.96808553 -0.25097573
35933.2  1.50000000  0.96808351  0.00198085  0.96808553 -0.25097573
35933.3  1.50000000  0.96808351  0.00198083  0.96808553 -0.25097573
35933.4  1.50000000  0.96808351  0.00198083  0.96808553 -0.25097573
35933.5  1.50000000  0.96808351  0.00198083  0.96808553 -0.25097573
35933.6  1.50000000  0.96808351  0.00198085  0.96808553 -0.25097573
35933.7  1.50000000  0.96808351  0.00198087  0.96808553 -0.25097573
35933.8  1.50000000  0.96808351  0.00198090  0.96808553 -0.25097573
35933.9  1.50000000  0.96808351  0.00198093  0.96808553 -0.25097573
35934.0  1.50000000  0.96808351  0.00198097  0.96808553 -0.25097573
35934.1  1.50000000  0.96808351  0.00198099  0.96808553 -0.25097573
35934.2  1.50000000  0.96808351  0.00198101  0.96808553 -0.25097573
35934.3  1.50000000  0.96808351  0.00198102  0.96808553 -0.25097573
35934.4  1.50000000  0.96808351  0.00198102  0.96808553 -0.25097573
35934.5  1.50000000  0.96808351  0.00198101  0.96808553 -0.25097573
35934.6  1.50000000  0.96808351  0.00198100  0.96808553 -0.25097573
35934.7  1.50000000  0.96808351  0.00198098  0.96808553 -0.25097573
35934.8  1.50000000  0.96808351  0.00198097  0.96808553 -0.25097573
35934.9  1.50000000  0.96808351  0.00198094  0.96808553 -0.25097573
35935.0  1.50000000  0.96808351  0.00198092  0.96808553 -0.25097573
35935.1  1.50000000  0.96808351  0.00198091  0.96808553 -0.25097573
35935.2  1.50000000  0.96808351  0.00198090  0.96808553 -0.25097573
35935.3  1.50000000  0.96808351  0.00198090  0.96808553 -0.25097573
35935.4  1.50000000  0.96808351  0.00198090  0.96808553 -0.25097573
35935.5  1.50000000  0.96808351  0.00198090  0.96808553 -0.25097573
35935.6  1.50000000  0.96808351  0.00198091  0.96808553 -0.25097573
35935.7  1.50000000  0.96808351  0.00198091  0.96808553 -0.25097573
35935.8  1.50000000  0.96808351  0.00198091  0.96808553 -0.25097573
35935.9  1.50000000  0.96808351  0.00198092  0.96808553 -0.25097573
35936.0  1.50000000  0.96808351  0.00198093  0.96808553 -0.25097573
35936.1  1.50000000  0.96808351  0.00198093  0.96808553 -0.25097573
35936.2  1.50000000  0.96808351  0.00198094  0.96808553 -0.25097573
35936.3  1.50000000  0.96808351  0.00198094  0.96808553 -0.25097573
35936.4  1.50000000  0.96808351  0.00198094  0.96808553 -0.25097573
35936.5  1.50000000  0.96808351  0.00198095  0.96808553 -0.25097573
35936.6  1.50000000  0.96808351  0.00198095  0.96808553 -0.25097573
35936.7  1.50000000  0.96808351  0.00198095  0.96808553 -0.25097573
35936.8  1.50000000  0.96808351  0.00198095  0.96808553 -0.25097573
35936.9  1.50000000  0.96808351  0.00198095  0.96808553 -0.25097573
35937.0  1.50000000  0.96808351  0.00198095  0.96808553 -0.25097573
35937.1  1.50000000  0.96808351  0.00198095  0.96808553 -0.25097573
35937.2  1.50000000  0.96808351  0.00198095  0.96808553 -0.25097573
35937.3  1.50000000  0.96808351  0.00198095  0.96808553 -0.25097573
35937.4  1.50000000  0.96808351  0.00198095  0.96808553 -0.25097573
35937.5  1.50000000  0.96808351  0.00198095  0.96808553 -0.25097573
35937.6  1.50000000  0.96808351  0.00198095  0.96808553 -0.25097573
35937.7  1.50000000  0.96808351  0.00198095  0.96808553 -0.25097573
35937.8  1.50000000  0.96808351  0.00198095  0.96808553 -0.25097573
35937.9  1.50000000  0.96808351  0.00198095  0.96808553 -0.25097573
35938.0  1.50000000  0.96808351  0.00198095  0.96808553 -0.25097573
35938.1  1.50000000  0.96808351  0.00198095  0.96808553 -0.25097573
35938.2  1.50000000  0.96808351  0.00198095  0.96808553 -0.25097573
35938.3  1.50000000  0.96808351  0.00198095  0.96808553 -0.25097573
35938.4  1.50000000  0.96808351  0.00198095  0.96808553 -0.25097573
35938.5  1.50000000  0.96808351  0.00198095  0.96808553 -0.25097573
35938.6  1.50000000  0.96808351  0.00198095  0.96808553 -0.25097573
35938.7  1.50000000  0.96808351  0.00198095  0.96808553 -0.25097573
35938.8  1.50000000  0.96808351  0.00198095  0.96808553 -0.25097573
35938.9  1.50000000  0.96808351  0.00198095  0.96808553 -0.25097573
35939.0  1.50000000  0.96808351  0.00198095  0.96808553 -0.25097573
35939.1  1.50000000  0.96808351  0.00198095  0.96808553 -0.25097573
35939.2  1.50000000  0.96808351  0.00198095  0.96808553 -0.25097573
35939.3  1.50000000  0.96808351  0.00198095  0.96808553 -0.25097573
35939.4  1.50000000  0.96808351  0.00198095  0.96808553 -0.25097573
35939.5  1.50000000  0.96808351  0.00198095  0.96808553 -0.25097573
35939.6  1.50000000  0.96808351  0.00198095  0.96808553 -0.25097573
35939.7  1.50000000  0.96808351  0.00198095  0.96808553 -0.25097573
35939.8  1.50000000  0.96808351  0.00198095  0.96808553 -0.25097573
35939.9  1.50000000  0.96808351  0.00198095  0.96808553 -0.25097573
35940.0  1.50000000  0.96808351  0.00198095  0.96808553 -0.25097573
35940.1  1.50000000  0.96808351  0.00198095  0.96808553 -0.25097573
35940.2  1.50000000  0.96808351  0.00198095  0.96808553 -0.25097573
35940.3  1.50000000  0.96808351  0.00198095  0.96808553 -0.25097573
35940.4  1.50000000  0.96808351  0.00198095  0.96808553 -0.25097573
35940.5  1.50000000  0.96808351  0.00198095  0.96808553 -0.25097573
35940.6  1.50000000  0.96808351  0.00198095  0.96808553 -0.25097573
