 # AA:        367250.02967137686     
 # FLEGG:     232028.32655413673     
 # AF0:     -5.33308614247767210E-002
 # CPAR:      555.55779854881382     
 # Diff:     0.12463198212018202     
 # TF:       2.19089023002066404E-007
 # H:         284.00000000000000     
 # GRAD:     0.10000000000000001     
 # HR:       3.00000000000000006E-003
 # LP:       0.28000000000182668     
 # TIME  LP  TMAB  TMDS  TMPC  TMZ
35841.6  1.50000000  0.96807307  0.00248349  0.96807625 -0.25102286
35841.7  1.50000000  0.96807846  0.00110642  0.96807910 -0.25100601
35841.8  1.50000000  0.96808304  0.00042171  0.96808313 -0.25098397
35841.9  1.50000000  0.96808700  0.00052919  0.96808714 -0.25096148
35842.0  1.50000000  0.96808945  0.00136753  0.96809042 -0.25094276
35842.1  1.50000000  0.96808875  0.00274558  0.96809264 -0.25093099
35842.2  1.50000000  0.96808315  0.00437926  0.96809305 -0.25092839
35842.3  1.50000000  0.96807369  0.00593997  0.96809191 -0.25093482
35842.4  1.50000000  0.96806317  0.00714167  0.96808952 -0.25094867
35842.5  1.50000000  0.96805492  0.00776572  0.96808607 -0.25096718
35842.6  1.50000000  0.96805190  0.00772200  0.96808270 -0.25098625
35842.7  1.50000000  0.96805400  0.00705116  0.96807968 -0.25100253
35842.8  1.50000000  0.96805974  0.00590754  0.96807776 -0.25101288
35842.9  1.50000000  0.96806671  0.00453415  0.96807733 -0.25101557
35843.0  1.50000000  0.96807286  0.00320289  0.96807816 -0.25101064
35843.1  1.50000000  0.96807792  0.00216286  0.96808034 -0.25099916
35843.2  1.50000000  0.96808181  0.00160238  0.96808314 -0.25098383
35843.3  1.50000000  0.96808475  0.00159966  0.96808608 -0.25096766
35843.4  1.50000000  0.96808630  0.00213334  0.96808866 -0.25095370
35843.5  1.50000000  0.96808534  0.00307466  0.96809023 -0.25094464
35843.6  1.50000000  0.96808149  0.00422517  0.96809071 -0.25094184
35843.7  1.50000000  0.96807519  0.00535831  0.96809002 -0.25094558
35843.8  1.50000000  0.96806801  0.00625712  0.96808823 -0.25095494
35843.9  1.50000000  0.96806233  0.00676181  0.96808595 -0.25096769
35844.0  1.50000000  0.96805956  0.00679652  0.96808342 -0.25098144
35844.1  1.50000000  0.96806029  0.00637348  0.96808127 -0.25099339
35844.2  1.50000000  0.96806372  0.00559869  0.96807991 -0.25100135
35844.3  1.50000000  0.96806833  0.00463371  0.96807942 -0.25100411
35844.4  1.50000000  0.96807306  0.00367208  0.96808002 -0.25100124
35844.5  1.50000000  0.96807706  0.00289706  0.96808140 -0.25099368
35844.6  1.50000000  0.96808021  0.00244526  0.96808330 -0.25098306
35844.7  1.50000000  0.96808247  0.00238846  0.96808541 -0.25097147
35844.8  1.50000000  0.96808335  0.00271864  0.96808716 -0.25096130
35844.9  1.50000000  0.96808262  0.00335322  0.96808843 -0.25095424
35845.0  1.50000000  0.96807994  0.00416062  0.96808888 -0.25095160
35845.1  1.50000000  0.96807568  0.00497601  0.96808847 -0.25095367
35845.2  1.50000000  0.96807095  0.00564642  0.96808742 -0.25095975
35845.3  1.50000000  0.96806690  0.00605043  0.96808581 -0.25096862
35845.4  1.50000000  0.96806470  0.00612265  0.96808407 -0.25097839
35845.5  1.50000000  0.96806475  0.00586632  0.96808253 -0.25098715
35845.6  1.50000000  0.96806662  0.00534457  0.96808137 -0.25099335
35845.7  1.50000000  0.96806970  0.00466894  0.96808096 -0.25099582
35845.8  1.50000000  0.96807303  0.00397667  0.96808119 -0.25099438
35845.9  1.50000000  0.96807611  0.00339784  0.96808208 -0.25098942
35846.0  1.50000000  0.96807865  0.00303954  0.96808343 -0.25098205
35846.1  1.50000000  0.96808037  0.00295787  0.96808489 -0.25097384
35846.2  1.50000000  0.96808113  0.00315592  0.96808627 -0.25096631
35846.3  1.50000000  0.96808062  0.00358353  0.96808725 -0.25096091
35846.4  1.50000000  0.96807877  0.00414766  0.96808766 -0.25095857
35846.5  1.50000000  0.96807593  0.00473537  0.96808751 -0.25095955
35846.6  1.50000000  0.96807260  0.00523376  0.96808675 -0.25096358
35846.7  1.50000000  0.96806973  0.00555105  0.96808565 -0.25096968
35846.8  1.50000000  0.96806797  0.00563680  0.96808438 -0.25097664
35846.9  1.50000000  0.96806766  0.00548409  0.96808319 -0.25098308
35847.0  1.50000000  0.96806874  0.00513406  0.96808236 -0.25098777
35847.1  1.50000000  0.96807073  0.00466273  0.96808196 -0.25098994
35847.2  1.50000000  0.96807314  0.00416491  0.96808210 -0.25098928
35847.3  1.50000000  0.96807551  0.00373751  0.96808272 -0.25098603
35847.4  1.50000000  0.96807746  0.00345779  0.96808363 -0.25098098
35847.5  1.50000000  0.96807885  0.00337202  0.96808472 -0.25097512
35847.6  1.50000000  0.96807941  0.00348781  0.96808569 -0.25096965
35847.7  1.50000000  0.96807906  0.00377266  0.96808642 -0.25096557
35847.8  1.50000000  0.96807780  0.00416536  0.96808676 -0.25096357
35847.9  1.50000000  0.96807580  0.00458564  0.96808666 -0.25096398
35848.0  1.50000000  0.96807352  0.00495225  0.96808619 -0.25096656
35848.1  1.50000000  0.96807147  0.00519852  0.96808543 -0.25097074
35848.2  1.50000000  0.96807012  0.00528263  0.96808453 -0.25097567
35848.3  1.50000000  0.96806977  0.00519671  0.96808372 -0.25098032
35848.4  1.50000000  0.96807035  0.00496509  0.96808308 -0.25098388
35848.5  1.50000000  0.96807166  0.00463831  0.96808277 -0.25098569
35848.6  1.50000000  0.96807334  0.00428358  0.96808282 -0.25098549
35848.7  1.50000000  0.96807505  0.00396907  0.96808319 -0.25098344
35848.8  1.50000000  0.96807654  0.00375292  0.96808381 -0.25097998
35848.9  1.50000000  0.96807758  0.00367163  0.96808454 -0.25097586
35849.0  1.50000000  0.96807805  0.00373393  0.96808525 -0.25097188
35849.1  1.50000000  0.96807787  0.00392174  0.96808581 -0.25096879
35849.2  1.50000000  0.96807701  0.00419317  0.96808609 -0.25096716
35849.3  1.50000000  0.96807567  0.00449279  0.96808610 -0.25096719
35849.4  1.50000000  0.96807409  0.00476254  0.96808580 -0.25096883
35849.5  1.50000000  0.96807262  0.00495212  0.96808529 -0.25097168
35849.6  1.50000000  0.96807160  0.00502953  0.96808467 -0.25097514
35849.7  1.50000000  0.96807122  0.00498512  0.96808405 -0.25097853
35849.8  1.50000000  0.96807150  0.00483292  0.96808357 -0.25098120
35849.9  1.50000000  0.96807233  0.00460724  0.96808330 -0.25098269
35850.0  1.50000000  0.96807349  0.00435414  0.96808328 -0.25098276
35850.1  1.50000000  0.96807474  0.00412331  0.96808352 -0.25098145
35850.2  1.50000000  0.96807586  0.00395758  0.96808395 -0.25097911
35850.3  1.50000000  0.96807668  0.00388530  0.96808448 -0.25097620
35850.4  1.50000000  0.96807709  0.00391606  0.96808501 -0.25097331
35850.5  1.50000000  0.96807700  0.00403895  0.96808542 -0.25097100
35850.6  1.50000000  0.96807644  0.00422634  0.96808567 -0.25096967
35850.7  1.50000000  0.96807550  0.00443961  0.96808568 -0.25096954
35850.8  1.50000000  0.96807439  0.00463676  0.96808549 -0.25097056
35850.9  1.50000000  0.96807333  0.00478124  0.96808514 -0.25097249
35851.0  1.50000000  0.96807255  0.00484789  0.96808469 -0.25097493
35851.1  1.50000000  0.96807221  0.00482773  0.96808425 -0.25097738
35851.2  1.50000000  0.96807234  0.00472881  0.96808389 -0.25097937
35851.3  1.50000000  0.96807288  0.00457351  0.96808368 -0.25098056
35851.4  1.50000000  0.96807368  0.00439420  0.96808366 -0.25098074
35851.5  1.50000000  0.96807458  0.00422605  0.96808381 -0.25097994
35851.6  1.50000000  0.96807542  0.00410045  0.96808410 -0.25097835
35851.7  1.50000000  0.96807604  0.00403940  0.96808447 -0.25097632
35851.8  1.50000000  0.96807636  0.00405126  0.96808484 -0.25097425
35851.9  1.50000000  0.96807633  0.00413046  0.96808514 -0.25097253
35852.0  1.50000000  0.96807596  0.00425873  0.96808532 -0.25097148
35852.1  1.50000000  0.96807532  0.00440933  0.96808536 -0.25097126
35852.2  1.50000000  0.96807454  0.00455271  0.96808525 -0.25097188
35852.3  1.50000000  0.96807379  0.00466184  0.96808501 -0.25097317
35852.4  1.50000000  0.96807321  0.00471764  0.96808471 -0.25097487
35852.5  1.50000000  0.96807293  0.00471204  0.96808439 -0.25097663
35852.6  1.50000000  0.96807297  0.00464889  0.96808413 -0.25097811
35852.7  1.50000000  0.96807330  0.00454300  0.96808396 -0.25097904
35852.8  1.50000000  0.96807385  0.00441643  0.96808392 -0.25097928
35852.9  1.50000000  0.96807448  0.00429422  0.96808401 -0.25097881
35853.0  1.50000000  0.96807509  0.00419946  0.96808420 -0.25097775
35853.1  1.50000000  0.96807556  0.00414880  0.96808445 -0.25097633
35853.2  1.50000000  0.96807583  0.00414987  0.96808472 -0.25097484
35853.3  1.50000000  0.96807584  0.00420004  0.96808495 -0.25097356
35853.4  1.50000000  0.96807561  0.00428744  0.96808510 -0.25097274
35853.5  1.50000000  0.96807517  0.00439377  0.96808515 -0.25097249
35853.6  1.50000000  0.96807463  0.00449784  0.96808508 -0.25097285
35853.7  1.50000000  0.96807409  0.00457999  0.96808492 -0.25097372
35853.8  1.50000000  0.96807366  0.00462562  0.96808471 -0.25097491
35853.9  1.50000000  0.96807342  0.00462771  0.96808448 -0.25097617
35854.0  1.50000000  0.96807341  0.00458796  0.96808428 -0.25097726
35854.1  1.50000000  0.96807361  0.00451586  0.96808415 -0.25097799
35854.2  1.50000000  0.96807398  0.00442667  0.96808410 -0.25097823
35854.3  1.50000000  0.96807444  0.00433820  0.96808416 -0.25097796
35854.4  1.50000000  0.96807488  0.00426719  0.96808429 -0.25097725
35854.5  1.50000000  0.96807524  0.00422639  0.96808447 -0.25097626
35854.6  1.50000000  0.96807545  0.00422210  0.96808466 -0.25097520
35854.7  1.50000000  0.96807549  0.00425341  0.96808483 -0.25097426
35854.8  1.50000000  0.96807534  0.00431267  0.96808494 -0.25097362
35854.9  1.50000000  0.96807504  0.00438721  0.96808498 -0.25097339
35855.0  1.50000000  0.96807466  0.00446237  0.96808494 -0.25097359
35855.1  1.50000000  0.96807427  0.00452368  0.96808484 -0.25097416
35855.2  1.50000000  0.96807395  0.00456011  0.96808469 -0.25097498
35855.3  1.50000000  0.96807376  0.00456595  0.96808453 -0.25097588
35855.4  1.50000000  0.96807373  0.00454150  0.96808438 -0.25097669
35855.5  1.50000000  0.96807386  0.00449281  0.96808428 -0.25097725
35855.6  1.50000000  0.96807411  0.00443036  0.96808425 -0.25097747
35855.7  1.50000000  0.96807443  0.00436662  0.96808427 -0.25097733
35855.8  1.50000000  0.96807475  0.00431376  0.96808436 -0.25097686
35855.9  1.50000000  0.96807502  0.00428144  0.96808448 -0.25097618
35856.0  1.50000000  0.96807518  0.00427472  0.96808461 -0.25097542
35856.1  1.50000000  0.96807522  0.00429363  0.96808474 -0.25097473
35856.2  1.50000000  0.96807513  0.00433367  0.96808483 -0.25097424
35856.3  1.50000000  0.96807492  0.00438573  0.96808486 -0.25097404
35856.4  1.50000000  0.96807467  0.00443973  0.96808485 -0.25097413
35856.5  1.50000000  0.96807438  0.00448545  0.96808478 -0.25097451
35856.6  1.50000000  0.96807415  0.00451390  0.96808467 -0.25097508
35856.7  1.50000000  0.96807401  0.00452134  0.96808457 -0.25097571
35856.8  1.50000000  0.96807395  0.00450681  0.96808444 -0.25097631
35856.9  1.50000000  0.96807404  0.00447389  0.96808438 -0.25097673
35857.0  1.50000000  0.96807421  0.00443057  0.96808435 -0.25097692
35857.1  1.50000000  0.96807441  0.00438452  0.96808434 -0.25097687
35857.2  1.50000000  0.96807467  0.00434525  0.96808442 -0.25097655
35857.3  1.50000000  0.96807485  0.00432013  0.96808449 -0.25097609
35857.4  1.50000000  0.96807498  0.00431231  0.96808459 -0.25097555
35857.5  1.50000000  0.96807504  0.00432370  0.96808470 -0.25097503
35857.6  1.50000000  0.96807496  0.00435045  0.96808474 -0.25097468
35857.7  1.50000000  0.96807485  0.00438656  0.96808479 -0.25097448
35857.8  1.50000000  0.96807467  0.00442591  0.96808478 -0.25097453
35857.9  1.50000000  0.96807444  0.00445923  0.96808471 -0.25097479
35858.0  1.50000000  0.96807431  0.00448165  0.96808468 -0.25097515
35858.1  1.50000000  0.96807416  0.00448932  0.96808457 -0.25097563
35858.2  1.50000000  0.96807413  0.00448045  0.96808450 -0.25097605
35858.3  1.50000000  0.96807418  0.00445907  0.96808445 -0.25097637
35858.4  1.50000000  0.96807427  0.00442860  0.96808440 -0.25097655
35858.5  1.50000000  0.96807445  0.00439547  0.96808443 -0.25097651
35858.6  1.50000000  0.96807461  0.00436708  0.96808446 -0.25097632
35858.7  1.50000000  0.96807474  0.00434694  0.96808450 -0.25097601
35858.8  1.50000000  0.96807488  0.00433999  0.96808460 -0.25097560
35858.9  1.50000000  0.96807487  0.00434639  0.96808463 -0.25097526
35859.0  1.50000000  0.96807487  0.00436357  0.96808470 -0.25097496
35859.1  1.50000000  0.96807478  0.00438939  0.96808473 -0.25097481
35859.2  1.50000000  0.96807462  0.00441682  0.96808470 -0.25097484
35859.3  1.50000000  0.96807452  0.00444147  0.96808471 -0.25097497
35859.4  1.50000000  0.96807437  0.00445920  0.96808464 -0.25097526
35859.5  1.50000000  0.96807428  0.00446542  0.96808458 -0.25097558
35859.6  1.50000000  0.96807427  0.00446136  0.96808455 -0.25097587
35859.7  1.50000000  0.96807425  0.00444707  0.96808446 -0.25097615
35859.8  1.50000000  0.96807436  0.00442561  0.96808448 -0.25097625
35859.9  1.50000000  0.96807445  0.00440290  0.96808446 -0.25097626
35860.0  1.50000000  0.96807456  0.00438106  0.96808447 -0.25097615
35860.1  1.50000000  0.96807469  0.00436628  0.96808454 -0.25097591
35860.2  1.50000000  0.96807474  0.00435993  0.96808456 -0.25097566
35860.3  1.50000000  0.96807479  0.00436265  0.96808462 -0.25097538
35860.4  1.50000000  0.96807479  0.00437468  0.96808467 -0.25097516
35860.5  1.50000000  0.96807470  0.00439181  0.96808466 -0.25097507
35860.6  1.50000000  0.96807465  0.00441156  0.96808470 -0.25097503
35860.7  1.50000000  0.96807452  0.00442999  0.96808466 -0.25097515
35860.8  1.50000000  0.96807444  0.00444277  0.96808463 -0.25097532
35860.9  1.50000000  0.96807438  0.00444909  0.96808460 -0.25097554
35861.0  1.50000000  0.96807432  0.00444688  0.96808454 -0.25097578
35861.1  1.50000000  0.96807436  0.00443744  0.96808453 -0.25097595
35861.2  1.50000000  0.96807439  0.00442325  0.96808450 -0.25097607
35861.3  1.50000000  0.96807446  0.00440632  0.96808449 -0.25097608
35861.4  1.50000000  0.96807456  0.00439099  0.96808452 -0.25097599
35861.5  1.50000000  0.96807462  0.00437953  0.96808452 -0.25097586
35861.6  1.50000000  0.96807470  0.00437383  0.96808458 -0.25097566
35861.7  1.50000000  0.96807472  0.00437542  0.96808461 -0.25097547
35861.8  1.50000000  0.96807471  0.00438267  0.96808463 -0.25097532
35861.9  1.50000000  0.96807468  0.00439475  0.96808466 -0.25097521
35862.0  1.50000000  0.96807461  0.00440882  0.96808465 -0.25097521
35862.1  1.50000000  0.96807455  0.00442182  0.96808464 -0.25097526
35862.2  1.50000000  0.96807448  0.00443204  0.96808463 -0.25097538
35862.3  1.50000000  0.96807442  0.00443690  0.96808458 -0.25097555
35862.4  1.50000000  0.96807441  0.00443620  0.96808457 -0.25097570
35862.5  1.50000000  0.96807440  0.00443034  0.96808453 -0.25097584
35862.6  1.50000000  0.96807443  0.00442024  0.96808452 -0.25097592
35862.7  1.50000000  0.96807449  0.00440866  0.96808453 -0.25097594
35862.8  1.50000000  0.96807454  0.00439735  0.96808452 -0.25097590
35862.9  1.50000000  0.96807460  0.00438862  0.96808455 -0.25097579
35863.0  1.50000000  0.96807464  0.00438423  0.96808457 -0.25097567
35863.1  1.50000000  0.96807466  0.00438432  0.96808459 -0.25097553
35863.2  1.50000000  0.96807467  0.00438918  0.96808462 -0.25097541
35863.3  1.50000000  0.96807464  0.00439735  0.96808462 -0.25097534
35863.4  1.50000000  0.96807460  0.00440711  0.96808464 -0.25097531
35863.5  1.50000000  0.96807455  0.00441682  0.96808463 -0.25097535
35863.6  1.50000000  0.96807450  0.00442424  0.96808461 -0.25097543
35863.7  1.50000000  0.96807447  0.00442837  0.96808460 -0.25097554
35863.8  1.50000000  0.96807444  0.00442850  0.96808457 -0.25097566
35863.9  1.50000000  0.96807444  0.00442462  0.96808455 -0.25097576
35864.0  1.50000000  0.96807446  0.00441800  0.96808454 -0.25097582
35864.1  1.50000000  0.96807449  0.00440967  0.96808453 -0.25097585
35864.2  1.50000000  0.96807454  0.00440151  0.96808455 -0.25097582
35864.3  1.50000000  0.96807458  0.00439506  0.96808455 -0.25097576
35864.4  1.50000000  0.96807461  0.00439128  0.96808457 -0.25097566
35864.5  1.50000000  0.96807463  0.00439105  0.96808459 -0.25097556
35864.6  1.50000000  0.96807463  0.00439401  0.96808460 -0.25097548
35864.7  1.50000000  0.96807462  0.00439951  0.96808462 -0.25097542
35864.8  1.50000000  0.96807459  0.00440651  0.96808462 -0.25097540
35864.9  1.50000000  0.96807455  0.00441338  0.96808461 -0.25097542
35865.0  1.50000000  0.96807452  0.00441904  0.96808461 -0.25097547
35865.1  1.50000000  0.96807449  0.00442234  0.96808459 -0.25097555
35865.2  1.50000000  0.96807447  0.00442276  0.96808458 -0.25097563
35865.3  1.50000000  0.96807447  0.00442048  0.96808456 -0.25097571
35865.4  1.50000000  0.96807448  0.00441588  0.96808455 -0.25097576
35865.5  1.50000000  0.96807451  0.00441009  0.96808455 -0.25097577
35865.6  1.50000000  0.96807453  0.00440423  0.96808455 -0.25097576
35865.7  1.50000000  0.96807457  0.00439933  0.96808456 -0.25097572
35865.8  1.50000000  0.96807459  0.00439645  0.96808457 -0.25097565
35865.9  1.50000000  0.96807460  0.00439587  0.96808458 -0.25097559
35866.0  1.50000000  0.96807461  0.00439768  0.96808460 -0.25097552
35866.1  1.50000000  0.96807460  0.00440145  0.96808460 -0.25097548
35866.2  1.50000000  0.96807458  0.00440626  0.96808461 -0.25097546
35866.3  1.50000000  0.96807456  0.00441112  0.96808461 -0.25097547
35866.4  1.50000000  0.96807453  0.00441518  0.96808460 -0.25097551
35866.5  1.50000000  0.96807451  0.00441771  0.96808459 -0.25097556
35866.6  1.50000000  0.96807450  0.00441838  0.96808458 -0.25097561
35866.7  1.50000000  0.96807449  0.00441718  0.96808457 -0.25097566
35866.8  1.50000000  0.96807450  0.00441441  0.96808456 -0.25097570
35866.9  1.50000000  0.96807451  0.00441064  0.96808456 -0.25097572
35867.0  1.50000000  0.96807453  0.00440659  0.96808456 -0.25097572
35867.1  1.50000000  0.96807455  0.00440309  0.96808457 -0.25097569
35867.2  1.50000000  0.96807457  0.00440069  0.96808457 -0.25097565
35867.3  1.50000000  0.96807458  0.00439979  0.96808458 -0.25097561
35867.4  1.50000000  0.96807459  0.00440050  0.96808459 -0.25097556
35867.5  1.50000000  0.96807458  0.00440264  0.96808460 -0.25097552
35867.6  1.50000000  0.96807457  0.00440576  0.96808460 -0.25097551
35867.7  1.50000000  0.96807456  0.00440922  0.96808460 -0.25097551
35867.8  1.50000000  0.96807454  0.00441236  0.96808460 -0.25097552
35867.9  1.50000000  0.96807452  0.00441458  0.96808459 -0.25097556
35868.0  1.50000000  0.96807451  0.00441553  0.96808458 -0.25097560
35868.1  1.50000000  0.96807451  0.00441505  0.96808458 -0.25097564
35868.2  1.50000000  0.96807451  0.00441330  0.96808457 -0.25097567
35868.3  1.50000000  0.96807452  0.00441065  0.96808457 -0.25097569
35868.4  1.50000000  0.96807453  0.00440765  0.96808457 -0.25097569
35868.5  1.50000000  0.96807455  0.00440486  0.96808457 -0.25097567
35868.6  1.50000000  0.96807456  0.00440281  0.96808457 -0.25097565
35868.7  1.50000000  0.96807457  0.00440187  0.96808458 -0.25097561
35868.8  1.50000000  0.96807458  0.00440215  0.96808459 -0.25097558
35868.9  1.50000000  0.96807458  0.00440357  0.96808459 -0.25097555
35869.0  1.50000000  0.96807457  0.00440585  0.96808460 -0.25097553
35869.1  1.50000000  0.96807456  0.00440851  0.96808460 -0.25097553
35869.2  1.50000000  0.96807454  0.00441100  0.96808459 -0.25097554
35869.3  1.50000000  0.96807453  0.00441283  0.96808459 -0.25097556
35869.4  1.50000000  0.96807452  0.00441367  0.96808458 -0.25097560
35869.5  1.50000000  0.96807452  0.00441341  0.96808458 -0.25097563
35869.6  1.50000000  0.96807452  0.00441216  0.96808457 -0.25097565
35869.7  1.50000000  0.96807453  0.00441020  0.96808457 -0.25097567
35869.8  1.50000000  0.96807454  0.00440795  0.96808457 -0.25097567
35869.9  1.50000000  0.96807455  0.00440583  0.96808457 -0.25097566
35870.0  1.50000000  0.96807456  0.00440427  0.96808458 -0.25097564
35870.1  1.50000000  0.96807457  0.00440354  0.96808458 -0.25097561
35870.2  1.50000000  0.96807457  0.00440375  0.96808459 -0.25097558
35870.3  1.50000000  0.96807457  0.00440482  0.96808459 -0.25097556
35870.4  1.50000000  0.96807456  0.00440650  0.96808459 -0.25097555
35870.5  1.50000000  0.96807455  0.00440845  0.96808459 -0.25097555
35870.6  1.50000000  0.96807454  0.00441028  0.96808459 -0.25097556
35870.7  1.50000000  0.96807453  0.00441162  0.96808459 -0.25097558
35870.8  1.50000000  0.96807453  0.00441224  0.96808458 -0.25097560
35870.9  1.50000000  0.96807452  0.00441205  0.96808458 -0.25097562
35871.0  1.50000000  0.96807453  0.00441112  0.96808458 -0.25097564
35871.1  1.50000000  0.96807453  0.00440968  0.96808457 -0.25097565
35871.2  1.50000000  0.96807454  0.00440800  0.96808457 -0.25097565
35871.3  1.50000000  0.96807455  0.00440644  0.96808457 -0.25097564
35871.4  1.50000000  0.96807455  0.00440529  0.96808458 -0.25097563
35871.5  1.50000000  0.96807456  0.00440479  0.96808458 -0.25097561
35871.6  1.50000000  0.96807456  0.00440498  0.96808458 -0.25097559
35871.7  1.50000000  0.96807456  0.00440574  0.96808458 -0.25097558
35871.8  1.50000000  0.96807456  0.00440692  0.96808459 -0.25097556
35871.9  1.50000000  0.96807455  0.00440838  0.96808459 -0.25097556
35872.0  1.50000000  0.96807454  0.00440968  0.96808459 -0.25097557
35872.1  1.50000000  0.96807454  0.00441060  0.96808459 -0.25097558
35872.2  1.50000000  0.96807454  0.00441111  0.96808458 -0.25097560
35872.3  1.50000000  0.96807453  0.00441104  0.96808458 -0.25097562
35872.4  1.50000000  0.96807453  0.00441040  0.96808458 -0.25097563
35872.5  1.50000000  0.96807454  0.00440945  0.96808458 -0.25097564
35872.6  1.50000000  0.96807454  0.00440829  0.96808458 -0.25097564
35872.7  1.50000000  0.96807454  0.00440726  0.96808458 -0.25097563
35872.8  1.50000000  0.96807455  0.00440653  0.96808458 -0.25097562
35872.9  1.50000000  0.96807455  0.00440618  0.96808458 -0.25097561
35873.0  1.50000000  0.96807456  0.00440614  0.96808458 -0.25097560
35873.1  1.50000000  0.96807456  0.00440646  0.96808458 -0.25097559
35873.2  1.50000000  0.96807455  0.00440708  0.96808459 -0.25097558
35873.3  1.50000000  0.96807455  0.00440787  0.96808459 -0.25097558
35873.4  1.50000000  0.96807455  0.00440872  0.96808459 -0.25097558
35873.5  1.50000000  0.96807454  0.00440945  0.96808458 -0.25097559
35873.6  1.50000000  0.96807454  0.00440992  0.96808458 -0.25097560
35873.7  1.50000000  0.96807454  0.00441006  0.96808458 -0.25097561
35873.8  1.50000000  0.96807454  0.00440985  0.96808458 -0.25097561
35873.9  1.50000000  0.96807454  0.00440938  0.96808458 -0.25097562
35874.0  1.50000000  0.96807454  0.00440871  0.96808458 -0.25097563
35874.1  1.50000000  0.96807454  0.00440798  0.96808458 -0.25097563
35874.2  1.50000000  0.96807455  0.00440730  0.96808458 -0.25097562
35874.3  1.50000000  0.96807455  0.00440683  0.96808458 -0.25097561
35874.4  1.50000000  0.96807455  0.00440658  0.96808458 -0.25097561
35874.5  1.50000000  0.96807455  0.00440661  0.96808458 -0.25097560
35874.6  1.50000000  0.96807455  0.00440695  0.96808458 -0.25097559
35874.7  1.50000000  0.96807455  0.00440753  0.96808459 -0.25097558
35874.8  1.50000000  0.96807455  0.00440823  0.96808459 -0.25097558
35874.9  1.50000000  0.96807455  0.00440892  0.96808459 -0.25097559
35875.0  1.50000000  0.96807454  0.00440948  0.96808458 -0.25097559
35875.1  1.50000000  0.96807454  0.00440978  0.96808458 -0.25097560
35875.2  1.50000000  0.96807454  0.00440979  0.96808458 -0.25097561
35875.3  1.50000000  0.96807454  0.00440950  0.96808458 -0.25097562
35875.4  1.50000000  0.96807454  0.00440897  0.96808458 -0.25097562
35875.5  1.50000000  0.96807454  0.00440831  0.96808458 -0.25097562
35875.6  1.50000000  0.96807454  0.00440762  0.96808458 -0.25097562
35875.7  1.50000000  0.96807455  0.00440705  0.96808458 -0.25097562
35875.8  1.50000000  0.96807455  0.00440669  0.96808458 -0.25097561
35875.9  1.50000000  0.96807455  0.00440661  0.96808458 -0.25097560
35876.0  1.50000000  0.96807455  0.00440683  0.96808458 -0.25097559
35876.1  1.50000000  0.96807455  0.00440730  0.96808459 -0.25097559
35876.2  1.50000000  0.96807455  0.00440793  0.96808459 -0.25097558
35876.3  1.50000000  0.96807455  0.00440862  0.96808459 -0.25097558
35876.4  1.50000000  0.96807454  0.00440923  0.96808458 -0.25097559
35876.5  1.50000000  0.96807454  0.00440965  0.96808458 -0.25097560
35876.6  1.50000000  0.96807454  0.00440981  0.96808458 -0.25097560
35876.7  1.50000000  0.96807454  0.00440967  0.96808458 -0.25097561
35876.8  1.50000000  0.96807454  0.00440926  0.96808458 -0.25097562
35876.9  1.50000000  0.96807454  0.00440866  0.96808458 -0.25097562
35877.0  1.50000000  0.96807454  0.00440798  0.96808458 -0.25097562
35877.1  1.50000000  0.96807455  0.00440734  0.96808458 -0.25097562
35877.2  1.50000000  0.96807455  0.00440687  0.96808458 -0.25097561
35877.3  1.50000000  0.96807455  0.00440666  0.96808458 -0.25097560
35877.4  1.50000000  0.96807455  0.00440673  0.96808458 -0.25097560
35877.5  1.50000000  0.96807455  0.00440709  0.96808458 -0.25097559
35877.6  1.50000000  0.96807455  0.00440766  0.96808459 -0.25097558
35877.7  1.50000000  0.96807455  0.00440833  0.96808459 -0.25097558
35877.8  1.50000000  0.96807454  0.00440897  0.96808458 -0.25097559
35877.9  1.50000000  0.96807454  0.00440946  0.96808458 -0.25097559
35878.0  1.50000000  0.96807454  0.00440971  0.96808458 -0.25097560
35878.1  1.50000000  0.96807454  0.00440968  0.96808458 -0.25097561
35878.2  1.50000000  0.96807454  0.00440937  0.96808458 -0.25097562
35878.3  1.50000000  0.96807454  0.00440885  0.96808458 -0.25097562
35878.4  1.50000000  0.96807454  0.00440821  0.96808458 -0.25097562
35878.5  1.50000000  0.96807455  0.00440758  0.96808458 -0.25097562
35878.6  1.50000000  0.96807455  0.00440706  0.96808458 -0.25097562
35878.7  1.50000000  0.96807455  0.00440677  0.96808458 -0.25097561
35878.8  1.50000000  0.96807455  0.00440672  0.96808458 -0.25097560
35878.9  1.50000000  0.96807455  0.00440696  0.96808458 -0.25097559
35879.0  1.50000000  0.96807455  0.00440743  0.96808458 -0.25097559
35879.1  1.50000000  0.96807455  0.00440804  0.96808459 -0.25097558
35879.2  1.50000000  0.96807455  0.00440869  0.96808459 -0.25097559
35879.3  1.50000000  0.96807454  0.00440924  0.96808458 -0.25097559
35879.4  1.50000000  0.96807454  0.00440959  0.96808458 -0.25097560
35879.5  1.50000000  0.96807454  0.00440967  0.96808458 -0.25097561
35879.6  1.50000000  0.96807454  0.00440949  0.96808458 -0.25097561
35879.7  1.50000000  0.96807454  0.00440908  0.96808458 -0.25097562
35879.8  1.50000000  0.96807454  0.00440850  0.96808458 -0.25097562
35879.9  1.50000000  0.96807454  0.00440788  0.96808458 -0.25097562
35880.0  1.50000000  0.96807455  0.00440732  0.96808458 -0.25097562
35880.1  1.50000000  0.96807455  0.00440691  0.96808458 -0.25097561
35880.2  1.50000000  0.96807455  0.00440676  0.96808458 -0.25097560
35880.3  1.50000000  0.96807455  0.00440687  0.96808458 -0.25097560
35880.4  1.50000000  0.96807455  0.00440722  0.96808458 -0.25097559
35880.5  1.50000000  0.96807455  0.00440776  0.96808459 -0.25097559
35880.6  1.50000000  0.96807455  0.00440837  0.96808459 -0.25097559
35880.7  1.50000000  0.96807454  0.00440895  0.96808458 -0.25097559
35880.8  1.50000000  0.96807454  0.00440940  0.96808458 -0.25097559
35880.9  1.50000000  0.96807454  0.00440963  0.96808458 -0.25097560
35881.0  1.50000000  0.96807454  0.00440960  0.96808458 -0.25097561
35881.1  1.50000000  0.96807454  0.00440932  0.96808458 -0.25097562
35881.2  1.50000000  0.96807454  0.00440883  0.96808458 -0.25097562
35881.3  1.50000000  0.96807454  0.00440823  0.96808458 -0.25097562
35881.4  1.50000000  0.96807454  0.00440763  0.96808458 -0.25097562
35881.5  1.50000000  0.96807455  0.00440714  0.96808458 -0.25097561
35881.6  1.50000000  0.96807455  0.00440685  0.96808458 -0.25097561
35881.7  1.50000000  0.96807455  0.00440680  0.96808458 -0.25097560
35881.8  1.50000000  0.96807455  0.00440702  0.96808458 -0.25097559
35881.9  1.50000000  0.96807455  0.00440745  0.96808458 -0.25097559
35882.0  1.50000000  0.96807455  0.00440803  0.96808459 -0.25097559
35882.1  1.50000000  0.96807455  0.00440863  0.96808459 -0.25097559
35882.2  1.50000000  0.96807454  0.00440914  0.96808458 -0.25097559
35882.3  1.50000000  0.96807454  0.00440946  0.96808458 -0.25097560
35882.4  1.50000000  0.96807454  0.00440955  0.96808458 -0.25097561
35882.5  1.50000000  0.96807454  0.00440939  0.96808458 -0.25097561
35882.6  1.50000000  0.96807454  0.00440902  0.96808458 -0.25097562
35882.7  1.50000000  0.96807454  0.00440850  0.96808458 -0.25097562
35882.8  1.50000000  0.96807454  0.00440794  0.96808458 -0.25097562
35882.9  1.50000000  0.96807455  0.00440745  0.96808458 -0.25097562
35883.0  1.50000000  0.96807455  0.00440711  0.96808458 -0.25097561
35883.1  1.50000000  0.96807455  0.00440698  0.96808458 -0.25097560
35883.2  1.50000000  0.96807455  0.00440708  0.96808458 -0.25097560
35883.3  1.50000000  0.96807455  0.00440738  0.96808458 -0.25097559
35883.4  1.50000000  0.96807455  0.00440783  0.96808458 -0.25097559
35883.5  1.50000000  0.96807455  0.00440834  0.96808458 -0.25097559
35883.6  1.50000000  0.96807454  0.00440881  0.96808458 -0.25097559
35883.7  1.50000000  0.96807454  0.00440917  0.96808458 -0.25097560
35883.8  1.50000000  0.96807454  0.00440934  0.96808458 -0.25097560
35883.9  1.50000000  0.96807454  0.00440930  0.96808458 -0.25097561
35884.0  1.50000000  0.96807454  0.00440907  0.96808458 -0.25097561
35884.1  1.50000000  0.96807454  0.00440869  0.96808458 -0.25097562
35884.2  1.50000000  0.96807454  0.00440824  0.96808458 -0.25097562
35884.3  1.50000000  0.96807455  0.00440779  0.96808458 -0.25097562
35884.4  1.50000000  0.96807455  0.00440743  0.96808458 -0.25097561
35884.5  1.50000000  0.96807455  0.00440721  0.96808458 -0.25097561
35884.6  1.50000000  0.96807455  0.00440718  0.96808458 -0.25097560
35884.7  1.50000000  0.96807455  0.00440733  0.96808458 -0.25097560
35884.8  1.50000000  0.96807455  0.00440763  0.96808458 -0.25097559
35884.9  1.50000000  0.96807455  0.00440802  0.96808458 -0.25097559
35885.0  1.50000000  0.96807455  0.00440845  0.96808458 -0.25097559
35885.1  1.50000000  0.96807454  0.00440882  0.96808458 -0.25097559
35885.2  1.50000000  0.96807454  0.00440907  0.96808458 -0.25097560
35885.3  1.50000000  0.96807454  0.00440916  0.96808458 -0.25097560
35885.4  1.50000000  0.96807454  0.00440907  0.96808458 -0.25097561
35885.5  1.50000000  0.96807454  0.00440883  0.96808458 -0.25097561
35885.6  1.50000000  0.96807454  0.00440846  0.96808458 -0.25097562
35885.7  1.50000000  0.96807454  0.00440806  0.96808458 -0.25097562
35885.8  1.50000000  0.96807455  0.00440768  0.96808458 -0.25097561
35885.9  1.50000000  0.96807455  0.00440742  0.96808458 -0.25097561
35886.0  1.50000000  0.96807455  0.00440730  0.96808458 -0.25097560
35886.1  1.50000000  0.96807455  0.00440737  0.96808458 -0.25097560
35886.2  1.50000000  0.96807455  0.00440761  0.96808458 -0.25097559
35886.3  1.50000000  0.96807455  0.00440795  0.96808458 -0.25097559
35886.4  1.50000000  0.96807455  0.00440834  0.96808458 -0.25097559
35886.5  1.50000000  0.96807454  0.00440871  0.96808458 -0.25097559
35886.6  1.50000000  0.96807454  0.00440899  0.96808458 -0.25097560
35886.7  1.50000000  0.96807454  0.00440911  0.96808458 -0.25097560
35886.8  1.50000000  0.96807454  0.00440907  0.96808458 -0.25097561
35886.9  1.50000000  0.96807454  0.00440889  0.96808458 -0.25097561
35887.0  1.50000000  0.96807454  0.00440859  0.96808458 -0.25097561
35887.1  1.50000000  0.96807454  0.00440822  0.96808458 -0.25097561
35887.2  1.50000000  0.96807455  0.00440785  0.96808458 -0.25097561
35887.3  1.50000000  0.96807455  0.00440755  0.96808458 -0.25097561
35887.4  1.50000000  0.96807455  0.00440737  0.96808458 -0.25097561
35887.5  1.50000000  0.96807455  0.00440733  0.96808458 -0.25097560
35887.6  1.50000000  0.96807455  0.00440746  0.96808458 -0.25097560
35887.7  1.50000000  0.96807455  0.00440771  0.96808458 -0.25097559
35887.8  1.50000000  0.96807455  0.00440804  0.96808458 -0.25097559
35887.9  1.50000000  0.96807455  0.00440841  0.96808458 -0.25097559
35888.0  1.50000000  0.96807454  0.00440874  0.96808458 -0.25097560
35888.1  1.50000000  0.96807454  0.00440897  0.96808458 -0.25097560
35888.2  1.50000000  0.96807454  0.00440907  0.96808458 -0.25097560
35888.3  1.50000000  0.96807454  0.00440902  0.96808458 -0.25097561
35888.4  1.50000000  0.96807454  0.00440883  0.96808458 -0.25097561
35888.5  1.50000000  0.96807454  0.00440854  0.96808458 -0.25097561
35888.6  1.50000000  0.96807454  0.00440818  0.96808458 -0.25097561
35888.7  1.50000000  0.96807455  0.00440784  0.96808458 -0.25097561
35888.8  1.50000000  0.96807455  0.00440756  0.96808458 -0.25097561
35888.9  1.50000000  0.96807455  0.00440739  0.96808458 -0.25097561
35889.0  1.50000000  0.96807455  0.00440738  0.96808458 -0.25097560
35889.1  1.50000000  0.96807455  0.00440750  0.96808458 -0.25097560
35889.2  1.50000000  0.96807455  0.00440775  0.96808458 -0.25097559
35889.3  1.50000000  0.96807455  0.00440808  0.96808458 -0.25097559
35889.4  1.50000000  0.96807455  0.00440843  0.96808458 -0.25097559
35889.5  1.50000000  0.96807454  0.00440874  0.96808458 -0.25097560
35889.6  1.50000000  0.96807454  0.00440897  0.96808458 -0.25097560
35889.7  1.50000000  0.96807454  0.00440905  0.96808458 -0.25097560
35889.8  1.50000000  0.96807454  0.00440899  0.96808458 -0.25097561
35889.9  1.50000000  0.96807454  0.00440880  0.96808458 -0.25097561
35890.0  1.50000000  0.96807454  0.00440850  0.96808458 -0.25097561
35890.1  1.50000000  0.96807454  0.00440815  0.96808458 -0.25097561
35890.2  1.50000000  0.96807455  0.00440781  0.96808458 -0.25097561
35890.3  1.50000000  0.96807455  0.00440755  0.96808458 -0.25097561
35890.4  1.50000000  0.96807455  0.00440739  0.96808458 -0.25097561
35890.5  1.50000000  0.96807455  0.00440739  0.96808458 -0.25097560
35890.6  1.50000000  0.96807455  0.00440753  0.96808458 -0.25097560
35890.7  1.50000000  0.96807455  0.00440779  0.96808458 -0.25097559
35890.8  1.50000000  0.96807455  0.00440813  0.96808458 -0.25097559
35890.9  1.50000000  0.96807455  0.00440847  0.96808458 -0.25097559
35891.0  1.50000000  0.96807454  0.00440877  0.96808458 -0.25097560
35891.1  1.50000000  0.96807454  0.00440897  0.96808458 -0.25097560
35891.2  1.50000000  0.96807454  0.00440904  0.96808458 -0.25097560
35891.3  1.50000000  0.96807454  0.00440896  0.96808458 -0.25097561
35891.4  1.50000000  0.96807454  0.00440874  0.96808458 -0.25097561
35891.5  1.50000000  0.96807454  0.00440844  0.96808458 -0.25097561
35891.6  1.50000000  0.96807454  0.00440809  0.96808458 -0.25097561
35891.7  1.50000000  0.96807455  0.00440777  0.96808458 -0.25097561
35891.8  1.50000000  0.96807455  0.00440753  0.96808458 -0.25097561
35891.9  1.50000000  0.96807455  0.00440742  0.96808458 -0.25097560
35892.0  1.50000000  0.96807455  0.00440743  0.96808458 -0.25097560
35892.1  1.50000000  0.96807455  0.00440759  0.96808458 -0.25097560
35892.2  1.50000000  0.96807455  0.00440786  0.96808458 -0.25097559
35892.3  1.50000000  0.96807455  0.00440818  0.96808458 -0.25097559
35892.4  1.50000000  0.96807455  0.00440851  0.96808458 -0.25097559
35892.5  1.50000000  0.96807454  0.00440878  0.96808458 -0.25097560
35892.6  1.50000000  0.96807454  0.00440896  0.96808458 -0.25097560
35892.7  1.50000000  0.96807454  0.00440899  0.96808458 -0.25097561
35892.8  1.50000000  0.96807454  0.00440890  0.96808458 -0.25097561
35892.9  1.50000000  0.96807454  0.00440868  0.96808458 -0.25097561
35893.0  1.50000000  0.96807454  0.00440838  0.96808458 -0.25097561
35893.1  1.50000000  0.96807454  0.00440806  0.96808458 -0.25097561
35893.2  1.50000000  0.96807455  0.00440777  0.96808458 -0.25097561
35893.3  1.50000000  0.96807455  0.00440755  0.96808458 -0.25097561
35893.4  1.50000000  0.96807455  0.00440745  0.96808458 -0.25097560
35893.5  1.50000000  0.96807455  0.00440749  0.96808458 -0.25097560
35893.6  1.50000000  0.96807455  0.00440764  0.96808458 -0.25097560
35893.7  1.50000000  0.96807455  0.00440790  0.96808458 -0.25097559
35893.8  1.50000000  0.96807455  0.00440821  0.96808458 -0.25097559
35893.9  1.50000000  0.96807455  0.00440852  0.96808458 -0.25097560
35894.0  1.50000000  0.96807454  0.00440877  0.96808458 -0.25097560
35894.1  1.50000000  0.96807454  0.00440893  0.96808458 -0.25097560
35894.2  1.50000000  0.96807454  0.00440896  0.96808458 -0.25097561
35894.3  1.50000000  0.96807454  0.00440886  0.96808458 -0.25097561
35894.4  1.50000000  0.96807454  0.00440865  0.96808458 -0.25097561
35894.5  1.50000000  0.96807454  0.00440836  0.96808458 -0.25097561
35894.6  1.50000000  0.96807454  0.00440805  0.96808458 -0.25097561
35894.7  1.50000000  0.96807455  0.00440776  0.96808458 -0.25097561
35894.8  1.50000000  0.96807455  0.00440756  0.96808458 -0.25097561
35894.9  1.50000000  0.96807455  0.00440746  0.96808458 -0.25097560
35895.0  1.50000000  0.96807455  0.00440750  0.96808458 -0.25097560
35895.1  1.50000000  0.96807455  0.00440767  0.96808458 -0.25097560
35895.2  1.50000000  0.96807455  0.00440792  0.96808458 -0.25097559
35895.3  1.50000000  0.96807455  0.00440824  0.96808458 -0.25097559
35895.4  1.50000000  0.96807455  0.00440854  0.96808458 -0.25097560
35895.5  1.50000000  0.96807454  0.00440879  0.96808458 -0.25097560
35895.6  1.50000000  0.96807454  0.00440894  0.96808458 -0.25097560
35895.7  1.50000000  0.96807454  0.00440896  0.96808458 -0.25097561
35895.8  1.50000000  0.96807454  0.00440885  0.96808458 -0.25097561
35895.9  1.50000000  0.96807454  0.00440861  0.96808458 -0.25097561
35896.0  1.50000000  0.96807454  0.00440830  0.96808458 -0.25097561
35896.1  1.50000000  0.96807454  0.00440796  0.96808458 -0.25097561
35896.2  1.50000000  0.96807455  0.00440765  0.96808458 -0.25097561
35896.3  1.50000000  0.96807455  0.00440743  0.96808458 -0.25097561
35896.4  1.50000000  0.96807455  0.00440735  0.96808458 -0.25097560
35896.5  1.50000000  0.96807455  0.00440742  0.96808458 -0.25097560
35896.6  1.50000000  0.96807455  0.00440764  0.96808458 -0.25097559
35896.7  1.50000000  0.96807455  0.00440798  0.96808458 -0.25097559
35896.8  1.50000000  0.96807455  0.00440837  0.96808458 -0.25097559
35896.9  1.50000000  0.96807455  0.00440874  0.96808458 -0.25097559
35897.0  1.50000000  0.96807454  0.00440901  0.96808458 -0.25097560
35897.1  1.50000000  0.96807454  0.00440912  0.96808458 -0.25097560
35897.2  1.50000000  0.96807454  0.00440906  0.96808458 -0.25097561
35897.3  1.50000000  0.96807454  0.00440885  0.96808458 -0.25097561
35897.4  1.50000000  0.96807454  0.00440852  0.96808458 -0.25097561
35897.5  1.50000000  0.96807454  0.00440814  0.96808458 -0.25097561
35897.6  1.50000000  0.96807455  0.00440779  0.96808458 -0.25097561
35897.7  1.50000000  0.96807455  0.00440753  0.96808458 -0.25097561
35897.8  1.50000000  0.96807455  0.00440740  0.96808458 -0.25097560
35897.9  1.50000000  0.96807455  0.00440742  0.96808458 -0.25097560
35898.0  1.50000000  0.96807455  0.00440759  0.96808458 -0.25097560
35898.1  1.50000000  0.96807455  0.00440786  0.96808458 -0.25097559
35898.2  1.50000000  0.96807455  0.00440819  0.96808458 -0.25097559
35898.3  1.50000000  0.96807454  0.00440851  0.96808458 -0.25097560
35898.4  1.50000000  0.96807454  0.00440877  0.96808458 -0.25097560
35898.5  1.50000000  0.96807454  0.00440892  0.96808458 -0.25097560
35898.6  1.50000000  0.96807454  0.00440894  0.96808458 -0.25097561
35898.7  1.50000000  0.96807454  0.00440883  0.96808458 -0.25097561
35898.8  1.50000000  0.96807454  0.00440862  0.96808458 -0.25097561
35898.9  1.50000000  0.96807454  0.00440833  0.96808458 -0.25097561
35899.0  1.50000000  0.96807455  0.00440803  0.96808458 -0.25097561
35899.1  1.50000000  0.96807455  0.00440776  0.96808458 -0.25097561
35899.2  1.50000000  0.96807455  0.00440758  0.96808458 -0.25097561
35899.3  1.50000000  0.96807455  0.00440751  0.96808458 -0.25097560
35899.4  1.50000000  0.96807455  0.00440757  0.96808458 -0.25097560
35899.5  1.50000000  0.96807455  0.00440775  0.96808458 -0.25097560
35899.6  1.50000000  0.96807455  0.00440801  0.96808458 -0.25097560
35899.7  1.50000000  0.96807455  0.00440831  0.96808458 -0.25097559
35899.8  1.50000000  0.96807455  0.00440859  0.96808458 -0.25097560
35899.9  1.50000000  0.96807454  0.00440880  0.96808458 -0.25097560
35900.0  1.50000000  0.96807454  0.00440890  0.96808458 -0.25097560
35900.1  1.50000000  0.96807454  0.00440888  0.96808458 -0.25097561
35900.2  1.50000000  0.96807454  0.00440872  0.96808458 -0.25097561
35900.3  1.50000000  0.96807454  0.00440847  0.96808458 -0.25097561
35900.4  1.50000000  0.96807454  0.00440818  0.96808458 -0.25097561
35900.5  1.50000000  0.96807454  0.00440790  0.96808458 -0.25097561
35900.6  1.50000000  0.96807455  0.00440769  0.96808458 -0.25097561
35900.7  1.50000000  0.96807455  0.00440759  0.96808458 -0.25097561
35900.8  1.50000000  0.96807455  0.00440760  0.96808458 -0.25097560
35900.9  1.50000000  0.96807455  0.00440771  0.96808458 -0.25097560
35901.0  1.50000000  0.96807455  0.00440791  0.96808458 -0.25097560
35901.1  1.50000000  0.96807455  0.00440815  0.96808458 -0.25097560
35901.2  1.50000000  0.96807455  0.00440840  0.96808458 -0.25097560
35901.3  1.50000000  0.96807454  0.00440860  0.96808458 -0.25097560
35901.4  1.50000000  0.96807454  0.00440873  0.96808458 -0.25097560
35901.5  1.50000000  0.96807454  0.00440876  0.96808458 -0.25097560
35901.6  1.50000000  0.96807454  0.00440868  0.96808458 -0.25097561
35901.7  1.50000000  0.96807454  0.00440851  0.96808458 -0.25097561
35901.8  1.50000000  0.96807454  0.00440830  0.96808458 -0.25097561
35901.9  1.50000000  0.96807454  0.00440808  0.96808458 -0.25097561
35902.0  1.50000000  0.96807455  0.00440790  0.96808458 -0.25097561
35902.1  1.50000000  0.96807455  0.00440778  0.96808458 -0.25097561
35902.2  1.50000000  0.96807455  0.00440774  0.96808458 -0.25097560
35902.3  1.50000000  0.96807455  0.00440779  0.96808458 -0.25097560
35902.4  1.50000000  0.96807455  0.00440791  0.96808458 -0.25097560
35902.5  1.50000000  0.96807455  0.00440808  0.96808458 -0.25097560
35902.6  1.50000000  0.96807455  0.00440826  0.96808458 -0.25097560
35902.7  1.50000000  0.96807454  0.00440843  0.96808458 -0.25097560
35902.8  1.50000000  0.96807454  0.00440856  0.96808458 -0.25097560
35902.9  1.50000000  0.96807454  0.00440862  0.96808458 -0.25097560
35903.0  1.50000000  0.96807454  0.00440861  0.96808458 -0.25097561
35903.1  1.50000000  0.96807454  0.00440853  0.96808458 -0.25097561
35903.2  1.50000000  0.96807454  0.00440840  0.96808458 -0.25097561
35903.3  1.50000000  0.96807455  0.00440824  0.96808458 -0.25097561
35903.4  1.50000000  0.96807455  0.00440808  0.96808458 -0.25097561
35903.5  1.50000000  0.96807455  0.00440794  0.96808458 -0.25097561
35903.6  1.50000000  0.96807455  0.00440785  0.96808458 -0.25097561
35903.7  1.50000000  0.96807455  0.00440783  0.96808458 -0.25097560
35903.8  1.50000000  0.96807455  0.00440788  0.96808458 -0.25097560
35903.9  1.50000000  0.96807455  0.00440798  0.96808458 -0.25097560
35904.0  1.50000000  0.96807455  0.00440812  0.96808458 -0.25097560
35904.1  1.50000000  0.96807455  0.00440828  0.96808458 -0.25097560
35904.2  1.50000000  0.96807455  0.00440843  0.96808458 -0.25097560
35904.3  1.50000000  0.96807454  0.00440854  0.96808458 -0.25097560
35904.4  1.50000000  0.96807454  0.00440859  0.96808458 -0.25097560
35904.5  1.50000000  0.96807454  0.00440857  0.96808458 -0.25097561
35904.6  1.50000000  0.96807454  0.00440848  0.96808458 -0.25097561
35904.7  1.50000000  0.96807454  0.00440835  0.96808458 -0.25097561
35904.8  1.50000000  0.96807454  0.00440820  0.96808458 -0.25097561
35904.9  1.50000000  0.96807454  0.00440806  0.96808458 -0.25097561
35905.0  1.50000000  0.96807455  0.00440794  0.96808458 -0.25097561
35905.1  1.50000000  0.96807455  0.00440788  0.96808458 -0.25097560
35905.2  1.50000000  0.96807455  0.00440788  0.96808458 -0.25097560
35905.3  1.50000000  0.96807455  0.00440793  0.96808458 -0.25097560
35905.4  1.50000000  0.96807455  0.00440802  0.96808458 -0.25097560
35905.5  1.50000000  0.96807455  0.00440814  0.96808458 -0.25097560
35905.6  1.50000000  0.96807455  0.00440827  0.96808458 -0.25097560
35905.7  1.50000000  0.96807455  0.00440838  0.96808458 -0.25097560
35905.8  1.50000000  0.96807454  0.00440846  0.96808458 -0.25097560
35905.9  1.50000000  0.96807454  0.00440849  0.96808458 -0.25097560
35906.0  1.50000000  0.96807454  0.00440848  0.96808458 -0.25097560
35906.1  1.50000000  0.96807454  0.00440843  0.96808458 -0.25097561
35906.2  1.50000000  0.96807454  0.00440834  0.96808458 -0.25097561
35906.3  1.50000000  0.96807454  0.00440824  0.96808458 -0.25097561
35906.4  1.50000000  0.96807454  0.00440814  0.96808458 -0.25097561
35906.5  1.50000000  0.96807455  0.00440806  0.96808458 -0.25097561
35906.6  1.50000000  0.96807455  0.00440801  0.96808458 -0.25097560
35906.7  1.50000000  0.96807455  0.00440800  0.96808458 -0.25097560
35906.8  1.50000000  0.96807455  0.00440801  0.96808458 -0.25097560
35906.9  1.50000000  0.96807455  0.00440806  0.96808458 -0.25097560
35907.0  1.50000000  0.96807455  0.00440812  0.96808458 -0.25097560
35907.1  1.50000000  0.96807455  0.00440819  0.96808458 -0.25097560
35907.2  1.50000000  0.96807455  0.00440825  0.96808458 -0.25097560
35907.3  1.50000000  0.96807455  0.00440831  0.96808458 -0.25097560
35907.4  1.50000000  0.96807454  0.00440834  0.96808458 -0.25097560
35907.5  1.50000000  0.96807454  0.00440835  0.96808458 -0.25097560
35907.6  1.50000000  0.96807454  0.00440834  0.96808458 -0.25097560
35907.7  1.50000000  0.96807454  0.00440833  0.96808458 -0.25097560
35907.8  1.50000000  0.96807454  0.00440828  0.96808458 -0.25097560
35907.9  1.50000000  0.96807455  0.00440824  0.96808458 -0.25097560
35908.0  1.50000000  0.96807455  0.00440820  0.96808458 -0.25097560
35908.1  1.50000000  0.96807455  0.00440818  0.96808458 -0.25097560
35908.2  1.50000000  0.96807455  0.00440817  0.96808458 -0.25097560
35908.3  1.50000000  0.96807455  0.00440817  0.96808458 -0.25097560
35908.4  1.50000000  0.96807455  0.00440817  0.96808458 -0.25097560
35908.5  1.50000000  0.96807455  0.00440818  0.96808458 -0.25097560
35908.6  1.50000000  0.96807455  0.00440818  0.96808458 -0.25097560
35908.7  1.50000000  0.96807455  0.00440819  0.96808458 -0.25097560
35908.8  1.50000000  0.96807455  0.00440820  0.96808458 -0.25097560
35908.9  1.50000000  0.96807455  0.00440821  0.96808458 -0.25097560
35909.0  1.50000000  0.96807455  0.00440821  0.96808458 -0.25097560
35909.1  1.50000000  0.96807455  0.00440822  0.96808458 -0.25097560
35909.2  1.50000000  0.96807455  0.00440822  0.96808458 -0.25097560
35909.3  1.50000000  0.96807455  0.00440822  0.96808458 -0.25097560
35909.4  1.50000000  0.96807455  0.00440822  0.96808458 -0.25097560
35909.5  1.50000000  0.96807455  0.00440822  0.96808458 -0.25097560
35909.6  1.50000000  0.96807455  0.00440822  0.96808458 -0.25097560
35909.7  1.50000000  0.96807455  0.00440822  0.96808458 -0.25097560
35909.8  1.50000000  0.96807455  0.00440822  0.96808458 -0.25097560
35909.9  1.50000000  0.96807455  0.00440821  0.96808458 -0.25097560
35910.0  1.50000000  0.96807455  0.00440821  0.96808458 -0.25097560
35910.1  1.50000000  0.96807455  0.00440821  0.96808458 -0.25097560
35910.2  1.50000000  0.96807455  0.00440821  0.96808458 -0.25097560
35910.3  1.50000000  0.96807455  0.00440821  0.96808458 -0.25097560
35910.4  1.50000000  0.96807455  0.00440821  0.96808458 -0.25097560
35910.5  1.50000000  0.96807455  0.00440821  0.96808458 -0.25097560
35910.6  1.50000000  0.96807455  0.00440821  0.96808458 -0.25097560
35910.7  1.50000000  0.96807455  0.00440821  0.96808458 -0.25097560
35910.8  1.50000000  0.96807455  0.00440821  0.96808458 -0.25097560
35910.9  1.50000000  0.96807455  0.00440821  0.96808458 -0.25097560
35911.0  1.50000000  0.96807455  0.00440821  0.96808458 -0.25097560
35911.1  1.50000000  0.96807455  0.00440821  0.96808458 -0.25097560
35911.2  1.50000000  0.96807455  0.00440821  0.96808458 -0.25097560
35911.3  1.50000000  0.96807455  0.00440821  0.96808458 -0.25097560
35911.4  1.50000000  0.96807455  0.00440821  0.96808458 -0.25097560
35911.5  1.50000000  0.96807455  0.00440821  0.96808458 -0.25097560
35911.6  1.50000000  0.96807455  0.00440821  0.96808458 -0.25097560
35911.7  1.50000000  0.96807455  0.00440821  0.96808458 -0.25097560
35911.8  1.50000000  0.96807455  0.00440821  0.96808458 -0.25097560
35911.9  1.50000000  0.96807455  0.00440821  0.96808458 -0.25097560
35912.0  1.50000000  0.96807455  0.00440821  0.96808458 -0.25097560
35912.1  1.50000000  0.96807455  0.00440821  0.96808458 -0.25097560
35912.2  1.50000000  0.96807455  0.00440821  0.96808458 -0.25097560
35912.3  1.50000000  0.96807455  0.00440821  0.96808458 -0.25097560
35912.4  1.50000000  0.96807455  0.00440821  0.96808458 -0.25097560
35912.5  1.50000000  0.96807455  0.00440821  0.96808458 -0.25097560
35912.6  1.50000000  0.96807455  0.00440821  0.96808458 -0.25097560
35912.7  1.50000000  0.96807455  0.00440821  0.96808458 -0.25097560
35912.8  1.50000000  0.96807455  0.00440821  0.96808458 -0.25097560
35912.9  1.50000000  0.96807455  0.00440821  0.96808458 -0.25097560
35913.0  1.50000000  0.96807455  0.00440821  0.96808458 -0.25097560
35913.1  1.50000000  0.96807455  0.00440821  0.96808458 -0.25097560
35913.2  1.50000000  0.96807455  0.00440821  0.96808458 -0.25097560
35913.3  1.50000000  0.96807455  0.00440821  0.96808458 -0.25097560
35913.4  1.50000000  0.96807455  0.00440821  0.96808458 -0.25097560
35913.5  1.50000000  0.96807455  0.00440821  0.96808458 -0.25097560
35913.6  1.50000000  0.96807455  0.00440821  0.96808458 -0.25097560
35913.7  1.50000000  0.96807455  0.00440821  0.96808458 -0.25097560
35913.8  1.50000000  0.96807455  0.00440821  0.96808458 -0.25097560
35913.9  1.50000000  0.96807455  0.00440821  0.96808458 -0.25097560
35914.0  1.50000000  0.96807455  0.00440821  0.96808458 -0.25097560
35914.1  1.50000000  0.96807455  0.00440821  0.96808458 -0.25097560
35914.2  1.50000000  0.96807455  0.00440821  0.96808458 -0.25097560
35914.3  1.50000000  0.96807455  0.00440821  0.96808458 -0.25097560
35914.4  1.50000000  0.96807455  0.00440821  0.96808458 -0.25097560
35914.5  1.50000000  0.96807455  0.00440821  0.96808458 -0.25097560
35914.6  1.50000000  0.96807455  0.00440821  0.96808458 -0.25097560
35914.7  1.50000000  0.96807455  0.00440821  0.96808458 -0.25097560
35914.8  1.50000000  0.96807455  0.00440821  0.96808458 -0.25097560
35914.9  1.50000000  0.96807455  0.00440821  0.96808458 -0.25097560
35915.0  1.50000000  0.96807455  0.00440821  0.96808458 -0.25097560
35915.1  1.50000000  0.96807455  0.00440821  0.96808458 -0.25097560
35915.2  1.50000000  0.96807455  0.00440821  0.96808458 -0.25097560
35915.3  1.50000000  0.96807455  0.00440821  0.96808458 -0.25097560
35915.4  1.50000000  0.96807455  0.00440821  0.96808458 -0.25097560
35915.5  1.50000000  0.96807455  0.00440821  0.96808458 -0.25097560
35915.6  1.50000000  0.96807455  0.00440821  0.96808458 -0.25097560
35915.7  1.50000000  0.96807455  0.00440821  0.96808458 -0.25097560
35915.8  1.50000000  0.96807455  0.00440821  0.96808458 -0.25097560
35915.9  1.50000000  0.96807455  0.00440821  0.96808458 -0.25097560
35916.0  1.50000000  0.96807455  0.00440821  0.96808458 -0.25097560
35916.1  1.50000000  0.96807455  0.00440821  0.96808458 -0.25097560
35916.2  1.50000000  0.96807455  0.00440821  0.96808458 -0.25097560
35916.3  1.50000000  0.96807455  0.00440821  0.96808458 -0.25097560
35916.4  1.50000000  0.96807455  0.00440821  0.96808458 -0.25097560
35916.5  1.50000000  0.96807455  0.00440821  0.96808458 -0.25097560
35916.6  1.50000000  0.96807455  0.00440821  0.96808458 -0.25097560
35916.7  1.50000000  0.96807455  0.00440821  0.96808458 -0.25097560
35916.8  1.50000000  0.96807455  0.00440821  0.96808458 -0.25097560
35916.9  1.50000000  0.96807455  0.00440821  0.96808458 -0.25097560
35917.0  1.50000000  0.96807455  0.00440821  0.96808458 -0.25097560
35917.1  1.50000000  0.96807455  0.00440821  0.96808458 -0.25097560
35917.2  1.50000000  0.96807455  0.00440821  0.96808458 -0.25097560
35917.3  1.50000000  0.96807455  0.00440821  0.96808458 -0.25097560
35917.4  1.50000000  0.96807455  0.00440821  0.96808458 -0.25097560
35917.5  1.50000000  0.96807455  0.00440821  0.96808458 -0.25097560
35917.6  1.50000000  0.96807455  0.00440821  0.96808458 -0.25097560
35917.7  1.50000000  0.96807455  0.00440821  0.96808458 -0.25097560
35917.8  1.50000000  0.96807455  0.00440821  0.96808458 -0.25097560
35917.9  1.50000000  0.96807455  0.00440821  0.96808458 -0.25097560
35918.0  1.50000000  0.96807455  0.00440821  0.96808458 -0.25097560
35918.1  1.50000000  0.96807455  0.00440821  0.96808458 -0.25097560
35918.2  1.50000000  0.96807455  0.00440821  0.96808458 -0.25097560
35918.3  1.50000000  0.96807455  0.00440821  0.96808458 -0.25097560
35918.4  1.50000000  0.96807455  0.00440821  0.96808458 -0.25097560
35918.5  1.50000000  0.96807455  0.00440821  0.96808458 -0.25097560
35918.6  1.50000000  0.96807455  0.00440821  0.96808458 -0.25097560
35918.7  1.50000000  0.96807455  0.00440821  0.96808458 -0.25097560
35918.8  1.50000000  0.96807455  0.00440821  0.96808458 -0.25097560
35918.9  1.50000000  0.96807455  0.00440821  0.96808458 -0.25097560
35919.0  1.50000000  0.96807455  0.00440821  0.96808458 -0.25097560
35919.1  1.50000000  0.96807455  0.00440821  0.96808458 -0.25097560
35919.2  1.50000000  0.96807455  0.00440821  0.96808458 -0.25097560
35919.3  1.50000000  0.96807455  0.00440821  0.96808458 -0.25097560
35919.4  1.50000000  0.96807455  0.00440821  0.96808458 -0.25097560
35919.5  1.50000000  0.96807455  0.00440821  0.96808458 -0.25097560
35919.6  1.50000000  0.96807455  0.00440821  0.96808458 -0.25097560
35919.7  1.50000000  0.96807455  0.00440821  0.96808458 -0.25097560
35919.8  1.50000000  0.96807455  0.00440821  0.96808458 -0.25097560
35919.9  1.50000000  0.96807455  0.00440821  0.96808458 -0.25097560
35920.0  1.50000000  0.96807455  0.00440821  0.96808458 -0.25097560
35920.1  1.50000000  0.96807455  0.00440821  0.96808458 -0.25097560
35920.2  1.50000000  0.96807455  0.00440821  0.96808458 -0.25097560
35920.3  1.50000000  0.96807455  0.00440821  0.96808458 -0.25097560
35920.4  1.50000000  0.96807455  0.00440821  0.96808458 -0.25097560
35920.5  1.50000000  0.96807455  0.00440821  0.96808458 -0.25097560
35920.6  1.50000000  0.96807455  0.00440821  0.96808458 -0.25097560
35920.7  1.50000000  0.96807455  0.00440821  0.96808458 -0.25097560
35920.8  1.50000000  0.96807455  0.00440821  0.96808458 -0.25097560
35920.9  1.50000000  0.96807455  0.00440821  0.96808458 -0.25097560
35921.0  1.50000000  0.96807455  0.00440821  0.96808458 -0.25097560
35921.1  1.50000000  0.96807455  0.00440821  0.96808458 -0.25097560
35921.2  1.50000000  0.96807455  0.00440821  0.96808458 -0.25097560
35921.3  1.50000000  0.96807455  0.00440821  0.96808458 -0.25097560
35921.4  1.50000000  0.96807455  0.00440821  0.96808458 -0.25097560
35921.5  1.50000000  0.96807455  0.00440821  0.96808458 -0.25097560
35921.6  1.50000000  0.96807455  0.00440821  0.96808458 -0.25097560
35921.7  1.50000000  0.96807455  0.00440821  0.96808458 -0.25097560
35921.8  1.50000000  0.96807455  0.00440821  0.96808458 -0.25097560
35921.9  1.50000000  0.96807455  0.00440821  0.96808458 -0.25097560
35922.0  1.50000000  0.96807455  0.00440821  0.96808458 -0.25097560
35922.1  1.50000000  0.96807455  0.00440821  0.96808458 -0.25097560
35922.2  1.50000000  0.96807455  0.00440821  0.96808458 -0.25097560
35922.3  1.50000000  0.96807455  0.00440821  0.96808458 -0.25097560
35922.4  1.50000000  0.96807455  0.00440821  0.96808458 -0.25097560
35922.5  1.50000000  0.96807455  0.00440821  0.96808458 -0.25097560
35922.6  1.50000000  0.96807455  0.00440821  0.96808458 -0.25097560
35922.7  1.50000000  0.96807455  0.00440821  0.96808458 -0.25097560
35922.8  1.50000000  0.96807455  0.00440821  0.96808458 -0.25097560
35922.9  1.50000000  0.96807455  0.00440821  0.96808458 -0.25097560
35923.0  1.50000000  0.96807455  0.00440821  0.96808458 -0.25097560
35923.1  1.50000000  0.96807455  0.00440821  0.96808458 -0.25097560
35923.2  1.50000000  0.96807455  0.00440821  0.96808458 -0.25097560
35923.3  1.50000000  0.96807455  0.00440821  0.96808458 -0.25097560
35923.4  1.50000000  0.96807455  0.00440821  0.96808458 -0.25097560
35923.5  1.50000000  0.96807455  0.00440821  0.96808458 -0.25097560
35923.6  1.50000000  0.96807455  0.00440821  0.96808458 -0.25097560
35923.7  1.50000000  0.96807455  0.00440821  0.96808458 -0.25097560
35923.8  1.50000000  0.96807455  0.00440821  0.96808458 -0.25097560
35923.9  1.50000000  0.96807455  0.00440821  0.96808458 -0.25097560
35924.0  1.50000000  0.96807455  0.00440821  0.96808458 -0.25097560
35924.1  1.50000000  0.96807455  0.00440821  0.96808458 -0.25097560
35924.2  1.50000000  0.96807455  0.00440821  0.96808458 -0.25097560
35924.3  1.50000000  0.96807455  0.00440821  0.96808458 -0.25097560
35924.4  1.50000000  0.96807455  0.00440821  0.96808458 -0.25097560
35924.5  1.50000000  0.96807455  0.00440821  0.96808458 -0.25097560
35924.6  1.50000000  0.96807455  0.00440821  0.96808458 -0.25097560
35924.7  1.50000000  0.96807455  0.00440821  0.96808458 -0.25097560
35924.8  1.50000000  0.96807455  0.00440821  0.96808458 -0.25097560
35924.9  1.50000000  0.96807455  0.00440821  0.96808458 -0.25097560
35925.0  1.50000000  0.96807455  0.00440821  0.96808458 -0.25097560
35925.1  1.50000000  0.96807455  0.00440821  0.96808458 -0.25097560
35925.2  1.50000000  0.96807455  0.00440821  0.96808458 -0.25097560
35925.3  1.50000000  0.96807455  0.00440821  0.96808458 -0.25097560
35925.4  1.50000000  0.96807455  0.00440821  0.96808458 -0.25097560
35925.5  1.50000000  0.96807455  0.00440821  0.96808458 -0.25097560
35925.6  1.50000000  0.96807455  0.00440821  0.96808458 -0.25097560
35925.7  1.50000000  0.96807455  0.00440821  0.96808458 -0.25097560
35925.8  1.50000000  0.96807455  0.00440821  0.96808458 -0.25097560
35925.9  1.50000000  0.96807455  0.00440821  0.96808458 -0.25097560
35926.0  1.50000000  0.96807455  0.00440821  0.96808458 -0.25097560
35926.1  1.50000000  0.96807455  0.00440821  0.96808458 -0.25097560
35926.2  1.50000000  0.96807455  0.00440821  0.96808458 -0.25097560
35926.3  1.50000000  0.96807455  0.00440821  0.96808458 -0.25097560
35926.4  1.50000000  0.96807455  0.00440821  0.96808458 -0.25097560
35926.5  1.50000000  0.96807455  0.00440821  0.96808458 -0.25097560
35926.6  1.50000000  0.96807455  0.00440821  0.96808458 -0.25097560
35926.7  1.50000000  0.96807455  0.00440821  0.96808458 -0.25097560
35926.8  1.50000000  0.96807455  0.00440821  0.96808458 -0.25097560
35926.9  1.50000000  0.96807455  0.00440821  0.96808458 -0.25097560
35927.0  1.50000000  0.96807455  0.00440821  0.96808458 -0.25097560
35927.1  1.50000000  0.96807455  0.00440821  0.96808458 -0.25097560
35927.2  1.50000000  0.96807455  0.00440821  0.96808458 -0.25097560
35927.3  1.50000000  0.96807455  0.00440821  0.96808458 -0.25097560
35927.4  1.50000000  0.96807455  0.00440821  0.96808458 -0.25097560
35927.5  1.50000000  0.96807455  0.00440821  0.96808458 -0.25097560
35927.6  1.50000000  0.96807455  0.00440821  0.96808458 -0.25097560
35927.7  1.50000000  0.96807455  0.00440821  0.96808458 -0.25097560
35927.8  1.50000000  0.96807455  0.00440821  0.96808458 -0.25097560
35927.9  1.50000000  0.96807455  0.00440821  0.96808458 -0.25097560
35928.0  1.50000000  0.96807455  0.00440821  0.96808458 -0.25097560
35928.1  1.50000000  0.96807455  0.00440821  0.96808458 -0.25097560
35928.2  1.50000000  0.96807455  0.00440821  0.96808458 -0.25097560
35928.3  1.50000000  0.96807455  0.00440821  0.96808458 -0.25097560
35928.4  1.50000000  0.96807455  0.00440821  0.96808458 -0.25097560
35928.5  1.50000000  0.96807455  0.00440821  0.96808458 -0.25097560
35928.6  1.50000000  0.96807455  0.00440821  0.96808458 -0.25097560
35928.7  1.50000000  0.96807455  0.00440821  0.96808458 -0.25097560
35928.8  1.50000000  0.96807455  0.00440821  0.96808458 -0.25097560
35928.9  1.50000000  0.96807455  0.00440821  0.96808458 -0.25097560
35929.0  1.50000000  0.96807455  0.00440821  0.96808458 -0.25097560
35929.1  1.50000000  0.96807455  0.00440821  0.96808458 -0.25097560
35929.2  1.50000000  0.96807455  0.00440821  0.96808458 -0.25097560
35929.3  1.50000000  0.96807455  0.00440821  0.96808458 -0.25097560
35929.4  1.50000000  0.96807455  0.00440821  0.96808458 -0.25097560
35929.5  1.50000000  0.96807455  0.00440821  0.96808458 -0.25097560
35929.6  1.50000000  0.96807455  0.00440821  0.96808458 -0.25097560
35929.7  1.50000000  0.96807455  0.00440821  0.96808458 -0.25097560
35929.8  1.50000000  0.96807455  0.00440821  0.96808458 -0.25097560
35929.9  1.50000000  0.96807455  0.00440821  0.96808458 -0.25097560
35930.0  1.50000000  0.96807455  0.00440821  0.96808458 -0.25097560
35930.1  1.50000000  0.96807455  0.00440821  0.96808458 -0.25097560
35930.2  1.50000000  0.96807455  0.00440821  0.96808458 -0.25097560
35930.3  1.50000000  0.96807455  0.00440821  0.96808458 -0.25097560
35930.4  1.50000000  0.96807455  0.00440821  0.96808458 -0.25097560
35930.5  1.50000000  0.96807455  0.00440821  0.96808458 -0.25097560
35930.6  1.50000000  0.96807455  0.00440821  0.96808458 -0.25097560
35930.7  1.50000000  0.96807455  0.00440821  0.96808458 -0.25097560
35930.8  1.50000000  0.96807455  0.00440821  0.96808458 -0.25097560
35930.9  1.50000000  0.96807455  0.00440821  0.96808458 -0.25097560
35931.0  1.50000000  0.96807455  0.00440821  0.96808458 -0.25097560
35931.1  1.50000000  0.96807455  0.00440821  0.96808458 -0.25097560
35931.2  1.50000000  0.96807455  0.00440821  0.96808458 -0.25097560
35931.3  1.50000000  0.96807455  0.00440821  0.96808458 -0.25097560
35931.4  1.50000000  0.96807455  0.00440821  0.96808458 -0.25097560
35931.5  1.50000000  0.96807455  0.00440821  0.96808458 -0.25097560
35931.6  1.50000000  0.96807455  0.00440821  0.96808458 -0.25097560
35931.7  1.50000000  0.96807455  0.00440821  0.96808458 -0.25097560
35931.8  1.50000000  0.96807455  0.00440821  0.96808458 -0.25097560
35931.9  1.50000000  0.96807455  0.00440821  0.96808458 -0.25097560
35932.0  1.50000000  0.96807455  0.00440821  0.96808458 -0.25097560
35932.1  1.50000000  0.96807455  0.00440821  0.96808458 -0.25097560
35932.2  1.50000000  0.96807455  0.00440821  0.96808458 -0.25097560
35932.3  1.50000000  0.96807455  0.00440821  0.96808458 -0.25097560
35932.4  1.50000000  0.96807455  0.00440821  0.96808458 -0.25097560
35932.5  1.50000000  0.96807455  0.00440821  0.96808458 -0.25097560
35932.6  1.50000000  0.96807455  0.00440821  0.96808458 -0.25097560
35932.7  1.50000000  0.96807455  0.00440821  0.96808458 -0.25097560
35932.8  1.50000000  0.96807455  0.00440821  0.96808458 -0.25097560
35932.9  1.50000000  0.96807455  0.00440821  0.96808458 -0.25097560
35933.0  1.50000000  0.96807455  0.00440821  0.96808458 -0.25097560
35933.1  1.50000000  0.96807455  0.00440821  0.96808458 -0.25097560
35933.2  1.50000000  0.96807455  0.00440821  0.96808458 -0.25097560
35933.3  1.50000000  0.96807455  0.00440821  0.96808458 -0.25097560
35933.4  1.50000000  0.96807455  0.00440821  0.96808458 -0.25097560
35933.5  1.50000000  0.96807455  0.00440821  0.96808458 -0.25097560
35933.6  1.50000000  0.96807455  0.00440821  0.96808458 -0.25097560
35933.7  1.50000000  0.96807455  0.00440821  0.96808458 -0.25097560
35933.8  1.50000000  0.96807455  0.00440821  0.96808458 -0.25097560
35933.9  1.50000000  0.96807455  0.00440821  0.96808458 -0.25097560
35934.0  1.50000000  0.96807455  0.00440821  0.96808458 -0.25097560
35934.1  1.50000000  0.96807455  0.00440821  0.96808458 -0.25097560
35934.2  1.50000000  0.96807455  0.00440821  0.96808458 -0.25097560
35934.3  1.50000000  0.96807455  0.00440821  0.96808458 -0.25097560
35934.4  1.50000000  0.96807455  0.00440821  0.96808458 -0.25097560
35934.5  1.50000000  0.96807455  0.00440821  0.96808458 -0.25097560
35934.6  1.50000000  0.96807455  0.00440821  0.96808458 -0.25097560
35934.7  1.50000000  0.96807455  0.00440821  0.96808458 -0.25097560
35934.8  1.50000000  0.96807455  0.00440821  0.96808458 -0.25097560
35934.9  1.50000000  0.96807455  0.00440821  0.96808458 -0.25097560
35935.0  1.50000000  0.96807455  0.00440821  0.96808458 -0.25097560
35935.1  1.50000000  0.96807455  0.00440821  0.96808458 -0.25097560
35935.2  1.50000000  0.96807455  0.00440821  0.96808458 -0.25097560
35935.3  1.50000000  0.96807455  0.00440821  0.96808458 -0.25097560
35935.4  1.50000000  0.96807455  0.00440821  0.96808458 -0.25097560
35935.5  1.50000000  0.96807455  0.00440821  0.96808458 -0.25097560
35935.6  1.50000000  0.96807455  0.00440821  0.96808458 -0.25097560
35935.7  1.50000000  0.96807455  0.00440821  0.96808458 -0.25097560
35935.8  1.50000000  0.96807455  0.00440821  0.96808458 -0.25097560
35935.9  1.50000000  0.96807455  0.00440821  0.96808458 -0.25097560
35936.0  1.50000000  0.96807455  0.00440821  0.96808458 -0.25097560
35936.1  1.50000000  0.96807455  0.00440821  0.96808458 -0.25097560
35936.2  1.50000000  0.96807455  0.00440821  0.96808458 -0.25097560
35936.3  1.50000000  0.96807455  0.00440821  0.96808458 -0.25097560
35936.4  1.50000000  0.96807455  0.00440821  0.96808458 -0.25097560
35936.5  1.50000000  0.96807455  0.00440821  0.96808458 -0.25097560
35936.6  1.50000000  0.96807455  0.00440821  0.96808458 -0.25097560
35936.7  1.50000000  0.96807455  0.00440821  0.96808458 -0.25097560
35936.8  1.50000000  0.96807455  0.00440821  0.96808458 -0.25097560
35936.9  1.50000000  0.96807455  0.00440821  0.96808458 -0.25097560
35937.0  1.50000000  0.96807455  0.00440821  0.96808458 -0.25097560
35937.1  1.50000000  0.96807455  0.00440821  0.96808458 -0.25097560
35937.2  1.50000000  0.96807455  0.00440821  0.96808458 -0.25097560
35937.3  1.50000000  0.96807455  0.00440821  0.96808458 -0.25097560
35937.4  1.50000000  0.96807455  0.00440821  0.96808458 -0.25097560
35937.5  1.50000000  0.96807455  0.00440821  0.96808458 -0.25097560
35937.6  1.50000000  0.96807455  0.00440821  0.96808458 -0.25097560
35937.7  1.50000000  0.96807455  0.00440821  0.96808458 -0.25097560
35937.8  1.50000000  0.96807455  0.00440821  0.96808458 -0.25097560
35937.9  1.50000000  0.96807455  0.00440821  0.96808458 -0.25097560
35938.0  1.50000000  0.96807455  0.00440821  0.96808458 -0.25097560
35938.1  1.50000000  0.96807455  0.00440821  0.96808458 -0.25097560
35938.2  1.50000000  0.96807455  0.00440821  0.96808458 -0.25097560
35938.3  1.50000000  0.96807455  0.00440821  0.96808458 -0.25097560
35938.4  1.50000000  0.96807455  0.00440821  0.96808458 -0.25097560
35938.5  1.50000000  0.96807455  0.00440821  0.96808458 -0.25097560
35938.6  1.50000000  0.96807455  0.00440821  0.96808458 -0.25097560
35938.7  1.50000000  0.96807455  0.00440821  0.96808458 -0.25097560
35938.8  1.50000000  0.96807455  0.00440821  0.96808458 -0.25097560
35938.9  1.50000000  0.96807455  0.00440821  0.96808458 -0.25097560
35939.0  1.50000000  0.96807455  0.00440821  0.96808458 -0.25097560
35939.1  1.50000000  0.96807455  0.00440821  0.96808458 -0.25097560
35939.2  1.50000000  0.96807455  0.00440821  0.96808458 -0.25097560
35939.3  1.50000000  0.96807455  0.00440821  0.96808458 -0.25097560
35939.4  1.50000000  0.96807455  0.00440821  0.96808458 -0.25097560
35939.5  1.50000000  0.96807455  0.00440821  0.96808458 -0.25097560
35939.6  1.50000000  0.96807455  0.00440821  0.96808458 -0.25097560
35939.7  1.50000000  0.96807455  0.00440821  0.96808458 -0.25097560
35939.8  1.50000000  0.96807455  0.00440821  0.96808458 -0.25097560
35939.9  1.50000000  0.96807455  0.00440821  0.96808458 -0.25097560
35940.0  1.50000000  0.96807455  0.00440821  0.96808458 -0.25097560
35940.1  1.50000000  0.96807455  0.00440821  0.96808458 -0.25097560
35940.2  1.50000000  0.96807455  0.00440821  0.96808458 -0.25097560
35940.3  1.50000000  0.96807455  0.00440821  0.96808458 -0.25097560
35940.4  1.50000000  0.96807455  0.00440821  0.96808458 -0.25097560
35940.5  1.50000000  0.96807455  0.00440821  0.96808458 -0.25097560
35940.6  1.50000000  0.96807455  0.00440821  0.96808458 -0.25097560
