 # AA:        219117.46418138818     
 # FLEGG:     179224.99817922857     
 # AF0:     -5.33308614247767210E-002
 # CPAR:      555.55779854881382     
 # Diff:     0.12463198212018202     
 # TF:       4.89897948556635358E-007
 # H:         284.00000000000000     
 # GRAD:     0.10000000000000001     
 # HR:       3.00000000000000006E-003
 # LP:       0.28003999999987145     
 # TIME  LP  TMAB  TMDS  TMPC  TMZ
19485.7  1.50000000  0.96790128  0.00368285  0.96790828 -0.25167350
19485.8  1.50000000  0.96790656  0.00222123  0.96790910 -0.25167016
19485.9  1.50000000  0.96791184  0.00044304  0.96791194 -0.25165655
19486.0  1.50000000  0.96791620 -0.00094344  0.96791665 -0.25163404
19486.1  1.50000000  0.96792106 -0.00177370  0.96792268 -0.25160555
19486.2  1.50000000  0.96792713 -0.00195973  0.96792911 -0.25157483
19486.3  1.50000000  0.96793408 -0.00149426  0.96793523 -0.25154562
19486.4  1.50000000  0.96794030 -0.00044666  0.96794041 -0.25152137
19486.5  1.50000000  0.96794314  0.00103994  0.96794370 -0.25150521
19486.6  1.50000000  0.96794122  0.00277330  0.96794519 -0.25149859
19486.7  1.50000000  0.96793372  0.00453749  0.96794436 -0.25150243
19486.8  1.50000000  0.96792222  0.00611154  0.96794151 -0.25151589
19486.9  1.50000000  0.96790951  0.00730906  0.96793711 -0.25153707
19487.0  1.50000000  0.96789856  0.00798968  0.96793154 -0.25156334
19487.1  1.50000000  0.96789190  0.00808069  0.96792564 -0.25159124
19487.2  1.50000000  0.96789047  0.00758522  0.96792019 -0.25161726
19487.3  1.50000000  0.96789327  0.00657663  0.96791562 -0.25163843
19487.4  1.50000000  0.96789891  0.00519019  0.96791283 -0.25165198
19487.5  1.50000000  0.96790505  0.00360674  0.96791177 -0.25165668
19487.6  1.50000000  0.96791068  0.00202282  0.96791279 -0.25165197
19487.7  1.50000000  0.96791541  0.00063559  0.96791562 -0.25163873
19487.8  1.50000000  0.96791974 -0.00039087  0.96791982 -0.25161881
19487.9  1.50000000  0.96792450 -0.00093833  0.96792495 -0.25159473
19488.0  1.50000000  0.96792982 -0.00094973  0.96793029 -0.25156959
19488.1  1.50000000  0.96793502 -0.00043710  0.96793512 -0.25154652
19488.2  1.50000000  0.96793890  0.00052592  0.96793904 -0.25152818
19488.3  1.50000000  0.96793966  0.00181109  0.96794136 -0.25151690
19488.4  1.50000000  0.96793655  0.00325223  0.96794201 -0.25151375
19488.5  1.50000000  0.96792962  0.00467064  0.96794089 -0.25151900
19488.6  1.50000000  0.96792019  0.00589094  0.96793812 -0.25153187
19488.7  1.50000000  0.96791052  0.00676810  0.96793419 -0.25155051
19488.8  1.50000000  0.96790272  0.00720225  0.96792952 -0.25157258
19488.9  1.50000000  0.96789830  0.00714910  0.96792470 -0.25159528
19489.0  1.50000000  0.96789775  0.00662679  0.96792044 -0.25161571
19489.1  1.50000000  0.96790023  0.00571031  0.96791708 -0.25163155
19489.2  1.50000000  0.96790462  0.00452047  0.96791517 -0.25164083
19489.3  1.50000000  0.96790950  0.00321105  0.96791483 -0.25164263
19489.4  1.50000000  0.96791410  0.00194447  0.96791605 -0.25163691
19489.5  1.50000000  0.96791832  0.00087573  0.96791871 -0.25162449
19489.6  1.50000000  0.96792236  0.00013149  0.96792237 -0.25160712
19489.7  1.50000000  0.96792658 -0.00020484  0.96792660 -0.25158699
19489.8  1.50000000  0.96793090 -0.00010045  0.96793090 -0.25156663
19489.9  1.50000000  0.96793455  0.00042141  0.96793465 -0.25154861
19490.0  1.50000000  0.96793666  0.00128721  0.96793751 -0.25153498
19490.1  1.50000000  0.96793615  0.00238399  0.96793909 -0.25152739
19490.2  1.50000000  0.96793262  0.00357070  0.96793921 -0.25152664
19490.3  1.50000000  0.96792657  0.00470059  0.96793798 -0.25153260
19490.4  1.50000000  0.96791905  0.00563589  0.96793545 -0.25154450
19490.5  1.50000000  0.96791179  0.00626546  0.96793207 -0.25156066
19490.6  1.50000000  0.96790627  0.00651939  0.96792822 -0.25157902
19490.7  1.50000000  0.96790337  0.00637455  0.96792436 -0.25159731
19490.8  1.50000000  0.96790330  0.00585711  0.96792102 -0.25161324
19490.9  1.50000000  0.96790545  0.00504036  0.96791858 -0.25162490
19491.0  1.50000000  0.96790886  0.00402987  0.96791725 -0.25163102
19491.1  1.50000000  0.96791282  0.00295537  0.96791733 -0.25163085
19491.2  1.50000000  0.96791662  0.00194982  0.96791858 -0.25162471
19491.3  1.50000000  0.96792033  0.00113485  0.96792099 -0.25161335
19491.4  1.50000000  0.96792396  0.00060695  0.96792415 -0.25159836
19491.5  1.50000000  0.96792757  0.00042383  0.96792766 -0.25158167
19491.6  1.50000000  0.96793094  0.00060030  0.96793113 -0.25156530
19491.7  1.50000000  0.96793345  0.00110739  0.96793408 -0.25155131
19491.8  1.50000000  0.96793435  0.00187424  0.96793616 -0.25154136
19491.9  1.50000000  0.96793317  0.00280201  0.96793723 -0.25153652
19492.0  1.50000000  0.96792965  0.00377274  0.96793700 -0.25153738
19492.1  1.50000000  0.96792447  0.00466576  0.96793571 -0.25154360
19492.2  1.50000000  0.96791851  0.00537397  0.96793343 -0.25155438
19492.3  1.50000000  0.96791303  0.00581347  0.96793048 -0.25156825
19492.4  1.50000000  0.96790907  0.00593659  0.96792727 -0.25158345
19492.5  1.50000000  0.96790719  0.00573559  0.96792418 -0.25159807
19492.6  1.50000000  0.96790737  0.00524167  0.96792157 -0.25161035
19492.7  1.50000000  0.96790926  0.00452309  0.96791982 -0.25161876
19492.8  1.50000000  0.96791205  0.00367270  0.96791901 -0.25162248
19492.9  1.50000000  0.96791532  0.00279807  0.96791936 -0.25162102
19493.0  1.50000000  0.96791860  0.00200761  0.96792069 -0.25161478
19493.1  1.50000000  0.96792184  0.00139588  0.96792285 -0.25160460
19493.2  1.50000000  0.96792502  0.00103439  0.96792558 -0.25159180
19493.3  1.50000000  0.96792799  0.00096178  0.96792847 -0.25157806
19493.4  1.50000000  0.96793049  0.00118005  0.96793121 -0.25156505
19493.5  1.50000000  0.96793206  0.00165648  0.96793347 -0.25155434
19493.6  1.50000000  0.96793214  0.00232620  0.96793493 -0.25154725
19493.7  1.50000000  0.96793054  0.00310286  0.96793552 -0.25154449
19493.8  1.50000000  0.96792728  0.00388891  0.96793509 -0.25154638
19493.9  1.50000000  0.96792291  0.00458704  0.96793378 -0.25155253
19494.0  1.50000000  0.96791825  0.00511397  0.96793176 -0.25156210
19494.1  1.50000000  0.96791416  0.00540853  0.96792927 -0.25157387
19494.2  1.50000000  0.96791137  0.00543960  0.96792665 -0.25158631
19494.3  1.50000000  0.96791021  0.00520973  0.96792423 -0.25159787
19494.4  1.50000000  0.96791060  0.00475257  0.96792227 -0.25160719
19494.5  1.50000000  0.96791224  0.00412974  0.96792105 -0.25161312
19494.6  1.50000000  0.96791459  0.00342152  0.96792064 -0.25161507
19494.7  1.50000000  0.96791731  0.00271655  0.96792112 -0.25161284
19494.8  1.50000000  0.96792011  0.00210170  0.96792240 -0.25160682
19494.9  1.50000000  0.96792287  0.00165012  0.96792428 -0.25159784
19495.0  1.50000000  0.96792552  0.00141359  0.96792655 -0.25158706
19495.1  1.50000000  0.96792787  0.00141650  0.96792891 -0.25157585
19495.2  1.50000000  0.96792964  0.00165278  0.96793105 -0.25156560
19495.3  1.50000000  0.96793051  0.00208847  0.96793276 -0.25155751
19495.4  1.50000000  0.96793011  0.00266558  0.96793378 -0.25155258
19495.5  1.50000000  0.96792840  0.00330994  0.96793406 -0.25155131
19495.6  1.50000000  0.96792552  0.00394122  0.96793354 -0.25155378
19495.7  1.50000000  0.96792193  0.00448184  0.96793231 -0.25155961
19495.8  1.50000000  0.96791831  0.00486754  0.96793055 -0.25156800
19495.9  1.50000000  0.96791527  0.00505445  0.96792847 -0.25157788
19496.0  1.50000000  0.96791329  0.00502378  0.96792633 -0.25158799
19496.1  1.50000000  0.96791260  0.00478441  0.96792442 -0.25159707
19496.2  1.50000000  0.96791307  0.00437033  0.96792294 -0.25160406
19496.3  1.50000000  0.96791449  0.00383630  0.96792209 -0.25160810
19496.4  1.50000000  0.96791648  0.00325085  0.96792194 -0.25160881
19496.5  1.50000000  0.96791877  0.00268683  0.96792250 -0.25160615
19496.6  1.50000000  0.96792116  0.00221322  0.96792369 -0.25160052
19496.7  1.50000000  0.96792351  0.00188612  0.96792534 -0.25159270
19496.8  1.50000000  0.96792568  0.00174230  0.96792725 -0.25158368
19496.9  1.50000000  0.96792751  0.00179547  0.96792918 -0.25157460
19497.0  1.50000000  0.96792872  0.00203453  0.96793086 -0.25156659
19497.1  1.50000000  0.96792909  0.00242599  0.96793214 -0.25156058
19497.2  1.50000000  0.96792842  0.00291844  0.96793282 -0.25155729
19497.3  1.50000000  0.96792672  0.00344896  0.96793287 -0.25155706
19497.4  1.50000000  0.96792421  0.00395166  0.96793227 -0.25155984
19497.5  1.50000000  0.96792128  0.00436532  0.96793113 -0.25156523
19497.6  1.50000000  0.96791846  0.00464104  0.96792959 -0.25157250
19497.7  1.50000000  0.96791620  0.00474816  0.96792785 -0.25158072
19497.8  1.50000000  0.96791482  0.00467717  0.96792612 -0.25158886
19497.9  1.50000000  0.96791445  0.00444088  0.96792464 -0.25159592
19498.0  1.50000000  0.96791499  0.00407210  0.96792356 -0.25160105
19498.1  1.50000000  0.96791625  0.00361904  0.96792302 -0.25160367
19498.2  1.50000000  0.96791797  0.00313941  0.96792306 -0.25160352
19498.3  1.50000000  0.96791993  0.00269264  0.96792367 -0.25160067
19498.4  1.50000000  0.96792195  0.00233285  0.96792476 -0.25159553
19498.5  1.50000000  0.96792390  0.00210234  0.96792619 -0.25158880
19498.6  1.50000000  0.96792564  0.00202635  0.96792776 -0.25158133
19498.7  1.50000000  0.96792699  0.00211083  0.96792929 -0.25157405
19498.8  1.50000000  0.96792776  0.00234175  0.96793059 -0.25156787
19498.9  1.50000000  0.96792777  0.00268741  0.96793150 -0.25156350
19499.0  1.50000000  0.96792695  0.00310291  0.96793193 -0.25156144
19499.1  1.50000000  0.96792536  0.00353554  0.96793182 -0.25156190
19499.2  1.50000000  0.96792323  0.00393181  0.96793122 -0.25156477
19499.3  1.50000000  0.96792089  0.00424389  0.96793019 -0.25156963
19499.4  1.50000000  0.96791872  0.00443539  0.96792888 -0.25157585
19499.5  1.50000000  0.96791706  0.00448548  0.96792746 -0.25158262
19499.6  1.50000000  0.96791613  0.00439114  0.96792609 -0.25158912
19499.7  1.50000000  0.96791598  0.00416715  0.96792495 -0.25159455
19499.8  1.50000000  0.96791654  0.00384397  0.96792418 -0.25159825
19499.9  1.50000000  0.96791765  0.00346346  0.96792384 -0.25159982
19500.0  1.50000000  0.96791912  0.00307372  0.96792400 -0.25159911
19500.1  1.50000000  0.96792077  0.00272285  0.96792460 -0.25159626
19500.2  1.50000000  0.96792246  0.00245299  0.96792556 -0.25159167
19500.3  1.50000000  0.96792405  0.00229555  0.96792677 -0.25158594
19500.4  1.50000000  0.96792541  0.00226729  0.96792806 -0.25157980
19500.5  1.50000000  0.96792639  0.00236877  0.96792928 -0.25157401
19500.6  1.50000000  0.96792683  0.00258471  0.96793028 -0.25156928
19500.7  1.50000000  0.96792664  0.00288594  0.96793094 -0.25156616
19500.8  1.50000000  0.96792578  0.00323362  0.96793118 -0.25156500
19500.9  1.50000000  0.96792436  0.00358399  0.96793099 -0.25156590
19501.0  1.50000000  0.96792257  0.00389388  0.96793040 -0.25156871
19501.1  1.50000000  0.96792070  0.00412620  0.96792949 -0.25157303
19501.2  1.50000000  0.96791903  0.00425407  0.96792837 -0.25157830
19501.3  1.50000000  0.96791781  0.00426410  0.96792720 -0.25158385
19501.4  1.50000000  0.96791718  0.00415778  0.96792611 -0.25158900
19501.5  1.50000000  0.96791718  0.00395068  0.96792524 -0.25159312
19501.6  1.50000000  0.96791774  0.00367061  0.96792470 -0.25159572
19501.7  1.50000000  0.96791872  0.00335360  0.96792453 -0.25159652
19501.8  1.50000000  0.96791998  0.00303941  0.96792475 -0.25159547
19501.9  1.50000000  0.96792138  0.00276664  0.96792534 -0.25159273
19502.0  1.50000000  0.96792279  0.00256781  0.96792619 -0.25158868
19502.1  1.50000000  0.96792408  0.00246569  0.96792722 -0.25158384
19502.2  1.50000000  0.96792512  0.00247067  0.96792828 -0.25157884
19502.3  1.50000000  0.96792580  0.00257966  0.96792924 -0.25157428
19502.4  1.50000000  0.96792601  0.00277701  0.96792999 -0.25157071
19502.5  1.50000000  0.96792567  0.00303643  0.96793044 -0.25156856
19502.6  1.50000000  0.96792483  0.00332468  0.96793054 -0.25156806
19502.7  1.50000000  0.96792357  0.00360572  0.96793029 -0.25156922
19502.8  1.50000000  0.96792209  0.00384514  0.96792972 -0.25157187
19502.9  1.50000000  0.96792060  0.00401450  0.96792892 -0.25157565
19503.0  1.50000000  0.96791933  0.00409456  0.96792799 -0.25158007
19503.1  1.50000000  0.96791845  0.00407746  0.96792704 -0.25158458
19503.2  1.50000000  0.96791806  0.00396755  0.96792619 -0.25158861
19503.3  1.50000000  0.96791817  0.00378039  0.96792555 -0.25159168
19503.4  1.50000000  0.96791871  0.00354072  0.96792518 -0.25159344
19503.5  1.50000000  0.96791958  0.00327919  0.96792513 -0.25159370
19503.6  1.50000000  0.96792066  0.00302838  0.96792540 -0.25159246
19503.7  1.50000000  0.96792183  0.00281887  0.96792594 -0.25158991
19503.8  1.50000000  0.96792298  0.00267546  0.96792668 -0.25158640
19503.9  1.50000000  0.96792400  0.00261425  0.96792753 -0.25158236
19504.0  1.50000000  0.96792478  0.00264093  0.96792838 -0.25157832
19504.1  1.50000000  0.96792522  0.00275021  0.96792913 -0.25157477
19504.2  1.50000000  0.96792525  0.00292685  0.96792968 -0.25157212
19504.3  1.50000000  0.96792486  0.00314765  0.96792998 -0.25157070
19504.4  1.50000000  0.96792407  0.00338447  0.96792999 -0.25157064
19504.5  1.50000000  0.96792299  0.00360791  0.96792972 -0.25157192
19504.6  1.50000000  0.96792178  0.00379079  0.96792920 -0.25157436
19504.7  1.50000000  0.96792061  0.00391155  0.96792852 -0.25157763
19504.8  1.50000000  0.96791965  0.00395678  0.96792774 -0.25158130
19504.9  1.50000000  0.96791903  0.00392257  0.96792698 -0.25158493
19505.0  1.50000000  0.96791880  0.00381493  0.96792632 -0.25158806
19505.1  1.50000000  0.96791897  0.00364874  0.96792584 -0.25159031
19505.2  1.50000000  0.96791947  0.00344571  0.96792561 -0.25159145
19505.3  1.50000000  0.96792023  0.00323162  0.96792563 -0.25159134
19505.4  1.50000000  0.96792115  0.00303302  0.96792590 -0.25159003
19505.5  1.50000000  0.96792213  0.00287395  0.96792639 -0.25158771
19505.6  1.50000000  0.96792306  0.00277308  0.96792703 -0.25158469
19505.7  1.50000000  0.96792386  0.00274147  0.96792774 -0.25158135
19505.8  1.50000000  0.96792443  0.00278148  0.96792842 -0.25157810
19505.9  1.50000000  0.96792470  0.00288656  0.96792900 -0.25157536
19506.0  1.50000000  0.96792463  0.00304235  0.96792941 -0.25157344
19506.1  1.50000000  0.96792421  0.00322858  0.96792959 -0.25157256
19506.2  1.50000000  0.96792349  0.00342169  0.96792954 -0.25157280
19506.3  1.50000000  0.96792257  0.00359779  0.96792926 -0.25157411
19506.4  1.50000000  0.96792159  0.00373560  0.96792879 -0.25157631
19506.5  1.50000000  0.96792067  0.00381909  0.96792820 -0.25157910
19506.6  1.50000000  0.96791995  0.00383931  0.96792756 -0.25158213
19506.7  1.50000000  0.96791951  0.00379526  0.96792695 -0.25158502
19506.8  1.50000000  0.96791940  0.00369377  0.96792645 -0.25158742
19506.9  1.50000000  0.96791960  0.00354833  0.96792611 -0.25158905
19507.0  1.50000000  0.96792007  0.00337793  0.96792597 -0.25158972
19507.1  1.50000000  0.96792074  0.00320399  0.96792604 -0.25158938
19507.2  1.50000000  0.96792152  0.00304792  0.96792632 -0.25158808
19507.3  1.50000000  0.96792233  0.00292852  0.96792676 -0.25158601
19507.4  1.50000000  0.96792308  0.00285968  0.96792730 -0.25158343
19507.5  1.50000000  0.96792369  0.00284884  0.96792788 -0.25158069
19507.6  1.50000000  0.96792409  0.00289601  0.96792842 -0.25157811
19507.7  1.50000000  0.96792424  0.00299398  0.96792887 -0.25157601
19507.8  1.50000000  0.96792409  0.00312967  0.96792915 -0.25157464
19507.9  1.50000000  0.96792367  0.00328550  0.96792925 -0.25157415
19508.0  1.50000000  0.96792304  0.00344182  0.96792916 -0.25157459
19508.1  1.50000000  0.96792227  0.00357957  0.96792889 -0.25157586
19508.2  1.50000000  0.96792147  0.00368212  0.96792847 -0.25157782
19508.3  1.50000000  0.96792076  0.00373763  0.96792798 -0.25158017
19508.4  1.50000000  0.96792023  0.00374061  0.96792746 -0.25158265
19508.5  1.50000000  0.96791993  0.00369167  0.96792697 -0.25158495
19508.6  1.50000000  0.96791991  0.00359819  0.96792660 -0.25158676
19508.7  1.50000000  0.96792012  0.00347253  0.96792635 -0.25158791
19508.8  1.50000000  0.96792055  0.00333055  0.96792628 -0.25158825
19508.9  1.50000000  0.96792113  0.00319036  0.96792639 -0.25158775
19509.0  1.50000000  0.96792178  0.00306908  0.96792665 -0.25158651
19509.1  1.50000000  0.96792244  0.00298101  0.96792703 -0.25158469
19509.2  1.50000000  0.96792304  0.00293653  0.96792750 -0.25158252
19509.3  1.50000000  0.96792349  0.00293990  0.96792795 -0.25158029
19509.4  1.50000000  0.96792378  0.00298960  0.96792840 -0.25157825
19509.5  1.50000000  0.96792382  0.00307883  0.96792872 -0.25157668
19509.6  1.50000000  0.96792364  0.00319525  0.96792892 -0.25157573
19509.7  1.50000000  0.96792326  0.00332439  0.96792897 -0.25157552
19509.8  1.50000000  0.96792270  0.00344990  0.96792885 -0.25157605
19509.9  1.50000000  0.96792206  0.00355638  0.96792859 -0.25157726
19510.0  1.50000000  0.96792144  0.00363135  0.96792825 -0.25157895
19510.1  1.50000000  0.96792086  0.00366624  0.96792781 -0.25158095
19510.2  1.50000000  0.96792049  0.00365740  0.96792740 -0.25158295
19510.3  1.50000000  0.96792029  0.00360748  0.96792701 -0.25158475
19510.4  1.50000000  0.96792031  0.00352283  0.96792672 -0.25158612
19510.5  1.50000000  0.96792055  0.00341515  0.96792657 -0.25158688
19510.6  1.50000000  0.96792092  0.00329807  0.96792654 -0.25158699
19510.7  1.50000000  0.96792142  0.00318588  0.96792667 -0.25158642
19510.8  1.50000000  0.96792197  0.00309281  0.96792691 -0.25158526
19510.9  1.50000000  0.96792251  0.00302936  0.96792725 -0.25158368
19511.0  1.50000000  0.96792296  0.00300284  0.96792762 -0.25158187
19511.1  1.50000000  0.96792333  0.00301592  0.96792803 -0.25158005
19511.2  1.50000000  0.96792347  0.00306557  0.96792832 -0.25157849
19511.3  1.50000000  0.96792350  0.00314544  0.96792861 -0.25157729
19511.4  1.50000000  0.96792326  0.00324466  0.96792870 -0.25157670
19511.5  1.50000000  0.96792294  0.00335071  0.96792874 -0.25157666
19511.6  1.50000000  0.96792244  0.00345046  0.96792859 -0.25157727
19511.7  1.50000000  0.96792192  0.00353184  0.96792836 -0.25157837
19511.8  1.50000000  0.96792141  0.00358488  0.96792805 -0.25157984
19511.9  1.50000000  0.96792099  0.00360450  0.96792770 -0.25158149
19512.0  1.50000000  0.96792071  0.00358797  0.96792736 -0.25158311
19512.1  1.50000000  0.96792060  0.00353918  0.96792707 -0.25158450
19512.2  1.50000000  0.96792066  0.00346416  0.96792686 -0.25158550
19512.3  1.50000000  0.96792088  0.00337287  0.96792676 -0.25158599
19512.4  1.50000000  0.96792122  0.00327723  0.96792677 -0.25158592
19512.5  1.50000000  0.96792165  0.00318850  0.96792690 -0.25158533
19512.6  1.50000000  0.96792210  0.00311795  0.96792712 -0.25158428
19512.7  1.50000000  0.96792253  0.00307357  0.96792741 -0.25158292
19512.8  1.50000000  0.96792288  0.00306021  0.96792771 -0.25158143
19512.9  1.50000000  0.96792315  0.00307896  0.96792804 -0.25157996
19513.0  1.50000000  0.96792321  0.00312668  0.96792826 -0.25157877
19513.1  1.50000000  0.96792320  0.00319685  0.96792848 -0.25157789
19513.2  1.50000000  0.96792297  0.00328046  0.96792853 -0.25157753
19513.3  1.50000000  0.96792266  0.00336681  0.96792852 -0.25157764
19513.4  1.50000000  0.96792226  0.00344525  0.96792839 -0.25157824
19513.5  1.50000000  0.96792182  0.00350652  0.96792818 -0.25157924
19513.6  1.50000000  0.96792143  0.00354308  0.96792791 -0.25158049
19513.7  1.50000000  0.96792111  0.00355148  0.96792763 -0.25158185
19513.8  1.50000000  0.96792091  0.00353089  0.96792735 -0.25158314
19513.9  1.50000000  0.96792086  0.00348474  0.96792714 -0.25158420
19514.0  1.50000000  0.96792094  0.00341926  0.96792698 -0.25158492
19514.1  1.50000000  0.96792115  0.00334274  0.96792692 -0.25158521
19514.2  1.50000000  0.96792145  0.00326511  0.96792696 -0.25158504
19514.3  1.50000000  0.96792181  0.00319567  0.96792708 -0.25158445
19514.4  1.50000000  0.96792217  0.00314292  0.96792728 -0.25158351
19514.5  1.50000000  0.96792252  0.00311296  0.96792753 -0.25158235
19514.6  1.50000000  0.96792278  0.00310884  0.96792777 -0.25158114
19514.7  1.50000000  0.96792297  0.00313063  0.96792803 -0.25157998
19514.8  1.50000000  0.96792301  0.00317501  0.96792821 -0.25157906
19514.9  1.50000000  0.96792294  0.00323597  0.96792835 -0.25157845
19515.0  1.50000000  0.96792274  0.00330576  0.96792839 -0.25157825
19515.1  1.50000000  0.96792246  0.00337553  0.96792835 -0.25157845
19515.2  1.50000000  0.96792212  0.00343669  0.96792822 -0.25157903
19515.3  1.50000000  0.96792177  0.00348204  0.96792804 -0.25157991
19515.4  1.50000000  0.96792146  0.00350617  0.96792781 -0.25158097
19515.5  1.50000000  0.96792123  0.00350679  0.96792758 -0.25158208
19515.6  1.50000000  0.96792109  0.00348424  0.96792736 -0.25158310
19515.7  1.50000000  0.96792108  0.00344176  0.96792720 -0.25158390
19515.8  1.50000000  0.96792117  0.00338524  0.96792709 -0.25158440
19515.9  1.50000000  0.96792136  0.00332172  0.96792706 -0.25158454
19516.0  1.50000000  0.96792162  0.00325929  0.96792711 -0.25158431
19516.1  1.50000000  0.96792192  0.00320554  0.96792723 -0.25158375
19516.2  1.50000000  0.96792222  0.00316684  0.96792740 -0.25158293
19516.3  1.50000000  0.96792249  0.00314759  0.96792761 -0.25158196
19516.4  1.50000000  0.96792269  0.00314973  0.96792782 -0.25158096
19516.5  1.50000000  0.96792281  0.00317238  0.96792801 -0.25158006
19516.6  1.50000000  0.96792283  0.00321243  0.96792816 -0.25157936
19516.7  1.50000000  0.96792274  0.00326451  0.96792824 -0.25157895
19516.8  1.50000000  0.96792256  0.00332216  0.96792826 -0.25157886
19516.9  1.50000000  0.96792231  0.00337813  0.96792821 -0.25157911
19517.0  1.50000000  0.96792203  0.00342551  0.96792809 -0.25157965
19517.1  1.50000000  0.96792175  0.00345870  0.96792793 -0.25158041
19517.2  1.50000000  0.96792151  0.00347397  0.96792774 -0.25158130
19517.3  1.50000000  0.96792133  0.00346980  0.96792755 -0.25158220
19517.4  1.50000000  0.96792125  0.00344711  0.96792739 -0.25158300
19517.5  1.50000000  0.96792126  0.00340916  0.96792726 -0.25158360
19517.6  1.50000000  0.96792135  0.00336088  0.96792719 -0.25158395
19517.7  1.50000000  0.96792153  0.00330841  0.96792718 -0.25158398
19517.8  1.50000000  0.96792175  0.00325838  0.96792724 -0.25158372
19517.9  1.50000000  0.96792200  0.00321680  0.96792734 -0.25158321
19518.0  1.50000000  0.96792224  0.00318859  0.96792750 -0.25158249
19518.1  1.50000000  0.96792245  0.00317700  0.96792767 -0.25158168
19518.2  1.50000000  0.96792260  0.00318304  0.96792783 -0.25158087
19518.3  1.50000000  0.96792268  0.00320548  0.96792798 -0.25158017
19518.4  1.50000000  0.96792267  0.00324138  0.96792810 -0.25157964
19518.5  1.50000000  0.96792257  0.00328598  0.96792815 -0.25157937
19518.6  1.50000000  0.96792241  0.00333352  0.96792815 -0.25157937
19518.7  1.50000000  0.96792220  0.00337827  0.96792810 -0.25157963
19518.8  1.50000000  0.96792196  0.00341461  0.96792799 -0.25158014
19518.9  1.50000000  0.96792175  0.00343829  0.96792785 -0.25158079
19519.0  1.50000000  0.96792156  0.00344687  0.96792770 -0.25158153
19519.1  1.50000000  0.96792142  0.00343936  0.96792753 -0.25158227
19519.2  1.50000000  0.96792139  0.00341713  0.96792742 -0.25158288
19519.3  1.50000000  0.96792140  0.00338353  0.96792732 -0.25158333
19519.4  1.50000000  0.96792149  0.00334232  0.96792726 -0.25158356
19519.5  1.50000000  0.96792167  0.00329939  0.96792730 -0.25158350
19519.6  1.50000000  0.96792183  0.00325972  0.96792732 -0.25158326
19519.7  1.50000000  0.96792206  0.00322795  0.96792744 -0.25158277
19519.8  1.50000000  0.96792225  0.00320832  0.96792757 -0.25158216
19519.9  1.50000000  0.96792240  0.00320249  0.96792770 -0.25158149
19520.0  1.50000000  0.96792252  0.00321094  0.96792785 -0.25158083
19520.1  1.50000000  0.96792257  0.00323278  0.96792797 -0.25158028
19520.2  1.50000000  0.96792252  0.00326423  0.96792802 -0.25157993
19520.3  1.50000000  0.96792247  0.00330189  0.96792810 -0.25157972
19520.4  1.50000000  0.96792228  0.00334084  0.96792805 -0.25157981
19520.5  1.50000000  0.96792212  0.00337576  0.96792801 -0.25158007
19520.6  1.50000000  0.96792193  0.00340339  0.96792792 -0.25158051
19520.7  1.50000000  0.96792173  0.00341958  0.96792777 -0.25158110
19520.8  1.50000000  0.96792162  0.00342308  0.96792767 -0.25158168
19520.9  1.50000000  0.96792151  0.00341384  0.96792754 -0.25158228
19521.0  1.50000000  0.96792148  0.00339282  0.96792743 -0.25158276
19521.1  1.50000000  0.96792154  0.00336322  0.96792739 -0.25158306
19521.2  1.50000000  0.96792161  0.00332910  0.96792733 -0.25158321
19521.3  1.50000000  0.96792176  0.00329376  0.96792737 -0.25158312
19521.4  1.50000000  0.96792192  0.00326314  0.96792743 -0.25158285
19521.5  1.50000000  0.96792208  0.00323918  0.96792750 -0.25158244
19521.6  1.50000000  0.96792225  0.00322605  0.96792763 -0.25158190
19521.7  1.50000000  0.96792237  0.00322437  0.96792774 -0.25158135
19521.8  1.50000000  0.96792242  0.00323426  0.96792783 -0.25158085
19521.9  1.50000000  0.96792248  0.00325432  0.96792795 -0.25158041
19522.0  1.50000000  0.96792240  0.00328193  0.96792796 -0.25158018
19522.1  1.50000000  0.96792235  0.00331308  0.96792802 -0.25158006
19522.2  1.50000000  0.96792221  0.00334466  0.96792798 -0.25158016
19522.3  1.50000000  0.96792205  0.00337187  0.96792792 -0.25158043
19522.4  1.50000000  0.96792192  0.00339218  0.96792786 -0.25158081
19522.5  1.50000000  0.96792175  0.00340296  0.96792773 -0.25158131
19522.6  1.50000000  0.96792166  0.00340296  0.96792764 -0.25158179
19522.7  1.50000000  0.96792160  0.00339278  0.96792755 -0.25158225
19522.8  1.50000000  0.96792158  0.00337366  0.96792746 -0.25158262
19522.9  1.50000000  0.96792164  0.00334798  0.96792743 -0.25158283
19523.0  1.50000000  0.96792172  0.00331970  0.96792741 -0.25158290
19523.1  1.50000000  0.96792183  0.00329135  0.96792742 -0.25158280
19523.2  1.50000000  0.96792198  0.00326748  0.96792749 -0.25158253
19523.3  1.50000000  0.96792210  0.00325009  0.96792756 -0.25158217
19523.4  1.50000000  0.96792223  0.00324159  0.96792765 -0.25158173
19523.5  1.50000000  0.96792233  0.00324279  0.96792776 -0.25158127
19523.6  1.50000000  0.96792236  0.00325317  0.96792782 -0.25158088
19523.7  1.50000000  0.96792238  0.00327134  0.96792791 -0.25158055
19523.8  1.50000000  0.96792233  0.00329505  0.96792793 -0.25158038
19523.9  1.50000000  0.96792225  0.00332084  0.96792795 -0.25158035
19524.0  1.50000000  0.96792215  0.00334603  0.96792793 -0.25158045
19524.1  1.50000000  0.96792201  0.00336712  0.96792786 -0.25158071
19524.2  1.50000000  0.96792190  0.00338176  0.96792780 -0.25158105
19524.3  1.50000000  0.96792178  0.00338841  0.96792771 -0.25158145
19524.4  1.50000000  0.96792170  0.00338620  0.96792763 -0.25158186
19524.5  1.50000000  0.96792167  0.00337576  0.96792756 -0.25158221
19524.6  1.50000000  0.96792167  0.00335861  0.96792749 -0.25158248
19524.7  1.50000000  0.96792171  0.00333671  0.96792747 -0.25158263
19524.8  1.50000000  0.96792179  0.00331333  0.96792747 -0.25158264
19524.9  1.50000000  0.96792189  0.00329092  0.96792748 -0.25158252
19525.0  1.50000000  0.96792201  0.00327250  0.96792754 -0.25158228
19525.1  1.50000000  0.96792211  0.00326015  0.96792761 -0.25158196
19525.2  1.50000000  0.96792221  0.00325518  0.96792768 -0.25158160
19525.3  1.50000000  0.96792228  0.00325816  0.96792776 -0.25158123
19525.4  1.50000000  0.96792230  0.00326849  0.96792782 -0.25158093
19525.5  1.50000000  0.96792230  0.00328464  0.96792788 -0.25158069
19525.6  1.50000000  0.96792226  0.00330473  0.96792790 -0.25158057
19525.7  1.50000000  0.96792218  0.00332592  0.96792789 -0.25158058
19525.8  1.50000000  0.96792209  0.00334580  0.96792788 -0.25158070
19525.9  1.50000000  0.96792198  0.00336189  0.96792782 -0.25158093
19526.0  1.50000000  0.96792189  0.00337221  0.96792776 -0.25158122
19526.1  1.50000000  0.96792181  0.00337578  0.96792769 -0.25158155
19526.2  1.50000000  0.96792175  0.00337220  0.96792762 -0.25158188
19526.3  1.50000000  0.96792173  0.00336206  0.96792757 -0.25158215
19526.4  1.50000000  0.96792174  0.00334691  0.96792752 -0.25158235
19526.5  1.50000000  0.96792178  0.00332847  0.96792750 -0.25158245
19526.6  1.50000000  0.96792185  0.00330934  0.96792751 -0.25158242
19526.7  1.50000000  0.96792194  0.00329170  0.96792753 -0.25158230
19526.8  1.50000000  0.96792203  0.00327774  0.96792758 -0.25158209
19526.9  1.50000000  0.96792212  0.00326916  0.96792764 -0.25158181
19527.0  1.50000000  0.96792219  0.00326678  0.96792770 -0.25158152
19527.1  1.50000000  0.96792224  0.00327081  0.96792776 -0.25158122
19527.2  1.50000000  0.96792225  0.00328065  0.96792781 -0.25158098
19527.3  1.50000000  0.96792224  0.00329484  0.96792785 -0.25158082
19527.4  1.50000000  0.96792220  0.00331170  0.96792786 -0.25158074
19527.5  1.50000000  0.96792213  0.00332897  0.96792785 -0.25158078
19527.6  1.50000000  0.96792205  0.00334456  0.96792783 -0.25158090
19527.7  1.50000000  0.96792197  0.00335664  0.96792779 -0.25158110
19527.8  1.50000000  0.96792189  0.00336371  0.96792773 -0.25158135
19527.9  1.50000000  0.96792183  0.00336509  0.96792768 -0.25158162
19528.0  1.50000000  0.96792179  0.00336074  0.96792762 -0.25158188
19528.1  1.50000000  0.96792178  0.00335124  0.96792758 -0.25158209
19528.2  1.50000000  0.96792179  0.00333800  0.96792755 -0.25158223
19528.3  1.50000000  0.96792183  0.00332261  0.96792754 -0.25158229
19528.4  1.50000000  0.96792190  0.00330708  0.96792755 -0.25158225
19528.5  1.50000000  0.96792197  0.00329331  0.96792757 -0.25158213
19528.6  1.50000000  0.96792204  0.00328291  0.96792761 -0.25158194
19528.7  1.50000000  0.96792211  0.00327715  0.96792766 -0.25158170
19528.8  1.50000000  0.96792217  0.00327659  0.96792771 -0.25158146
19528.9  1.50000000  0.96792220  0.00328117  0.96792776 -0.25158123
19529.0  1.50000000  0.96792221  0.00329027  0.96792780 -0.25158105
19529.1  1.50000000  0.96792219  0.00330259  0.96792782 -0.25158093
19529.2  1.50000000  0.96792215  0.00331661  0.96792783 -0.25158089
19529.3  1.50000000  0.96792209  0.00333056  0.96792782 -0.25158094
19529.4  1.50000000  0.96792202  0.00334268  0.96792780 -0.25158106
19529.5  1.50000000  0.96792196  0.00335159  0.96792776 -0.25158123
19529.6  1.50000000  0.96792189  0.00335622  0.96792771 -0.25158145
19529.7  1.50000000  0.96792185  0.00335610  0.96792767 -0.25158167
19529.8  1.50000000  0.96792182  0.00335139  0.96792762 -0.25158187
19529.9  1.50000000  0.96792182  0.00334271  0.96792759 -0.25158203
19530.0  1.50000000  0.96792184  0.00333128  0.96792757 -0.25158213
19530.1  1.50000000  0.96792188  0.00331853  0.96792756 -0.25158215
19530.2  1.50000000  0.96792193  0.00330605  0.96792758 -0.25158210
19530.3  1.50000000  0.96792199  0.00329540  0.96792760 -0.25158199
19530.4  1.50000000  0.96792205  0.00328781  0.96792764 -0.25158182
19530.5  1.50000000  0.96792211  0.00328416  0.96792768 -0.25158162
19530.6  1.50000000  0.96792215  0.00328483  0.96792772 -0.25158142
19530.7  1.50000000  0.96792217  0.00328959  0.96792776 -0.25158125
19530.8  1.50000000  0.96792217  0.00329782  0.96792779 -0.25158111
19530.9  1.50000000  0.96792215  0.00330840  0.96792780 -0.25158103
19531.0  1.50000000  0.96792211  0.00331997  0.96792781 -0.25158102
19531.1  1.50000000  0.96792206  0.00333111  0.96792779 -0.25158107
19531.2  1.50000000  0.96792201  0.00334044  0.96792777 -0.25158118
19531.3  1.50000000  0.96792195  0.00334687  0.96792774 -0.25158134
19531.4  1.50000000  0.96792190  0.00334968  0.96792770 -0.25158151
19531.5  1.50000000  0.96792187  0.00334857  0.96792766 -0.25158169
19531.6  1.50000000  0.96792185  0.00334382  0.96792763 -0.25158185
19531.7  1.50000000  0.96792185  0.00333605  0.96792760 -0.25158197
19531.8  1.50000000  0.96792188  0.00332630  0.96792759 -0.25158203
19531.9  1.50000000  0.96792191  0.00331581  0.96792759 -0.25158204
19532.0  1.50000000  0.96792196  0.00330588  0.96792760 -0.25158198
19532.1  1.50000000  0.96792201  0.00329774  0.96792762 -0.25158188
19532.2  1.50000000  0.96792206  0.00329232  0.96792765 -0.25158173
19532.3  1.50000000  0.96792210  0.00329023  0.96792769 -0.25158157
19532.4  1.50000000  0.96792213  0.00329168  0.96792772 -0.25158141
19532.5  1.50000000  0.96792214  0.00329637  0.96792775 -0.25158127
19532.6  1.50000000  0.96792214  0.00330368  0.96792777 -0.25158117
19532.7  1.50000000  0.96792212  0.00331265  0.96792778 -0.25158112
19532.8  1.50000000  0.96792208  0.00332213  0.96792778 -0.25158112
19532.9  1.50000000  0.96792204  0.00333096  0.96792777 -0.25158118
19533.0  1.50000000  0.96792199  0.00333805  0.96792775 -0.25158128
19533.1  1.50000000  0.96792195  0.00334258  0.96792772 -0.25158141
19533.2  1.50000000  0.96792191  0.00334406  0.96792769 -0.25158156
19533.3  1.50000000  0.96792189  0.00334235  0.96792766 -0.25158170
19533.4  1.50000000  0.96792188  0.00333776  0.96792763 -0.25158183
19533.5  1.50000000  0.96792188  0.00333090  0.96792762 -0.25158191
19533.6  1.50000000  0.96792190  0.00332267  0.96792761 -0.25158195
19533.7  1.50000000  0.96792194  0.00331412  0.96792761 -0.25158194
19533.8  1.50000000  0.96792197  0.00330629  0.96792762 -0.25158189
19533.9  1.50000000  0.96792202  0.00330014  0.96792764 -0.25158179
19534.0  1.50000000  0.96792206  0.00329638  0.96792767 -0.25158167
19534.1  1.50000000  0.96792209  0.00329542  0.96792770 -0.25158153
19534.2  1.50000000  0.96792211  0.00329733  0.96792772 -0.25158140
19534.3  1.50000000  0.96792211  0.00330178  0.96792775 -0.25158130
19534.4  1.50000000  0.96792211  0.00330819  0.96792776 -0.25158122
19534.5  1.50000000  0.96792209  0.00331572  0.96792777 -0.25158119
19534.6  1.50000000  0.96792206  0.00332342  0.96792776 -0.25158121
19534.7  1.50000000  0.96792202  0.00333035  0.96792775 -0.25158126
19534.8  1.50000000  0.96792199  0.00333566  0.96792773 -0.25158136
19534.9  1.50000000  0.96792195  0.00333874  0.96792771 -0.25158147
19535.0  1.50000000  0.96792192  0.00333927  0.96792768 -0.25158159
19535.1  1.50000000  0.96792191  0.00333723  0.96792766 -0.25158170
19535.2  1.50000000  0.96792190  0.00333294  0.96792764 -0.25158180
19535.3  1.50000000  0.96792191  0.00332697  0.96792763 -0.25158186
19535.4  1.50000000  0.96792193  0.00332009  0.96792762 -0.25158188
19535.5  1.50000000  0.96792196  0.00331317  0.96792763 -0.25158186
19535.6  1.50000000  0.96792199  0.00330706  0.96792764 -0.25158181
19535.7  1.50000000  0.96792202  0.00330249  0.96792766 -0.25158172
19535.8  1.50000000  0.96792205  0.00330000  0.96792768 -0.25158162
19535.9  1.50000000  0.96792208  0.00329982  0.96792770 -0.25158151
19536.0  1.50000000  0.96792209  0.00330195  0.96792772 -0.25158141
19536.1  1.50000000  0.96792209  0.00330606  0.96792774 -0.25158132
19536.2  1.50000000  0.96792209  0.00331161  0.96792775 -0.25158127
19536.3  1.50000000  0.96792207  0.00331787  0.96792775 -0.25158126
19536.4  1.50000000  0.96792204  0.00332408  0.96792775 -0.25158128
19536.5  1.50000000  0.96792201  0.00332945  0.96792774 -0.25158133
19536.6  1.50000000  0.96792198  0.00333336  0.96792772 -0.25158141
19536.7  1.50000000  0.96792195  0.00333536  0.96792770 -0.25158151
19536.8  1.50000000  0.96792193  0.00333524  0.96792768 -0.25158161
19536.9  1.50000000  0.96792192  0.00333306  0.96792766 -0.25158170
19537.0  1.50000000  0.96792192  0.00332915  0.96792765 -0.25158177
19537.1  1.50000000  0.96792193  0.00332401  0.96792764 -0.25158181
19537.2  1.50000000  0.96792195  0.00331831  0.96792764 -0.25158182
19537.3  1.50000000  0.96792197  0.00331276  0.96792764 -0.25158180
19537.4  1.50000000  0.96792200  0.00330805  0.96792765 -0.25158174
19537.5  1.50000000  0.96792203  0.00330471  0.96792767 -0.25158167
19537.6  1.50000000  0.96792205  0.00330315  0.96792769 -0.25158158
19537.7  1.50000000  0.96792207  0.00330351  0.96792770 -0.25158149
19537.8  1.50000000  0.96792208  0.00330570  0.96792772 -0.25158141
19537.9  1.50000000  0.96792208  0.00330941  0.96792773 -0.25158135
19538.0  1.50000000  0.96792207  0.00331416  0.96792774 -0.25158132
19538.1  1.50000000  0.96792205  0.00331933  0.96792774 -0.25158131
19538.2  1.50000000  0.96792203  0.00332428  0.96792774 -0.25158134
19538.3  1.50000000  0.96792200  0.00332841  0.96792773 -0.25158139
19538.4  1.50000000  0.96792198  0.00333123  0.96792771 -0.25158146
19538.5  1.50000000  0.96792196  0.00333242  0.96792769 -0.25158154
19538.6  1.50000000  0.96792194  0.00333188  0.96792768 -0.25158162
19538.7  1.50000000  0.96792194  0.00332970  0.96792766 -0.25158169
19538.8  1.50000000  0.96792194  0.00332619  0.96792765 -0.25158174
19538.9  1.50000000  0.96792195  0.00332182  0.96792765 -0.25158177
19539.0  1.50000000  0.96792196  0.00331721  0.96792765 -0.25158177
19539.1  1.50000000  0.96792198  0.00331304  0.96792765 -0.25158174
19539.2  1.50000000  0.96792200  0.00330965  0.96792766 -0.25158169
19539.3  1.50000000  0.96792203  0.00330738  0.96792768 -0.25158163
19539.4  1.50000000  0.96792204  0.00330649  0.96792769 -0.25158156
19539.5  1.50000000  0.96792206  0.00330706  0.96792770 -0.25158149
19539.6  1.50000000  0.96792206  0.00330902  0.96792772 -0.25158143
19539.7  1.50000000  0.96792206  0.00331212  0.96792773 -0.25158139
19539.8  1.50000000  0.96792205  0.00331594  0.96792773 -0.25158137
19539.9  1.50000000  0.96792204  0.00332002  0.96792773 -0.25158137
19540.0  1.50000000  0.96792202  0.00332383  0.96792773 -0.25158139
19540.1  1.50000000  0.96792200  0.00332690  0.96792772 -0.25158144
19540.2  1.50000000  0.96792198  0.00332886  0.96792770 -0.25158149
19540.3  1.50000000  0.96792196  0.00332949  0.96792769 -0.25158156
19540.4  1.50000000  0.96792195  0.00332875  0.96792768 -0.25158162
19540.5  1.50000000  0.96792195  0.00332675  0.96792767 -0.25158167
19540.6  1.50000000  0.96792195  0.00332377  0.96792766 -0.25158171
19540.7  1.50000000  0.96792196  0.00332018  0.96792766 -0.25158173
19540.8  1.50000000  0.96792197  0.00331645  0.96792766 -0.25158172
19540.9  1.50000000  0.96792199  0.00331304  0.96792766 -0.25158170
19541.0  1.50000000  0.96792201  0.00331036  0.96792767 -0.25158165
19541.1  1.50000000  0.96792203  0.00330875  0.96792768 -0.25158160
19541.2  1.50000000  0.96792204  0.00330840  0.96792769 -0.25158154
19541.3  1.50000000  0.96792205  0.00330931  0.96792771 -0.25158148
19541.4  1.50000000  0.96792205  0.00331138  0.96792772 -0.25158144
19541.5  1.50000000  0.96792205  0.00331428  0.96792772 -0.25158141
19541.6  1.50000000  0.96792204  0.00331762  0.96792772 -0.25158140
19541.7  1.50000000  0.96792203  0.00332096  0.96792772 -0.25158140
19541.8  1.50000000  0.96792201  0.00332391  0.96792772 -0.25158143
19541.9  1.50000000  0.96792199  0.00332612  0.96792771 -0.25158147
19542.0  1.50000000  0.96792198  0.00332735  0.96792770 -0.25158152
19542.1  1.50000000  0.96792197  0.00332747  0.96792769 -0.25158157
19542.2  1.50000000  0.96792196  0.00332648  0.96792768 -0.25158162
19542.3  1.50000000  0.96792196  0.00332452  0.96792767 -0.25158166
19542.4  1.50000000  0.96792196  0.00332188  0.96792767 -0.25158169
19542.5  1.50000000  0.96792197  0.00331890  0.96792766 -0.25158170
19542.6  1.50000000  0.96792198  0.00331598  0.96792766 -0.25158168
19542.7  1.50000000  0.96792200  0.00331362  0.96792767 -0.25158166
19542.8  1.50000000  0.96792201  0.00331180  0.96792768 -0.25158162
19542.9  1.50000000  0.96792202  0.00331084  0.96792769 -0.25158158
19543.0  1.50000000  0.96792203  0.00331081  0.96792770 -0.25158153
19543.1  1.50000000  0.96792204  0.00331169  0.96792770 -0.25158149
19543.2  1.50000000  0.96792204  0.00331335  0.96792771 -0.25158146
19543.3  1.50000000  0.96792204  0.00331555  0.96792772 -0.25158144
19543.4  1.50000000  0.96792203  0.00331806  0.96792772 -0.25158143
19543.5  1.50000000  0.96792202  0.00332058  0.96792772 -0.25158144
19543.6  1.50000000  0.96792201  0.00332280  0.96792771 -0.25158146
19543.7  1.50000000  0.96792200  0.00332450  0.96792770 -0.25158149
19543.8  1.50000000  0.96792198  0.00332545  0.96792770 -0.25158153
19543.9  1.50000000  0.96792197  0.00332554  0.96792769 -0.25158157
19544.0  1.50000000  0.96792197  0.00332476  0.96792768 -0.25158161
19544.1  1.50000000  0.96792197  0.00332323  0.96792767 -0.25158164
19544.2  1.50000000  0.96792197  0.00332113  0.96792767 -0.25158166
19544.3  1.50000000  0.96792198  0.00331871  0.96792767 -0.25158167
19544.4  1.50000000  0.96792199  0.00331631  0.96792767 -0.25158166
19544.5  1.50000000  0.96792200  0.00331421  0.96792767 -0.25158164
19544.6  1.50000000  0.96792201  0.00331269  0.96792768 -0.25158161
19544.7  1.50000000  0.96792202  0.00331193  0.96792769 -0.25158157
19544.8  1.50000000  0.96792203  0.00331200  0.96792770 -0.25158153
19544.9  1.50000000  0.96792203  0.00331288  0.96792770 -0.25158150
19545.0  1.50000000  0.96792204  0.00331445  0.96792771 -0.25158147
19545.1  1.50000000  0.96792203  0.00331649  0.96792771 -0.25158145
19545.2  1.50000000  0.96792202  0.00331875  0.96792771 -0.25158145
19545.3  1.50000000  0.96792201  0.00332093  0.96792771 -0.25158146
19545.4  1.50000000  0.96792200  0.00332278  0.96792771 -0.25158148
19545.5  1.50000000  0.96792199  0.00332405  0.96792770 -0.25158151
19545.6  1.50000000  0.96792198  0.00332460  0.96792769 -0.25158155
19545.7  1.50000000  0.96792198  0.00332439  0.96792769 -0.25158158
19545.8  1.50000000  0.96792197  0.00332345  0.96792768 -0.25158161
19545.9  1.50000000  0.96792197  0.00332191  0.96792767 -0.25158164
19546.0  1.50000000  0.96792198  0.00331997  0.96792767 -0.25158165
19546.1  1.50000000  0.96792199  0.00331790  0.96792767 -0.25158165
19546.2  1.50000000  0.96792200  0.00331596  0.96792768 -0.25158164
19546.3  1.50000000  0.96792200  0.00331438  0.96792768 -0.25158162
19546.4  1.50000000  0.96792201  0.00331331  0.96792768 -0.25158159
19546.5  1.50000000  0.96792202  0.00331294  0.96792769 -0.25158155
19546.6  1.50000000  0.96792203  0.00331327  0.96792770 -0.25158153
19546.7  1.50000000  0.96792203  0.00331418  0.96792770 -0.25158150
19546.8  1.50000000  0.96792203  0.00331561  0.96792771 -0.25158148
19546.9  1.50000000  0.96792203  0.00331736  0.96792771 -0.25158147
19547.0  1.50000000  0.96792202  0.00331918  0.96792771 -0.25158147
19547.1  1.50000000  0.96792201  0.00332088  0.96792771 -0.25158148
19547.2  1.50000000  0.96792200  0.00332226  0.96792770 -0.25158150
19547.3  1.50000000  0.96792199  0.00332316  0.96792770 -0.25158152
19547.4  1.50000000  0.96792199  0.00332348  0.96792769 -0.25158155
19547.5  1.50000000  0.96792198  0.00332319  0.96792769 -0.25158158
19547.6  1.50000000  0.96792198  0.00332236  0.96792768 -0.25158160
19547.7  1.50000000  0.96792198  0.00332108  0.96792768 -0.25158162
19547.8  1.50000000  0.96792198  0.00331951  0.96792768 -0.25158163
19547.9  1.50000000  0.96792199  0.00331784  0.96792768 -0.25158163
19548.0  1.50000000  0.96792200  0.00331628  0.96792768 -0.25158162
19548.1  1.50000000  0.96792200  0.00331502  0.96792768 -0.25158160
19548.2  1.50000000  0.96792201  0.00331419  0.96792769 -0.25158158
19548.3  1.50000000  0.96792202  0.00331390  0.96792769 -0.25158155
19548.4  1.50000000  0.96792202  0.00331417  0.96792770 -0.25158153
19548.5  1.50000000  0.96792203  0.00331495  0.96792770 -0.25158151
19548.6  1.50000000  0.96792202  0.00331616  0.96792771 -0.25158149
19548.7  1.50000000  0.96792202  0.00331762  0.96792771 -0.25158148
19548.8  1.50000000  0.96792202  0.00331916  0.96792771 -0.25158148
19548.9  1.50000000  0.96792201  0.00332061  0.96792771 -0.25158149
19549.0  1.50000000  0.96792200  0.00332179  0.96792770 -0.25158151
19549.1  1.50000000  0.96792199  0.00332255  0.96792770 -0.25158153
19549.2  1.50000000  0.96792199  0.00332282  0.96792769 -0.25158155
19549.3  1.50000000  0.96792198  0.00332256  0.96792769 -0.25158158
19549.4  1.50000000  0.96792198  0.00332181  0.96792768 -0.25158160
19549.5  1.50000000  0.96792198  0.00332067  0.96792768 -0.25158162
19549.6  1.50000000  0.96792199  0.00331928  0.96792768 -0.25158162
19549.7  1.50000000  0.96792199  0.00331781  0.96792768 -0.25158162
19549.8  1.50000000  0.96792200  0.00331645  0.96792768 -0.25158161
19549.9  1.50000000  0.96792200  0.00331536  0.96792768 -0.25158160
19550.0  1.50000000  0.96792201  0.00331467  0.96792769 -0.25158157
19550.1  1.50000000  0.96792202  0.00331445  0.96792769 -0.25158155
19550.2  1.50000000  0.96792202  0.00331474  0.96792770 -0.25158153
19550.3  1.50000000  0.96792202  0.00331547  0.96792770 -0.25158151
19550.4  1.50000000  0.96792202  0.00331656  0.96792770 -0.25158150
19550.5  1.50000000  0.96792202  0.00331788  0.96792771 -0.25158149
19550.6  1.50000000  0.96792201  0.00331925  0.96792770 -0.25158149
19550.7  1.50000000  0.96792201  0.00332050  0.96792770 -0.25158150
19550.8  1.50000000  0.96792200  0.00332150  0.96792770 -0.25158152
19550.9  1.50000000  0.96792199  0.00332214  0.96792770 -0.25158154
19551.0  1.50000000  0.96792199  0.00332233  0.96792769 -0.25158156
19551.1  1.50000000  0.96792199  0.00332204  0.96792769 -0.25158158
19551.2  1.50000000  0.96792198  0.00332133  0.96792768 -0.25158160
19551.3  1.50000000  0.96792199  0.00332027  0.96792768 -0.25158161
19551.4  1.50000000  0.96792199  0.00331900  0.96792768 -0.25158162
19551.5  1.50000000  0.96792199  0.00331766  0.96792768 -0.25158161
19551.6  1.50000000  0.96792200  0.00331643  0.96792768 -0.25158161
19551.7  1.50000000  0.96792201  0.00331546  0.96792768 -0.25158159
19551.8  1.50000000  0.96792201  0.00331485  0.96792769 -0.25158157
19551.9  1.50000000  0.96792202  0.00331469  0.96792769 -0.25158155
19552.0  1.50000000  0.96792202  0.00331499  0.96792770 -0.25158153
19552.1  1.50000000  0.96792202  0.00331573  0.96792770 -0.25158151
19552.2  1.50000000  0.96792202  0.00331681  0.96792770 -0.25158150
19552.3  1.50000000  0.96792202  0.00331809  0.96792770 -0.25158149
19552.4  1.50000000  0.96792201  0.00331942  0.96792770 -0.25158149
19552.5  1.50000000  0.96792201  0.00332063  0.96792770 -0.25158150
19552.6  1.50000000  0.96792200  0.00332156  0.96792770 -0.25158152
19552.7  1.50000000  0.96792199  0.00332214  0.96792769 -0.25158154
19552.8  1.50000000  0.96792199  0.00332225  0.96792769 -0.25158156
19552.9  1.50000000  0.96792199  0.00332190  0.96792769 -0.25158158
19553.0  1.50000000  0.96792198  0.00332113  0.96792768 -0.25158160
19553.1  1.50000000  0.96792199  0.00332004  0.96792768 -0.25158161
19553.2  1.50000000  0.96792199  0.00331875  0.96792768 -0.25158162
19553.3  1.50000000  0.96792199  0.00331744  0.96792768 -0.25158161
19553.4  1.50000000  0.96792200  0.00331627  0.96792768 -0.25158160
19553.5  1.50000000  0.96792201  0.00331538  0.96792769 -0.25158159
19553.6  1.50000000  0.96792201  0.00331487  0.96792769 -0.25158157
19553.7  1.50000000  0.96792202  0.00331480  0.96792769 -0.25158155
19553.8  1.50000000  0.96792202  0.00331519  0.96792770 -0.25158153
19553.9  1.50000000  0.96792202  0.00331598  0.96792770 -0.25158151
19554.0  1.50000000  0.96792202  0.00331708  0.96792770 -0.25158150
19554.1  1.50000000  0.96792202  0.00331836  0.96792771 -0.25158149
19554.2  1.50000000  0.96792201  0.00331966  0.96792770 -0.25158150
19554.3  1.50000000  0.96792200  0.00332080  0.96792770 -0.25158151
19554.4  1.50000000  0.96792200  0.00332163  0.96792770 -0.25158153
19554.5  1.50000000  0.96792199  0.00332206  0.96792769 -0.25158154
19554.6  1.50000000  0.96792199  0.00332206  0.96792769 -0.25158156
19554.7  1.50000000  0.96792199  0.00332162  0.96792769 -0.25158158
19554.8  1.50000000  0.96792198  0.00332078  0.96792768 -0.25158160
19554.9  1.50000000  0.96792199  0.00331966  0.96792768 -0.25158161
19555.0  1.50000000  0.96792199  0.00331845  0.96792768 -0.25158161
19555.1  1.50000000  0.96792200  0.00331730  0.96792768 -0.25158161
19555.2  1.50000000  0.96792200  0.00331625  0.96792768 -0.25158160
19555.3  1.50000000  0.96792201  0.00331553  0.96792769 -0.25158158
19555.4  1.50000000  0.96792201  0.00331523  0.96792769 -0.25158156
19555.5  1.50000000  0.96792201  0.00331529  0.96792769 -0.25158154
19555.6  1.50000000  0.96792202  0.00331571  0.96792770 -0.25158152
19555.7  1.50000000  0.96792202  0.00331652  0.96792770 -0.25158151
19555.8  1.50000000  0.96792202  0.00331752  0.96792770 -0.25158150
19555.9  1.50000000  0.96792201  0.00331860  0.96792770 -0.25158150
19556.0  1.50000000  0.96792201  0.00331967  0.96792770 -0.25158151
19556.1  1.50000000  0.96792200  0.00332057  0.96792770 -0.25158152
19556.2  1.50000000  0.96792200  0.00332118  0.96792770 -0.25158153
19556.3  1.50000000  0.96792199  0.00332147  0.96792769 -0.25158155
19556.4  1.50000000  0.96792199  0.00332140  0.96792769 -0.25158157
19556.5  1.50000000  0.96792199  0.00332099  0.96792769 -0.25158158
19556.6  1.50000000  0.96792199  0.00332030  0.96792768 -0.25158159
19556.7  1.50000000  0.96792199  0.00331943  0.96792768 -0.25158160
19556.8  1.50000000  0.96792199  0.00331847  0.96792768 -0.25158160
19556.9  1.50000000  0.96792200  0.00331754  0.96792768 -0.25158160
19557.0  1.50000000  0.96792200  0.00331674  0.96792768 -0.25158159
19557.1  1.50000000  0.96792201  0.00331616  0.96792769 -0.25158158
19557.2  1.50000000  0.96792201  0.00331585  0.96792769 -0.25158156
19557.3  1.50000000  0.96792201  0.00331585  0.96792769 -0.25158155
19557.4  1.50000000  0.96792202  0.00331615  0.96792770 -0.25158153
19557.5  1.50000000  0.96792202  0.00331670  0.96792770 -0.25158152
19557.6  1.50000000  0.96792201  0.00331745  0.96792770 -0.25158151
19557.7  1.50000000  0.96792201  0.00331829  0.96792770 -0.25158151
19557.8  1.50000000  0.96792201  0.00331914  0.96792770 -0.25158151
19557.9  1.50000000  0.96792201  0.00331989  0.96792770 -0.25158152
19558.0  1.50000000  0.96792200  0.00332046  0.96792770 -0.25158153
19558.1  1.50000000  0.96792200  0.00332080  0.96792769 -0.25158154
19558.2  1.50000000  0.96792199  0.00332088  0.96792769 -0.25158156
19558.3  1.50000000  0.96792199  0.00332069  0.96792769 -0.25158157
19558.4  1.50000000  0.96792199  0.00332022  0.96792769 -0.25158158
19558.5  1.50000000  0.96792199  0.00331955  0.96792768 -0.25158159
19558.6  1.50000000  0.96792199  0.00331876  0.96792768 -0.25158159
19558.7  1.50000000  0.96792200  0.00331793  0.96792768 -0.25158159
19558.8  1.50000000  0.96792200  0.00331718  0.96792769 -0.25158159
19558.9  1.50000000  0.96792200  0.00331660  0.96792769 -0.25158158
19559.0  1.50000000  0.96792201  0.00331624  0.96792769 -0.25158156
19559.1  1.50000000  0.96792201  0.00331615  0.96792769 -0.25158155
19559.2  1.50000000  0.96792201  0.00331634  0.96792770 -0.25158154
19559.3  1.50000000  0.96792201  0.00331677  0.96792770 -0.25158153
19559.4  1.50000000  0.96792201  0.00331741  0.96792770 -0.25158152
19559.5  1.50000000  0.96792201  0.00331816  0.96792770 -0.25158152
19559.6  1.50000000  0.96792201  0.00331896  0.96792770 -0.25158152
19559.7  1.50000000  0.96792201  0.00331968  0.96792770 -0.25158152
19559.8  1.50000000  0.96792200  0.00332027  0.96792770 -0.25158153
19559.9  1.50000000  0.96792200  0.00332064  0.96792769 -0.25158154
19560.0  1.50000000  0.96792199  0.00332077  0.96792769 -0.25158156
19560.1  1.50000000  0.96792199  0.00332062  0.96792769 -0.25158157
19560.2  1.50000000  0.96792199  0.00332022  0.96792769 -0.25158158
19560.3  1.50000000  0.96792199  0.00331964  0.96792768 -0.25158159
19560.4  1.50000000  0.96792199  0.00331894  0.96792768 -0.25158159
19560.5  1.50000000  0.96792200  0.00331821  0.96792768 -0.25158159
19560.6  1.50000000  0.96792200  0.00331752  0.96792769 -0.25158159
19560.7  1.50000000  0.96792200  0.00331696  0.96792769 -0.25158158
19560.8  1.50000000  0.96792201  0.00331656  0.96792769 -0.25158157
19560.9  1.50000000  0.96792201  0.00331640  0.96792769 -0.25158156
19561.0  1.50000000  0.96792201  0.00331648  0.96792769 -0.25158154
19561.1  1.50000000  0.96792201  0.00331680  0.96792770 -0.25158153
19561.2  1.50000000  0.96792201  0.00331733  0.96792770 -0.25158152
19561.3  1.50000000  0.96792201  0.00331799  0.96792770 -0.25158152
19561.4  1.50000000  0.96792201  0.00331871  0.96792770 -0.25158152
19561.5  1.50000000  0.96792201  0.00331941  0.96792770 -0.25158152
19561.6  1.50000000  0.96792200  0.00331999  0.96792770 -0.25158153
19561.7  1.50000000  0.96792200  0.00332039  0.96792769 -0.25158154
19561.8  1.50000000  0.96792200  0.00332056  0.96792769 -0.25158155
19561.9  1.50000000  0.96792199  0.00332048  0.96792769 -0.25158156
19562.0  1.50000000  0.96792199  0.00332019  0.96792769 -0.25158157
19562.1  1.50000000  0.96792199  0.00331968  0.96792769 -0.25158158
19562.2  1.50000000  0.96792199  0.00331904  0.96792768 -0.25158159
19562.3  1.50000000  0.96792200  0.00331835  0.96792768 -0.25158159
19562.4  1.50000000  0.96792200  0.00331767  0.96792769 -0.25158158
19562.5  1.50000000  0.96792200  0.00331709  0.96792769 -0.25158158
19562.6  1.50000000  0.96792201  0.00331667  0.96792769 -0.25158157
19562.7  1.50000000  0.96792201  0.00331647  0.96792769 -0.25158156
19562.8  1.50000000  0.96792201  0.00331650  0.96792769 -0.25158155
19562.9  1.50000000  0.96792201  0.00331677  0.96792770 -0.25158153
19563.0  1.50000000  0.96792201  0.00331725  0.96792770 -0.25158153
19563.1  1.50000000  0.96792201  0.00331788  0.96792770 -0.25158152
19563.2  1.50000000  0.96792201  0.00331860  0.96792770 -0.25158152
19563.3  1.50000000  0.96792201  0.00331931  0.96792770 -0.25158152
19563.4  1.50000000  0.96792200  0.00331993  0.96792770 -0.25158153
19563.5  1.50000000  0.96792200  0.00332039  0.96792769 -0.25158154
19563.6  1.50000000  0.96792200  0.00332064  0.96792769 -0.25158155
19563.7  1.50000000  0.96792199  0.00332062  0.96792769 -0.25158156
19563.8  1.50000000  0.96792199  0.00332036  0.96792769 -0.25158157
19563.9  1.50000000  0.96792199  0.00331987  0.96792769 -0.25158158
19564.0  1.50000000  0.96792199  0.00331921  0.96792768 -0.25158159
19564.1  1.50000000  0.96792200  0.00331847  0.96792768 -0.25158159
19564.2  1.50000000  0.96792200  0.00331771  0.96792768 -0.25158159
19564.3  1.50000000  0.96792200  0.00331704  0.96792769 -0.25158158
19564.4  1.50000000  0.96792201  0.00331655  0.96792769 -0.25158157
19564.5  1.50000000  0.96792201  0.00331628  0.96792769 -0.25158156
19564.6  1.50000000  0.96792201  0.00331628  0.96792769 -0.25158155
19564.7  1.50000000  0.96792201  0.00331655  0.96792770 -0.25158153
19564.8  1.50000000  0.96792201  0.00331707  0.96792770 -0.25158152
19564.9  1.50000000  0.96792201  0.00331776  0.96792770 -0.25158152
19565.0  1.50000000  0.96792201  0.00331855  0.96792770 -0.25158152
19565.1  1.50000000  0.96792201  0.00331934  0.96792770 -0.25158152
19565.2  1.50000000  0.96792200  0.00332003  0.96792770 -0.25158153
19565.3  1.50000000  0.96792200  0.00332053  0.96792770 -0.25158154
19565.4  1.50000000  0.96792200  0.00332081  0.96792769 -0.25158155
19565.5  1.50000000  0.96792199  0.00332079  0.96792769 -0.25158156
19565.6  1.50000000  0.96792199  0.00332049  0.96792769 -0.25158158
19565.7  1.50000000  0.96792199  0.00331995  0.96792769 -0.25158159
19565.8  1.50000000  0.96792199  0.00331922  0.96792768 -0.25158159
19565.9  1.50000000  0.96792200  0.00331840  0.96792768 -0.25158159
19566.0  1.50000000  0.96792200  0.00331758  0.96792768 -0.25158159
19566.1  1.50000000  0.96792200  0.00331687  0.96792769 -0.25158158
19566.2  1.50000000  0.96792201  0.00331635  0.96792769 -0.25158157
19566.3  1.50000000  0.96792201  0.00331608  0.96792769 -0.25158156
19566.4  1.50000000  0.96792201  0.00331612  0.96792769 -0.25158154
19566.5  1.50000000  0.96792201  0.00331644  0.96792770 -0.25158153
19566.6  1.50000000  0.96792202  0.00331701  0.96792770 -0.25158152
19566.7  1.50000000  0.96792201  0.00331777  0.96792770 -0.25158152
19566.8  1.50000000  0.96792201  0.00331862  0.96792770 -0.25158151
19566.9  1.50000000  0.96792201  0.00331946  0.96792770 -0.25158152
19567.0  1.50000000  0.96792200  0.00332018  0.96792770 -0.25158153
19567.1  1.50000000  0.96792200  0.00332071  0.96792770 -0.25158154
19567.2  1.50000000  0.96792200  0.00332098  0.96792769 -0.25158155
19567.3  1.50000000  0.96792199  0.00332095  0.96792769 -0.25158157
19567.4  1.50000000  0.96792199  0.00332060  0.96792769 -0.25158158
19567.5  1.50000000  0.96792199  0.00332000  0.96792768 -0.25158159
19567.6  1.50000000  0.96792199  0.00331922  0.96792768 -0.25158159
19567.7  1.50000000  0.96792199  0.00331835  0.96792768 -0.25158160
19567.8  1.50000000  0.96792200  0.00331751  0.96792768 -0.25158159
19567.9  1.50000000  0.96792200  0.00331678  0.96792769 -0.25158158
19568.0  1.50000000  0.96792201  0.00331626  0.96792769 -0.25158157
19568.1  1.50000000  0.96792201  0.00331600  0.96792769 -0.25158156
19568.2  1.50000000  0.96792201  0.00331604  0.96792769 -0.25158154
19568.3  1.50000000  0.96792202  0.00331637  0.96792770 -0.25158153
19568.4  1.50000000  0.96792202  0.00331696  0.96792770 -0.25158152
19568.5  1.50000000  0.96792201  0.00331774  0.96792770 -0.25158151
19568.6  1.50000000  0.96792201  0.00331862  0.96792770 -0.25158151
19568.7  1.50000000  0.96792201  0.00331949  0.96792770 -0.25158152
19568.8  1.50000000  0.96792200  0.00332024  0.96792770 -0.25158152
19568.9  1.50000000  0.96792200  0.00332078  0.96792770 -0.25158154
19569.0  1.50000000  0.96792200  0.00332106  0.96792769 -0.25158155
19569.1  1.50000000  0.96792199  0.00332102  0.96792769 -0.25158156
19569.2  1.50000000  0.96792199  0.00332067  0.96792769 -0.25158158
19569.3  1.50000000  0.96792199  0.00332005  0.96792768 -0.25158159
19569.4  1.50000000  0.96792199  0.00331925  0.96792768 -0.25158160
19569.5  1.50000000  0.96792199  0.00331834  0.96792768 -0.25158160
19569.6  1.50000000  0.96792200  0.00331745  0.96792768 -0.25158159
19569.7  1.50000000  0.96792200  0.00331668  0.96792769 -0.25158158
19569.8  1.50000000  0.96792201  0.00331612  0.96792769 -0.25158157
19569.9  1.50000000  0.96792201  0.00331585  0.96792769 -0.25158156
19570.0  1.50000000  0.96792201  0.00331590  0.96792769 -0.25158154
19570.1  1.50000000  0.96792202  0.00331626  0.96792770 -0.25158153
19570.2  1.50000000  0.96792202  0.00331689  0.96792770 -0.25158152
19570.3  1.50000000  0.96792201  0.00331772  0.96792770 -0.25158151
19570.4  1.50000000  0.96792201  0.00331865  0.96792770 -0.25158151
19570.5  1.50000000  0.96792201  0.00331957  0.96792770 -0.25158151
19570.6  1.50000000  0.96792200  0.00332035  0.96792770 -0.25158152
19570.7  1.50000000  0.96792200  0.00332092  0.96792770 -0.25158154
19570.8  1.50000000  0.96792199  0.00332120  0.96792769 -0.25158155
19570.9  1.50000000  0.96792199  0.00332114  0.96792769 -0.25158157
19571.0  1.50000000  0.96792199  0.00332076  0.96792769 -0.25158158
19571.1  1.50000000  0.96792199  0.00332010  0.96792768 -0.25158159
19571.2  1.50000000  0.96792199  0.00331923  0.96792768 -0.25158160
19571.3  1.50000000  0.96792199  0.00331828  0.96792768 -0.25158160
19571.4  1.50000000  0.96792200  0.00331735  0.96792768 -0.25158159
19571.5  1.50000000  0.96792200  0.00331656  0.96792769 -0.25158158
19571.6  1.50000000  0.96792201  0.00331601  0.96792769 -0.25158157
19571.7  1.50000000  0.96792201  0.00331576  0.96792769 -0.25158156
19571.8  1.50000000  0.96792201  0.00331584  0.96792769 -0.25158154
19571.9  1.50000000  0.96792202  0.00331626  0.96792770 -0.25158153
19572.0  1.50000000  0.96792202  0.00331695  0.96792770 -0.25158152
19572.1  1.50000000  0.96792202  0.00331785  0.96792770 -0.25158151
19572.2  1.50000000  0.96792201  0.00331883  0.96792770 -0.25158151
19572.3  1.50000000  0.96792201  0.00331977  0.96792770 -0.25158151
19572.4  1.50000000  0.96792200  0.00332054  0.96792770 -0.25158153
19572.5  1.50000000  0.96792200  0.00332103  0.96792769 -0.25158154
19572.6  1.50000000  0.96792200  0.00332121  0.96792769 -0.25158155
19572.7  1.50000000  0.96792199  0.00332106  0.96792769 -0.25158157
19572.8  1.50000000  0.96792199  0.00332057  0.96792769 -0.25158158
19572.9  1.50000000  0.96792199  0.00331987  0.96792769 -0.25158159
19573.0  1.50000000  0.96792199  0.00331901  0.96792768 -0.25158160
19573.1  1.50000000  0.96792199  0.00331810  0.96792768 -0.25158160
19573.2  1.50000000  0.96792200  0.00331726  0.96792768 -0.25158159
19573.3  1.50000000  0.96792200  0.00331660  0.96792769 -0.25158158
19573.4  1.50000000  0.96792201  0.00331618  0.96792769 -0.25158157
19573.5  1.50000000  0.96792201  0.00331602  0.96792769 -0.25158155
19573.6  1.50000000  0.96792201  0.00331618  0.96792770 -0.25158154
19573.7  1.50000000  0.96792202  0.00331662  0.96792770 -0.25158153
19573.8  1.50000000  0.96792201  0.00331727  0.96792770 -0.25158152
19573.9  1.50000000  0.96792201  0.00331804  0.96792770 -0.25158152
19574.0  1.50000000  0.96792201  0.00331885  0.96792770 -0.25158152
19574.1  1.50000000  0.96792201  0.00331960  0.96792770 -0.25158152
19574.2  1.50000000  0.96792200  0.00332019  0.96792770 -0.25158153
19574.3  1.50000000  0.96792200  0.00332057  0.96792769 -0.25158154
19574.4  1.50000000  0.96792200  0.00332071  0.96792769 -0.25158155
19574.5  1.50000000  0.96792199  0.00332059  0.96792769 -0.25158157
19574.6  1.50000000  0.96792199  0.00332025  0.96792769 -0.25158158
19574.7  1.50000000  0.96792199  0.00331973  0.96792769 -0.25158158
19574.8  1.50000000  0.96792199  0.00331908  0.96792768 -0.25158159
19574.9  1.50000000  0.96792200  0.00331839  0.96792768 -0.25158159
19575.0  1.50000000  0.96792200  0.00331772  0.96792769 -0.25158159
19575.1  1.50000000  0.96792200  0.00331713  0.96792769 -0.25158158
19575.2  1.50000000  0.96792201  0.00331672  0.96792769 -0.25158157
19575.3  1.50000000  0.96792201  0.00331648  0.96792769 -0.25158156
19575.4  1.50000000  0.96792201  0.00331648  0.96792769 -0.25158155
19575.5  1.50000000  0.96792201  0.00331672  0.96792770 -0.25158154
19575.6  1.50000000  0.96792201  0.00331717  0.96792770 -0.25158153
19575.7  1.50000000  0.96792201  0.00331779  0.96792770 -0.25158152
19575.8  1.50000000  0.96792201  0.00331851  0.96792770 -0.25158152
19575.9  1.50000000  0.96792201  0.00331923  0.96792770 -0.25158152
19576.0  1.50000000  0.96792200  0.00331987  0.96792770 -0.25158153
19576.1  1.50000000  0.96792200  0.00332035  0.96792769 -0.25158154
19576.2  1.50000000  0.96792200  0.00332064  0.96792769 -0.25158155
19576.3  1.50000000  0.96792199  0.00332064  0.96792769 -0.25158156
19576.4  1.50000000  0.96792199  0.00332040  0.96792769 -0.25158157
19576.5  1.50000000  0.96792199  0.00331992  0.96792769 -0.25158158
19576.6  1.50000000  0.96792199  0.00331927  0.96792768 -0.25158159
19576.7  1.50000000  0.96792200  0.00331852  0.96792768 -0.25158159
19576.8  1.50000000  0.96792200  0.00331775  0.96792768 -0.25158159
19576.9  1.50000000  0.96792200  0.00331707  0.96792769 -0.25158158
19577.0  1.50000000  0.96792201  0.00331656  0.96792769 -0.25158157
19577.1  1.50000000  0.96792201  0.00331627  0.96792769 -0.25158156
19577.2  1.50000000  0.96792201  0.00331626  0.96792769 -0.25158155
19577.3  1.50000000  0.96792201  0.00331652  0.96792770 -0.25158153
19577.4  1.50000000  0.96792201  0.00331702  0.96792770 -0.25158152
19577.5  1.50000000  0.96792201  0.00331770  0.96792770 -0.25158152
19577.6  1.50000000  0.96792201  0.00331847  0.96792770 -0.25158152
19577.7  1.50000000  0.96792201  0.00331924  0.96792770 -0.25158152
19577.8  1.50000000  0.96792200  0.00331992  0.96792770 -0.25158153
19577.9  1.50000000  0.96792200  0.00332042  0.96792770 -0.25158154
19578.0  1.50000000  0.96792200  0.00332070  0.96792769 -0.25158155
19578.1  1.50000000  0.96792199  0.00332070  0.96792769 -0.25158156
19578.2  1.50000000  0.96792199  0.00332045  0.96792769 -0.25158157
19578.3  1.50000000  0.96792199  0.00331996  0.96792769 -0.25158158
19578.4  1.50000000  0.96792199  0.00331931  0.96792768 -0.25158159
19578.5  1.50000000  0.96792200  0.00331855  0.96792768 -0.25158159
19578.6  1.50000000  0.96792200  0.00331780  0.96792768 -0.25158159
19578.7  1.50000000  0.96792200  0.00331713  0.96792769 -0.25158158
19578.8  1.50000000  0.96792201  0.00331663  0.96792769 -0.25158157
19578.9  1.50000000  0.96792201  0.00331633  0.96792769 -0.25158156
19579.0  1.50000000  0.96792201  0.00331630  0.96792769 -0.25158155
19579.1  1.50000000  0.96792201  0.00331653  0.96792770 -0.25158154
19579.2  1.50000000  0.96792201  0.00331699  0.96792770 -0.25158153
19579.3  1.50000000  0.96792201  0.00331764  0.96792770 -0.25158152
19579.4  1.50000000  0.96792201  0.00331841  0.96792770 -0.25158152
19579.5  1.50000000  0.96792201  0.00331919  0.96792770 -0.25158152
19579.6  1.50000000  0.96792200  0.00331990  0.96792770 -0.25158153
19579.7  1.50000000  0.96792200  0.00332044  0.96792770 -0.25158154
19579.8  1.50000000  0.96792200  0.00332077  0.96792769 -0.25158155
19579.9  1.50000000  0.96792199  0.00332080  0.96792769 -0.25158156
19580.0  1.50000000  0.96792199  0.00332056  0.96792769 -0.25158157
19580.1  1.50000000  0.96792199  0.00332006  0.96792769 -0.25158158
19580.2  1.50000000  0.96792199  0.00331938  0.96792768 -0.25158159
19580.3  1.50000000  0.96792199  0.00331859  0.96792768 -0.25158159
19580.4  1.50000000  0.96792200  0.00331779  0.96792768 -0.25158159
19580.5  1.50000000  0.96792200  0.00331708  0.96792769 -0.25158158
19580.6  1.50000000  0.96792201  0.00331655  0.96792769 -0.25158157
19580.7  1.50000000  0.96792201  0.00331625  0.96792769 -0.25158156
19580.8  1.50000000  0.96792201  0.00331622  0.96792769 -0.25158155
19580.9  1.50000000  0.96792201  0.00331647  0.96792770 -0.25158154
19581.0  1.50000000  0.96792201  0.00331695  0.96792770 -0.25158153
19581.1  1.50000000  0.96792201  0.00331762  0.96792770 -0.25158152
19581.2  1.50000000  0.96792201  0.00331839  0.96792770 -0.25158152
19581.3  1.50000000  0.96792201  0.00331916  0.96792770 -0.25158152
19581.4  1.50000000  0.96792200  0.00331985  0.96792770 -0.25158153
19581.5  1.50000000  0.96792200  0.00332038  0.96792770 -0.25158154
19581.6  1.50000000  0.96792200  0.00332067  0.96792769 -0.25158155
19581.7  1.50000000  0.96792199  0.00332071  0.96792769 -0.25158156
19581.8  1.50000000  0.96792199  0.00332048  0.96792769 -0.25158157
19581.9  1.50000000  0.96792199  0.00332001  0.96792769 -0.25158158
19582.0  1.50000000  0.96792199  0.00331938  0.96792768 -0.25158159
19582.1  1.50000000  0.96792200  0.00331864  0.96792768 -0.25158159
19582.2  1.50000000  0.96792200  0.00331788  0.96792768 -0.25158159
19582.3  1.50000000  0.96792200  0.00331721  0.96792769 -0.25158158
19582.4  1.50000000  0.96792201  0.00331670  0.96792769 -0.25158157
19582.5  1.50000000  0.96792201  0.00331640  0.96792769 -0.25158156
19582.6  1.50000000  0.96792201  0.00331635  0.96792769 -0.25158155
19582.7  1.50000000  0.96792201  0.00331657  0.96792770 -0.25158154
19582.8  1.50000000  0.96792201  0.00331701  0.96792770 -0.25158153
19582.9  1.50000000  0.96792201  0.00331763  0.96792770 -0.25158152
19583.0  1.50000000  0.96792201  0.00331834  0.96792770 -0.25158152
19583.1  1.50000000  0.96792201  0.00331907  0.96792770 -0.25158152
19583.2  1.50000000  0.96792200  0.00331973  0.96792770 -0.25158153
19583.3  1.50000000  0.96792200  0.00332023  0.96792770 -0.25158154
19583.4  1.50000000  0.96792200  0.00332053  0.96792769 -0.25158155
19583.5  1.50000000  0.96792200  0.00332058  0.96792769 -0.25158156
19583.6  1.50000000  0.96792199  0.00332040  0.96792769 -0.25158157
19583.7  1.50000000  0.96792199  0.00331998  0.96792769 -0.25158158
19583.8  1.50000000  0.96792199  0.00331938  0.96792769 -0.25158159
19583.9  1.50000000  0.96792200  0.00331869  0.96792768 -0.25158159
19584.0  1.50000000  0.96792200  0.00331798  0.96792768 -0.25158159
19584.1  1.50000000  0.96792200  0.00331733  0.96792769 -0.25158158
19584.2  1.50000000  0.96792200  0.00331683  0.96792769 -0.25158157
19584.3  1.50000000  0.96792201  0.00331653  0.96792769 -0.25158156
19584.4  1.50000000  0.96792201  0.00331646  0.96792769 -0.25158155
19584.5  1.50000000  0.96792201  0.00331664  0.96792769 -0.25158154
19584.6  1.50000000  0.96792201  0.00331703  0.96792770 -0.25158153
19584.7  1.50000000  0.96792201  0.00331759  0.96792770 -0.25158152
19584.8  1.50000000  0.96792201  0.00331826  0.96792770 -0.25158152
19584.9  1.50000000  0.96792201  0.00331894  0.96792770 -0.25158152
19585.0  1.50000000  0.96792201  0.00331958  0.96792770 -0.25158153
19585.1  1.50000000  0.96792200  0.00332008  0.96792770 -0.25158153
19585.2  1.50000000  0.96792200  0.00332040  0.96792769 -0.25158154
19585.3  1.50000000  0.96792200  0.00332050  0.96792769 -0.25158156
19585.4  1.50000000  0.96792199  0.00332037  0.96792769 -0.25158157
19585.5  1.50000000  0.96792199  0.00332001  0.96792769 -0.25158158
19585.6  1.50000000  0.96792199  0.00331946  0.96792769 -0.25158158
19585.7  1.50000000  0.96792199  0.00331879  0.96792768 -0.25158159
