 # AA:        451578.26000777836     
 # FLEGG:     257292.18844203415     
 # AF0:     -5.33308614247767210E-002
 # CPAR:      555.55779854881382     
 # Diff:     0.12463198212018202     
 # TF:       3.79473319220205556E-007
 # H:         284.00000000000000     
 # GRAD:     0.10000000000000001     
 # HR:       3.00000000000000006E-003
 # LP:       0.37000000000331962     
 # TIME  LP  TMAB  TMDS  TMPC  TMZ
47192.5  2.00000000  0.96805083  0.00262466  0.96805439 -0.25126725
47192.6  2.00000000  0.96805607  0.00131344  0.96805696 -0.25125113
47192.7  2.00000000  0.96805992  0.00079635  0.96806024 -0.25123061
47192.8  2.00000000  0.96806283  0.00115247  0.96806351 -0.25121044
47192.9  2.00000000  0.96806330  0.00227066  0.96806597 -0.25119522
47193.0  2.00000000  0.96805934  0.00386511  0.96806706 -0.25118821
47193.1  2.00000000  0.96805077  0.00555966  0.96806674 -0.25119056
47193.2  2.00000000  0.96803988  0.00696277  0.96806492 -0.25120155
47193.3  2.00000000  0.96803105  0.00777364  0.96806226 -0.25121819
47193.4  2.00000000  0.96802765  0.00782551  0.96805928 -0.25123659
47193.5  2.00000000  0.96803030  0.00714355  0.96805666 -0.25125251
47193.6  2.00000000  0.96803712  0.00590506  0.96805513 -0.25126231
47193.7  2.00000000  0.96804465  0.00441822  0.96805473 -0.25126425
47193.8  2.00000000  0.96805112  0.00302579  0.96805585 -0.25125793
47193.9  2.00000000  0.96805570  0.00204091  0.96805785 -0.25124538
47194.0  2.00000000  0.96805902  0.00166887  0.96806046 -0.25122950
47194.1  2.00000000  0.96806094  0.00197019  0.96806295 -0.25121412
47194.2  2.00000000  0.96806063  0.00284793  0.96806482 -0.25120262
47194.3  2.00000000  0.96805696  0.00408371  0.96806557 -0.25119755
47194.4  2.00000000  0.96805035  0.00538037  0.96806530 -0.25119961
47194.5  2.00000000  0.96804231  0.00644504  0.96806377 -0.25120834
47194.6  2.00000000  0.96803614  0.00704409  0.96806177 -0.25122118
47194.7  2.00000000  0.96803365  0.00706079  0.96805940 -0.25123536
47194.8  2.00000000  0.96803559  0.00651525  0.96805751 -0.25124736
47194.9  2.00000000  0.96804039  0.00555251  0.96805631 -0.25125473
47195.0  2.00000000  0.96804614  0.00440813  0.96805618 -0.25125588
47195.1  2.00000000  0.96805119  0.00334780  0.96805698 -0.25125088
47195.2  2.00000000  0.96805511  0.00260815  0.96805862 -0.25124102
47195.3  2.00000000  0.96805770  0.00234309  0.96806054 -0.25122885
47195.4  2.00000000  0.96805900  0.00259415  0.96806248 -0.25121706
47195.5  2.00000000  0.96805823  0.00328281  0.96806380 -0.25120846
47195.6  2.00000000  0.96805516  0.00423774  0.96806443 -0.25120471
47195.7  2.00000000  0.96804996  0.00523022  0.96806409 -0.25120659
47195.8  2.00000000  0.96804419  0.00603677  0.96806301 -0.25121338
47195.9  2.00000000  0.96803971  0.00647977  0.96806140 -0.25122338
47196.0  2.00000000  0.96803800  0.00647543  0.96805966 -0.25123420
47196.1  2.00000000  0.96803933  0.00604099  0.96805818 -0.25124335
47196.2  2.00000000  0.96804284  0.00529309  0.96805731 -0.25124881
47196.3  2.00000000  0.96804712  0.00441241  0.96805718 -0.25124953
47196.4  2.00000000  0.96805113  0.00360491  0.96805784 -0.25124550
47196.5  2.00000000  0.96805428  0.00304846  0.96805908 -0.25123784
47196.6  2.00000000  0.96805636  0.00286094  0.96806059 -0.25122844
47196.7  2.00000000  0.96805720  0.00306798  0.96806207 -0.25121945
47196.8  2.00000000  0.96805637  0.00360879  0.96806309 -0.25121296
47196.9  2.00000000  0.96805379  0.00434648  0.96806355 -0.25121025
47197.0  2.00000000  0.96804980  0.00510733  0.96806327 -0.25121186
47197.1  2.00000000  0.96804553  0.00571748  0.96806241 -0.25121720
47197.2  2.00000000  0.96804226  0.00604546  0.96806114 -0.25122496
47197.3  2.00000000  0.96804104  0.00602752  0.96805980 -0.25123325
47197.4  2.00000000  0.96804199  0.00568230  0.96805866 -0.25124020
47197.5  2.00000000  0.96804459  0.00510021  0.96805803 -0.25124425
47197.6  2.00000000  0.96804785  0.00442330  0.96805795 -0.25124466
47197.7  2.00000000  0.96805103  0.00380790  0.96805852 -0.25124141
47197.8  2.00000000  0.96805352  0.00339110  0.96805946 -0.25123546
47197.9  2.00000000  0.96805518  0.00325916  0.96806066 -0.25122820
47198.0  2.00000000  0.96805567  0.00343023  0.96806175 -0.25122137
47198.1  2.00000000  0.96805487  0.00385390  0.96806255 -0.25121646
47198.2  2.00000000  0.96805273  0.00442393  0.96806284 -0.25121454
47198.3  2.00000000  0.96804968  0.00500577  0.96806262 -0.25121588
47198.4  2.00000000  0.96804648  0.00546722  0.96806192 -0.25122011
47198.5  2.00000000  0.96804413  0.00570877  0.96806096 -0.25122608
47198.6  2.00000000  0.96804323  0.00568432  0.96805992 -0.25123245
47198.7  2.00000000  0.96804398  0.00541040  0.96805910 -0.25123770
47198.8  2.00000000  0.96804591  0.00495843  0.96805861 -0.25124072
47198.9  2.00000000  0.96804841  0.00443847  0.96805859 -0.25124090
47199.0  2.00000000  0.96805086  0.00397016  0.96805900 -0.25123833
47199.1  2.00000000  0.96805285  0.00365783  0.96805976 -0.25123369
47199.2  2.00000000  0.96805409  0.00356537  0.96806065 -0.25122811
47199.3  2.00000000  0.96805440  0.00370554  0.96806149 -0.25122289
47199.4  2.00000000  0.96805367  0.00403678  0.96806208 -0.25121921
47199.5  2.00000000  0.96805196  0.00447719  0.96806231 -0.25121782
47199.6  2.00000000  0.96804961  0.00492208  0.96806212 -0.25121896
47199.7  2.00000000  0.96804724  0.00527159  0.96806159 -0.25122226
47199.8  2.00000000  0.96804551  0.00544905  0.96806084 -0.25122689
47199.9  2.00000000  0.96804485  0.00542294  0.96806004 -0.25123178
47200.0  2.00000000  0.96804544  0.00520524  0.96805943 -0.25123573
47200.1  2.00000000  0.96804685  0.00485455  0.96805902 -0.25123801
47200.2  2.00000000  0.96804880  0.00445471  0.96805905 -0.25123803
47200.3  2.00000000  0.96805070  0.00409817  0.96805937 -0.25123599
47200.4  2.00000000  0.96805225  0.00386411  0.96805996 -0.25123238
47200.5  2.00000000  0.96805320  0.00380067  0.96806066 -0.25122808
47200.6  2.00000000  0.96805340  0.00391474  0.96806131 -0.25122410
47200.7  2.00000000  0.96805273  0.00417445  0.96806173 -0.25122135
47200.8  2.00000000  0.96805140  0.00451424  0.96806193 -0.25122033
47200.9  2.00000000  0.96804956  0.00485468  0.96806173 -0.25122131
47201.0  2.00000000  0.96804780  0.00511856  0.96806134 -0.25122388
47201.1  2.00000000  0.96804650  0.00524895  0.96806073 -0.25122748
47201.2  2.00000000  0.96804606  0.00522220  0.96806014 -0.25123120
47201.3  2.00000000  0.96804647  0.00505001  0.96805965 -0.25123422
47201.4  2.00000000  0.96804760  0.00477779  0.96805939 -0.25123587
47201.5  2.00000000  0.96804907  0.00447064  0.96805940 -0.25123585
47201.6  2.00000000  0.96805056  0.00419973  0.96805967 -0.25123421
47201.7  2.00000000  0.96805175  0.00402475  0.96806011 -0.25123141
47201.8  2.00000000  0.96805248  0.00398156  0.96806067 -0.25122809
47201.9  2.00000000  0.96805256  0.00407430  0.96806113 -0.25122508
47202.0  2.00000000  0.96805203  0.00427727  0.96806148 -0.25122299
47202.1  2.00000000  0.96805094  0.00453917  0.96806158 -0.25122229
47202.2  2.00000000  0.96804955  0.00479944  0.96806145 -0.25122308
47202.3  2.00000000  0.96804823  0.00499845  0.96806113 -0.25122511
47202.4  2.00000000  0.96804727  0.00509427  0.96806068 -0.25122788
47202.5  2.00000000  0.96804695  0.00506886  0.96806022 -0.25123073
47202.6  2.00000000  0.96804729  0.00493309  0.96805986 -0.25123302
47202.7  2.00000000  0.96804813  0.00472179  0.96805965 -0.25123425
47202.8  2.00000000  0.96804928  0.00448614  0.96805967 -0.25123417
47202.9  2.00000000  0.96805041  0.00427985  0.96805987 -0.25123288
47203.0  2.00000000  0.96805134  0.00414924  0.96806023 -0.25123069
47203.1  2.00000000  0.96805187  0.00411983  0.96806064 -0.25122815
47203.2  2.00000000  0.96805193  0.00419509  0.96806101 -0.25122584
47203.3  2.00000000  0.96805148  0.00435282  0.96806127 -0.25122428
47203.4  2.00000000  0.96805063  0.00455545  0.96806135 -0.25122379
47203.5  2.00000000  0.96804957  0.00475422  0.96806124 -0.25122443
47203.6  2.00000000  0.96804855  0.00490522  0.96806098 -0.25122602
47203.7  2.00000000  0.96804785  0.00497538  0.96806064 -0.25122816
47203.8  2.00000000  0.96804761  0.00495266  0.96806028 -0.25123035
47203.9  2.00000000  0.96804787  0.00484539  0.96806000 -0.25123208
47204.0  2.00000000  0.96804854  0.00468156  0.96805986 -0.25123298
47204.1  2.00000000  0.96804940  0.00450026  0.96805986 -0.25123290
47204.2  2.00000000  0.96805032  0.00434351  0.96806006 -0.25123185
47204.3  2.00000000  0.96805099  0.00424518  0.96806030 -0.25123018
47204.4  2.00000000  0.96805143  0.00422637  0.96806065 -0.25122820
47204.5  2.00000000  0.96805142  0.00428632  0.96806091 -0.25122645
47204.6  2.00000000  0.96805105  0.00441074  0.96806110 -0.25122528
47204.7  2.00000000  0.96805041  0.00456632  0.96806118 -0.25122492
47204.8  2.00000000  0.96804956  0.00471879  0.96806106 -0.25122547
47204.9  2.00000000  0.96804881  0.00483244  0.96806087 -0.25122670
47205.0  2.00000000  0.96804829  0.00488365  0.96806061 -0.25122836
47205.1  2.00000000  0.96804810  0.00486315  0.96806032 -0.25123005
47205.2  2.00000000  0.96804834  0.00477882  0.96806014 -0.25123133
47205.3  2.00000000  0.96804883  0.00465126  0.96806000 -0.25123202
47205.4  2.00000000  0.96804952  0.00451287  0.96806004 -0.25123191
47205.5  2.00000000  0.96805020  0.00439289  0.96806017 -0.25123109
47205.6  2.00000000  0.96805073  0.00432059  0.96806037 -0.25122978
47205.7  2.00000000  0.96805106  0.00430751  0.96806064 -0.25122826
47205.8  2.00000000  0.96805101  0.00435695  0.96806081 -0.25122695
47205.9  2.00000000  0.96805077  0.00445304  0.96806101 -0.25122603
47206.0  2.00000000  0.96805019  0.00457353  0.96806099 -0.25122584
47206.1  2.00000000  0.96804959  0.00468992  0.96806095 -0.25122624
47206.2  2.00000000  0.96804903  0.00477550  0.96806080 -0.25122721
47206.3  2.00000000  0.96804859  0.00481263  0.96806056 -0.25122852
47206.4  2.00000000  0.96804851  0.00479546  0.96806039 -0.25122977
47206.5  2.00000000  0.96804869  0.00472774  0.96806023 -0.25123076
47206.6  2.00000000  0.96804902  0.00463028  0.96806009 -0.25123130
47206.7  2.00000000  0.96804964  0.00452300  0.96806021 -0.25123111
47206.8  2.00000000  0.96805007  0.00443239  0.96806021 -0.25123055
47206.9  2.00000000  0.96805054  0.00437847  0.96806045 -0.25122947
47207.0  2.00000000  0.96805075  0.00437030  0.96806062 -0.25122833
47207.1  2.00000000  0.96805072  0.00440990  0.96806076 -0.25122732
47207.2  2.00000000  0.96805050  0.00448522  0.96806089 -0.25122665
47207.3  2.00000000  0.96805010  0.00457775  0.96806092 -0.25122649
47207.4  2.00000000  0.96804958  0.00466674  0.96806083 -0.25122686
47207.5  2.00000000  0.96804919  0.00473121  0.96806075 -0.25122759
47207.6  2.00000000  0.96804885  0.00475818  0.96806054 -0.25122861
47207.7  2.00000000  0.96804882  0.00474290  0.96806043 -0.25122955
47207.8  2.00000000  0.96804890  0.00469009  0.96806026 -0.25123034
47207.9  2.00000000  0.96804925  0.00461441  0.96806025 -0.25123067
47208.0  2.00000000  0.96804964  0.00453182  0.96806025 -0.25123058
47208.1  2.00000000  0.96805002  0.00446383  0.96806031 -0.25123008
47208.2  2.00000000  0.96805038  0.00442300  0.96806048 -0.25122926
47208.3  2.00000000  0.96805051  0.00441868  0.96806060 -0.25122840
47208.4  2.00000000  0.96805049  0.00445040  0.96806072 -0.25122763
47208.5  2.00000000  0.96805033  0.00450887  0.96806083 -0.25122710
47208.6  2.00000000  0.96804996  0.00458013  0.96806079 -0.25122704
47208.7  2.00000000  0.96804963  0.00464841  0.96806079 -0.25122729
47208.8  2.00000000  0.96804930  0.00469621  0.96806069 -0.25122789
47208.9  2.00000000  0.96804905  0.00471631  0.96806053 -0.25122867
47209.0  2.00000000  0.96804903  0.00470291  0.96806046 -0.25122939
47209.1  2.00000000  0.96804911  0.00466173  0.96806033 -0.25122998
47209.2  2.00000000  0.96804936  0.00460273  0.96806031 -0.25123023
47209.3  2.00000000  0.96804967  0.00454003  0.96806032 -0.25123014
47209.4  2.00000000  0.96804998  0.00448787  0.96806038 -0.25122974
47209.5  2.00000000  0.96805022  0.00445795  0.96806048 -0.25122912
47209.6  2.00000000  0.96805034  0.00445556  0.96806059 -0.25122844
47209.7  2.00000000  0.96805031  0.00448099  0.96806068 -0.25122786
47209.8  2.00000000  0.96805018  0.00452633  0.96806076 -0.25122748
47209.9  2.00000000  0.96804990  0.00458166  0.96806074 -0.25122743
47210.0  2.00000000  0.96804965  0.00463309  0.96806074 -0.25122763
47210.1  2.00000000  0.96804937  0.00466965  0.96806063 -0.25122812
47210.2  2.00000000  0.96804923  0.00468379  0.96806056 -0.25122869
47210.3  2.00000000  0.96804918  0.00467257  0.96806046 -0.25122927
47210.4  2.00000000  0.96804926  0.00464025  0.96806038 -0.25122970
47210.5  2.00000000  0.96804946  0.00459466  0.96806036 -0.25122988
47210.6  2.00000000  0.96804970  0.00454641  0.96806038 -0.25122980
47210.7  2.00000000  0.96804992  0.00450709  0.96806041 -0.25122950
47210.8  2.00000000  0.96805013  0.00448478  0.96806052 -0.25122900
47210.9  2.00000000  0.96805019  0.00448388  0.96806058 -0.25122850
47211.0  2.00000000  0.96805018  0.00450417  0.96806066 -0.25122804
47211.1  2.00000000  0.96805006  0.00453949  0.96806070 -0.25122777
47211.2  2.00000000  0.96804986  0.00458202  0.96806071 -0.25122773
47211.3  2.00000000  0.96804965  0.00462122  0.96806068 -0.25122791
47211.4  2.00000000  0.96804946  0.00464879  0.96806062 -0.25122827
47211.5  2.00000000  0.96804934  0.00465867  0.96806054 -0.25122872
47211.6  2.00000000  0.96804931  0.00464953  0.96806048 -0.25122916
47211.7  2.00000000  0.96804938  0.00462405  0.96806042 -0.25122948
47211.8  2.00000000  0.96804953  0.00458881  0.96806041 -0.25122962
47211.9  2.00000000  0.96804971  0.00455189  0.96806041 -0.25122955
47212.0  2.00000000  0.96804989  0.00452219  0.96806045 -0.25122930
47212.1  2.00000000  0.96805003  0.00450548  0.96806052 -0.25122893
47212.2  2.00000000  0.96805009  0.00450571  0.96806057 -0.25122854
47212.3  2.00000000  0.96805008  0.00452162  0.96806064 -0.25122819
47212.4  2.00000000  0.96804997  0.00454926  0.96806066 -0.25122799
47212.5  2.00000000  0.96804983  0.00458185  0.96806067 -0.25122796
47212.6  2.00000000  0.96804966  0.00461182  0.96806065 -0.25122811
47212.7  2.00000000  0.96804952  0.00463240  0.96806060 -0.25122839
47212.8  2.00000000  0.96804942  0.00463956  0.96806054 -0.25122874
47212.9  2.00000000  0.96804941  0.00463186  0.96806049 -0.25122907
47213.0  2.00000000  0.96804946  0.00461198  0.96806045 -0.25122932
47213.1  2.00000000  0.96804958  0.00458465  0.96806044 -0.25122941
47213.2  2.00000000  0.96804972  0.00455649  0.96806044 -0.25122936
47213.3  2.00000000  0.96804986  0.00453386  0.96806048 -0.25122916
47213.4  2.00000000  0.96804996  0.00452163  0.96806052 -0.25122887
47213.5  2.00000000  0.96805001  0.00452223  0.96806057 -0.25122856
47213.6  2.00000000  0.96804999  0.00453493  0.96806061 -0.25122831
47213.7  2.00000000  0.96804992  0.00455642  0.96806064 -0.25122816
47213.8  2.00000000  0.96804980  0.00458149  0.96806064 -0.25122814
47213.9  2.00000000  0.96804968  0.00460429  0.96806062 -0.25122826
47214.0  2.00000000  0.96804956  0.00461978  0.96806058 -0.25122848
47214.1  2.00000000  0.96804950  0.00462477  0.96806055 -0.25122875
47214.2  2.00000000  0.96804948  0.00461845  0.96806050 -0.25122900
47214.3  2.00000000  0.96804953  0.00460288  0.96806047 -0.25122918
47214.4  2.00000000  0.96804962  0.00458173  0.96806046 -0.25122926
47214.5  2.00000000  0.96804973  0.00456021  0.96806047 -0.25122921
47214.6  2.00000000  0.96804983  0.00454307  0.96806049 -0.25122905
47214.7  2.00000000  0.96804991  0.00453408  0.96806053 -0.25122883
47214.8  2.00000000  0.96804995  0.00453490  0.96806057 -0.25122860
47214.9  2.00000000  0.96804993  0.00454503  0.96806060 -0.25122840
47215.0  2.00000000  0.96804987  0.00456168  0.96806062 -0.25122829
47215.1  2.00000000  0.96804978  0.00458099  0.96806062 -0.25122828
47215.2  2.00000000  0.96804968  0.00459830  0.96806060 -0.25122837
47215.3  2.00000000  0.96804960  0.00460995  0.96806057 -0.25122855
47215.4  2.00000000  0.96804955  0.00461339  0.96806054 -0.25122875
47215.5  2.00000000  0.96804954  0.00460827  0.96806051 -0.25122895
47215.6  2.00000000  0.96804958  0.00459602  0.96806049 -0.25122908
47215.7  2.00000000  0.96804965  0.00457975  0.96806048 -0.25122913
47215.8  2.00000000  0.96804973  0.00456325  0.96806049 -0.25122909
47215.9  2.00000000  0.96804981  0.00455031  0.96806051 -0.25122897
47216.0  2.00000000  0.96804987  0.00454366  0.96806054 -0.25122880
47216.1  2.00000000  0.96804990  0.00454463  0.96806056 -0.25122862
47216.2  2.00000000  0.96804988  0.00455261  0.96806059 -0.25122847
47216.3  2.00000000  0.96804983  0.00456559  0.96806060 -0.25122839
47216.4  2.00000000  0.96804977  0.00458039  0.96806060 -0.25122838
47216.5  2.00000000  0.96804969  0.00459359  0.96806059 -0.25122846
47216.6  2.00000000  0.96804963  0.00460230  0.96806057 -0.25122859
47216.7  2.00000000  0.96804959  0.00460469  0.96806054 -0.25122875
47216.8  2.00000000  0.96804959  0.00460045  0.96806052 -0.25122890
47216.9  2.00000000  0.96804962  0.00459095  0.96806050 -0.25122900
47217.0  2.00000000  0.96804967  0.00457849  0.96806050 -0.25122904
47217.1  2.00000000  0.96804973  0.00456588  0.96806050 -0.25122901
47217.2  2.00000000  0.96804980  0.00455602  0.96806052 -0.25122891
47217.3  2.00000000  0.96804984  0.00455107  0.96806054 -0.25122878
47217.4  2.00000000  0.96804986  0.00455192  0.96806056 -0.25122864
47217.5  2.00000000  0.96804985  0.00455819  0.96806058 -0.25122853
47217.6  2.00000000  0.96804981  0.00456825  0.96806059 -0.25122847
47217.7  2.00000000  0.96804976  0.00457967  0.96806059 -0.25122846
47217.8  2.00000000  0.96804970  0.00458984  0.96806058 -0.25122852
47217.9  2.00000000  0.96804965  0.00459649  0.96806056 -0.25122863
47218.0  2.00000000  0.96804962  0.00459827  0.96806054 -0.25122875
47218.1  2.00000000  0.96804962  0.00459496  0.96806052 -0.25122887
47218.2  2.00000000  0.96804964  0.00458745  0.96806051 -0.25122895
47218.3  2.00000000  0.96804968  0.00457758  0.96806051 -0.25122897
47218.4  2.00000000  0.96804974  0.00456772  0.96806051 -0.25122894
47218.5  2.00000000  0.96804978  0.00456013  0.96806052 -0.25122887
47218.6  2.00000000  0.96804982  0.00455645  0.96806054 -0.25122876
47218.7  2.00000000  0.96804983  0.00455734  0.96806056 -0.25122866
47218.8  2.00000000  0.96804982  0.00456244  0.96806057 -0.25122857
47218.9  2.00000000  0.96804979  0.00457042  0.96806058 -0.25122852
47219.0  2.00000000  0.96804975  0.00457937  0.96806058 -0.25122852
47219.1  2.00000000  0.96804970  0.00458716  0.96806057 -0.25122857
47219.2  2.00000000  0.96804967  0.00459211  0.96806056 -0.25122866
47219.3  2.00000000  0.96804964  0.00459323  0.96806054 -0.25122875
47219.4  2.00000000  0.96804964  0.00459042  0.96806053 -0.25122884
47219.5  2.00000000  0.96804966  0.00458456  0.96806052 -0.25122890
47219.6  2.00000000  0.96804970  0.00457704  0.96806052 -0.25122892
47219.7  2.00000000  0.96804974  0.00456949  0.96806052 -0.25122889
47219.8  2.00000000  0.96804977  0.00456366  0.96806053 -0.25122884
47219.9  2.00000000  0.96804980  0.00456082  0.96806054 -0.25122876
47220.0  2.00000000  0.96804981  0.00456155  0.96806056 -0.25122867
47220.1  2.00000000  0.96804980  0.00456553  0.96806057 -0.25122860
47220.2  2.00000000  0.96804978  0.00457173  0.96806057 -0.25122857
47220.3  2.00000000  0.96804974  0.00457864  0.96806057 -0.25122857
47220.4  2.00000000  0.96804971  0.00458469  0.96806057 -0.25122861
47220.5  2.00000000  0.96804968  0.00458854  0.96806056 -0.25122867
47220.6  2.00000000  0.96804966  0.00458942  0.96806054 -0.25122875
47220.7  2.00000000  0.96804966  0.00458725  0.96806053 -0.25122882
47220.8  2.00000000  0.96804968  0.00458258  0.96806052 -0.25122886
47220.9  2.00000000  0.96804970  0.00457659  0.96806052 -0.25122888
47221.0  2.00000000  0.96804974  0.00457065  0.96806053 -0.25122886
47221.1  2.00000000  0.96804976  0.00456612  0.96806053 -0.25122881
47221.2  2.00000000  0.96804979  0.00456396  0.96806054 -0.25122875
47221.3  2.00000000  0.96804979  0.00456460  0.96806055 -0.25122868
47221.4  2.00000000  0.96804979  0.00456778  0.96806056 -0.25122863
47221.5  2.00000000  0.96804977  0.00457273  0.96806057 -0.25122860
47221.6  2.00000000  0.96804974  0.00457826  0.96806057 -0.25122860
47221.7  2.00000000  0.96804971  0.00458306  0.96806056 -0.25122864
47221.8  2.00000000  0.96804969  0.00458605  0.96806055 -0.25122869
47221.9  2.00000000  0.96804968  0.00458663  0.96806054 -0.25122875
47222.0  2.00000000  0.96804968  0.00458475  0.96806053 -0.25122880
47222.1  2.00000000  0.96804969  0.00458095  0.96806053 -0.25122884
47222.2  2.00000000  0.96804971  0.00457616  0.96806053 -0.25122885
47222.3  2.00000000  0.96804974  0.00457151  0.96806053 -0.25122883
47222.4  2.00000000  0.96804976  0.00456806  0.96806054 -0.25122879
47222.5  2.00000000  0.96804977  0.00456654  0.96806054 -0.25122874
47222.6  2.00000000  0.96804978  0.00456722  0.96806055 -0.25122869
47222.7  2.00000000  0.96804977  0.00456989  0.96806056 -0.25122865
47222.8  2.00000000  0.96804976  0.00457383  0.96806056 -0.25122863
47222.9  2.00000000  0.96804974  0.00457811  0.96806056 -0.25122863
47223.0  2.00000000  0.96804971  0.00458175  0.96806056 -0.25122866
47223.1  2.00000000  0.96804970  0.00458393  0.96806055 -0.25122870
47223.2  2.00000000  0.96804969  0.00458421  0.96806054 -0.25122875
47223.3  2.00000000  0.96804969  0.00458261  0.96806054 -0.25122879
47223.4  2.00000000  0.96804970  0.00457955  0.96806053 -0.25122881
47223.5  2.00000000  0.96804972  0.00457580  0.96806053 -0.25122882
47223.6  2.00000000  0.96804974  0.00457224  0.96806053 -0.25122881
47223.7  2.00000000  0.96804975  0.00456964  0.96806054 -0.25122878
47223.8  2.00000000  0.96804977  0.00456859  0.96806055 -0.25122873
47223.9  2.00000000  0.96804977  0.00456928  0.96806055 -0.25122869
47224.0  2.00000000  0.96804976  0.00457142  0.96806056 -0.25122867
47224.1  2.00000000  0.96804975  0.00457449  0.96806056 -0.25122865
47224.2  2.00000000  0.96804973  0.00457779  0.96806056 -0.25122866
47224.3  2.00000000  0.96804972  0.00458034  0.96806055 -0.25122868
47224.4  2.00000000  0.96804971  0.00458186  0.96806055 -0.25122871
47224.5  2.00000000  0.96804970  0.00458205  0.96806054 -0.25122874
47224.6  2.00000000  0.96804970  0.00458093  0.96806054 -0.25122877
47224.7  2.00000000  0.96804971  0.00457881  0.96806054 -0.25122879
47224.8  2.00000000  0.96804972  0.00457615  0.96806054 -0.25122880
47224.9  2.00000000  0.96804973  0.00457355  0.96806054 -0.25122879
47225.0  2.00000000  0.96804975  0.00457156  0.96806054 -0.25122877
47225.1  2.00000000  0.96804976  0.00457057  0.96806054 -0.25122874
47225.2  2.00000000  0.96804976  0.00457082  0.96806055 -0.25122871
47225.3  2.00000000  0.96804976  0.00457223  0.96806055 -0.25122868
47225.4  2.00000000  0.96804975  0.00457444  0.96806056 -0.25122867
47225.5  2.00000000  0.96804974  0.00457694  0.96806056 -0.25122867
47225.6  2.00000000  0.96804972  0.00457916  0.96806055 -0.25122869
47225.7  2.00000000  0.96804971  0.00458060  0.96806055 -0.25122871
47225.8  2.00000000  0.96804971  0.00458097  0.96806055 -0.25122874
47225.9  2.00000000  0.96804971  0.00458021  0.96806054 -0.25122876
47226.0  2.00000000  0.96804971  0.00457852  0.96806054 -0.25122878
47226.1  2.00000000  0.96804972  0.00457631  0.96806054 -0.25122879
47226.2  2.00000000  0.96804973  0.00457407  0.96806054 -0.25122878
47226.3  2.00000000  0.96804974  0.00457230  0.96806054 -0.25122876
47226.4  2.00000000  0.96804975  0.00457137  0.96806054 -0.25122874
47226.5  2.00000000  0.96804975  0.00457149  0.96806055 -0.25122871
47226.6  2.00000000  0.96804975  0.00457261  0.96806055 -0.25122869
47226.7  2.00000000  0.96804975  0.00457446  0.96806055 -0.25122868
47226.8  2.00000000  0.96804974  0.00457661  0.96806055 -0.25122868
47226.9  2.00000000  0.96804973  0.00457858  0.96806055 -0.25122869
47227.0  2.00000000  0.96804972  0.00457992  0.96806055 -0.25122871
47227.1  2.00000000  0.96804971  0.00458035  0.96806055 -0.25122873
47227.2  2.00000000  0.96804971  0.00457979  0.96806054 -0.25122876
47227.3  2.00000000  0.96804971  0.00457839  0.96806054 -0.25122877
47227.4  2.00000000  0.96804972  0.00457648  0.96806054 -0.25122878
47227.5  2.00000000  0.96804973  0.00457449  0.96806054 -0.25122877
47227.6  2.00000000  0.96804974  0.00457289  0.96806054 -0.25122876
47227.7  2.00000000  0.96804975  0.00457200  0.96806054 -0.25122874
47227.8  2.00000000  0.96804975  0.00457203  0.96806055 -0.25122872
47227.9  2.00000000  0.96804975  0.00457293  0.96806055 -0.25122870
47228.0  2.00000000  0.96804974  0.00457450  0.96806055 -0.25122869
47228.1  2.00000000  0.96804974  0.00457637  0.96806055 -0.25122869
47228.2  2.00000000  0.96804973  0.00457811  0.96806055 -0.25122869
47228.3  2.00000000  0.96804972  0.00457933  0.96806055 -0.25122871
47228.4  2.00000000  0.96804971  0.00457978  0.96806055 -0.25122873
47228.5  2.00000000  0.96804971  0.00457937  0.96806054 -0.25122875
47228.6  2.00000000  0.96804971  0.00457820  0.96806054 -0.25122877
47228.7  2.00000000  0.96804972  0.00457656  0.96806054 -0.25122877
47228.8  2.00000000  0.96804973  0.00457482  0.96806054 -0.25122877
47228.9  2.00000000  0.96804974  0.00457337  0.96806054 -0.25122876
47229.0  2.00000000  0.96804975  0.00457256  0.96806054 -0.25122874
47229.1  2.00000000  0.96804975  0.00457258  0.96806055 -0.25122872
47229.2  2.00000000  0.96804975  0.00457340  0.96806055 -0.25122870
47229.3  2.00000000  0.96804974  0.00457479  0.96806055 -0.25122869
47229.4  2.00000000  0.96804973  0.00457642  0.96806055 -0.25122869
47229.5  2.00000000  0.96804973  0.00457789  0.96806055 -0.25122870
47229.6  2.00000000  0.96804972  0.00457889  0.96806055 -0.25122872
47229.7  2.00000000  0.96804972  0.00457920  0.96806055 -0.25122873
47229.8  2.00000000  0.96804971  0.00457876  0.96806054 -0.25122875
47229.9  2.00000000  0.96804972  0.00457768  0.96806054 -0.25122876
47230.0  2.00000000  0.96804972  0.00457623  0.96806054 -0.25122877
47230.1  2.00000000  0.96804973  0.00457475  0.96806054 -0.25122876
47230.2  2.00000000  0.96804974  0.00457358  0.96806054 -0.25122875
47230.3  2.00000000  0.96804974  0.00457298  0.96806055 -0.25122874
47230.4  2.00000000  0.96804975  0.00457308  0.96806055 -0.25122872
47230.5  2.00000000  0.96804974  0.00457385  0.96806055 -0.25122871
47230.6  2.00000000  0.96804974  0.00457511  0.96806055 -0.25122870
47230.7  2.00000000  0.96804973  0.00457654  0.96806055 -0.25122870
47230.8  2.00000000  0.96804973  0.00457782  0.96806055 -0.25122871
47230.9  2.00000000  0.96804972  0.00457864  0.96806055 -0.25122872
47231.0  2.00000000  0.96804972  0.00457882  0.96806055 -0.25122874
47231.1  2.00000000  0.96804972  0.00457832  0.96806054 -0.25122875
47231.2  2.00000000  0.96804972  0.00457728  0.96806054 -0.25122876
47231.3  2.00000000  0.96804973  0.00457595  0.96806054 -0.25122876
47231.4  2.00000000  0.96804973  0.00457464  0.96806054 -0.25122876
47231.5  2.00000000  0.96804974  0.00457369  0.96806054 -0.25122875
47231.6  2.00000000  0.96804974  0.00457329  0.96806055 -0.25122873
47231.7  2.00000000  0.96804974  0.00457354  0.96806055 -0.25122872
47231.8  2.00000000  0.96804974  0.00457436  0.96806055 -0.25122871
47231.9  2.00000000  0.96804974  0.00457553  0.96806055 -0.25122870
47232.0  2.00000000  0.96804973  0.00457677  0.96806055 -0.25122870
47232.1  2.00000000  0.96804973  0.00457778  0.96806055 -0.25122871
47232.2  2.00000000  0.96804972  0.00457836  0.96806055 -0.25122872
47232.3  2.00000000  0.96804972  0.00457837  0.96806054 -0.25122874
47232.4  2.00000000  0.96804972  0.00457783  0.96806054 -0.25122875
47232.5  2.00000000  0.96804972  0.00457687  0.96806054 -0.25122876
47232.6  2.00000000  0.96804973  0.00457574  0.96806054 -0.25122876
47232.7  2.00000000  0.96804973  0.00457468  0.96806054 -0.25122875
47232.8  2.00000000  0.96804974  0.00457392  0.96806054 -0.25122874
47232.9  2.00000000  0.96804974  0.00457364  0.96806055 -0.25122873
47233.0  2.00000000  0.96804974  0.00457387  0.96806055 -0.25122872
47233.1  2.00000000  0.96804974  0.00457458  0.96806055 -0.25122871
47233.2  2.00000000  0.96804974  0.00457558  0.96806055 -0.25122870
47233.3  2.00000000  0.96804973  0.00457666  0.96806055 -0.25122871
47233.4  2.00000000  0.96804973  0.00457757  0.96806055 -0.25122871
47233.5  2.00000000  0.96804972  0.00457812  0.96806055 -0.25122872
47233.6  2.00000000  0.96804972  0.00457818  0.96806055 -0.25122874
47233.7  2.00000000  0.96804972  0.00457775  0.96806054 -0.25122875
47233.8  2.00000000  0.96804972  0.00457693  0.96806054 -0.25122875
47233.9  2.00000000  0.96804973  0.00457592  0.96806054 -0.25122876
47234.0  2.00000000  0.96804973  0.00457492  0.96806054 -0.25122875
47234.1  2.00000000  0.96804974  0.00457418  0.96806054 -0.25122874
47234.2  2.00000000  0.96804974  0.00457384  0.96806055 -0.25122873
47234.3  2.00000000  0.96804974  0.00457398  0.96806055 -0.25122872
47234.4  2.00000000  0.96804974  0.00457456  0.96806055 -0.25122871
47234.5  2.00000000  0.96804974  0.00457545  0.96806055 -0.25122871
47234.6  2.00000000  0.96804973  0.00457644  0.96806055 -0.25122871
47234.7  2.00000000  0.96804973  0.00457732  0.96806055 -0.25122871
47234.8  2.00000000  0.96804972  0.00457789  0.96806055 -0.25122872
47234.9  2.00000000  0.96804972  0.00457802  0.96806055 -0.25122873
47235.0  2.00000000  0.96804972  0.00457770  0.96806054 -0.25122874
47235.1  2.00000000  0.96804972  0.00457700  0.96806054 -0.25122875
47235.2  2.00000000  0.96804973  0.00457608  0.96806054 -0.25122875
47235.3  2.00000000  0.96804973  0.00457516  0.96806054 -0.25122875
47235.4  2.00000000  0.96804974  0.00457442  0.96806054 -0.25122874
47235.5  2.00000000  0.96804974  0.00457402  0.96806055 -0.25122873
47235.6  2.00000000  0.96804974  0.00457405  0.96806055 -0.25122872
47235.7  2.00000000  0.96804974  0.00457450  0.96806055 -0.25122871
47235.8  2.00000000  0.96804974  0.00457529  0.96806055 -0.25122871
47235.9  2.00000000  0.96804973  0.00457624  0.96806055 -0.25122871
47236.0  2.00000000  0.96804973  0.00457714  0.96806055 -0.25122871
47236.1  2.00000000  0.96804972  0.00457778  0.96806055 -0.25122872
47236.2  2.00000000  0.96804972  0.00457804  0.96806055 -0.25122873
47236.3  2.00000000  0.96804972  0.00457782  0.96806054 -0.25122874
47236.4  2.00000000  0.96804972  0.00457719  0.96806054 -0.25122875
47236.5  2.00000000  0.96804973  0.00457627  0.96806054 -0.25122875
47236.6  2.00000000  0.96804973  0.00457528  0.96806054 -0.25122875
47236.7  2.00000000  0.96804974  0.00457444  0.96806054 -0.25122875
47236.8  2.00000000  0.96804974  0.00457394  0.96806055 -0.25122874
47236.9  2.00000000  0.96804974  0.00457389  0.96806055 -0.25122872
47237.0  2.00000000  0.96804974  0.00457431  0.96806055 -0.25122871
47237.1  2.00000000  0.96804974  0.00457510  0.96806055 -0.25122871
47237.2  2.00000000  0.96804973  0.00457608  0.96806055 -0.25122871
47237.3  2.00000000  0.96804973  0.00457702  0.96806055 -0.25122871
47237.4  2.00000000  0.96804972  0.00457771  0.96806055 -0.25122872
47237.5  2.00000000  0.96804972  0.00457804  0.96806055 -0.25122873
47237.6  2.00000000  0.96804972  0.00457789  0.96806054 -0.25122874
47237.7  2.00000000  0.96804972  0.00457732  0.96806054 -0.25122875
47237.8  2.00000000  0.96804972  0.00457645  0.96806054 -0.25122875
47237.9  2.00000000  0.96804973  0.00457546  0.96806054 -0.25122875
47238.0  2.00000000  0.96804973  0.00457459  0.96806054 -0.25122875
47238.1  2.00000000  0.96804974  0.00457403  0.96806054 -0.25122874
47238.2  2.00000000  0.96804974  0.00457390  0.96806055 -0.25122873
47238.3  2.00000000  0.96804974  0.00457423  0.96806055 -0.25122872
47238.4  2.00000000  0.96804974  0.00457497  0.96806055 -0.25122871
47238.5  2.00000000  0.96804974  0.00457593  0.96806055 -0.25122871
47238.6  2.00000000  0.96804973  0.00457692  0.96806055 -0.25122871
47238.7  2.00000000  0.96804973  0.00457770  0.96806055 -0.25122872
47238.8  2.00000000  0.96804972  0.00457810  0.96806055 -0.25122873
47238.9  2.00000000  0.96804972  0.00457804  0.96806054 -0.25122874
47239.0  2.00000000  0.96804972  0.00457750  0.96806054 -0.25122875
47239.1  2.00000000  0.96804972  0.00457661  0.96806054 -0.25122875
47239.2  2.00000000  0.96804973  0.00457560  0.96806054 -0.25122875
47239.3  2.00000000  0.96804973  0.00457469  0.96806054 -0.25122875
47239.4  2.00000000  0.96804974  0.00457409  0.96806054 -0.25122874
47239.5  2.00000000  0.96804974  0.00457393  0.96806055 -0.25122873
47239.6  2.00000000  0.96804974  0.00457423  0.96806055 -0.25122872
47239.7  2.00000000  0.96804974  0.00457491  0.96806055 -0.25122871
47239.8  2.00000000  0.96804974  0.00457582  0.96806055 -0.25122871
47239.9  2.00000000  0.96804973  0.00457675  0.96806055 -0.25122871
47240.0  2.00000000  0.96804973  0.00457748  0.96806055 -0.25122872
47240.1  2.00000000  0.96804972  0.00457783  0.96806055 -0.25122873
47240.2  2.00000000  0.96804972  0.00457773  0.96806054 -0.25122874
47240.3  2.00000000  0.96804972  0.00457724  0.96806054 -0.25122875
47240.4  2.00000000  0.96804973  0.00457648  0.96806054 -0.25122875
47240.5  2.00000000  0.96804973  0.00457564  0.96806054 -0.25122875
47240.6  2.00000000  0.96804973  0.00457491  0.96806054 -0.25122874
47240.7  2.00000000  0.96804974  0.00457445  0.96806054 -0.25122874
47240.8  2.00000000  0.96804974  0.00457435  0.96806055 -0.25122873
47240.9  2.00000000  0.96804974  0.00457461  0.96806055 -0.25122872
47241.0  2.00000000  0.96804974  0.00457516  0.96806055 -0.25122871
47241.1  2.00000000  0.96804973  0.00457586  0.96806055 -0.25122871
47241.2  2.00000000  0.96804973  0.00457657  0.96806055 -0.25122871
47241.3  2.00000000  0.96804973  0.00457713  0.96806055 -0.25122872
47241.4  2.00000000  0.96804972  0.00457741  0.96806055 -0.25122873
47241.5  2.00000000  0.96804972  0.00457735  0.96806055 -0.25122874
47241.6  2.00000000  0.96804972  0.00457698  0.96806054 -0.25122874
47241.7  2.00000000  0.96804973  0.00457639  0.96806054 -0.25122875
47241.8  2.00000000  0.96804973  0.00457574  0.96806054 -0.25122875
47241.9  2.00000000  0.96804973  0.00457515  0.96806054 -0.25122874
47242.0  2.00000000  0.96804974  0.00457478  0.96806055 -0.25122874
47242.1  2.00000000  0.96804974  0.00457469  0.96806055 -0.25122873
47242.2  2.00000000  0.96804974  0.00457489  0.96806055 -0.25122872
47242.3  2.00000000  0.96804974  0.00457534  0.96806055 -0.25122872
47242.4  2.00000000  0.96804973  0.00457592  0.96806055 -0.25122872
47242.5  2.00000000  0.96804973  0.00457648  0.96806055 -0.25122872
47242.6  2.00000000  0.96804973  0.00457691  0.96806055 -0.25122872
47242.7  2.00000000  0.96804973  0.00457711  0.96806055 -0.25122873
47242.8  2.00000000  0.96804973  0.00457704  0.96806055 -0.25122873
47242.9  2.00000000  0.96804973  0.00457675  0.96806054 -0.25122874
47243.0  2.00000000  0.96804973  0.00457627  0.96806054 -0.25122874
47243.1  2.00000000  0.96804973  0.00457576  0.96806054 -0.25122874
47243.2  2.00000000  0.96804973  0.00457532  0.96806054 -0.25122874
47243.3  2.00000000  0.96804974  0.00457503  0.96806055 -0.25122873
47243.4  2.00000000  0.96804974  0.00457499  0.96806055 -0.25122873
47243.5  2.00000000  0.96804974  0.00457514  0.96806055 -0.25122872
47243.6  2.00000000  0.96804974  0.00457550  0.96806055 -0.25122872
47243.7  2.00000000  0.96804973  0.00457595  0.96806055 -0.25122872
47243.8  2.00000000  0.96804973  0.00457636  0.96806055 -0.25122872
47243.9  2.00000000  0.96804973  0.00457672  0.96806055 -0.25122872
47244.0  2.00000000  0.96804973  0.00457685  0.96806055 -0.25122873
47244.1  2.00000000  0.96804973  0.00457681  0.96806055 -0.25122873
47244.2  2.00000000  0.96804973  0.00457658  0.96806054 -0.25122874
47244.3  2.00000000  0.96804973  0.00457619  0.96806055 -0.25122874
47244.4  2.00000000  0.96804973  0.00457582  0.96806054 -0.25122874
47244.5  2.00000000  0.96804973  0.00457543  0.96806054 -0.25122874
47244.6  2.00000000  0.96804974  0.00457525  0.96806055 -0.25122873
47244.7  2.00000000  0.96804973  0.00457520  0.96806054 -0.25122873
47244.8  2.00000000  0.96804974  0.00457529  0.96806055 -0.25122872
47244.9  2.00000000  0.96804973  0.00457567  0.96806055 -0.25122872
47245.0  2.00000000  0.96804973  0.00457589  0.96806055 -0.25122872
47245.1  2.00000000  0.96804973  0.00457641  0.96806055 -0.25122873
47245.2  2.00000000  0.96804973  0.00457640  0.96806055 -0.25122872
47245.3  2.00000000  0.96804972  0.00457683  0.96806054 -0.25122873
47245.4  2.00000000  0.96804974  0.00457644  0.96806055 -0.25122873
47245.5  2.00000000  0.96804972  0.00457659  0.96806053 -0.25122875
47245.6  2.00000000  0.96804974  0.00457597  0.96806056 -0.25122873
47245.7  2.00000000  0.96804971  0.00457596  0.96806053 -0.25122875
47245.8  2.00000000  0.96804975  0.00457546  0.96806056 -0.25122872
47245.9  2.00000000  0.96804971  0.00457545  0.96806052 -0.25122875
47246.0  2.00000000  0.96804976  0.00457537  0.96806057 -0.25122871
47246.1  2.00000000  0.96804971  0.00457546  0.96806052 -0.25122874
47246.2  2.00000000  0.96804976  0.00457577  0.96806057 -0.25122871
47246.3  2.00000000  0.96804971  0.00457588  0.96806052 -0.25122874
47246.4  2.00000000  0.96804975  0.00457636  0.96806057 -0.25122871
47246.5  2.00000000  0.96804971  0.00457627  0.96806052 -0.25122874
47246.6  2.00000000  0.96804975  0.00457669  0.96806057 -0.25122871
47246.7  2.00000000  0.96804971  0.00457625  0.96806053 -0.25122875
47246.8  2.00000000  0.96804974  0.00457653  0.96806056 -0.25122872
47246.9  2.00000000  0.96804972  0.00457586  0.96806053 -0.25122875
47247.0  2.00000000  0.96804974  0.00457609  0.96806056 -0.25122873
47247.1  2.00000000  0.96804972  0.00457541  0.96806054 -0.25122874
47247.2  2.00000000  0.96804974  0.00457578  0.96806055 -0.25122873
47247.3  2.00000000  0.96804973  0.00457527  0.96806054 -0.25122873
47247.4  2.00000000  0.96804974  0.00457586  0.96806055 -0.25122872
47247.5  2.00000000  0.96804973  0.00457552  0.96806054 -0.25122873
47247.6  2.00000000  0.96804973  0.00457623  0.96806055 -0.25122873
47247.7  2.00000000  0.96804973  0.00457594  0.96806055 -0.25122872
47247.8  2.00000000  0.96804972  0.00457655  0.96806054 -0.25122873
47247.9  2.00000000  0.96804974  0.00457617  0.96806055 -0.25122873
47248.0  2.00000000  0.96804972  0.00457654  0.96806054 -0.25122874
47248.1  2.00000000  0.96804974  0.00457605  0.96806055 -0.25122873
47248.2  2.00000000  0.96804972  0.00457622  0.96806054 -0.25122874
47248.3  2.00000000  0.96804974  0.00457572  0.96806055 -0.25122873
47248.4  2.00000000  0.96804972  0.00457586  0.96806054 -0.25122874
47248.5  2.00000000  0.96804974  0.00457551  0.96806056 -0.25122872
47248.6  2.00000000  0.96804972  0.00457573  0.96806053 -0.25122874
47248.7  2.00000000  0.96804974  0.00457561  0.96806056 -0.25122872
47248.8  2.00000000  0.96804972  0.00457589  0.96806053 -0.25122874
47248.9  2.00000000  0.96804974  0.00457595  0.96806056 -0.25122872
47249.0  2.00000000  0.96804972  0.00457617  0.96806054 -0.25122874
47249.1  2.00000000  0.96804974  0.00457624  0.96806056 -0.25122872
47249.2  2.00000000  0.96804972  0.00457629  0.96806054 -0.25122874
47249.3  2.00000000  0.96804974  0.00457627  0.96806056 -0.25122872
47249.4  2.00000000  0.96804972  0.00457614  0.96806054 -0.25122874
47249.5  2.00000000  0.96804974  0.00457606  0.96806055 -0.25122873
47249.6  2.00000000  0.96804972  0.00457584  0.96806054 -0.25122874
47249.7  2.00000000  0.96804974  0.00457583  0.96806055 -0.25122873
47249.8  2.00000000  0.96804973  0.00457564  0.96806054 -0.25122874
47249.9  2.00000000  0.96804974  0.00457578  0.96806055 -0.25122872
47250.0  2.00000000  0.96804973  0.00457569  0.96806054 -0.25122873
47250.1  2.00000000  0.96804974  0.00457595  0.96806055 -0.25122872
47250.2  2.00000000  0.96804973  0.00457591  0.96806054 -0.25122873
47250.3  2.00000000  0.96804973  0.00457619  0.96806055 -0.25122873
47250.4  2.00000000  0.96804973  0.00457610  0.96806054 -0.25122873
47250.5  2.00000000  0.96804973  0.00457630  0.96806055 -0.25122873
47250.6  2.00000000  0.96804973  0.00457611  0.96806054 -0.25122873
47250.7  2.00000000  0.96804973  0.00457620  0.96806055 -0.25122873
47250.8  2.00000000  0.96804973  0.00457593  0.96806055 -0.25122873
47250.9  2.00000000  0.96804973  0.00457599  0.96806054 -0.25122873
47251.0  2.00000000  0.96804973  0.00457575  0.96806055 -0.25122873
47251.1  2.00000000  0.96804973  0.00457584  0.96806054 -0.25122873
47251.2  2.00000000  0.96804973  0.00457571  0.96806055 -0.25122873
47251.3  2.00000000  0.96804973  0.00457587  0.96806054 -0.25122873
47251.4  2.00000000  0.96804973  0.00457584  0.96806055 -0.25122873
47251.5  2.00000000  0.96804973  0.00457604  0.96806054 -0.25122873
47251.6  2.00000000  0.96804973  0.00457604  0.96806055 -0.25122873
47251.7  2.00000000  0.96804973  0.00457618  0.96806054 -0.25122873
47251.8  2.00000000  0.96804973  0.00457613  0.96806055 -0.25122873
47251.9  2.00000000  0.96804973  0.00457616  0.96806054 -0.25122873
47252.0  2.00000000  0.96804973  0.00457606  0.96806055 -0.25122873
47252.1  2.00000000  0.96804973  0.00457601  0.96806054 -0.25122874
47252.2  2.00000000  0.96804973  0.00457591  0.96806055 -0.25122873
47252.3  2.00000000  0.96804973  0.00457586  0.96806054 -0.25122873
47252.4  2.00000000  0.96804973  0.00457582  0.96806055 -0.25122873
47252.5  2.00000000  0.96804973  0.00457581  0.96806054 -0.25122873
47252.6  2.00000000  0.96804973  0.00457586  0.96806055 -0.25122873
47252.7  2.00000000  0.96804973  0.00457590  0.96806054 -0.25122873
47252.8  2.00000000  0.96804973  0.00457601  0.96806055 -0.25122873
47252.9  2.00000000  0.96804973  0.00457604  0.96806054 -0.25122873
47253.0  2.00000000  0.96804973  0.00457612  0.96806055 -0.25122873
47253.1  2.00000000  0.96804973  0.00457609  0.96806054 -0.25122873
47253.2  2.00000000  0.96804973  0.00457612  0.96806055 -0.25122873
47253.3  2.00000000  0.96804973  0.00457603  0.96806054 -0.25122873
47253.4  2.00000000  0.96804973  0.00457602  0.96806055 -0.25122873
47253.5  2.00000000  0.96804973  0.00457590  0.96806054 -0.25122873
47253.6  2.00000000  0.96804973  0.00457591  0.96806055 -0.25122873
47253.7  2.00000000  0.96804973  0.00457583  0.96806055 -0.25122873
47253.8  2.00000000  0.96804973  0.00457588  0.96806055 -0.25122873
47253.9  2.00000000  0.96804973  0.00457586  0.96806055 -0.25122873
47254.0  2.00000000  0.96804973  0.00457596  0.96806055 -0.25122873
47254.1  2.00000000  0.96804973  0.00457596  0.96806055 -0.25122873
47254.2  2.00000000  0.96804973  0.00457606  0.96806055 -0.25122873
47254.3  2.00000000  0.96804973  0.00457605  0.96806055 -0.25122873
47254.4  2.00000000  0.96804973  0.00457610  0.96806055 -0.25122873
47254.5  2.00000000  0.96804973  0.00457606  0.96806055 -0.25122873
47254.6  2.00000000  0.96804973  0.00457603  0.96806055 -0.25122873
47254.7  2.00000000  0.96804973  0.00457599  0.96806055 -0.25122873
47254.8  2.00000000  0.96804973  0.00457596  0.96806055 -0.25122873
47254.9  2.00000000  0.96804973  0.00457594  0.96806055 -0.25122873
47255.0  2.00000000  0.96804973  0.00457594  0.96806055 -0.25122873
47255.1  2.00000000  0.96804973  0.00457593  0.96806055 -0.25122873
47255.2  2.00000000  0.96804973  0.00457594  0.96806055 -0.25122873
47255.3  2.00000000  0.96804973  0.00457595  0.96806055 -0.25122873
47255.4  2.00000000  0.96804973  0.00457596  0.96806055 -0.25122873
47255.5  2.00000000  0.96804973  0.00457596  0.96806055 -0.25122873
47255.6  2.00000000  0.96804973  0.00457597  0.96806055 -0.25122873
47255.7  2.00000000  0.96804973  0.00457598  0.96806055 -0.25122873
47255.8  2.00000000  0.96804973  0.00457598  0.96806055 -0.25122873
47255.9  2.00000000  0.96804973  0.00457598  0.96806055 -0.25122873
47256.0  2.00000000  0.96804973  0.00457598  0.96806055 -0.25122873
47256.1  2.00000000  0.96804973  0.00457598  0.96806055 -0.25122873
47256.2  2.00000000  0.96804973  0.00457598  0.96806055 -0.25122873
47256.3  2.00000000  0.96804973  0.00457598  0.96806055 -0.25122873
47256.4  2.00000000  0.96804973  0.00457598  0.96806055 -0.25122873
47256.5  2.00000000  0.96804973  0.00457598  0.96806055 -0.25122873
47256.6  2.00000000  0.96804973  0.00457598  0.96806055 -0.25122873
47256.7  2.00000000  0.96804973  0.00457598  0.96806055 -0.25122873
47256.8  2.00000000  0.96804973  0.00457598  0.96806055 -0.25122873
47256.9  2.00000000  0.96804973  0.00457598  0.96806055 -0.25122873
47257.0  2.00000000  0.96804973  0.00457598  0.96806055 -0.25122873
47257.1  2.00000000  0.96804973  0.00457598  0.96806055 -0.25122873
47257.2  2.00000000  0.96804973  0.00457598  0.96806055 -0.25122873
47257.3  2.00000000  0.96804973  0.00457598  0.96806055 -0.25122873
47257.4  2.00000000  0.96804973  0.00457598  0.96806055 -0.25122873
47257.5  2.00000000  0.96804973  0.00457598  0.96806055 -0.25122873
47257.6  2.00000000  0.96804973  0.00457598  0.96806055 -0.25122873
47257.7  2.00000000  0.96804973  0.00457598  0.96806055 -0.25122873
47257.8  2.00000000  0.96804973  0.00457598  0.96806055 -0.25122873
47257.9  2.00000000  0.96804973  0.00457597  0.96806055 -0.25122873
47258.0  2.00000000  0.96804973  0.00457597  0.96806055 -0.25122873
47258.1  2.00000000  0.96804973  0.00457597  0.96806055 -0.25122873
47258.2  2.00000000  0.96804973  0.00457597  0.96806055 -0.25122873
47258.3  2.00000000  0.96804973  0.00457597  0.96806055 -0.25122873
47258.4  2.00000000  0.96804973  0.00457598  0.96806055 -0.25122873
47258.5  2.00000000  0.96804973  0.00457598  0.96806055 -0.25122873
47258.6  2.00000000  0.96804973  0.00457598  0.96806055 -0.25122873
47258.7  2.00000000  0.96804973  0.00457598  0.96806055 -0.25122873
47258.8  2.00000000  0.96804973  0.00457598  0.96806055 -0.25122873
47258.9  2.00000000  0.96804973  0.00457598  0.96806055 -0.25122873
47259.0  2.00000000  0.96804973  0.00457598  0.96806055 -0.25122873
47259.1  2.00000000  0.96804973  0.00457598  0.96806055 -0.25122873
47259.2  2.00000000  0.96804973  0.00457598  0.96806055 -0.25122873
47259.3  2.00000000  0.96804973  0.00457598  0.96806055 -0.25122873
47259.4  2.00000000  0.96804973  0.00457598  0.96806055 -0.25122873
47259.5  2.00000000  0.96804973  0.00457598  0.96806055 -0.25122873
47259.6  2.00000000  0.96804973  0.00457598  0.96806055 -0.25122873
47259.7  2.00000000  0.96804973  0.00457598  0.96806055 -0.25122873
47259.8  2.00000000  0.96804973  0.00457598  0.96806055 -0.25122873
47259.9  2.00000000  0.96804973  0.00457598  0.96806055 -0.25122873
47260.0  2.00000000  0.96804973  0.00457598  0.96806055 -0.25122873
47260.1  2.00000000  0.96804973  0.00457598  0.96806055 -0.25122873
47260.2  2.00000000  0.96804973  0.00457598  0.96806055 -0.25122873
47260.3  2.00000000  0.96804973  0.00457598  0.96806055 -0.25122873
47260.4  2.00000000  0.96804973  0.00457598  0.96806055 -0.25122873
47260.5  2.00000000  0.96804973  0.00457598  0.96806055 -0.25122873
47260.6  2.00000000  0.96804973  0.00457598  0.96806055 -0.25122873
47260.7  2.00000000  0.96804973  0.00457598  0.96806055 -0.25122873
47260.8  2.00000000  0.96804973  0.00457598  0.96806055 -0.25122873
47260.9  2.00000000  0.96804973  0.00457598  0.96806055 -0.25122873
47261.0  2.00000000  0.96804973  0.00457598  0.96806055 -0.25122873
47261.1  2.00000000  0.96804973  0.00457598  0.96806055 -0.25122873
47261.2  2.00000000  0.96804973  0.00457598  0.96806055 -0.25122873
47261.3  2.00000000  0.96804973  0.00457598  0.96806055 -0.25122873
47261.4  2.00000000  0.96804973  0.00457598  0.96806055 -0.25122873
47261.5  2.00000000  0.96804973  0.00457598  0.96806055 -0.25122873
47261.6  2.00000000  0.96804973  0.00457598  0.96806055 -0.25122873
47261.7  2.00000000  0.96804973  0.00457598  0.96806055 -0.25122873
47261.8  2.00000000  0.96804973  0.00457598  0.96806055 -0.25122873
47261.9  2.00000000  0.96804973  0.00457598  0.96806055 -0.25122873
47262.0  2.00000000  0.96804973  0.00457598  0.96806055 -0.25122873
47262.1  2.00000000  0.96804973  0.00457598  0.96806055 -0.25122873
47262.2  2.00000000  0.96804973  0.00457598  0.96806055 -0.25122873
47262.3  2.00000000  0.96804973  0.00457598  0.96806055 -0.25122873
47262.4  2.00000000  0.96804973  0.00457598  0.96806055 -0.25122873
47262.5  2.00000000  0.96804973  0.00457598  0.96806055 -0.25122873
47262.6  2.00000000  0.96804973  0.00457598  0.96806055 -0.25122873
47262.7  2.00000000  0.96804973  0.00457598  0.96806055 -0.25122873
47262.8  2.00000000  0.96804973  0.00457598  0.96806055 -0.25122873
47262.9  2.00000000  0.96804973  0.00457598  0.96806055 -0.25122873
47263.0  2.00000000  0.96804973  0.00457598  0.96806055 -0.25122873
47263.1  2.00000000  0.96804973  0.00457598  0.96806055 -0.25122873
47263.2  2.00000000  0.96804973  0.00457598  0.96806055 -0.25122873
47263.3  2.00000000  0.96804973  0.00457598  0.96806055 -0.25122873
47263.4  2.00000000  0.96804973  0.00457598  0.96806055 -0.25122873
47263.5  2.00000000  0.96804973  0.00457598  0.96806055 -0.25122873
47263.6  2.00000000  0.96804973  0.00457598  0.96806055 -0.25122873
47263.7  2.00000000  0.96804973  0.00457598  0.96806055 -0.25122873
47263.8  2.00000000  0.96804973  0.00457598  0.96806055 -0.25122873
47263.9  2.00000000  0.96804973  0.00457598  0.96806055 -0.25122873
47264.0  2.00000000  0.96804973  0.00457598  0.96806055 -0.25122873
47264.1  2.00000000  0.96804973  0.00457598  0.96806055 -0.25122873
47264.2  2.00000000  0.96804973  0.00457598  0.96806055 -0.25122873
47264.3  2.00000000  0.96804973  0.00457598  0.96806055 -0.25122873
47264.4  2.00000000  0.96804973  0.00457598  0.96806055 -0.25122873
47264.5  2.00000000  0.96804973  0.00457598  0.96806055 -0.25122873
47264.6  2.00000000  0.96804973  0.00457598  0.96806055 -0.25122873
47264.7  2.00000000  0.96804973  0.00457598  0.96806055 -0.25122873
47264.8  2.00000000  0.96804973  0.00457598  0.96806055 -0.25122873
47264.9  2.00000000  0.96804973  0.00457598  0.96806055 -0.25122873
47265.0  2.00000000  0.96804973  0.00457598  0.96806055 -0.25122873
47265.1  2.00000000  0.96804973  0.00457598  0.96806055 -0.25122873
47265.2  2.00000000  0.96804973  0.00457598  0.96806055 -0.25122873
47265.3  2.00000000  0.96804973  0.00457598  0.96806055 -0.25122873
47265.4  2.00000000  0.96804973  0.00457598  0.96806055 -0.25122873
47265.5  2.00000000  0.96804973  0.00457598  0.96806055 -0.25122873
47265.6  2.00000000  0.96804973  0.00457598  0.96806055 -0.25122873
47265.7  2.00000000  0.96804973  0.00457598  0.96806055 -0.25122873
47265.8  2.00000000  0.96804973  0.00457598  0.96806055 -0.25122873
47265.9  2.00000000  0.96804973  0.00457598  0.96806055 -0.25122873
47266.0  2.00000000  0.96804973  0.00457598  0.96806055 -0.25122873
47266.1  2.00000000  0.96804973  0.00457598  0.96806055 -0.25122873
47266.2  2.00000000  0.96804973  0.00457598  0.96806055 -0.25122873
47266.3  2.00000000  0.96804973  0.00457598  0.96806055 -0.25122873
47266.4  2.00000000  0.96804973  0.00457598  0.96806055 -0.25122873
47266.5  2.00000000  0.96804973  0.00457598  0.96806055 -0.25122873
47266.6  2.00000000  0.96804973  0.00457598  0.96806055 -0.25122873
47266.7  2.00000000  0.96804973  0.00457598  0.96806055 -0.25122873
47266.8  2.00000000  0.96804973  0.00457598  0.96806055 -0.25122873
47266.9  2.00000000  0.96804973  0.00457598  0.96806055 -0.25122873
47267.0  2.00000000  0.96804973  0.00457598  0.96806055 -0.25122873
47267.1  2.00000000  0.96804973  0.00457598  0.96806055 -0.25122873
47267.2  2.00000000  0.96804973  0.00457598  0.96806055 -0.25122873
47267.3  2.00000000  0.96804973  0.00457598  0.96806055 -0.25122873
47267.4  2.00000000  0.96804973  0.00457598  0.96806055 -0.25122873
47267.5  2.00000000  0.96804973  0.00457598  0.96806055 -0.25122873
47267.6  2.00000000  0.96804973  0.00457598  0.96806055 -0.25122873
47267.7  2.00000000  0.96804973  0.00457598  0.96806055 -0.25122873
47267.8  2.00000000  0.96804973  0.00457598  0.96806055 -0.25122873
47267.9  2.00000000  0.96804973  0.00457598  0.96806055 -0.25122873
47268.0  2.00000000  0.96804973  0.00457598  0.96806055 -0.25122873
47268.1  2.00000000  0.96804973  0.00457598  0.96806055 -0.25122873
47268.2  2.00000000  0.96804973  0.00457598  0.96806055 -0.25122873
47268.3  2.00000000  0.96804973  0.00457598  0.96806055 -0.25122873
47268.4  2.00000000  0.96804973  0.00457598  0.96806055 -0.25122873
47268.5  2.00000000  0.96804973  0.00457598  0.96806055 -0.25122873
47268.6  2.00000000  0.96804973  0.00457598  0.96806055 -0.25122873
47268.7  2.00000000  0.96804973  0.00457598  0.96806055 -0.25122873
47268.8  2.00000000  0.96804973  0.00457598  0.96806055 -0.25122873
47268.9  2.00000000  0.96804973  0.00457598  0.96806055 -0.25122873
47269.0  2.00000000  0.96804973  0.00457598  0.96806055 -0.25122873
47269.1  2.00000000  0.96804973  0.00457598  0.96806055 -0.25122873
47269.2  2.00000000  0.96804973  0.00457598  0.96806055 -0.25122873
47269.3  2.00000000  0.96804973  0.00457598  0.96806055 -0.25122873
47269.4  2.00000000  0.96804973  0.00457598  0.96806055 -0.25122873
47269.5  2.00000000  0.96804973  0.00457598  0.96806055 -0.25122873
47269.6  2.00000000  0.96804973  0.00457598  0.96806055 -0.25122873
47269.7  2.00000000  0.96804973  0.00457598  0.96806055 -0.25122873
47269.8  2.00000000  0.96804973  0.00457598  0.96806055 -0.25122873
47269.9  2.00000000  0.96804973  0.00457598  0.96806055 -0.25122873
47270.0  2.00000000  0.96804973  0.00457598  0.96806055 -0.25122873
47270.1  2.00000000  0.96804973  0.00457598  0.96806055 -0.25122873
47270.2  2.00000000  0.96804973  0.00457598  0.96806055 -0.25122873
47270.3  2.00000000  0.96804973  0.00457598  0.96806055 -0.25122873
47270.4  2.00000000  0.96804973  0.00457598  0.96806055 -0.25122873
47270.5  2.00000000  0.96804973  0.00457598  0.96806055 -0.25122873
47270.6  2.00000000  0.96804973  0.00457598  0.96806055 -0.25122873
47270.7  2.00000000  0.96804973  0.00457598  0.96806055 -0.25122873
47270.8  2.00000000  0.96804973  0.00457598  0.96806055 -0.25122873
47270.9  2.00000000  0.96804973  0.00457598  0.96806055 -0.25122873
47271.0  2.00000000  0.96804973  0.00457598  0.96806055 -0.25122873
47271.1  2.00000000  0.96804973  0.00457598  0.96806055 -0.25122873
47271.2  2.00000000  0.96804973  0.00457598  0.96806055 -0.25122873
47271.3  2.00000000  0.96804973  0.00457598  0.96806055 -0.25122873
47271.4  2.00000000  0.96804973  0.00457598  0.96806055 -0.25122873
47271.5  2.00000000  0.96804973  0.00457598  0.96806055 -0.25122873
47271.6  2.00000000  0.96804973  0.00457598  0.96806055 -0.25122873
47271.7  2.00000000  0.96804973  0.00457598  0.96806055 -0.25122873
47271.8  2.00000000  0.96804973  0.00457598  0.96806055 -0.25122873
47271.9  2.00000000  0.96804973  0.00457598  0.96806055 -0.25122873
47272.0  2.00000000  0.96804973  0.00457598  0.96806055 -0.25122873
47272.1  2.00000000  0.96804973  0.00457598  0.96806055 -0.25122873
47272.2  2.00000000  0.96804973  0.00457598  0.96806055 -0.25122873
47272.3  2.00000000  0.96804973  0.00457598  0.96806055 -0.25122873
47272.4  2.00000000  0.96804973  0.00457598  0.96806055 -0.25122873
47272.5  2.00000000  0.96804973  0.00457598  0.96806055 -0.25122873
47272.6  2.00000000  0.96804973  0.00457598  0.96806055 -0.25122873
47272.7  2.00000000  0.96804973  0.00457598  0.96806055 -0.25122873
47272.8  2.00000000  0.96804973  0.00457598  0.96806055 -0.25122873
47272.9  2.00000000  0.96804973  0.00457598  0.96806055 -0.25122873
47273.0  2.00000000  0.96804973  0.00457598  0.96806055 -0.25122873
47273.1  2.00000000  0.96804973  0.00457598  0.96806055 -0.25122873
47273.2  2.00000000  0.96804973  0.00457598  0.96806055 -0.25122873
47273.3  2.00000000  0.96804973  0.00457598  0.96806055 -0.25122873
47273.4  2.00000000  0.96804973  0.00457598  0.96806055 -0.25122873
47273.5  2.00000000  0.96804973  0.00457598  0.96806055 -0.25122873
47273.6  2.00000000  0.96804973  0.00457598  0.96806055 -0.25122873
47273.7  2.00000000  0.96804973  0.00457598  0.96806055 -0.25122873
47273.8  2.00000000  0.96804973  0.00457598  0.96806055 -0.25122873
47273.9  2.00000000  0.96804973  0.00457598  0.96806055 -0.25122873
47274.0  2.00000000  0.96804973  0.00457598  0.96806055 -0.25122873
47274.1  2.00000000  0.96804973  0.00457598  0.96806055 -0.25122873
47274.2  2.00000000  0.96804973  0.00457598  0.96806055 -0.25122873
47274.3  2.00000000  0.96804973  0.00457598  0.96806055 -0.25122873
47274.4  2.00000000  0.96804973  0.00457598  0.96806055 -0.25122873
47274.5  2.00000000  0.96804973  0.00457598  0.96806055 -0.25122873
47274.6  2.00000000  0.96804973  0.00457598  0.96806055 -0.25122873
47274.7  2.00000000  0.96804973  0.00457598  0.96806055 -0.25122873
47274.8  2.00000000  0.96804973  0.00457598  0.96806055 -0.25122873
47274.9  2.00000000  0.96804973  0.00457598  0.96806055 -0.25122873
47275.0  2.00000000  0.96804973  0.00457598  0.96806055 -0.25122873
47275.1  2.00000000  0.96804973  0.00457598  0.96806055 -0.25122873
47275.2  2.00000000  0.96804973  0.00457598  0.96806055 -0.25122873
47275.3  2.00000000  0.96804973  0.00457598  0.96806055 -0.25122873
47275.4  2.00000000  0.96804973  0.00457598  0.96806055 -0.25122873
47275.5  2.00000000  0.96804973  0.00457598  0.96806055 -0.25122873
47275.6  2.00000000  0.96804973  0.00457598  0.96806055 -0.25122873
47275.7  2.00000000  0.96804973  0.00457598  0.96806055 -0.25122873
47275.8  2.00000000  0.96804973  0.00457598  0.96806055 -0.25122873
47275.9  2.00000000  0.96804973  0.00457598  0.96806055 -0.25122873
47276.0  2.00000000  0.96804973  0.00457598  0.96806055 -0.25122873
47276.1  2.00000000  0.96804973  0.00457598  0.96806055 -0.25122873
47276.2  2.00000000  0.96804973  0.00457598  0.96806055 -0.25122873
47276.3  2.00000000  0.96804973  0.00457598  0.96806055 -0.25122873
47276.4  2.00000000  0.96804973  0.00457598  0.96806055 -0.25122873
47276.5  2.00000000  0.96804973  0.00457598  0.96806055 -0.25122873
47276.6  2.00000000  0.96804973  0.00457598  0.96806055 -0.25122873
47276.7  2.00000000  0.96804973  0.00457598  0.96806055 -0.25122873
47276.8  2.00000000  0.96804973  0.00457598  0.96806055 -0.25122873
47276.9  2.00000000  0.96804973  0.00457598  0.96806055 -0.25122873
47277.0  2.00000000  0.96804973  0.00457598  0.96806055 -0.25122873
47277.1  2.00000000  0.96804973  0.00457598  0.96806055 -0.25122873
47277.2  2.00000000  0.96804973  0.00457598  0.96806055 -0.25122873
47277.3  2.00000000  0.96804973  0.00457598  0.96806055 -0.25122873
47277.4  2.00000000  0.96804973  0.00457598  0.96806055 -0.25122873
47277.5  2.00000000  0.96804973  0.00457598  0.96806055 -0.25122873
47277.6  2.00000000  0.96804973  0.00457598  0.96806055 -0.25122873
47277.7  2.00000000  0.96804973  0.00457598  0.96806055 -0.25122873
47277.8  2.00000000  0.96804973  0.00457598  0.96806055 -0.25122873
47277.9  2.00000000  0.96804973  0.00457598  0.96806055 -0.25122873
47278.0  2.00000000  0.96804973  0.00457598  0.96806055 -0.25122873
47278.1  2.00000000  0.96804973  0.00457598  0.96806055 -0.25122873
47278.2  2.00000000  0.96804973  0.00457598  0.96806055 -0.25122873
47278.3  2.00000000  0.96804973  0.00457598  0.96806055 -0.25122873
47278.4  2.00000000  0.96804973  0.00457598  0.96806055 -0.25122873
47278.5  2.00000000  0.96804973  0.00457598  0.96806055 -0.25122873
47278.6  2.00000000  0.96804973  0.00457598  0.96806055 -0.25122873
47278.7  2.00000000  0.96804973  0.00457598  0.96806055 -0.25122873
47278.8  2.00000000  0.96804973  0.00457598  0.96806055 -0.25122873
47278.9  2.00000000  0.96804973  0.00457598  0.96806055 -0.25122873
47279.0  2.00000000  0.96804973  0.00457598  0.96806055 -0.25122873
47279.1  2.00000000  0.96804973  0.00457598  0.96806055 -0.25122873
47279.2  2.00000000  0.96804973  0.00457598  0.96806055 -0.25122873
47279.3  2.00000000  0.96804973  0.00457598  0.96806055 -0.25122873
47279.4  2.00000000  0.96804973  0.00457598  0.96806055 -0.25122873
47279.5  2.00000000  0.96804973  0.00457598  0.96806055 -0.25122873
47279.6  2.00000000  0.96804973  0.00457598  0.96806055 -0.25122873
47279.7  2.00000000  0.96804973  0.00457598  0.96806055 -0.25122873
47279.8  2.00000000  0.96804973  0.00457598  0.96806055 -0.25122873
47279.9  2.00000000  0.96804973  0.00457598  0.96806055 -0.25122873
47280.0  2.00000000  0.96804973  0.00457598  0.96806055 -0.25122873
47280.1  2.00000000  0.96804973  0.00457598  0.96806055 -0.25122873
47280.2  2.00000000  0.96804973  0.00457598  0.96806055 -0.25122873
47280.3  2.00000000  0.96804973  0.00457598  0.96806055 -0.25122873
47280.4  2.00000000  0.96804973  0.00457598  0.96806055 -0.25122873
47280.5  2.00000000  0.96804973  0.00457598  0.96806055 -0.25122873
47280.6  2.00000000  0.96804973  0.00457598  0.96806055 -0.25122873
47280.7  2.00000000  0.96804973  0.00457598  0.96806055 -0.25122873
47280.8  2.00000000  0.96804973  0.00457598  0.96806055 -0.25122873
47280.9  2.00000000  0.96804973  0.00457598  0.96806055 -0.25122873
47281.0  2.00000000  0.96804973  0.00457598  0.96806055 -0.25122873
47281.1  2.00000000  0.96804973  0.00457598  0.96806055 -0.25122873
47281.2  2.00000000  0.96804973  0.00457598  0.96806055 -0.25122873
47281.3  2.00000000  0.96804973  0.00457598  0.96806055 -0.25122873
47281.4  2.00000000  0.96804973  0.00457598  0.96806055 -0.25122873
47281.5  2.00000000  0.96804973  0.00457598  0.96806055 -0.25122873
47281.6  2.00000000  0.96804973  0.00457598  0.96806055 -0.25122873
47281.7  2.00000000  0.96804973  0.00457598  0.96806055 -0.25122873
47281.8  2.00000000  0.96804973  0.00457598  0.96806055 -0.25122873
47281.9  2.00000000  0.96804973  0.00457598  0.96806055 -0.25122873
47282.0  2.00000000  0.96804973  0.00457598  0.96806055 -0.25122873
47282.1  2.00000000  0.96804973  0.00457598  0.96806055 -0.25122873
47282.2  2.00000000  0.96804973  0.00457598  0.96806055 -0.25122873
47282.3  2.00000000  0.96804973  0.00457598  0.96806055 -0.25122873
47282.4  2.00000000  0.96804973  0.00457598  0.96806055 -0.25122873
47282.5  2.00000000  0.96804973  0.00457598  0.96806055 -0.25122873
47282.6  2.00000000  0.96804973  0.00457598  0.96806055 -0.25122873
47282.7  2.00000000  0.96804973  0.00457598  0.96806055 -0.25122873
47282.8  2.00000000  0.96804973  0.00457598  0.96806055 -0.25122873
47282.9  2.00000000  0.96804973  0.00457598  0.96806055 -0.25122873
47283.0  2.00000000  0.96804973  0.00457598  0.96806055 -0.25122873
47283.1  2.00000000  0.96804973  0.00457598  0.96806055 -0.25122873
47283.2  2.00000000  0.96804973  0.00457598  0.96806055 -0.25122873
47283.3  2.00000000  0.96804973  0.00457598  0.96806055 -0.25122873
47283.4  2.00000000  0.96804973  0.00457598  0.96806055 -0.25122873
47283.5  2.00000000  0.96804973  0.00457598  0.96806055 -0.25122873
47283.6  2.00000000  0.96804973  0.00457598  0.96806055 -0.25122873
47283.7  2.00000000  0.96804973  0.00457598  0.96806055 -0.25122873
47283.8  2.00000000  0.96804973  0.00457598  0.96806055 -0.25122873
47283.9  2.00000000  0.96804973  0.00457598  0.96806055 -0.25122873
47284.0  2.00000000  0.96804973  0.00457598  0.96806055 -0.25122873
47284.1  2.00000000  0.96804973  0.00457598  0.96806055 -0.25122873
47284.2  2.00000000  0.96804973  0.00457598  0.96806055 -0.25122873
47284.3  2.00000000  0.96804973  0.00457598  0.96806055 -0.25122873
47284.4  2.00000000  0.96804973  0.00457598  0.96806055 -0.25122873
47284.5  2.00000000  0.96804973  0.00457598  0.96806055 -0.25122873
47284.6  2.00000000  0.96804973  0.00457598  0.96806055 -0.25122873
47284.7  2.00000000  0.96804973  0.00457598  0.96806055 -0.25122873
47284.8  2.00000000  0.96804973  0.00457598  0.96806055 -0.25122873
47284.9  2.00000000  0.96804973  0.00457598  0.96806055 -0.25122873
47285.0  2.00000000  0.96804973  0.00457598  0.96806055 -0.25122873
47285.1  2.00000000  0.96804973  0.00457598  0.96806055 -0.25122873
47285.2  2.00000000  0.96804973  0.00457598  0.96806055 -0.25122873
47285.3  2.00000000  0.96804973  0.00457598  0.96806055 -0.25122873
47285.4  2.00000000  0.96804973  0.00457598  0.96806055 -0.25122873
47285.5  2.00000000  0.96804973  0.00457598  0.96806055 -0.25122873
47285.6  2.00000000  0.96804973  0.00457598  0.96806055 -0.25122873
47285.7  2.00000000  0.96804973  0.00457598  0.96806055 -0.25122873
47285.8  2.00000000  0.96804973  0.00457598  0.96806055 -0.25122873
47285.9  2.00000000  0.96804973  0.00457598  0.96806055 -0.25122873
47286.0  2.00000000  0.96804973  0.00457598  0.96806055 -0.25122873
47286.1  2.00000000  0.96804973  0.00457598  0.96806055 -0.25122873
47286.2  2.00000000  0.96804973  0.00457598  0.96806055 -0.25122873
47286.3  2.00000000  0.96804973  0.00457598  0.96806055 -0.25122873
47286.4  2.00000000  0.96804973  0.00457598  0.96806055 -0.25122873
47286.5  2.00000000  0.96804973  0.00457598  0.96806055 -0.25122873
47286.6  2.00000000  0.96804973  0.00457598  0.96806055 -0.25122873
47286.7  2.00000000  0.96804973  0.00457598  0.96806055 -0.25122873
47286.8  2.00000000  0.96804973  0.00457598  0.96806055 -0.25122873
47286.9  2.00000000  0.96804973  0.00457598  0.96806055 -0.25122873
47287.0  2.00000000  0.96804973  0.00457598  0.96806055 -0.25122873
47287.1  2.00000000  0.96804973  0.00457598  0.96806055 -0.25122873
47287.2  2.00000000  0.96804973  0.00457598  0.96806055 -0.25122873
47287.3  2.00000000  0.96804973  0.00457598  0.96806055 -0.25122873
47287.4  2.00000000  0.96804973  0.00457598  0.96806055 -0.25122873
47287.5  2.00000000  0.96804973  0.00457598  0.96806055 -0.25122873
47287.6  2.00000000  0.96804973  0.00457598  0.96806055 -0.25122873
47287.7  2.00000000  0.96804973  0.00457598  0.96806055 -0.25122873
47287.8  2.00000000  0.96804973  0.00457598  0.96806055 -0.25122873
47287.9  2.00000000  0.96804973  0.00457598  0.96806055 -0.25122873
47288.0  2.00000000  0.96804973  0.00457598  0.96806055 -0.25122873
47288.1  2.00000000  0.96804973  0.00457598  0.96806055 -0.25122873
47288.2  2.00000000  0.96804973  0.00457598  0.96806055 -0.25122873
47288.3  2.00000000  0.96804973  0.00457598  0.96806055 -0.25122873
47288.4  2.00000000  0.96804973  0.00457598  0.96806055 -0.25122873
47288.5  2.00000000  0.96804973  0.00457598  0.96806055 -0.25122873
47288.6  2.00000000  0.96804973  0.00457598  0.96806055 -0.25122873
47288.7  2.00000000  0.96804973  0.00457598  0.96806055 -0.25122873
47288.8  2.00000000  0.96804973  0.00457598  0.96806055 -0.25122873
47288.9  2.00000000  0.96804973  0.00457598  0.96806055 -0.25122873
47289.0  2.00000000  0.96804973  0.00457598  0.96806055 -0.25122873
47289.1  2.00000000  0.96804973  0.00457598  0.96806055 -0.25122873
47289.2  2.00000000  0.96804973  0.00457598  0.96806055 -0.25122873
47289.3  2.00000000  0.96804973  0.00457598  0.96806055 -0.25122873
47289.4  2.00000000  0.96804973  0.00457598  0.96806055 -0.25122873
47289.5  2.00000000  0.96804973  0.00457598  0.96806055 -0.25122873
47289.6  2.00000000  0.96804973  0.00457598  0.96806055 -0.25122873
47289.7  2.00000000  0.96804973  0.00457598  0.96806055 -0.25122873
47289.8  2.00000000  0.96804973  0.00457598  0.96806055 -0.25122873
47289.9  2.00000000  0.96804973  0.00457598  0.96806055 -0.25122873
47290.0  2.00000000  0.96804973  0.00457598  0.96806055 -0.25122873
47290.1  2.00000000  0.96804973  0.00457598  0.96806055 -0.25122873
47290.2  2.00000000  0.96804973  0.00457598  0.96806055 -0.25122873
47290.3  2.00000000  0.96804973  0.00457598  0.96806055 -0.25122873
47290.4  2.00000000  0.96804973  0.00457598  0.96806055 -0.25122873
47290.5  2.00000000  0.96804973  0.00457598  0.96806055 -0.25122873
47290.6  2.00000000  0.96804973  0.00457598  0.96806055 -0.25122873
47290.7  2.00000000  0.96804973  0.00457598  0.96806055 -0.25122873
47290.8  2.00000000  0.96804973  0.00457598  0.96806055 -0.25122873
47290.9  2.00000000  0.96804973  0.00457598  0.96806055 -0.25122873
47291.0  2.00000000  0.96804973  0.00457598  0.96806055 -0.25122873
47291.1  2.00000000  0.96804973  0.00457598  0.96806055 -0.25122873
47291.2  2.00000000  0.96804973  0.00457598  0.96806055 -0.25122873
47291.3  2.00000000  0.96804973  0.00457598  0.96806055 -0.25122873
47291.4  2.00000000  0.96804973  0.00457598  0.96806055 -0.25122873
47291.5  2.00000000  0.96804973  0.00457598  0.96806055 -0.25122873
