 # AA:        319011.52470890305     
 # FLEGG:     216253.56438441607     
 # AF0:     -5.33308614247767210E-002
 # CPAR:      555.55779854881382     
 # Diff:     0.12463198212018202     
 # TF:       2.68328157299974766E-007
 # H:         284.00000000000000     
 # GRAD:     0.10000000000000001     
 # HR:       3.00000000000000006E-003
 # LP:       0.37004001600617015     
 # TIME  LP  TMAB  TMDS  TMPC  TMZ
30839.9  2.00000000  0.96789486  0.00797352  0.96792770 -0.25174873
30840.0  2.00000000  0.96790947  0.00636646  0.96793040 -0.25173396
30840.1  2.00000000  0.96791990  0.00532619  0.96793455 -0.25171249
30840.2  2.00000000  0.96792621  0.00499175  0.96793908 -0.25168856
30840.3  2.00000000  0.96792843  0.00537905  0.96794338 -0.25166616
30840.4  2.00000000  0.96792561  0.00638036  0.96794664 -0.25164904
30840.5  2.00000000  0.96791715  0.00779231  0.96794852 -0.25163965
30840.6  2.00000000  0.96790335  0.00935462  0.96794856 -0.25163930
30840.7  2.00000000  0.96788692  0.01079612  0.96794713 -0.25164730
30840.8  2.00000000  0.96787131  0.01188138  0.96794423 -0.25166208
30840.9  2.00000000  0.96786068  0.01244914  0.96794074 -0.25168053
30841.0  2.00000000  0.96785715  0.01243295  0.96793700 -0.25169953
30841.1  2.00000000  0.96786108  0.01187106  0.96793388 -0.25171568
30841.2  2.00000000  0.96787047  0.01088849  0.96793172 -0.25172655
30841.3  2.00000000  0.96788255  0.00967668  0.96793092 -0.25173056
30841.4  2.00000000  0.96789462  0.00845169  0.96793152 -0.25172746
30841.5  2.00000000  0.96790490  0.00742064  0.96793335 -0.25171819
30841.6  2.00000000  0.96791247  0.00674462  0.96793597 -0.25170470
30841.7  2.00000000  0.96791706  0.00651649  0.96793899 -0.25168945
30841.8  2.00000000  0.96791824  0.00674743  0.96794176 -0.25167517
30841.9  2.00000000  0.96791584  0.00737265  0.96794392 -0.25166413
30842.0  2.00000000  0.96790981  0.00826301  0.96794508 -0.25165803
30842.1  2.00000000  0.96790088  0.00925457  0.96794513 -0.25165759
30842.2  2.00000000  0.96789065  0.01017404  0.96794412 -0.25166256
30842.3  2.00000000  0.96788124  0.01087193  0.96794230 -0.25167180
30842.4  2.00000000  0.96787470  0.01124327  0.96794000 -0.25168349
30842.5  2.00000000  0.96787235  0.01124538  0.96793768 -0.25169552
30842.6  2.00000000  0.96787432  0.01089926  0.96793569 -0.25170587
30842.7  2.00000000  0.96787975  0.01028405  0.96793438 -0.25171286
30842.8  2.00000000  0.96788709  0.00951857  0.96793389 -0.25171556
30842.9  2.00000000  0.96789483  0.00874070  0.96793430 -0.25171373
30843.0  2.00000000  0.96790168  0.00808101  0.96793542 -0.25170800
30843.1  2.00000000  0.96790689  0.00764390  0.96793708 -0.25169950
30843.2  2.00000000  0.96790994  0.00748852  0.96793891 -0.25168987
30843.3  2.00000000  0.96791061  0.00762536  0.96794064 -0.25168076
30843.4  2.00000000  0.96790881  0.00801320  0.96794198 -0.25167368
30843.5  2.00000000  0.96790475  0.00857333  0.96794272 -0.25166970
30843.6  2.00000000  0.96789906  0.00920089  0.96794279 -0.25166928
30843.7  2.00000000  0.96789272  0.00978721  0.96794220 -0.25167231
30843.8  2.00000000  0.96788697  0.01023601  0.96794110 -0.25167808
30843.9  2.00000000  0.96788297  0.01048023  0.96793971 -0.25168543
30844.0  2.00000000  0.96788139  0.01049050  0.96793823 -0.25169309
30844.1  2.00000000  0.96788240  0.01027934  0.96793698 -0.25169970
30844.2  2.00000000  0.96788553  0.00989445  0.96793610 -0.25170424
30844.3  2.00000000  0.96788999  0.00941143  0.96793574 -0.25170607
30844.4  2.00000000  0.96789487  0.00891639  0.96793594 -0.25170503
30844.5  2.00000000  0.96789934  0.00849368  0.96793661 -0.25170147
30844.6  2.00000000  0.96790282  0.00820956  0.96793764 -0.25169614
30844.7  2.00000000  0.96790489  0.00810388  0.96793881 -0.25169003
30844.8  2.00000000  0.96790535  0.00818367  0.96793994 -0.25168421
30844.9  2.00000000  0.96790417  0.00842494  0.96794083 -0.25167965
30845.0  2.00000000  0.96790155  0.00877749  0.96794135 -0.25167703
30845.1  2.00000000  0.96789793  0.00917590  0.96794142 -0.25167668
30845.2  2.00000000  0.96789395  0.00955027  0.96794106 -0.25167853
30845.3  2.00000000  0.96789034  0.00983944  0.96794036 -0.25168215
30845.4  2.00000000  0.96788780  0.00999948  0.96793945 -0.25168680
30845.5  2.00000000  0.96788672  0.01001135  0.96793849 -0.25169167
30845.6  2.00000000  0.96788723  0.00988155  0.96793767 -0.25169590
30845.7  2.00000000  0.96788909  0.00964038  0.96793710 -0.25169884
30845.8  2.00000000  0.96789185  0.00933482  0.96793687 -0.25170006
30845.9  2.00000000  0.96789497  0.00902009  0.96793699 -0.25169946
30846.0  2.00000000  0.96789789  0.00874946  0.96793744 -0.25169724
30846.1  2.00000000  0.96790019  0.00856589  0.96793810 -0.25169389
30846.2  2.00000000  0.96790158  0.00849491  0.96793886 -0.25169001
30846.3  2.00000000  0.96790188  0.00854189  0.96793957 -0.25168631
30846.4  2.00000000  0.96790110  0.00869190  0.96794013 -0.25168338
30846.5  2.00000000  0.96789940  0.00891375  0.96794044 -0.25168168
30846.6  2.00000000  0.96789709  0.00916594  0.96794049 -0.25168141
30846.7  2.00000000  0.96789457  0.00940438  0.96794025 -0.25168255
30846.8  2.00000000  0.96789231  0.00958986  0.96793981 -0.25168480
30846.9  2.00000000  0.96789070  0.00969438  0.96793925 -0.25168774
30847.0  2.00000000  0.96789000  0.00970516  0.96793866 -0.25169082
30847.1  2.00000000  0.96789028  0.00962594  0.96793814 -0.25169353
30847.2  2.00000000  0.96789141  0.00947528  0.96793779 -0.25169542
30847.3  2.00000000  0.96789312  0.00928270  0.96793764 -0.25169623
30847.4  2.00000000  0.96789509  0.00908295  0.96793771 -0.25169589
30847.5  2.00000000  0.96789696  0.00890997  0.96793797 -0.25169453
30847.6  2.00000000  0.96789845  0.00879119  0.96793837 -0.25169242
30847.7  2.00000000  0.96789935  0.00874334  0.96793884 -0.25168998
30847.8  2.00000000  0.96789956  0.00877029  0.96793929 -0.25168762
30847.9  2.00000000  0.96789907  0.00886313  0.96793965 -0.25168574
30848.0  2.00000000  0.96789800  0.00900244  0.96793986 -0.25168462
30848.1  2.00000000  0.96789654  0.00916211  0.96793990 -0.25168442
30848.2  2.00000000  0.96789496  0.00931417  0.96793978 -0.25168510
30848.3  2.00000000  0.96789354  0.00943353  0.96793951 -0.25168651
30848.4  2.00000000  0.96789251  0.00950207  0.96793915 -0.25168836
30848.5  2.00000000  0.96789204  0.00951125  0.96793877 -0.25169032
30848.6  2.00000000  0.96789218  0.00946301  0.96793844 -0.25169205
30848.7  2.00000000  0.96789285  0.00936880  0.96793820 -0.25169328
30848.8  2.00000000  0.96789392  0.00924715  0.96793809 -0.25169382
30848.9  2.00000000  0.96789516  0.00912009  0.96793812 -0.25169363
30849.0  2.00000000  0.96789636  0.00900928  0.96793829 -0.25169279
30849.1  2.00000000  0.96789733  0.00893236  0.96793855 -0.25169146
30849.2  2.00000000  0.96789793  0.00890028  0.96793885 -0.25168991
30849.3  2.00000000  0.96789808  0.00891577  0.96793914 -0.25168841
30849.4  2.00000000  0.96789778  0.00897343  0.96793938 -0.25168720
30849.5  2.00000000  0.96789711  0.00906104  0.96793952 -0.25168647
30849.6  2.00000000  0.96789618  0.00916228  0.96793955 -0.25168632
30849.7  2.00000000  0.96789517  0.00925927  0.96793946 -0.25168674
30849.8  2.00000000  0.96789426  0.00933604  0.96793929 -0.25168762
30849.9  2.00000000  0.96789360  0.00938090  0.96793906 -0.25168879
30850.0  2.00000000  0.96789329  0.00938806  0.96793882 -0.25169003
30850.1  2.00000000  0.96789336  0.00935848  0.96793860 -0.25169114
30850.2  2.00000000  0.96789378  0.00929942  0.96793845 -0.25169193
30850.3  2.00000000  0.96789445  0.00922251  0.96793839 -0.25169229
30850.4  2.00000000  0.96789524  0.00914170  0.96793841 -0.25169219
30850.5  2.00000000  0.96789601  0.00907080  0.96793852 -0.25169166
30850.6  2.00000000  0.96789664  0.00902117  0.96793868 -0.25169083
30850.7  2.00000000  0.96789703  0.00899985  0.96793887 -0.25168985
30850.8  2.00000000  0.96789713  0.00900878  0.96793905 -0.25168889
30850.9  2.00000000  0.96789694  0.00904467  0.96793920 -0.25168811
30851.0  2.00000000  0.96789651  0.00909989  0.96793929 -0.25168764
30851.1  2.00000000  0.96789592  0.00916406  0.96793930 -0.25168753
30851.2  2.00000000  0.96789528  0.00922580  0.96793925 -0.25168779
30851.3  2.00000000  0.96789471  0.00927500  0.96793915 -0.25168834
30851.4  2.00000000  0.96789428  0.00930409  0.96793900 -0.25168908
30851.5  2.00000000  0.96789409  0.00930933  0.96793886 -0.25168986
30851.6  2.00000000  0.96789412  0.00929146  0.96793872 -0.25169058
30851.7  2.00000000  0.96789438  0.00925456  0.96793863 -0.25169108
30851.8  2.00000000  0.96789479  0.00920614  0.96793858 -0.25169133
30851.9  2.00000000  0.96789530  0.00915471  0.96793859 -0.25169127
30852.0  2.00000000  0.96789578  0.00910946  0.96793865 -0.25169094
30852.1  2.00000000  0.96789619  0.00907720  0.96793875 -0.25169042
30852.2  2.00000000  0.96789644  0.00906305  0.96793887 -0.25168980
30852.3  2.00000000  0.96789651  0.00906783  0.96793899 -0.25168919
30852.4  2.00000000  0.96789640  0.00909017  0.96793908 -0.25168869
30852.5  2.00000000  0.96789614  0.00912468  0.96793915 -0.25168838
30852.6  2.00000000  0.96789576  0.00916555  0.96793916 -0.25168830
30852.7  2.00000000  0.96789536  0.00920475  0.96793913 -0.25168845
30852.8  2.00000000  0.96789499  0.00923672  0.96793907 -0.25168880
30852.9  2.00000000  0.96789472  0.00925543  0.96793897 -0.25168927
30853.0  2.00000000  0.96789458  0.00925977  0.96793887 -0.25168977
30853.1  2.00000000  0.96789461  0.00924842  0.96793879 -0.25169022
30853.2  2.00000000  0.96789475  0.00922578  0.96793872 -0.25169056
30853.3  2.00000000  0.96789503  0.00919473  0.96793870 -0.25169070
30853.4  2.00000000  0.96789532  0.00916244  0.96793869 -0.25169069
30853.5  2.00000000  0.96789566  0.00913315  0.96793875 -0.25169047
30853.6  2.00000000  0.96789590  0.00911265  0.96793880 -0.25169015
30853.7  2.00000000  0.96789608  0.00910296  0.96793888 -0.25168975
30853.8  2.00000000  0.96789612  0.00910592  0.96793895 -0.25168937
30853.9  2.00000000  0.96789606  0.00911943  0.96793902 -0.25168904
30854.0  2.00000000  0.96789588  0.00914148  0.96793905 -0.25168885
30854.1  2.00000000  0.96789566  0.00916698  0.96793907 -0.25168879
30854.2  2.00000000  0.96789539  0.00919230  0.96793904 -0.25168889
30854.3  2.00000000  0.96789517  0.00921242  0.96793901 -0.25168909
30854.4  2.00000000  0.96789498  0.00922494  0.96793894 -0.25168940
30854.5  2.00000000  0.96789491  0.00922767  0.96793889 -0.25168971
30854.6  2.00000000  0.96789490  0.00922115  0.96793882 -0.25169001
30854.7  2.00000000  0.96789501  0.00920667  0.96793879 -0.25169021
30854.8  2.00000000  0.96789516  0.00918745  0.96793877 -0.25169032
30854.9  2.00000000  0.96789537  0.00916668  0.96793878 -0.25169030
30855.0  2.00000000  0.96789556  0.00914824  0.96793879 -0.25169018
30855.1  2.00000000  0.96789574  0.00913480  0.96793884 -0.25168997
30855.2  2.00000000  0.96789583  0.00912857  0.96793888 -0.25168973
30855.3  2.00000000  0.96789588  0.00912997  0.96793894 -0.25168947
30855.4  2.00000000  0.96789583  0.00913848  0.96793897 -0.25168928
30855.5  2.00000000  0.96789573  0.00915213  0.96793900 -0.25168914
30855.6  2.00000000  0.96789558  0.00916841  0.96793900 -0.25168911
30855.7  2.00000000  0.96789542  0.00918438  0.96793900 -0.25168916
30855.8  2.00000000  0.96789527  0.00919743  0.96793896 -0.25168930
30855.9  2.00000000  0.96789516  0.00920548  0.96793893 -0.25168948
30856.0  2.00000000  0.96789510  0.00920754  0.96793889 -0.25168968
30856.1  2.00000000  0.96789510  0.00920355  0.96793886 -0.25168986
30856.2  2.00000000  0.96789516  0.00919458  0.96793883 -0.25169000
30856.3  2.00000000  0.96789526  0.00918241  0.96793882 -0.25169007
30856.4  2.00000000  0.96789539  0.00916927  0.96793882 -0.25169007
30856.5  2.00000000  0.96789552  0.00915743  0.96793883 -0.25168999
30856.6  2.00000000  0.96789562  0.00914878  0.96793886 -0.25168986
30856.7  2.00000000  0.96789569  0.00914463  0.96793889 -0.25168970
30856.8  2.00000000  0.96789571  0.00914536  0.96793892 -0.25168955
30856.9  2.00000000  0.96789569  0.00915061  0.96793895 -0.25168941
30857.0  2.00000000  0.96789562  0.00915919  0.96793896 -0.25168933
30857.1  2.00000000  0.96789553  0.00916950  0.96793897 -0.25168930
30857.2  2.00000000  0.96789543  0.00917967  0.96793896 -0.25168934
30857.3  2.00000000  0.96789534  0.00918804  0.96793894 -0.25168942
30857.4  2.00000000  0.96789526  0.00919327  0.96793892 -0.25168954
30857.5  2.00000000  0.96789522  0.00919471  0.96793890 -0.25168966
30857.6  2.00000000  0.96789522  0.00919230  0.96793887 -0.25168978
30857.7  2.00000000  0.96789526  0.00918671  0.96793886 -0.25168987
30857.8  2.00000000  0.96789532  0.00917902  0.96793885 -0.25168992
30857.9  2.00000000  0.96789540  0.00917070  0.96793885 -0.25168991
30858.0  2.00000000  0.96789548  0.00916313  0.96793886 -0.25168987
30858.1  2.00000000  0.96789555  0.00915758  0.96793887 -0.25168978
30858.2  2.00000000  0.96789560  0.00915483  0.96793889 -0.25168969
30858.3  2.00000000  0.96789561  0.00915520  0.96793891 -0.25168959
30858.4  2.00000000  0.96789560  0.00915842  0.96793893 -0.25168950
30858.5  2.00000000  0.96789556  0.00916381  0.96793894 -0.25168945
30858.6  2.00000000  0.96789550  0.00917031  0.96793894 -0.25168943
30858.7  2.00000000  0.96789544  0.00917679  0.96793894 -0.25168945
30858.8  2.00000000  0.96789537  0.00918214  0.96793893 -0.25168950
30858.9  2.00000000  0.96789533  0.00918555  0.96793891 -0.25168957
30859.0  2.00000000  0.96789530  0.00918654  0.96793890 -0.25168965
30859.1  2.00000000  0.96789530  0.00918511  0.96793888 -0.25168973
30859.2  2.00000000  0.96789532  0.00918162  0.96793887 -0.25168979
30859.3  2.00000000  0.96789536  0.00917680  0.96793887 -0.25168982
30859.4  2.00000000  0.96789541  0.00917151  0.96793887 -0.25168982
30859.5  2.00000000  0.96789547  0.00916669  0.96793887 -0.25168979
30859.6  2.00000000  0.96789551  0.00916310  0.96793888 -0.25168974
30859.7  2.00000000  0.96789554  0.00916138  0.96793889 -0.25168967
30859.8  2.00000000  0.96789555  0.00916152  0.96793891 -0.25168961
30859.9  2.00000000  0.96789554  0.00916343  0.96793892 -0.25168956
30860.0  2.00000000  0.96789552  0.00916667  0.96793892 -0.25168952
30860.1  2.00000000  0.96789548  0.00917066  0.96793893 -0.25168951
30860.2  2.00000000  0.96789544  0.00917471  0.96793892 -0.25168952
30860.3  2.00000000  0.96789540  0.00917820  0.96793892 -0.25168955
30860.4  2.00000000  0.96789537  0.00918059  0.96793891 -0.25168959
30860.5  2.00000000  0.96789535  0.00918146  0.96793890 -0.25168965
30860.6  2.00000000  0.96789535  0.00918077  0.96793889 -0.25168969
30860.7  2.00000000  0.96789536  0.00917870  0.96793888 -0.25168973
30860.8  2.00000000  0.96789539  0.00917568  0.96793888 -0.25168976
30860.9  2.00000000  0.96789542  0.00917226  0.96793888 -0.25168976
30861.0  2.00000000  0.96789545  0.00916903  0.96793888 -0.25168974
30861.1  2.00000000  0.96789548  0.00916656  0.96793889 -0.25168971
30861.2  2.00000000  0.96789550  0.00916523  0.96793890 -0.25168967
30861.3  2.00000000  0.96789551  0.00916520  0.96793890 -0.25168963
30861.4  2.00000000  0.96789551  0.00916639  0.96793891 -0.25168959
30861.5  2.00000000  0.96789549  0.00916856  0.96793892 -0.25168957
30861.6  2.00000000  0.96789547  0.00917127  0.96793892 -0.25168956
30861.7  2.00000000  0.96789544  0.00917404  0.96793892 -0.25168956
30861.8  2.00000000  0.96789541  0.00917637  0.96793891 -0.25168958
30861.9  2.00000000  0.96789539  0.00917788  0.96793891 -0.25168961
30862.0  2.00000000  0.96789538  0.00917835  0.96793890 -0.25168965
30862.1  2.00000000  0.96789538  0.00917774  0.96793889 -0.25168968
30862.2  2.00000000  0.96789539  0.00917623  0.96793889 -0.25168971
30862.3  2.00000000  0.96789541  0.00917414  0.96793889 -0.25168972
30862.4  2.00000000  0.96789543  0.00917187  0.96793889 -0.25168972
30862.5  2.00000000  0.96789545  0.00916982  0.96793889 -0.25168971
30862.6  2.00000000  0.96789547  0.00916839  0.96793889 -0.25168968
30862.7  2.00000000  0.96789548  0.00916769  0.96793890 -0.25168966
30862.8  2.00000000  0.96789549  0.00916778  0.96793890 -0.25168963
30862.9  2.00000000  0.96789548  0.00916860  0.96793891 -0.25168961
30863.0  2.00000000  0.96789547  0.00916997  0.96793891 -0.25168959
30863.1  2.00000000  0.96789546  0.00917164  0.96793891 -0.25168959
30863.2  2.00000000  0.96789544  0.00917335  0.96793891 -0.25168959
30863.3  2.00000000  0.96789542  0.00917482  0.96793891 -0.25168960
30863.4  2.00000000  0.96789541  0.00917581  0.96793890 -0.25168962
30863.5  2.00000000  0.96789540  0.00917621  0.96793890 -0.25168964
30863.6  2.00000000  0.96789540  0.00917597  0.96793890 -0.25168967
30863.7  2.00000000  0.96789541  0.00917514  0.96793889 -0.25168968
30863.8  2.00000000  0.96789542  0.00917389  0.96793889 -0.25168969
30863.9  2.00000000  0.96789543  0.00917245  0.96793889 -0.25168969
30864.0  2.00000000  0.96789544  0.00917106  0.96793889 -0.25168969
30864.1  2.00000000  0.96789546  0.00916996  0.96793889 -0.25168968
30864.2  2.00000000  0.96789547  0.00916931  0.96793890 -0.25168966
30864.3  2.00000000  0.96789547  0.00916919  0.96793890 -0.25168964
30864.4  2.00000000  0.96789547  0.00916962  0.96793890 -0.25168962
30864.5  2.00000000  0.96789546  0.00917046  0.96793891 -0.25168961
30864.6  2.00000000  0.96789545  0.00917158  0.96793891 -0.25168961
30864.7  2.00000000  0.96789544  0.00917276  0.96793891 -0.25168961
30864.8  2.00000000  0.96789543  0.00917382  0.96793891 -0.25168961
30864.9  2.00000000  0.96789542  0.00917462  0.96793890 -0.25168963
30865.0  2.00000000  0.96789541  0.00917504  0.96793890 -0.25168964
30865.1  2.00000000  0.96789541  0.00917501  0.96793890 -0.25168966
30865.2  2.00000000  0.96789541  0.00917456  0.96793890 -0.25168967
30865.3  2.00000000  0.96789542  0.00917376  0.96793889 -0.25168968
30865.4  2.00000000  0.96789543  0.00917276  0.96793889 -0.25168968
30865.5  2.00000000  0.96789544  0.00917173  0.96793889 -0.25168968
30865.6  2.00000000  0.96789545  0.00917086  0.96793889 -0.25168967
30865.7  2.00000000  0.96789546  0.00917027  0.96793890 -0.25168966
30865.8  2.00000000  0.96789546  0.00917004  0.96793890 -0.25168965
30865.9  2.00000000  0.96789546  0.00917022  0.96793890 -0.25168963
30866.0  2.00000000  0.96789546  0.00917074  0.96793890 -0.25168962
30866.1  2.00000000  0.96789545  0.00917152  0.96793891 -0.25168962
30866.2  2.00000000  0.96789544  0.00917241  0.96793891 -0.25168962
30866.3  2.00000000  0.96789544  0.00917327  0.96793890 -0.25168962
30866.4  2.00000000  0.96789543  0.00917395  0.96793890 -0.25168963
30866.5  2.00000000  0.96789542  0.00917436  0.96793890 -0.25168964
30866.6  2.00000000  0.96789542  0.00917442  0.96793890 -0.25168965
30866.7  2.00000000  0.96789542  0.00917415  0.96793890 -0.25168966
30866.8  2.00000000  0.96789542  0.00917361  0.96793890 -0.25168967
30866.9  2.00000000  0.96789543  0.00917292  0.96793889 -0.25168967
30867.0  2.00000000  0.96789544  0.00917219  0.96793889 -0.25168967
30867.1  2.00000000  0.96789544  0.00917151  0.96793890 -0.25168967
30867.2  2.00000000  0.96789545  0.00917097  0.96793890 -0.25168966
30867.3  2.00000000  0.96789545  0.00917065  0.96793890 -0.25168965
30867.4  2.00000000  0.96789546  0.00917063  0.96793890 -0.25168964
30867.5  2.00000000  0.96789546  0.00917088  0.96793890 -0.25168963
30867.6  2.00000000  0.96789545  0.00917138  0.96793890 -0.25168963
30867.7  2.00000000  0.96789545  0.00917205  0.96793890 -0.25168962
30867.8  2.00000000  0.96789544  0.00917277  0.96793890 -0.25168962
30867.9  2.00000000  0.96789543  0.00917343  0.96793890 -0.25168963
30868.0  2.00000000  0.96789543  0.00917390  0.96793890 -0.25168964
30868.1  2.00000000  0.96789542  0.00917413  0.96793890 -0.25168965
30868.2  2.00000000  0.96789542  0.00917405  0.96793890 -0.25168965
30868.3  2.00000000  0.96789542  0.00917370  0.96793890 -0.25168966
30868.4  2.00000000  0.96789543  0.00917314  0.96793890 -0.25168967
30868.5  2.00000000  0.96789543  0.00917246  0.96793890 -0.25168967
30868.6  2.00000000  0.96789544  0.00917178  0.96793890 -0.25168967
30868.7  2.00000000  0.96789545  0.00917122  0.96793890 -0.25168966
30868.8  2.00000000  0.96789545  0.00917088  0.96793890 -0.25168965
30868.9  2.00000000  0.96789545  0.00917076  0.96793890 -0.25168964
30869.0  2.00000000  0.96789545  0.00917095  0.96793890 -0.25168964
30869.1  2.00000000  0.96789545  0.00917137  0.96793890 -0.25168963
30869.2  2.00000000  0.96789545  0.00917194  0.96793890 -0.25168963
30869.3  2.00000000  0.96789544  0.00917259  0.96793890 -0.25168963
30869.4  2.00000000  0.96789543  0.00917319  0.96793890 -0.25168963
30869.5  2.00000000  0.96789543  0.00917365  0.96793890 -0.25168964
30869.6  2.00000000  0.96789543  0.00917388  0.96793890 -0.25168964
30869.7  2.00000000  0.96789542  0.00917387  0.96793890 -0.25168965
30869.8  2.00000000  0.96789542  0.00917361  0.96793890 -0.25168966
30869.9  2.00000000  0.96789543  0.00917314  0.96793890 -0.25168966
30870.0  2.00000000  0.96789543  0.00917256  0.96793890 -0.25168967
30870.1  2.00000000  0.96789544  0.00917196  0.96793890 -0.25168967
30870.2  2.00000000  0.96789545  0.00917145  0.96793890 -0.25168966
30870.3  2.00000000  0.96789545  0.00917111  0.96793890 -0.25168965
30870.4  2.00000000  0.96789545  0.00917099  0.96793890 -0.25168965
30870.5  2.00000000  0.96789545  0.00917109  0.96793890 -0.25168964
30870.6  2.00000000  0.96789545  0.00917142  0.96793890 -0.25168963
30870.7  2.00000000  0.96789545  0.00917191  0.96793890 -0.25168963
30870.8  2.00000000  0.96789544  0.00917246  0.96793890 -0.25168963
30870.9  2.00000000  0.96789544  0.00917299  0.96793890 -0.25168963
30871.0  2.00000000  0.96789543  0.00917342  0.96793890 -0.25168964
30871.1  2.00000000  0.96789543  0.00917368  0.96793890 -0.25168964
30871.2  2.00000000  0.96789543  0.00917372  0.96793890 -0.25168965
30871.3  2.00000000  0.96789543  0.00917354  0.96793890 -0.25168966
30871.4  2.00000000  0.96789543  0.00917319  0.96793890 -0.25168966
30871.5  2.00000000  0.96789543  0.00917271  0.96793890 -0.25168966
30871.6  2.00000000  0.96789544  0.00917218  0.96793890 -0.25168966
30871.7  2.00000000  0.96789544  0.00917170  0.96793890 -0.25168966
30871.8  2.00000000  0.96789545  0.00917134  0.96793890 -0.25168966
30871.9  2.00000000  0.96789545  0.00917116  0.96793890 -0.25168965
30872.0  2.00000000  0.96789545  0.00917117  0.96793890 -0.25168964
30872.1  2.00000000  0.96789545  0.00917138  0.96793890 -0.25168964
30872.2  2.00000000  0.96789545  0.00917175  0.96793890 -0.25168963
30872.3  2.00000000  0.96789544  0.00917221  0.96793890 -0.25168963
30872.4  2.00000000  0.96789544  0.00917270  0.96793890 -0.25168963
30872.5  2.00000000  0.96789543  0.00917313  0.96793890 -0.25168963
30872.6  2.00000000  0.96789543  0.00917344  0.96793890 -0.25168964
30872.7  2.00000000  0.96789543  0.00917357  0.96793890 -0.25168965
30872.8  2.00000000  0.96789543  0.00917352  0.96793890 -0.25168965
30872.9  2.00000000  0.96789543  0.00917329  0.96793890 -0.25168966
30873.0  2.00000000  0.96789543  0.00917292  0.96793890 -0.25168966
30873.1  2.00000000  0.96789544  0.00917247  0.96793890 -0.25168966
30873.2  2.00000000  0.96789544  0.00917202  0.96793890 -0.25168966
30873.3  2.00000000  0.96789544  0.00917163  0.96793890 -0.25168966
30873.4  2.00000000  0.96789545  0.00917137  0.96793890 -0.25168965
30873.5  2.00000000  0.96789545  0.00917128  0.96793890 -0.25168965
30873.6  2.00000000  0.96789545  0.00917136  0.96793890 -0.25168964
30873.7  2.00000000  0.96789545  0.00917161  0.96793890 -0.25168964
30873.8  2.00000000  0.96789545  0.00917198  0.96793890 -0.25168963
30873.9  2.00000000  0.96789544  0.00917240  0.96793890 -0.25168963
30874.0  2.00000000  0.96789544  0.00917282  0.96793890 -0.25168963
30874.1  2.00000000  0.96789543  0.00917317  0.96793890 -0.25168964
30874.2  2.00000000  0.96789543  0.00917339  0.96793890 -0.25168964
30874.3  2.00000000  0.96789543  0.00917344  0.96793890 -0.25168965
30874.4  2.00000000  0.96789543  0.00917334  0.96793890 -0.25168965
30874.5  2.00000000  0.96789543  0.00917309  0.96793890 -0.25168966
30874.6  2.00000000  0.96789543  0.00917274  0.96793890 -0.25168966
30874.7  2.00000000  0.96789544  0.00917236  0.96793890 -0.25168966
30874.8  2.00000000  0.96789544  0.00917201  0.96793890 -0.25168966
30874.9  2.00000000  0.96789544  0.00917173  0.96793890 -0.25168965
30875.0  2.00000000  0.96789545  0.00917155  0.96793890 -0.25168965
30875.1  2.00000000  0.96789545  0.00917151  0.96793890 -0.25168965
30875.2  2.00000000  0.96789545  0.00917160  0.96793890 -0.25168964
30875.3  2.00000000  0.96789545  0.00917182  0.96793890 -0.25168964
30875.4  2.00000000  0.96789544  0.00917214  0.96793890 -0.25168964
30875.5  2.00000000  0.96789544  0.00917249  0.96793890 -0.25168963
30875.6  2.00000000  0.96789544  0.00917282  0.96793890 -0.25168964
30875.7  2.00000000  0.96789543  0.00917307  0.96793890 -0.25168964
30875.8  2.00000000  0.96789543  0.00917322  0.96793890 -0.25168964
30875.9  2.00000000  0.96789543  0.00917323  0.96793890 -0.25168965
30876.0  2.00000000  0.96789543  0.00917311  0.96793890 -0.25168965
30876.1  2.00000000  0.96789543  0.00917289  0.96793890 -0.25168966
30876.2  2.00000000  0.96789543  0.00917260  0.96793890 -0.25168966
30876.3  2.00000000  0.96789544  0.00917229  0.96793890 -0.25168966
30876.4  2.00000000  0.96789544  0.00917200  0.96793890 -0.25168966
30876.5  2.00000000  0.96789544  0.00917177  0.96793890 -0.25168965
30876.6  2.00000000  0.96789545  0.00917165  0.96793890 -0.25168965
30876.7  2.00000000  0.96789545  0.00917163  0.96793890 -0.25168964
30876.8  2.00000000  0.96789545  0.00917174  0.96793890 -0.25168964
30876.9  2.00000000  0.96789544  0.00917194  0.96793890 -0.25168964
30877.0  2.00000000  0.96789544  0.00917222  0.96793890 -0.25168964
30877.1  2.00000000  0.96789544  0.00917252  0.96793890 -0.25168964
30877.2  2.00000000  0.96789544  0.00917280  0.96793890 -0.25168964
30877.3  2.00000000  0.96789543  0.00917302  0.96793890 -0.25168964
30877.4  2.00000000  0.96789543  0.00917314  0.96793890 -0.25168965
30877.5  2.00000000  0.96789543  0.00917315  0.96793890 -0.25168965
30877.6  2.00000000  0.96789543  0.00917302  0.96793890 -0.25168965
30877.7  2.00000000  0.96789543  0.00917281  0.96793890 -0.25168966
30877.8  2.00000000  0.96789544  0.00917252  0.96793890 -0.25168966
30877.9  2.00000000  0.96789544  0.00917221  0.96793890 -0.25168966
30878.0  2.00000000  0.96789544  0.00917192  0.96793890 -0.25168965
30878.1  2.00000000  0.96789544  0.00917171  0.96793890 -0.25168965
30878.2  2.00000000  0.96789545  0.00917161  0.96793890 -0.25168965
30878.3  2.00000000  0.96789545  0.00917163  0.96793890 -0.25168964
30878.4  2.00000000  0.96789545  0.00917178  0.96793890 -0.25168964
30878.5  2.00000000  0.96789544  0.00917202  0.96793890 -0.25168964
30878.6  2.00000000  0.96789544  0.00917233  0.96793890 -0.25168964
30878.7  2.00000000  0.96789544  0.00917265  0.96793890 -0.25168964
30878.8  2.00000000  0.96789544  0.00917293  0.96793890 -0.25168964
30878.9  2.00000000  0.96789543  0.00917313  0.96793890 -0.25168964
30879.0  2.00000000  0.96789543  0.00917322  0.96793890 -0.25168965
30879.1  2.00000000  0.96789543  0.00917317  0.96793890 -0.25168965
30879.2  2.00000000  0.96789543  0.00917300  0.96793890 -0.25168966
30879.3  2.00000000  0.96789543  0.00917273  0.96793890 -0.25168966
30879.4  2.00000000  0.96789544  0.00917240  0.96793890 -0.25168966
30879.5  2.00000000  0.96789544  0.00917207  0.96793890 -0.25168966
30879.6  2.00000000  0.96789544  0.00917178  0.96793890 -0.25168965
30879.7  2.00000000  0.96789545  0.00917159  0.96793890 -0.25168965
30879.8  2.00000000  0.96789545  0.00917153  0.96793890 -0.25168965
30879.9  2.00000000  0.96789545  0.00917161  0.96793890 -0.25168964
30880.0  2.00000000  0.96789545  0.00917181  0.96793890 -0.25168964
30880.1  2.00000000  0.96789544  0.00917212  0.96793890 -0.25168963
30880.2  2.00000000  0.96789544  0.00917247  0.96793890 -0.25168963
30880.3  2.00000000  0.96789544  0.00917281  0.96793890 -0.25168964
30880.4  2.00000000  0.96789543  0.00917309  0.96793890 -0.25168964
30880.5  2.00000000  0.96789543  0.00917326  0.96793890 -0.25168964
30880.6  2.00000000  0.96789543  0.00917329  0.96793890 -0.25168965
30880.7  2.00000000  0.96789543  0.00917317  0.96793890 -0.25168965
30880.8  2.00000000  0.96789543  0.00917293  0.96793890 -0.25168966
30880.9  2.00000000  0.96789543  0.00917260  0.96793890 -0.25168966
30881.0  2.00000000  0.96789544  0.00917223  0.96793890 -0.25168966
30881.1  2.00000000  0.96789544  0.00917188  0.96793890 -0.25168966
30881.2  2.00000000  0.96789545  0.00917162  0.96793890 -0.25168965
30881.3  2.00000000  0.96789545  0.00917148  0.96793890 -0.25168965
30881.4  2.00000000  0.96789545  0.00917148  0.96793890 -0.25168964
30881.5  2.00000000  0.96789545  0.00917165  0.96793890 -0.25168964
30881.6  2.00000000  0.96789545  0.00917192  0.96793890 -0.25168963
30881.7  2.00000000  0.96789544  0.00917228  0.96793890 -0.25168963
30881.8  2.00000000  0.96789544  0.00917266  0.96793890 -0.25168963
30881.9  2.00000000  0.96789543  0.00917298  0.96793890 -0.25168964
30882.0  2.00000000  0.96789543  0.00917319  0.96793890 -0.25168964
30882.1  2.00000000  0.96789543  0.00917326  0.96793890 -0.25168965
30882.2  2.00000000  0.96789543  0.00917319  0.96793890 -0.25168965
30882.3  2.00000000  0.96789543  0.00917299  0.96793890 -0.25168966
30882.4  2.00000000  0.96789543  0.00917272  0.96793890 -0.25168966
30882.5  2.00000000  0.96789544  0.00917241  0.96793890 -0.25168966
30882.6  2.00000000  0.96789544  0.00917212  0.96793890 -0.25168966
30882.7  2.00000000  0.96789544  0.00917189  0.96793890 -0.25168965
30882.8  2.00000000  0.96789545  0.00917175  0.96793890 -0.25168965
30882.9  2.00000000  0.96789545  0.00917171  0.96793890 -0.25168965
30883.0  2.00000000  0.96789545  0.00917177  0.96793890 -0.25168964
30883.1  2.00000000  0.96789544  0.00917191  0.96793890 -0.25168964
30883.2  2.00000000  0.96789544  0.00917211  0.96793890 -0.25168964
30883.3  2.00000000  0.96789544  0.00917234  0.96793890 -0.25168964
30883.4  2.00000000  0.96789544  0.00917256  0.96793890 -0.25168964
30883.5  2.00000000  0.96789544  0.00917274  0.96793890 -0.25168964
30883.6  2.00000000  0.96789543  0.00917285  0.96793890 -0.25168964
30883.7  2.00000000  0.96789543  0.00917290  0.96793890 -0.25168965
30883.8  2.00000000  0.96789543  0.00917287  0.96793890 -0.25168965
30883.9  2.00000000  0.96789543  0.00917278  0.96793890 -0.25168965
30884.0  2.00000000  0.96789544  0.00917263  0.96793890 -0.25168965
30884.1  2.00000000  0.96789544  0.00917246  0.96793890 -0.25168965
30884.2  2.00000000  0.96789544  0.00917230  0.96793890 -0.25168965
30884.3  2.00000000  0.96789544  0.00917216  0.96793890 -0.25168965
30884.4  2.00000000  0.96789544  0.00917206  0.96793890 -0.25168965
30884.5  2.00000000  0.96789544  0.00917202  0.96793890 -0.25168965
30884.6  2.00000000  0.96789544  0.00917203  0.96793890 -0.25168965
30884.7  2.00000000  0.96789544  0.00917209  0.96793890 -0.25168964
30884.8  2.00000000  0.96789544  0.00917218  0.96793890 -0.25168964
30884.9  2.00000000  0.96789544  0.00917229  0.96793890 -0.25168964
30885.0  2.00000000  0.96789544  0.00917242  0.96793890 -0.25168964
30885.1  2.00000000  0.96789544  0.00917252  0.96793890 -0.25168964
30885.2  2.00000000  0.96789544  0.00917260  0.96793890 -0.25168964
30885.3  2.00000000  0.96789544  0.00917265  0.96793890 -0.25168965
30885.4  2.00000000  0.96789544  0.00917267  0.96793890 -0.25168965
30885.5  2.00000000  0.96789544  0.00917265  0.96793890 -0.25168965
30885.6  2.00000000  0.96789544  0.00917260  0.96793890 -0.25168965
30885.7  2.00000000  0.96789544  0.00917253  0.96793890 -0.25168965
30885.8  2.00000000  0.96789544  0.00917244  0.96793890 -0.25168965
30885.9  2.00000000  0.96789544  0.00917236  0.96793890 -0.25168965
30886.0  2.00000000  0.96789544  0.00917229  0.96793890 -0.25168965
30886.1  2.00000000  0.96789544  0.00917224  0.96793890 -0.25168965
30886.2  2.00000000  0.96789544  0.00917221  0.96793890 -0.25168965
30886.3  2.00000000  0.96789544  0.00917221  0.96793890 -0.25168965
30886.4  2.00000000  0.96789544  0.00917223  0.96793890 -0.25168965
30886.5  2.00000000  0.96789544  0.00917226  0.96793890 -0.25168964
30886.6  2.00000000  0.96789544  0.00917232  0.96793890 -0.25168964
30886.7  2.00000000  0.96789544  0.00917237  0.96793890 -0.25168964
30886.8  2.00000000  0.96789544  0.00917243  0.96793890 -0.25168964
30886.9  2.00000000  0.96789544  0.00917247  0.96793890 -0.25168965
30887.0  2.00000000  0.96789544  0.00917251  0.96793890 -0.25168965
30887.1  2.00000000  0.96789544  0.00917252  0.96793890 -0.25168965
30887.2  2.00000000  0.96789544  0.00917252  0.96793890 -0.25168965
30887.3  2.00000000  0.96789544  0.00917251  0.96793890 -0.25168965
30887.4  2.00000000  0.96789544  0.00917248  0.96793890 -0.25168965
30887.5  2.00000000  0.96789544  0.00917246  0.96793890 -0.25168965
30887.6  2.00000000  0.96789544  0.00917242  0.96793890 -0.25168965
30887.7  2.00000000  0.96789544  0.00917239  0.96793890 -0.25168965
30887.8  2.00000000  0.96789544  0.00917236  0.96793890 -0.25168965
30887.9  2.00000000  0.96789544  0.00917234  0.96793890 -0.25168965
30888.0  2.00000000  0.96789544  0.00917232  0.96793890 -0.25168965
30888.1  2.00000000  0.96789544  0.00917232  0.96793890 -0.25168965
30888.2  2.00000000  0.96789544  0.00917232  0.96793890 -0.25168965
30888.3  2.00000000  0.96789544  0.00917232  0.96793890 -0.25168965
30888.4  2.00000000  0.96789544  0.00917234  0.96793890 -0.25168965
30888.5  2.00000000  0.96789544  0.00917235  0.96793890 -0.25168965
30888.6  2.00000000  0.96789544  0.00917237  0.96793890 -0.25168965
30888.7  2.00000000  0.96789544  0.00917239  0.96793890 -0.25168965
30888.8  2.00000000  0.96789544  0.00917240  0.96793890 -0.25168965
30888.9  2.00000000  0.96789544  0.00917241  0.96793890 -0.25168965
30889.0  2.00000000  0.96789544  0.00917242  0.96793890 -0.25168965
30889.1  2.00000000  0.96789544  0.00917243  0.96793890 -0.25168965
30889.2  2.00000000  0.96789544  0.00917244  0.96793890 -0.25168965
30889.3  2.00000000  0.96789544  0.00917244  0.96793890 -0.25168965
30889.4  2.00000000  0.96789544  0.00917243  0.96793890 -0.25168965
30889.5  2.00000000  0.96789544  0.00917243  0.96793890 -0.25168965
30889.6  2.00000000  0.96789544  0.00917242  0.96793890 -0.25168965
30889.7  2.00000000  0.96789544  0.00917241  0.96793890 -0.25168965
30889.8  2.00000000  0.96789544  0.00917241  0.96793890 -0.25168965
30889.9  2.00000000  0.96789544  0.00917240  0.96793890 -0.25168965
30890.0  2.00000000  0.96789544  0.00917239  0.96793890 -0.25168965
30890.1  2.00000000  0.96789544  0.00917237  0.96793890 -0.25168965
30890.2  2.00000000  0.96789544  0.00917237  0.96793890 -0.25168965
30890.3  2.00000000  0.96789544  0.00917238  0.96793890 -0.25168965
30890.4  2.00000000  0.96789544  0.00917238  0.96793890 -0.25168965
30890.5  2.00000000  0.96789544  0.00917238  0.96793890 -0.25168965
30890.6  2.00000000  0.96789544  0.00917238  0.96793890 -0.25168965
30890.7  2.00000000  0.96789544  0.00917238  0.96793890 -0.25168965
30890.8  2.00000000  0.96789544  0.00917238  0.96793890 -0.25168965
30890.9  2.00000000  0.96789544  0.00917238  0.96793890 -0.25168965
30891.0  2.00000000  0.96789544  0.00917239  0.96793890 -0.25168965
30891.1  2.00000000  0.96789544  0.00917239  0.96793890 -0.25168965
30891.2  2.00000000  0.96789544  0.00917239  0.96793890 -0.25168965
30891.3  2.00000000  0.96789544  0.00917239  0.96793890 -0.25168965
30891.4  2.00000000  0.96789544  0.00917239  0.96793890 -0.25168965
30891.5  2.00000000  0.96789544  0.00917239  0.96793890 -0.25168965
30891.6  2.00000000  0.96789544  0.00917239  0.96793890 -0.25168965
30891.7  2.00000000  0.96789544  0.00917239  0.96793890 -0.25168965
30891.8  2.00000000  0.96789544  0.00917239  0.96793890 -0.25168965
30891.9  2.00000000  0.96789544  0.00917240  0.96793890 -0.25168965
30892.0  2.00000000  0.96789544  0.00917240  0.96793890 -0.25168965
30892.1  2.00000000  0.96789544  0.00917240  0.96793890 -0.25168965
30892.2  2.00000000  0.96789544  0.00917240  0.96793890 -0.25168965
30892.3  2.00000000  0.96789544  0.00917240  0.96793890 -0.25168965
30892.4  2.00000000  0.96789544  0.00917240  0.96793890 -0.25168965
30892.5  2.00000000  0.96789544  0.00917240  0.96793890 -0.25168965
30892.6  2.00000000  0.96789544  0.00917240  0.96793890 -0.25168965
30892.7  2.00000000  0.96789544  0.00917240  0.96793890 -0.25168965
30892.8  2.00000000  0.96789544  0.00917239  0.96793890 -0.25168965
30892.9  2.00000000  0.96789544  0.00917239  0.96793890 -0.25168965
30893.0  2.00000000  0.96789544  0.00917239  0.96793890 -0.25168965
30893.1  2.00000000  0.96789544  0.00917239  0.96793890 -0.25168965
30893.2  2.00000000  0.96789544  0.00917239  0.96793890 -0.25168965
30893.3  2.00000000  0.96789544  0.00917239  0.96793890 -0.25168965
30893.4  2.00000000  0.96789544  0.00917239  0.96793890 -0.25168965
30893.5  2.00000000  0.96789544  0.00917239  0.96793890 -0.25168965
30893.6  2.00000000  0.96789544  0.00917239  0.96793890 -0.25168965
30893.7  2.00000000  0.96789544  0.00917239  0.96793890 -0.25168965
30893.8  2.00000000  0.96789544  0.00917239  0.96793890 -0.25168965
30893.9  2.00000000  0.96789544  0.00917239  0.96793890 -0.25168965
30894.0  2.00000000  0.96789544  0.00917239  0.96793890 -0.25168965
30894.1  2.00000000  0.96789544  0.00917239  0.96793890 -0.25168965
30894.2  2.00000000  0.96789544  0.00917239  0.96793890 -0.25168965
30894.3  2.00000000  0.96789544  0.00917239  0.96793890 -0.25168965
30894.4  2.00000000  0.96789544  0.00917239  0.96793890 -0.25168965
30894.5  2.00000000  0.96789544  0.00917239  0.96793890 -0.25168965
30894.6  2.00000000  0.96789544  0.00917239  0.96793890 -0.25168965
30894.7  2.00000000  0.96789544  0.00917239  0.96793890 -0.25168965
30894.8  2.00000000  0.96789544  0.00917239  0.96793890 -0.25168965
30894.9  2.00000000  0.96789544  0.00917239  0.96793890 -0.25168965
30895.0  2.00000000  0.96789544  0.00917239  0.96793890 -0.25168965
30895.1  2.00000000  0.96789544  0.00917239  0.96793890 -0.25168965
30895.2  2.00000000  0.96789544  0.00917239  0.96793890 -0.25168965
30895.3  2.00000000  0.96789544  0.00917239  0.96793890 -0.25168965
30895.4  2.00000000  0.96789544  0.00917239  0.96793890 -0.25168965
30895.5  2.00000000  0.96789544  0.00917239  0.96793890 -0.25168965
30895.6  2.00000000  0.96789544  0.00917239  0.96793890 -0.25168965
30895.7  2.00000000  0.96789544  0.00917239  0.96793890 -0.25168965
30895.8  2.00000000  0.96789544  0.00917239  0.96793890 -0.25168965
30895.9  2.00000000  0.96789544  0.00917239  0.96793890 -0.25168965
30896.0  2.00000000  0.96789544  0.00917239  0.96793890 -0.25168965
30896.1  2.00000000  0.96789544  0.00917239  0.96793890 -0.25168965
30896.2  2.00000000  0.96789544  0.00917239  0.96793890 -0.25168965
30896.3  2.00000000  0.96789544  0.00917239  0.96793890 -0.25168965
30896.4  2.00000000  0.96789544  0.00917239  0.96793890 -0.25168965
30896.5  2.00000000  0.96789544  0.00917239  0.96793890 -0.25168965
30896.6  2.00000000  0.96789544  0.00917239  0.96793890 -0.25168965
30896.7  2.00000000  0.96789544  0.00917239  0.96793890 -0.25168965
30896.8  2.00000000  0.96789544  0.00917239  0.96793890 -0.25168965
30896.9  2.00000000  0.96789544  0.00917239  0.96793890 -0.25168965
30897.0  2.00000000  0.96789544  0.00917239  0.96793890 -0.25168965
30897.1  2.00000000  0.96789544  0.00917239  0.96793890 -0.25168965
30897.2  2.00000000  0.96789544  0.00917239  0.96793890 -0.25168965
30897.3  2.00000000  0.96789544  0.00917239  0.96793890 -0.25168965
30897.4  2.00000000  0.96789544  0.00917239  0.96793890 -0.25168965
30897.5  2.00000000  0.96789544  0.00917239  0.96793890 -0.25168965
30897.6  2.00000000  0.96789544  0.00917239  0.96793890 -0.25168965
30897.7  2.00000000  0.96789544  0.00917239  0.96793890 -0.25168965
30897.8  2.00000000  0.96789544  0.00917239  0.96793890 -0.25168965
30897.9  2.00000000  0.96789544  0.00917239  0.96793890 -0.25168965
30898.0  2.00000000  0.96789544  0.00917239  0.96793890 -0.25168965
30898.1  2.00000000  0.96789544  0.00917239  0.96793890 -0.25168965
30898.2  2.00000000  0.96789544  0.00917239  0.96793890 -0.25168965
30898.3  2.00000000  0.96789544  0.00917239  0.96793890 -0.25168965
30898.4  2.00000000  0.96789544  0.00917239  0.96793890 -0.25168965
30898.5  2.00000000  0.96789544  0.00917239  0.96793890 -0.25168965
30898.6  2.00000000  0.96789544  0.00917239  0.96793890 -0.25168965
30898.7  2.00000000  0.96789544  0.00917239  0.96793890 -0.25168965
30898.8  2.00000000  0.96789544  0.00917239  0.96793890 -0.25168965
30898.9  2.00000000  0.96789544  0.00917239  0.96793890 -0.25168965
30899.0  2.00000000  0.96789544  0.00917239  0.96793890 -0.25168965
30899.1  2.00000000  0.96789544  0.00917239  0.96793890 -0.25168965
30899.2  2.00000000  0.96789544  0.00917239  0.96793890 -0.25168965
30899.3  2.00000000  0.96789544  0.00917239  0.96793890 -0.25168965
30899.4  2.00000000  0.96789544  0.00917239  0.96793890 -0.25168965
30899.5  2.00000000  0.96789544  0.00917239  0.96793890 -0.25168965
30899.6  2.00000000  0.96789544  0.00917239  0.96793890 -0.25168965
30899.7  2.00000000  0.96789544  0.00917239  0.96793890 -0.25168965
30899.8  2.00000000  0.96789544  0.00917239  0.96793890 -0.25168965
30899.9  2.00000000  0.96789544  0.00917239  0.96793890 -0.25168965
30900.0  2.00000000  0.96789544  0.00917239  0.96793890 -0.25168965
30900.1  2.00000000  0.96789544  0.00917239  0.96793890 -0.25168965
30900.2  2.00000000  0.96789544  0.00917239  0.96793890 -0.25168965
30900.3  2.00000000  0.96789544  0.00917239  0.96793890 -0.25168965
30900.4  2.00000000  0.96789544  0.00917239  0.96793890 -0.25168965
30900.5  2.00000000  0.96789544  0.00917239  0.96793890 -0.25168965
30900.6  2.00000000  0.96789544  0.00917239  0.96793890 -0.25168965
30900.7  2.00000000  0.96789544  0.00917239  0.96793890 -0.25168965
30900.8  2.00000000  0.96789544  0.00917239  0.96793890 -0.25168965
30900.9  2.00000000  0.96789544  0.00917239  0.96793890 -0.25168965
30901.0  2.00000000  0.96789544  0.00917239  0.96793890 -0.25168965
30901.1  2.00000000  0.96789544  0.00917239  0.96793890 -0.25168965
30901.2  2.00000000  0.96789544  0.00917239  0.96793890 -0.25168965
30901.3  2.00000000  0.96789544  0.00917239  0.96793890 -0.25168965
30901.4  2.00000000  0.96789544  0.00917239  0.96793890 -0.25168965
30901.5  2.00000000  0.96789544  0.00917239  0.96793890 -0.25168965
30901.6  2.00000000  0.96789544  0.00917239  0.96793890 -0.25168965
30901.7  2.00000000  0.96789544  0.00917239  0.96793890 -0.25168965
30901.8  2.00000000  0.96789544  0.00917239  0.96793890 -0.25168965
30901.9  2.00000000  0.96789544  0.00917239  0.96793890 -0.25168965
30902.0  2.00000000  0.96789544  0.00917239  0.96793890 -0.25168965
30902.1  2.00000000  0.96789544  0.00917239  0.96793890 -0.25168965
30902.2  2.00000000  0.96789544  0.00917239  0.96793890 -0.25168965
30902.3  2.00000000  0.96789544  0.00917239  0.96793890 -0.25168965
30902.4  2.00000000  0.96789544  0.00917239  0.96793890 -0.25168965
30902.5  2.00000000  0.96789544  0.00917239  0.96793890 -0.25168965
30902.6  2.00000000  0.96789544  0.00917239  0.96793890 -0.25168965
30902.7  2.00000000  0.96789544  0.00917239  0.96793890 -0.25168965
30902.8  2.00000000  0.96789544  0.00917239  0.96793890 -0.25168965
30902.9  2.00000000  0.96789544  0.00917239  0.96793890 -0.25168965
30903.0  2.00000000  0.96789544  0.00917239  0.96793890 -0.25168965
30903.1  2.00000000  0.96789544  0.00917239  0.96793890 -0.25168965
30903.2  2.00000000  0.96789544  0.00917239  0.96793890 -0.25168965
30903.3  2.00000000  0.96789544  0.00917239  0.96793890 -0.25168965
30903.4  2.00000000  0.96789544  0.00917239  0.96793890 -0.25168965
30903.5  2.00000000  0.96789544  0.00917239  0.96793890 -0.25168965
30903.6  2.00000000  0.96789544  0.00917239  0.96793890 -0.25168965
30903.7  2.00000000  0.96789544  0.00917239  0.96793890 -0.25168965
30903.8  2.00000000  0.96789544  0.00917239  0.96793890 -0.25168965
30903.9  2.00000000  0.96789544  0.00917239  0.96793890 -0.25168965
30904.0  2.00000000  0.96789544  0.00917239  0.96793890 -0.25168965
30904.1  2.00000000  0.96789544  0.00917239  0.96793890 -0.25168965
30904.2  2.00000000  0.96789544  0.00917239  0.96793890 -0.25168965
30904.3  2.00000000  0.96789544  0.00917239  0.96793890 -0.25168965
30904.4  2.00000000  0.96789544  0.00917239  0.96793890 -0.25168965
30904.5  2.00000000  0.96789544  0.00917239  0.96793890 -0.25168965
30904.6  2.00000000  0.96789544  0.00917239  0.96793890 -0.25168965
30904.7  2.00000000  0.96789544  0.00917239  0.96793890 -0.25168965
30904.8  2.00000000  0.96789544  0.00917239  0.96793890 -0.25168965
30904.9  2.00000000  0.96789544  0.00917239  0.96793890 -0.25168965
30905.0  2.00000000  0.96789544  0.00917239  0.96793890 -0.25168965
30905.1  2.00000000  0.96789544  0.00917239  0.96793890 -0.25168965
30905.2  2.00000000  0.96789544  0.00917239  0.96793890 -0.25168965
30905.3  2.00000000  0.96789544  0.00917239  0.96793890 -0.25168965
30905.4  2.00000000  0.96789544  0.00917239  0.96793890 -0.25168965
30905.5  2.00000000  0.96789544  0.00917239  0.96793890 -0.25168965
30905.6  2.00000000  0.96789544  0.00917239  0.96793890 -0.25168965
30905.7  2.00000000  0.96789544  0.00917239  0.96793890 -0.25168965
30905.8  2.00000000  0.96789544  0.00917239  0.96793890 -0.25168965
30905.9  2.00000000  0.96789544  0.00917239  0.96793890 -0.25168965
30906.0  2.00000000  0.96789544  0.00917239  0.96793890 -0.25168965
30906.1  2.00000000  0.96789544  0.00917239  0.96793890 -0.25168965
30906.2  2.00000000  0.96789544  0.00917239  0.96793890 -0.25168965
30906.3  2.00000000  0.96789544  0.00917239  0.96793890 -0.25168965
30906.4  2.00000000  0.96789544  0.00917239  0.96793890 -0.25168965
30906.5  2.00000000  0.96789544  0.00917239  0.96793890 -0.25168965
30906.6  2.00000000  0.96789544  0.00917239  0.96793890 -0.25168965
30906.7  2.00000000  0.96789544  0.00917239  0.96793890 -0.25168965
30906.8  2.00000000  0.96789544  0.00917239  0.96793890 -0.25168965
30906.9  2.00000000  0.96789544  0.00917239  0.96793890 -0.25168965
30907.0  2.00000000  0.96789544  0.00917239  0.96793890 -0.25168965
30907.1  2.00000000  0.96789544  0.00917239  0.96793890 -0.25168965
30907.2  2.00000000  0.96789544  0.00917239  0.96793890 -0.25168965
30907.3  2.00000000  0.96789544  0.00917239  0.96793890 -0.25168965
30907.4  2.00000000  0.96789544  0.00917239  0.96793890 -0.25168965
30907.5  2.00000000  0.96789544  0.00917239  0.96793890 -0.25168965
30907.6  2.00000000  0.96789544  0.00917239  0.96793890 -0.25168965
30907.7  2.00000000  0.96789544  0.00917239  0.96793890 -0.25168965
30907.8  2.00000000  0.96789544  0.00917239  0.96793890 -0.25168965
30907.9  2.00000000  0.96789544  0.00917239  0.96793890 -0.25168965
30908.0  2.00000000  0.96789544  0.00917239  0.96793890 -0.25168965
30908.1  2.00000000  0.96789544  0.00917239  0.96793890 -0.25168965
30908.2  2.00000000  0.96789544  0.00917239  0.96793890 -0.25168965
30908.3  2.00000000  0.96789544  0.00917239  0.96793890 -0.25168965
30908.4  2.00000000  0.96789544  0.00917239  0.96793890 -0.25168965
30908.5  2.00000000  0.96789544  0.00917239  0.96793890 -0.25168965
30908.6  2.00000000  0.96789544  0.00917239  0.96793890 -0.25168965
30908.7  2.00000000  0.96789544  0.00917239  0.96793890 -0.25168965
30908.8  2.00000000  0.96789544  0.00917239  0.96793890 -0.25168965
30908.9  2.00000000  0.96789544  0.00917239  0.96793890 -0.25168965
30909.0  2.00000000  0.96789544  0.00917239  0.96793890 -0.25168965
30909.1  2.00000000  0.96789544  0.00917239  0.96793890 -0.25168965
30909.2  2.00000000  0.96789544  0.00917239  0.96793890 -0.25168965
30909.3  2.00000000  0.96789544  0.00917239  0.96793890 -0.25168965
30909.4  2.00000000  0.96789544  0.00917239  0.96793890 -0.25168965
30909.5  2.00000000  0.96789544  0.00917239  0.96793890 -0.25168965
30909.6  2.00000000  0.96789544  0.00917239  0.96793890 -0.25168965
30909.7  2.00000000  0.96789544  0.00917239  0.96793890 -0.25168965
30909.8  2.00000000  0.96789544  0.00917239  0.96793890 -0.25168965
30909.9  2.00000000  0.96789544  0.00917239  0.96793890 -0.25168965
30910.0  2.00000000  0.96789544  0.00917239  0.96793890 -0.25168965
30910.1  2.00000000  0.96789544  0.00917239  0.96793890 -0.25168965
30910.2  2.00000000  0.96789544  0.00917239  0.96793890 -0.25168965
30910.3  2.00000000  0.96789544  0.00917239  0.96793890 -0.25168965
30910.4  2.00000000  0.96789544  0.00917239  0.96793890 -0.25168965
30910.5  2.00000000  0.96789544  0.00917239  0.96793890 -0.25168965
30910.6  2.00000000  0.96789544  0.00917239  0.96793890 -0.25168965
30910.7  2.00000000  0.96789544  0.00917239  0.96793890 -0.25168965
30910.8  2.00000000  0.96789544  0.00917239  0.96793890 -0.25168965
30910.9  2.00000000  0.96789544  0.00917239  0.96793890 -0.25168965
30911.0  2.00000000  0.96789544  0.00917239  0.96793890 -0.25168965
30911.1  2.00000000  0.96789544  0.00917239  0.96793890 -0.25168965
30911.2  2.00000000  0.96789544  0.00917239  0.96793890 -0.25168965
30911.3  2.00000000  0.96789544  0.00917239  0.96793890 -0.25168965
30911.4  2.00000000  0.96789544  0.00917239  0.96793890 -0.25168965
30911.5  2.00000000  0.96789544  0.00917239  0.96793890 -0.25168965
30911.6  2.00000000  0.96789544  0.00917239  0.96793890 -0.25168965
30911.7  2.00000000  0.96789544  0.00917239  0.96793890 -0.25168965
30911.8  2.00000000  0.96789544  0.00917239  0.96793890 -0.25168965
30911.9  2.00000000  0.96789544  0.00917239  0.96793890 -0.25168965
30912.0  2.00000000  0.96789544  0.00917239  0.96793890 -0.25168965
30912.1  2.00000000  0.96789544  0.00917239  0.96793890 -0.25168965
30912.2  2.00000000  0.96789544  0.00917239  0.96793890 -0.25168965
30912.3  2.00000000  0.96789544  0.00917239  0.96793890 -0.25168965
30912.4  2.00000000  0.96789544  0.00917239  0.96793890 -0.25168965
30912.5  2.00000000  0.96789544  0.00917239  0.96793890 -0.25168965
30912.6  2.00000000  0.96789544  0.00917239  0.96793890 -0.25168965
30912.7  2.00000000  0.96789544  0.00917239  0.96793890 -0.25168965
30912.8  2.00000000  0.96789544  0.00917239  0.96793890 -0.25168965
30912.9  2.00000000  0.96789544  0.00917239  0.96793890 -0.25168965
30913.0  2.00000000  0.96789544  0.00917239  0.96793890 -0.25168965
30913.1  2.00000000  0.96789544  0.00917239  0.96793890 -0.25168965
30913.2  2.00000000  0.96789544  0.00917239  0.96793890 -0.25168965
30913.3  2.00000000  0.96789544  0.00917239  0.96793890 -0.25168965
30913.4  2.00000000  0.96789544  0.00917239  0.96793890 -0.25168965
30913.5  2.00000000  0.96789544  0.00917239  0.96793890 -0.25168965
30913.6  2.00000000  0.96789544  0.00917239  0.96793890 -0.25168965
30913.7  2.00000000  0.96789544  0.00917239  0.96793890 -0.25168965
30913.8  2.00000000  0.96789544  0.00917239  0.96793890 -0.25168965
30913.9  2.00000000  0.96789544  0.00917239  0.96793890 -0.25168965
30914.0  2.00000000  0.96789544  0.00917239  0.96793890 -0.25168965
30914.1  2.00000000  0.96789544  0.00917239  0.96793890 -0.25168965
30914.2  2.00000000  0.96789544  0.00917239  0.96793890 -0.25168965
30914.3  2.00000000  0.96789544  0.00917239  0.96793890 -0.25168965
30914.4  2.00000000  0.96789544  0.00917239  0.96793890 -0.25168965
30914.5  2.00000000  0.96789544  0.00917239  0.96793890 -0.25168965
30914.6  2.00000000  0.96789544  0.00917239  0.96793890 -0.25168965
30914.7  2.00000000  0.96789544  0.00917239  0.96793890 -0.25168965
30914.8  2.00000000  0.96789544  0.00917239  0.96793890 -0.25168965
30914.9  2.00000000  0.96789544  0.00917239  0.96793890 -0.25168965
30915.0  2.00000000  0.96789544  0.00917239  0.96793890 -0.25168965
30915.1  2.00000000  0.96789544  0.00917239  0.96793890 -0.25168965
30915.2  2.00000000  0.96789544  0.00917239  0.96793890 -0.25168965
30915.3  2.00000000  0.96789544  0.00917239  0.96793890 -0.25168965
30915.4  2.00000000  0.96789544  0.00917239  0.96793890 -0.25168965
30915.5  2.00000000  0.96789544  0.00917239  0.96793890 -0.25168965
30915.6  2.00000000  0.96789544  0.00917239  0.96793890 -0.25168965
30915.7  2.00000000  0.96789544  0.00917239  0.96793890 -0.25168965
30915.8  2.00000000  0.96789544  0.00917239  0.96793890 -0.25168965
30915.9  2.00000000  0.96789544  0.00917239  0.96793890 -0.25168965
30916.0  2.00000000  0.96789544  0.00917239  0.96793890 -0.25168965
30916.1  2.00000000  0.96789544  0.00917239  0.96793890 -0.25168965
30916.2  2.00000000  0.96789544  0.00917239  0.96793890 -0.25168965
30916.3  2.00000000  0.96789544  0.00917239  0.96793890 -0.25168965
30916.4  2.00000000  0.96789544  0.00917239  0.96793890 -0.25168965
30916.5  2.00000000  0.96789544  0.00917239  0.96793890 -0.25168965
30916.6  2.00000000  0.96789544  0.00917239  0.96793890 -0.25168965
30916.7  2.00000000  0.96789544  0.00917239  0.96793890 -0.25168965
30916.8  2.00000000  0.96789544  0.00917239  0.96793890 -0.25168965
30916.9  2.00000000  0.96789544  0.00917239  0.96793890 -0.25168965
30917.0  2.00000000  0.96789544  0.00917239  0.96793890 -0.25168965
30917.1  2.00000000  0.96789544  0.00917239  0.96793890 -0.25168965
30917.2  2.00000000  0.96789544  0.00917239  0.96793890 -0.25168965
30917.3  2.00000000  0.96789544  0.00917239  0.96793890 -0.25168965
30917.4  2.00000000  0.96789544  0.00917239  0.96793890 -0.25168965
30917.5  2.00000000  0.96789544  0.00917239  0.96793890 -0.25168965
30917.6  2.00000000  0.96789544  0.00917239  0.96793890 -0.25168965
30917.7  2.00000000  0.96789544  0.00917239  0.96793890 -0.25168965
30917.8  2.00000000  0.96789544  0.00917239  0.96793890 -0.25168965
30917.9  2.00000000  0.96789544  0.00917239  0.96793890 -0.25168965
30918.0  2.00000000  0.96789544  0.00917239  0.96793890 -0.25168965
30918.1  2.00000000  0.96789544  0.00917239  0.96793890 -0.25168965
30918.2  2.00000000  0.96789544  0.00917239  0.96793890 -0.25168965
30918.3  2.00000000  0.96789544  0.00917239  0.96793890 -0.25168965
30918.4  2.00000000  0.96789544  0.00917239  0.96793890 -0.25168965
30918.5  2.00000000  0.96789544  0.00917239  0.96793890 -0.25168965
30918.6  2.00000000  0.96789544  0.00917239  0.96793890 -0.25168965
30918.7  2.00000000  0.96789544  0.00917239  0.96793890 -0.25168965
30918.8  2.00000000  0.96789544  0.00917239  0.96793890 -0.25168965
30918.9  2.00000000  0.96789544  0.00917239  0.96793890 -0.25168965
30919.0  2.00000000  0.96789544  0.00917239  0.96793890 -0.25168965
30919.1  2.00000000  0.96789544  0.00917239  0.96793890 -0.25168965
30919.2  2.00000000  0.96789544  0.00917239  0.96793890 -0.25168965
30919.3  2.00000000  0.96789544  0.00917239  0.96793890 -0.25168965
30919.4  2.00000000  0.96789544  0.00917239  0.96793890 -0.25168965
30919.5  2.00000000  0.96789544  0.00917239  0.96793890 -0.25168965
30919.6  2.00000000  0.96789544  0.00917239  0.96793890 -0.25168965
30919.7  2.00000000  0.96789544  0.00917239  0.96793890 -0.25168965
30919.8  2.00000000  0.96789544  0.00917239  0.96793890 -0.25168965
30919.9  2.00000000  0.96789544  0.00917239  0.96793890 -0.25168965
30920.0  2.00000000  0.96789544  0.00917239  0.96793890 -0.25168965
30920.1  2.00000000  0.96789544  0.00917239  0.96793890 -0.25168965
30920.2  2.00000000  0.96789544  0.00917239  0.96793890 -0.25168965
30920.3  2.00000000  0.96789544  0.00917239  0.96793890 -0.25168965
30920.4  2.00000000  0.96789544  0.00917239  0.96793890 -0.25168965
30920.5  2.00000000  0.96789544  0.00917239  0.96793890 -0.25168965
30920.6  2.00000000  0.96789544  0.00917239  0.96793890 -0.25168965
30920.7  2.00000000  0.96789544  0.00917239  0.96793890 -0.25168965
30920.8  2.00000000  0.96789544  0.00917239  0.96793890 -0.25168965
30920.9  2.00000000  0.96789544  0.00917239  0.96793890 -0.25168965
30921.0  2.00000000  0.96789544  0.00917239  0.96793890 -0.25168965
30921.1  2.00000000  0.96789544  0.00917239  0.96793890 -0.25168965
30921.2  2.00000000  0.96789544  0.00917239  0.96793890 -0.25168965
30921.3  2.00000000  0.96789544  0.00917239  0.96793890 -0.25168965
30921.4  2.00000000  0.96789544  0.00917239  0.96793890 -0.25168965
30921.5  2.00000000  0.96789544  0.00917239  0.96793890 -0.25168965
30921.6  2.00000000  0.96789544  0.00917239  0.96793890 -0.25168965
30921.7  2.00000000  0.96789544  0.00917239  0.96793890 -0.25168965
30921.8  2.00000000  0.96789544  0.00917239  0.96793890 -0.25168965
30921.9  2.00000000  0.96789544  0.00917239  0.96793890 -0.25168965
30922.0  2.00000000  0.96789544  0.00917239  0.96793890 -0.25168965
30922.1  2.00000000  0.96789544  0.00917239  0.96793890 -0.25168965
30922.2  2.00000000  0.96789544  0.00917239  0.96793890 -0.25168965
30922.3  2.00000000  0.96789544  0.00917239  0.96793890 -0.25168965
30922.4  2.00000000  0.96789544  0.00917239  0.96793890 -0.25168965
30922.5  2.00000000  0.96789544  0.00917239  0.96793890 -0.25168965
30922.6  2.00000000  0.96789544  0.00917239  0.96793890 -0.25168965
30922.7  2.00000000  0.96789544  0.00917239  0.96793890 -0.25168965
30922.8  2.00000000  0.96789544  0.00917239  0.96793890 -0.25168965
30922.9  2.00000000  0.96789544  0.00917239  0.96793890 -0.25168965
30923.0  2.00000000  0.96789544  0.00917239  0.96793890 -0.25168965
30923.1  2.00000000  0.96789544  0.00917239  0.96793890 -0.25168965
30923.2  2.00000000  0.96789544  0.00917239  0.96793890 -0.25168965
30923.3  2.00000000  0.96789544  0.00917239  0.96793890 -0.25168965
30923.4  2.00000000  0.96789544  0.00917239  0.96793890 -0.25168965
30923.5  2.00000000  0.96789544  0.00917239  0.96793890 -0.25168965
30923.6  2.00000000  0.96789544  0.00917239  0.96793890 -0.25168965
30923.7  2.00000000  0.96789544  0.00917239  0.96793890 -0.25168965
30923.8  2.00000000  0.96789544  0.00917239  0.96793890 -0.25168965
30923.9  2.00000000  0.96789544  0.00917239  0.96793890 -0.25168965
30924.0  2.00000000  0.96789544  0.00917239  0.96793890 -0.25168965
30924.1  2.00000000  0.96789544  0.00917239  0.96793890 -0.25168965
30924.2  2.00000000  0.96789544  0.00917239  0.96793890 -0.25168965
30924.3  2.00000000  0.96789544  0.00917239  0.96793890 -0.25168965
30924.4  2.00000000  0.96789544  0.00917239  0.96793890 -0.25168965
30924.5  2.00000000  0.96789544  0.00917239  0.96793890 -0.25168965
30924.6  2.00000000  0.96789544  0.00917239  0.96793890 -0.25168965
30924.7  2.00000000  0.96789544  0.00917239  0.96793890 -0.25168965
30924.8  2.00000000  0.96789544  0.00917239  0.96793890 -0.25168965
30924.9  2.00000000  0.96789544  0.00917239  0.96793890 -0.25168965
30925.0  2.00000000  0.96789544  0.00917239  0.96793890 -0.25168965
30925.1  2.00000000  0.96789544  0.00917239  0.96793890 -0.25168965
30925.2  2.00000000  0.96789544  0.00917239  0.96793890 -0.25168965
30925.3  2.00000000  0.96789544  0.00917239  0.96793890 -0.25168965
30925.4  2.00000000  0.96789544  0.00917239  0.96793890 -0.25168965
30925.5  2.00000000  0.96789544  0.00917239  0.96793890 -0.25168965
30925.6  2.00000000  0.96789544  0.00917239  0.96793890 -0.25168965
30925.7  2.00000000  0.96789544  0.00917239  0.96793890 -0.25168965
30925.8  2.00000000  0.96789544  0.00917239  0.96793890 -0.25168965
30925.9  2.00000000  0.96789544  0.00917239  0.96793890 -0.25168965
30926.0  2.00000000  0.96789544  0.00917239  0.96793890 -0.25168965
30926.1  2.00000000  0.96789544  0.00917239  0.96793890 -0.25168965
30926.2  2.00000000  0.96789544  0.00917239  0.96793890 -0.25168965
30926.3  2.00000000  0.96789544  0.00917239  0.96793890 -0.25168965
30926.4  2.00000000  0.96789544  0.00917239  0.96793890 -0.25168965
30926.5  2.00000000  0.96789544  0.00917239  0.96793890 -0.25168965
30926.6  2.00000000  0.96789544  0.00917239  0.96793890 -0.25168965
30926.7  2.00000000  0.96789544  0.00917239  0.96793890 -0.25168965
30926.8  2.00000000  0.96789544  0.00917239  0.96793890 -0.25168965
30926.9  2.00000000  0.96789544  0.00917239  0.96793890 -0.25168965
30927.0  2.00000000  0.96789544  0.00917239  0.96793890 -0.25168965
30927.1  2.00000000  0.96789544  0.00917239  0.96793890 -0.25168965
30927.2  2.00000000  0.96789544  0.00917239  0.96793890 -0.25168965
30927.3  2.00000000  0.96789544  0.00917239  0.96793890 -0.25168965
30927.4  2.00000000  0.96789544  0.00917239  0.96793890 -0.25168965
30927.5  2.00000000  0.96789544  0.00917239  0.96793890 -0.25168965
30927.6  2.00000000  0.96789544  0.00917239  0.96793890 -0.25168965
30927.7  2.00000000  0.96789544  0.00917239  0.96793890 -0.25168965
30927.8  2.00000000  0.96789544  0.00917239  0.96793890 -0.25168965
30927.9  2.00000000  0.96789544  0.00917239  0.96793890 -0.25168965
30928.0  2.00000000  0.96789544  0.00917239  0.96793890 -0.25168965
30928.1  2.00000000  0.96789544  0.00917239  0.96793890 -0.25168965
30928.2  2.00000000  0.96789544  0.00917239  0.96793890 -0.25168965
30928.3  2.00000000  0.96789544  0.00917239  0.96793890 -0.25168965
30928.4  2.00000000  0.96789544  0.00917239  0.96793890 -0.25168965
30928.5  2.00000000  0.96789544  0.00917239  0.96793890 -0.25168965
30928.6  2.00000000  0.96789544  0.00917239  0.96793890 -0.25168965
30928.7  2.00000000  0.96789544  0.00917239  0.96793890 -0.25168965
30928.8  2.00000000  0.96789544  0.00917239  0.96793890 -0.25168965
30928.9  2.00000000  0.96789544  0.00917239  0.96793890 -0.25168965
30929.0  2.00000000  0.96789544  0.00917239  0.96793890 -0.25168965
30929.1  2.00000000  0.96789544  0.00917239  0.96793890 -0.25168965
30929.2  2.00000000  0.96789544  0.00917239  0.96793890 -0.25168965
30929.3  2.00000000  0.96789544  0.00917239  0.96793890 -0.25168965
30929.4  2.00000000  0.96789544  0.00917239  0.96793890 -0.25168965
30929.5  2.00000000  0.96789544  0.00917239  0.96793890 -0.25168965
30929.6  2.00000000  0.96789544  0.00917239  0.96793890 -0.25168965
30929.7  2.00000000  0.96789544  0.00917239  0.96793890 -0.25168965
30929.8  2.00000000  0.96789544  0.00917239  0.96793890 -0.25168965
30929.9  2.00000000  0.96789544  0.00917239  0.96793890 -0.25168965
30930.0  2.00000000  0.96789544  0.00917239  0.96793890 -0.25168965
30930.1  2.00000000  0.96789544  0.00917239  0.96793890 -0.25168965
30930.2  2.00000000  0.96789544  0.00917239  0.96793890 -0.25168965
30930.3  2.00000000  0.96789544  0.00917239  0.96793890 -0.25168965
30930.4  2.00000000  0.96789544  0.00917239  0.96793890 -0.25168965
30930.5  2.00000000  0.96789544  0.00917239  0.96793890 -0.25168965
30930.6  2.00000000  0.96789544  0.00917239  0.96793890 -0.25168965
30930.7  2.00000000  0.96789544  0.00917239  0.96793890 -0.25168965
30930.8  2.00000000  0.96789544  0.00917239  0.96793890 -0.25168965
30930.9  2.00000000  0.96789544  0.00917239  0.96793890 -0.25168965
30931.0  2.00000000  0.96789544  0.00917239  0.96793890 -0.25168965
30931.1  2.00000000  0.96789544  0.00917239  0.96793890 -0.25168965
30931.2  2.00000000  0.96789544  0.00917239  0.96793890 -0.25168965
30931.3  2.00000000  0.96789544  0.00917239  0.96793890 -0.25168965
30931.4  2.00000000  0.96789544  0.00917239  0.96793890 -0.25168965
30931.5  2.00000000  0.96789544  0.00917239  0.96793890 -0.25168965
30931.6  2.00000000  0.96789544  0.00917239  0.96793890 -0.25168965
30931.7  2.00000000  0.96789544  0.00917239  0.96793890 -0.25168965
30931.8  2.00000000  0.96789544  0.00917239  0.96793890 -0.25168965
30931.9  2.00000000  0.96789544  0.00917239  0.96793890 -0.25168965
30932.0  2.00000000  0.96789544  0.00917239  0.96793890 -0.25168965
30932.1  2.00000000  0.96789544  0.00917239  0.96793890 -0.25168965
30932.2  2.00000000  0.96789544  0.00917239  0.96793890 -0.25168965
30932.3  2.00000000  0.96789544  0.00917239  0.96793890 -0.25168965
30932.4  2.00000000  0.96789544  0.00917239  0.96793890 -0.25168965
30932.5  2.00000000  0.96789544  0.00917239  0.96793890 -0.25168965
30932.6  2.00000000  0.96789544  0.00917239  0.96793890 -0.25168965
30932.7  2.00000000  0.96789544  0.00917239  0.96793890 -0.25168965
30932.8  2.00000000  0.96789544  0.00917239  0.96793890 -0.25168965
30932.9  2.00000000  0.96789544  0.00917239  0.96793890 -0.25168965
30933.0  2.00000000  0.96789544  0.00917239  0.96793890 -0.25168965
30933.1  2.00000000  0.96789544  0.00917239  0.96793890 -0.25168965
30933.2  2.00000000  0.96789544  0.00917239  0.96793890 -0.25168965
30933.3  2.00000000  0.96789544  0.00917239  0.96793890 -0.25168965
30933.4  2.00000000  0.96789544  0.00917239  0.96793890 -0.25168965
30933.5  2.00000000  0.96789544  0.00917239  0.96793890 -0.25168965
30933.6  2.00000000  0.96789544  0.00917239  0.96793890 -0.25168965
30933.7  2.00000000  0.96789544  0.00917239  0.96793890 -0.25168965
30933.8  2.00000000  0.96789544  0.00917239  0.96793890 -0.25168965
30933.9  2.00000000  0.96789544  0.00917239  0.96793890 -0.25168965
30934.0  2.00000000  0.96789544  0.00917239  0.96793890 -0.25168965
30934.1  2.00000000  0.96789544  0.00917239  0.96793890 -0.25168965
30934.2  2.00000000  0.96789544  0.00917239  0.96793890 -0.25168965
30934.3  2.00000000  0.96789544  0.00917239  0.96793890 -0.25168965
30934.4  2.00000000  0.96789544  0.00917239  0.96793890 -0.25168965
30934.5  2.00000000  0.96789544  0.00917239  0.96793890 -0.25168965
30934.6  2.00000000  0.96789544  0.00917239  0.96793890 -0.25168965
30934.7  2.00000000  0.96789544  0.00917239  0.96793890 -0.25168965
30934.8  2.00000000  0.96789544  0.00917239  0.96793890 -0.25168965
30934.9  2.00000000  0.96789544  0.00917239  0.96793890 -0.25168965
30935.0  2.00000000  0.96789544  0.00917239  0.96793890 -0.25168965
30935.1  2.00000000  0.96789544  0.00917239  0.96793890 -0.25168965
30935.2  2.00000000  0.96789544  0.00917239  0.96793890 -0.25168965
30935.3  2.00000000  0.96789544  0.00917239  0.96793890 -0.25168965
30935.4  2.00000000  0.96789544  0.00917239  0.96793890 -0.25168965
30935.5  2.00000000  0.96789544  0.00917239  0.96793890 -0.25168965
30935.6  2.00000000  0.96789544  0.00917239  0.96793890 -0.25168965
30935.7  2.00000000  0.96789544  0.00917239  0.96793890 -0.25168965
30935.8  2.00000000  0.96789544  0.00917239  0.96793890 -0.25168965
30935.9  2.00000000  0.96789544  0.00917239  0.96793890 -0.25168965
30936.0  2.00000000  0.96789544  0.00917239  0.96793890 -0.25168965
30936.1  2.00000000  0.96789544  0.00917239  0.96793890 -0.25168965
30936.2  2.00000000  0.96789544  0.00917239  0.96793890 -0.25168965
30936.3  2.00000000  0.96789544  0.00917239  0.96793890 -0.25168965
30936.4  2.00000000  0.96789544  0.00917239  0.96793890 -0.25168965
30936.5  2.00000000  0.96789544  0.00917239  0.96793890 -0.25168965
30936.6  2.00000000  0.96789544  0.00917239  0.96793890 -0.25168965
30936.7  2.00000000  0.96789544  0.00917239  0.96793890 -0.25168965
30936.8  2.00000000  0.96789544  0.00917239  0.96793890 -0.25168965
30936.9  2.00000000  0.96789544  0.00917239  0.96793890 -0.25168965
30937.0  2.00000000  0.96789544  0.00917239  0.96793890 -0.25168965
30937.1  2.00000000  0.96789544  0.00917239  0.96793890 -0.25168965
30937.2  2.00000000  0.96789544  0.00917239  0.96793890 -0.25168965
30937.3  2.00000000  0.96789544  0.00917239  0.96793890 -0.25168965
30937.4  2.00000000  0.96789544  0.00917239  0.96793890 -0.25168965
30937.5  2.00000000  0.96789544  0.00917239  0.96793890 -0.25168965
30937.6  2.00000000  0.96789544  0.00917239  0.96793890 -0.25168965
30937.7  2.00000000  0.96789544  0.00917239  0.96793890 -0.25168965
30937.8  2.00000000  0.96789544  0.00917239  0.96793890 -0.25168965
30937.9  2.00000000  0.96789544  0.00917239  0.96793890 -0.25168965
30938.0  2.00000000  0.96789544  0.00917239  0.96793890 -0.25168965
30938.1  2.00000000  0.96789544  0.00917239  0.96793890 -0.25168965
30938.2  2.00000000  0.96789544  0.00917239  0.96793890 -0.25168965
30938.3  2.00000000  0.96789544  0.00917239  0.96793890 -0.25168965
30938.4  2.00000000  0.96789544  0.00917239  0.96793890 -0.25168965
30938.5  2.00000000  0.96789544  0.00917239  0.96793890 -0.25168965
30938.6  2.00000000  0.96789544  0.00917239  0.96793890 -0.25168965
30938.7  2.00000000  0.96789544  0.00917239  0.96793890 -0.25168965
30938.8  2.00000000  0.96789544  0.00917239  0.96793890 -0.25168965
30938.9  2.00000000  0.96789544  0.00917239  0.96793890 -0.25168965
30939.0  2.00000000  0.96789544  0.00917239  0.96793890 -0.25168965
30939.1  2.00000000  0.96789544  0.00917239  0.96793890 -0.25168965
30939.2  2.00000000  0.96789544  0.00917239  0.96793890 -0.25168965
30939.3  2.00000000  0.96789544  0.00917239  0.96793890 -0.25168965
30939.4  2.00000000  0.96789544  0.00917239  0.96793890 -0.25168965
30939.5  2.00000000  0.96789544  0.00917239  0.96793890 -0.25168965
30939.6  2.00000000  0.96789544  0.00917239  0.96793890 -0.25168965
30939.7  2.00000000  0.96789544  0.00917239  0.96793890 -0.25168965
