 # AA:        219117.46418138818     
 # FLEGG:     179224.99817922857     
 # AF0:     -5.33308614247767210E-002
 # CPAR:      555.55779854881382     
 # Diff:     0.12463198212018202     
 # TF:       2.19089023002066404E-007
 # H:         284.00000000000000     
 # GRAD:     0.10000000000000001     
 # HR:       3.00000000000000006E-003
 # LP:       0.37004001600616970     
 # TIME  LP  TMAB  TMDS  TMPC  TMZ
19936.8  2.00000000  0.96760642  0.01540399  0.96772903 -0.25248977
19936.9  2.00000000  0.96763492  0.01374166  0.96773249 -0.25247328
19937.0  2.00000000  0.96765662  0.01251647  0.96773757 -0.25244979
19937.1  2.00000000  0.96767091  0.01184112  0.96774335 -0.25242276
19937.2  2.00000000  0.96767783  0.01175604  0.96774924 -0.25239559
19937.3  2.00000000  0.96767721  0.01222739  0.96775446 -0.25237158
19937.4  2.00000000  0.96766907  0.01315800  0.96775853 -0.25235329
19937.5  2.00000000  0.96765375  0.01440314  0.96776093 -0.25234258
19937.6  2.00000000  0.96763280  0.01579028  0.96776162 -0.25234009
19937.7  2.00000000  0.96760863  0.01714326  0.96776049 -0.25234563
19937.8  2.00000000  0.96758486  0.01830154  0.96775793 -0.25235784
19937.9  2.00000000  0.96756488  0.01914068  0.96775418 -0.25237490
19938.0  2.00000000  0.96755179  0.01958265  0.96774994 -0.25239427
19938.1  2.00000000  0.96754701  0.01960382  0.96774559 -0.25241357
19938.2  2.00000000  0.96755069  0.01923239  0.96774182 -0.25243037
19938.3  2.00000000  0.96756125  0.01854229  0.96773891 -0.25244292
19938.4  2.00000000  0.96757648  0.01764007  0.96773727 -0.25244995
19938.5  2.00000000  0.96759370  0.01665002  0.96773695 -0.25245108
19938.6  2.00000000  0.96761061  0.01569748  0.96773793 -0.25244659
19938.7  2.00000000  0.96762537  0.01489423  0.96773999 -0.25243745
19938.8  2.00000000  0.96763677  0.01432513  0.96774281 -0.25242510
19938.9  2.00000000  0.96764408  0.01404149  0.96774596 -0.25241128
19939.0  2.00000000  0.96764698  0.01405544  0.96774905 -0.25239772
19939.1  2.00000000  0.96764537  0.01434386  0.96775168 -0.25238607
19939.2  2.00000000  0.96763965  0.01485102  0.96775361 -0.25237754
19939.3  2.00000000  0.96763044  0.01550045  0.96775459 -0.25237298
19939.4  2.00000000  0.96761900  0.01620308  0.96775465 -0.25237256
19939.5  2.00000000  0.96760672  0.01687084  0.96775378 -0.25237611
19939.6  2.00000000  0.96759531  0.01742607  0.96775222 -0.25238286
19939.7  2.00000000  0.96758627  0.01781046  0.96775018 -0.25239177
19939.8  2.00000000  0.96758072  0.01799046  0.96774796 -0.25240161
19939.9  2.00000000  0.96757916  0.01796000  0.96774583 -0.25241113
19940.0  2.00000000  0.96758150  0.01773820  0.96774407 -0.25241919
19940.1  2.00000000  0.96758700  0.01736632  0.96774284 -0.25242497
19940.2  2.00000000  0.96759468  0.01690000  0.96774225 -0.25242791
19940.3  2.00000000  0.96760330  0.01640244  0.96774231 -0.25242790
19940.4  2.00000000  0.96761177  0.01593545  0.96774298 -0.25242514
19940.5  2.00000000  0.96761911  0.01555274  0.96774409 -0.25242019
19940.6  2.00000000  0.96762466  0.01529376  0.96774551 -0.25241380
19940.7  2.00000000  0.96762796  0.01518015  0.96774703 -0.25240684
19940.8  2.00000000  0.96762886  0.01521456  0.96774846 -0.25240019
19940.9  2.00000000  0.96762740  0.01538181  0.96774965 -0.25239461
19941.0  2.00000000  0.96762389  0.01565229  0.96775048 -0.25239069
19941.1  2.00000000  0.96761883  0.01598589  0.96775088 -0.25238878
19941.2  2.00000000  0.96761290  0.01633797  0.96775083 -0.25238896
19941.3  2.00000000  0.96760687  0.01666507  0.96775037 -0.25239105
19941.4  2.00000000  0.96760149  0.01692978  0.96774959 -0.25239466
19941.5  2.00000000  0.96759742  0.01710503  0.96774860 -0.25239925
19941.6  2.00000000  0.96759509  0.01717640  0.96774754 -0.25240420
19941.7  2.00000000  0.96759467  0.01714307  0.96774652 -0.25240888
19941.8  2.00000000  0.96759605  0.01701672  0.96774568 -0.25241275
19941.9  2.00000000  0.96759891  0.01681942  0.96774508 -0.25241542
19942.0  2.00000000  0.96760276  0.01658001  0.96774480 -0.25241664
19942.1  2.00000000  0.96760705  0.01633028  0.96774484 -0.25241639
19942.2  2.00000000  0.96761122  0.01610090  0.96774517 -0.25241479
19942.3  2.00000000  0.96761482  0.01591788  0.96774574 -0.25241214
19942.4  2.00000000  0.96761748  0.01579978  0.96774647 -0.25240884
19942.5  2.00000000  0.96761897  0.01575597  0.96774725 -0.25240532
19942.6  2.00000000  0.96761922  0.01578629  0.96774798 -0.25240203
19942.7  2.00000000  0.96761827  0.01588161  0.96774859 -0.25239934
19942.8  2.00000000  0.96761631  0.01602575  0.96774901 -0.25239753
19942.9  2.00000000  0.96761363  0.01619778  0.96774919 -0.25239676
19943.0  2.00000000  0.96761059  0.01637499  0.96774914 -0.25239704
19943.1  2.00000000  0.96760759  0.01653573  0.96774887 -0.25239826
19943.2  2.00000000  0.96760499  0.01666185  0.96774843 -0.25240021
19943.3  2.00000000  0.96760308  0.01674080  0.96774789 -0.25240259
19943.4  2.00000000  0.96760207  0.01676652  0.96774732 -0.25240510
19943.5  2.00000000  0.96760201  0.01673981  0.96774680 -0.25240740
19943.6  2.00000000  0.96760283  0.01666786  0.96774638 -0.25240926
19943.7  2.00000000  0.96760437  0.01656269  0.96774611 -0.25241047
19943.8  2.00000000  0.96760637  0.01643942  0.96774601 -0.25241094
19943.9  2.00000000  0.96760856  0.01631417  0.96774608 -0.25241066
19944.0  2.00000000  0.96761066  0.01620218  0.96774629 -0.25240973
19944.1  2.00000000  0.96761243  0.01611580  0.96774662 -0.25240831
19944.2  2.00000000  0.96761368  0.01606359  0.96774701 -0.25240660
19944.3  2.00000000  0.96761432  0.01604918  0.96774740 -0.25240484
19944.4  2.00000000  0.96761431  0.01607142  0.96774777 -0.25240322
19944.5  2.00000000  0.96761369  0.01612488  0.96774804 -0.25240196
19944.6  2.00000000  0.96761260  0.01620086  0.96774821 -0.25240115
19944.7  2.00000000  0.96761117  0.01628880  0.96774826 -0.25240087
19944.8  2.00000000  0.96760962  0.01637700  0.96774820 -0.25240111
19944.9  2.00000000  0.96760813  0.01645505  0.96774804 -0.25240180
19945.0  2.00000000  0.96760690  0.01651418  0.96774781 -0.25240283
19945.1  2.00000000  0.96760603  0.01654887  0.96774754 -0.25240405
19945.2  2.00000000  0.96760563  0.01655665  0.96774727 -0.25240530
19945.3  2.00000000  0.96760570  0.01653873  0.96774703 -0.25240642
19945.4  2.00000000  0.96760618  0.01649906  0.96774684 -0.25240730
19945.5  2.00000000  0.96760701  0.01644410  0.96774673 -0.25240783
19945.6  2.00000000  0.96760803  0.01638151  0.96774669 -0.25240800
19945.7  2.00000000  0.96760913  0.01631935  0.96774674 -0.25240780
19945.8  2.00000000  0.96761016  0.01626509  0.96774685 -0.25240728
19945.9  2.00000000  0.96761100  0.01622453  0.96774702 -0.25240654
19946.0  2.00000000  0.96761157  0.01620166  0.96774720 -0.25240567
19946.1  2.00000000  0.96761183  0.01619774  0.96774739 -0.25240479
19946.2  2.00000000  0.96761176  0.01621192  0.96774757 -0.25240400
19946.3  2.00000000  0.96761140  0.01624105  0.96774769 -0.25240341
19946.4  2.00000000  0.96761082  0.01628066  0.96774778 -0.25240304
19946.5  2.00000000  0.96761009  0.01632533  0.96774780 -0.25240295
19946.6  2.00000000  0.96760932  0.01636918  0.96774777 -0.25240311
19946.7  2.00000000  0.96760859  0.01640713  0.96774768 -0.25240349
19946.8  2.00000000  0.96760800  0.01643494  0.96774757 -0.25240403
19946.9  2.00000000  0.96760761  0.01645015  0.96774743 -0.25240465
19947.0  2.00000000  0.96760744  0.01645173  0.96774729 -0.25240528
19947.1  2.00000000  0.96760751  0.01644062  0.96774717 -0.25240582
19947.2  2.00000000  0.96760778  0.01641898  0.96774707 -0.25240624
19947.3  2.00000000  0.96760822  0.01639026  0.96774702 -0.25240648
19947.4  2.00000000  0.96760873  0.01635841  0.96774700 -0.25240653
19947.5  2.00000000  0.96760929  0.01632743  0.96774704 -0.25240640
19947.6  2.00000000  0.96760979  0.01630110  0.96774709 -0.25240612
19947.7  2.00000000  0.96761021  0.01628207  0.96774719 -0.25240572
19947.8  2.00000000  0.96761047  0.01627230  0.96774729 -0.25240528
19947.9  2.00000000  0.96761057  0.01627203  0.96774738 -0.25240484
19948.0  2.00000000  0.96761052  0.01628082  0.96774748 -0.25240445
19948.1  2.00000000  0.96761030  0.01629673  0.96774753 -0.25240417
19948.2  2.00000000  0.96761000  0.01631743  0.96774758 -0.25240401
19948.3  2.00000000  0.96760961  0.01634006  0.96774757 -0.25240399
19948.4  2.00000000  0.96760923  0.01636174  0.96774755 -0.25240409
19948.5  2.00000000  0.96760887  0.01638004  0.96774750 -0.25240431
19948.6  2.00000000  0.96760859  0.01639292  0.96774744 -0.25240459
19948.7  2.00000000  0.96760841  0.01639935  0.96774737 -0.25240490
19948.8  2.00000000  0.96760834  0.01639897  0.96774730 -0.25240521
19948.9  2.00000000  0.96760840  0.01639235  0.96774724 -0.25240548
19949.0  2.00000000  0.96760855  0.01638071  0.96774719 -0.25240568
19949.1  2.00000000  0.96760878  0.01636580  0.96774717 -0.25240578
19949.2  2.00000000  0.96760905  0.01634969  0.96774717 -0.25240579
19949.3  2.00000000  0.96760933  0.01633438  0.96774719 -0.25240571
19949.4  2.00000000  0.96760958  0.01632163  0.96774723 -0.25240555
19949.5  2.00000000  0.96760978  0.01631283  0.96774727 -0.25240535
19949.6  2.00000000  0.96760989  0.01630868  0.96774732 -0.25240512
19949.7  2.00000000  0.96760993  0.01630938  0.96774737 -0.25240490
19949.8  2.00000000  0.96760988  0.01631448  0.96774741 -0.25240472
19949.9  2.00000000  0.96760977  0.01632302  0.96774744 -0.25240458
19950.0  2.00000000  0.96760960  0.01633376  0.96774745 -0.25240452
19950.1  2.00000000  0.96760941  0.01634522  0.96774745 -0.25240452
19950.2  2.00000000  0.96760921  0.01635597  0.96774744 -0.25240458
19950.3  2.00000000  0.96760904  0.01636482  0.96774741 -0.25240469
19950.4  2.00000000  0.96760890  0.01637079  0.96774738 -0.25240484
19950.5  2.00000000  0.96760883  0.01637342  0.96774735 -0.25240500
19950.6  2.00000000  0.96760880  0.01637262  0.96774731 -0.25240516
19950.7  2.00000000  0.96760884  0.01636872  0.96774729 -0.25240529
19950.8  2.00000000  0.96760893  0.01636247  0.96774727 -0.25240538
19950.9  2.00000000  0.96760905  0.01635473  0.96774725 -0.25240542
19951.0  2.00000000  0.96760919  0.01634657  0.96774726 -0.25240541
19951.1  2.00000000  0.96760933  0.01633901  0.96774727 -0.25240537
19951.2  2.00000000  0.96760945  0.01633287  0.96774728 -0.25240528
19951.3  2.00000000  0.96760954  0.01632883  0.96774731 -0.25240518
19951.4  2.00000000  0.96760959  0.01632720  0.96774733 -0.25240506
19951.5  2.00000000  0.96760960  0.01632796  0.96774736 -0.25240495
19951.6  2.00000000  0.96760957  0.01633086  0.96774738 -0.25240486
19951.7  2.00000000  0.96760951  0.01633543  0.96774739 -0.25240480
19951.8  2.00000000  0.96760942  0.01634099  0.96774740 -0.25240477
19951.9  2.00000000  0.96760933  0.01634680  0.96774740 -0.25240478
19952.0  2.00000000  0.96760923  0.01635215  0.96774739 -0.25240482
19952.1  2.00000000  0.96760914  0.01635645  0.96774738 -0.25240488
19952.2  2.00000000  0.96760908  0.01635925  0.96774736 -0.25240495
19952.3  2.00000000  0.96760904  0.01636032  0.96774734 -0.25240504
19952.4  2.00000000  0.96760903  0.01635963  0.96774732 -0.25240511
19952.5  2.00000000  0.96760906  0.01635737  0.96774731 -0.25240518
19952.6  2.00000000  0.96760911  0.01635395  0.96774730 -0.25240522
19952.7  2.00000000  0.96760917  0.01634988  0.96774729 -0.25240524
19952.8  2.00000000  0.96760924  0.01634570  0.96774730 -0.25240523
19952.9  2.00000000  0.96760931  0.01634192  0.96774730 -0.25240520
19953.0  2.00000000  0.96760937  0.01633897  0.96774731 -0.25240516
19953.1  2.00000000  0.96760942  0.01633714  0.96774733 -0.25240510
19953.2  2.00000000  0.96760944  0.01633658  0.96774734 -0.25240504
19953.3  2.00000000  0.96760944  0.01633724  0.96774735 -0.25240499
19953.4  2.00000000  0.96760942  0.01633898  0.96774736 -0.25240494
19953.5  2.00000000  0.96760939  0.01634149  0.96774737 -0.25240491
19953.6  2.00000000  0.96760934  0.01634443  0.96774737 -0.25240490
19953.7  2.00000000  0.96760929  0.01634738  0.96774737 -0.25240491
19953.8  2.00000000  0.96760924  0.01635001  0.96774736 -0.25240493
19953.9  2.00000000  0.96760919  0.01635202  0.96774735 -0.25240497
19954.0  2.00000000  0.96760917  0.01635322  0.96774735 -0.25240501
19954.1  2.00000000  0.96760915  0.01635352  0.96774734 -0.25240505
19954.2  2.00000000  0.96760915  0.01635294  0.96774733 -0.25240509
19954.3  2.00000000  0.96760917  0.01635161  0.96774732 -0.25240512
19954.4  2.00000000  0.96760920  0.01634974  0.96774732 -0.25240514
19954.5  2.00000000  0.96760923  0.01634761  0.96774732 -0.25240514
19954.6  2.00000000  0.96760927  0.01634550  0.96774732 -0.25240514
19954.7  2.00000000  0.96760930  0.01634367  0.96774732 -0.25240512
19954.8  2.00000000  0.96760933  0.01634230  0.96774733 -0.25240509
19954.9  2.00000000  0.96760935  0.01634153  0.96774733 -0.25240506
19955.0  2.00000000  0.96760936  0.01634141  0.96774734 -0.25240503
19955.1  2.00000000  0.96760936  0.01634190  0.96774735 -0.25240501
19955.2  2.00000000  0.96760934  0.01634290  0.96774735 -0.25240499
19955.3  2.00000000  0.96760932  0.01634425  0.96774735 -0.25240497
19955.4  2.00000000  0.96760930  0.01634578  0.96774735 -0.25240497
19955.5  2.00000000  0.96760927  0.01634729  0.96774735 -0.25240498
19955.6  2.00000000  0.96760925  0.01634860  0.96774735 -0.25240499
19955.7  2.00000000  0.96760923  0.01634956  0.96774735 -0.25240501
19955.8  2.00000000  0.96760921  0.01635008  0.96774734 -0.25240503
19955.9  2.00000000  0.96760921  0.01635013  0.96774734 -0.25240505
19956.0  2.00000000  0.96760921  0.01634974  0.96774733 -0.25240507
19956.1  2.00000000  0.96760922  0.01634898  0.96774733 -0.25240509
19956.2  2.00000000  0.96760924  0.01634797  0.96774733 -0.25240509
19956.3  2.00000000  0.96760925  0.01634684  0.96774733 -0.25240510
19956.4  2.00000000  0.96760927  0.01634574  0.96774733 -0.25240509
19956.5  2.00000000  0.96760929  0.01634479  0.96774733 -0.25240508
19956.6  2.00000000  0.96760931  0.01634409  0.96774733 -0.25240507
19956.7  2.00000000  0.96760932  0.01634371  0.96774734 -0.25240505
19956.8  2.00000000  0.96760932  0.01634369  0.96774734 -0.25240504
19956.9  2.00000000  0.96760932  0.01634400  0.96774734 -0.25240502
19957.0  2.00000000  0.96760931  0.01634459  0.96774735 -0.25240501
19957.1  2.00000000  0.96760930  0.01634539  0.96774735 -0.25240500
19957.2  2.00000000  0.96760928  0.01634626  0.96774735 -0.25240500
19957.3  2.00000000  0.96760927  0.01634710  0.96774735 -0.25240501
19957.4  2.00000000  0.96760926  0.01634781  0.96774734 -0.25240502
19957.5  2.00000000  0.96760925  0.01634829  0.96774734 -0.25240503
19957.6  2.00000000  0.96760924  0.01634851  0.96774734 -0.25240504
19957.7  2.00000000  0.96760924  0.01634845  0.96774734 -0.25240505
19957.8  2.00000000  0.96760924  0.01634815  0.96774733 -0.25240506
19957.9  2.00000000  0.96760925  0.01634767  0.96774733 -0.25240507
19958.0  2.00000000  0.96760926  0.01634706  0.96774733 -0.25240507
19958.1  2.00000000  0.96760927  0.01634642  0.96774733 -0.25240507
19958.2  2.00000000  0.96760928  0.01634581  0.96774733 -0.25240507
19958.3  2.00000000  0.96760929  0.01634533  0.96774733 -0.25240506
19958.4  2.00000000  0.96760930  0.01634501  0.96774734 -0.25240505
19958.5  2.00000000  0.96760930  0.01634489  0.96774734 -0.25240504
19958.6  2.00000000  0.96760930  0.01634498  0.96774734 -0.25240503
19958.7  2.00000000  0.96760930  0.01634524  0.96774734 -0.25240503
19958.8  2.00000000  0.96760929  0.01634564  0.96774734 -0.25240502
19958.9  2.00000000  0.96760928  0.01634613  0.96774734 -0.25240502
19959.0  2.00000000  0.96760927  0.01634662  0.96774734 -0.25240502
19959.1  2.00000000  0.96760927  0.01634708  0.96774734 -0.25240503
19959.2  2.00000000  0.96760926  0.01634742  0.96774734 -0.25240503
19959.3  2.00000000  0.96760925  0.01634764  0.96774734 -0.25240504
19959.4  2.00000000  0.96760925  0.01634768  0.96774734 -0.25240505
19959.5  2.00000000  0.96760925  0.01634757  0.96774734 -0.25240505
19959.6  2.00000000  0.96760925  0.01634731  0.96774734 -0.25240506
19959.7  2.00000000  0.96760926  0.01634696  0.96774733 -0.25240506
19959.8  2.00000000  0.96760927  0.01634656  0.96774733 -0.25240506
19959.9  2.00000000  0.96760927  0.01634616  0.96774733 -0.25240506
19960.0  2.00000000  0.96760928  0.01634583  0.96774734 -0.25240506
19960.1  2.00000000  0.96760929  0.01634558  0.96774734 -0.25240505
19960.2  2.00000000  0.96760929  0.01634546  0.96774734 -0.25240504
19960.3  2.00000000  0.96760929  0.01634547  0.96774734 -0.25240504
19960.4  2.00000000  0.96760929  0.01634561  0.96774734 -0.25240503
19960.5  2.00000000  0.96760929  0.01634585  0.96774734 -0.25240503
19960.6  2.00000000  0.96760928  0.01634615  0.96774734 -0.25240503
19960.7  2.00000000  0.96760928  0.01634649  0.96774734 -0.25240503
19960.8  2.00000000  0.96760927  0.01634680  0.96774734 -0.25240503
19960.9  2.00000000  0.96760926  0.01634706  0.96774734 -0.25240503
19961.0  2.00000000  0.96760926  0.01634722  0.96774734 -0.25240504
19961.1  2.00000000  0.96760926  0.01634728  0.96774734 -0.25240504
19961.2  2.00000000  0.96760926  0.01634723  0.96774734 -0.25240505
19961.3  2.00000000  0.96760926  0.01634708  0.96774734 -0.25240505
19961.4  2.00000000  0.96760926  0.01634685  0.96774734 -0.25240505
19961.5  2.00000000  0.96760927  0.01634659  0.96774734 -0.25240506
19961.6  2.00000000  0.96760927  0.01634632  0.96774734 -0.25240505
19961.7  2.00000000  0.96760928  0.01634607  0.96774734 -0.25240505
19961.8  2.00000000  0.96760928  0.01634589  0.96774734 -0.25240505
19961.9  2.00000000  0.96760928  0.01634579  0.96774734 -0.25240505
19962.0  2.00000000  0.96760928  0.01634577  0.96774734 -0.25240504
19962.1  2.00000000  0.96760928  0.01634583  0.96774734 -0.25240504
19962.2  2.00000000  0.96760928  0.01634598  0.96774734 -0.25240503
19962.3  2.00000000  0.96760928  0.01634616  0.96774734 -0.25240503
19962.4  2.00000000  0.96760928  0.01634639  0.96774734 -0.25240503
19962.5  2.00000000  0.96760927  0.01634660  0.96774734 -0.25240503
19962.6  2.00000000  0.96760927  0.01634680  0.96774734 -0.25240503
19962.7  2.00000000  0.96760927  0.01634694  0.96774734 -0.25240504
19962.8  2.00000000  0.96760926  0.01634703  0.96774734 -0.25240504
19962.9  2.00000000  0.96760926  0.01634705  0.96774734 -0.25240504
19963.0  2.00000000  0.96760926  0.01634701  0.96774734 -0.25240505
19963.1  2.00000000  0.96760926  0.01634692  0.96774734 -0.25240505
19963.2  2.00000000  0.96760926  0.01634678  0.96774734 -0.25240505
19963.3  2.00000000  0.96760927  0.01634661  0.96774734 -0.25240505
19963.4  2.00000000  0.96760927  0.01634644  0.96774734 -0.25240505
19963.5  2.00000000  0.96760927  0.01634628  0.96774734 -0.25240505
19963.6  2.00000000  0.96760928  0.01634614  0.96774734 -0.25240505
19963.7  2.00000000  0.96760928  0.01634605  0.96774734 -0.25240505
19963.8  2.00000000  0.96760928  0.01634600  0.96774734 -0.25240504
19963.9  2.00000000  0.96760928  0.01634600  0.96774734 -0.25240504
19964.0  2.00000000  0.96760928  0.01634605  0.96774734 -0.25240504
19964.1  2.00000000  0.96760928  0.01634614  0.96774734 -0.25240504
19964.2  2.00000000  0.96760928  0.01634626  0.96774734 -0.25240504
19964.3  2.00000000  0.96760927  0.01634639  0.96774734 -0.25240504
19964.4  2.00000000  0.96760927  0.01634652  0.96774734 -0.25240504
19964.5  2.00000000  0.96760927  0.01634664  0.96774734 -0.25240504
19964.6  2.00000000  0.96760927  0.01634674  0.96774734 -0.25240504
19964.7  2.00000000  0.96760927  0.01634680  0.96774734 -0.25240504
19964.8  2.00000000  0.96760927  0.01634682  0.96774734 -0.25240504
19964.9  2.00000000  0.96760927  0.01634680  0.96774734 -0.25240505
19965.0  2.00000000  0.96760927  0.01634675  0.96774734 -0.25240505
19965.1  2.00000000  0.96760927  0.01634666  0.96774734 -0.25240505
19965.2  2.00000000  0.96760927  0.01634655  0.96774734 -0.25240505
19965.3  2.00000000  0.96760927  0.01634646  0.96774734 -0.25240505
19965.4  2.00000000  0.96760927  0.01634637  0.96774734 -0.25240505
19965.5  2.00000000  0.96760927  0.01634628  0.96774734 -0.25240505
19965.6  2.00000000  0.96760928  0.01634622  0.96774734 -0.25240505
19965.7  2.00000000  0.96760928  0.01634618  0.96774734 -0.25240504
19965.8  2.00000000  0.96760928  0.01634617  0.96774734 -0.25240504
19965.9  2.00000000  0.96760928  0.01634618  0.96774734 -0.25240504
19966.0  2.00000000  0.96760928  0.01634622  0.96774734 -0.25240504
19966.1  2.00000000  0.96760928  0.01634626  0.96774734 -0.25240504
19966.2  2.00000000  0.96760928  0.01634632  0.96774734 -0.25240504
19966.3  2.00000000  0.96760927  0.01634638  0.96774734 -0.25240504
19966.4  2.00000000  0.96760927  0.01634644  0.96774734 -0.25240504
19966.5  2.00000000  0.96760927  0.01634650  0.96774734 -0.25240504
19966.6  2.00000000  0.96760927  0.01634655  0.96774734 -0.25240504
19966.7  2.00000000  0.96760927  0.01634658  0.96774734 -0.25240504
19966.8  2.00000000  0.96760927  0.01634660  0.96774734 -0.25240504
19966.9  2.00000000  0.96760927  0.01634662  0.96774734 -0.25240504
19967.0  2.00000000  0.96760927  0.01634661  0.96774734 -0.25240504
19967.1  2.00000000  0.96760927  0.01634659  0.96774734 -0.25240504
19967.2  2.00000000  0.96760927  0.01634658  0.96774734 -0.25240505
19967.3  2.00000000  0.96760927  0.01634654  0.96774734 -0.25240505
19967.4  2.00000000  0.96760927  0.01634650  0.96774734 -0.25240505
19967.5  2.00000000  0.96760927  0.01634647  0.96774734 -0.25240505
19967.6  2.00000000  0.96760927  0.01634645  0.96774734 -0.25240504
19967.7  2.00000000  0.96760927  0.01634643  0.96774734 -0.25240504
19967.8  2.00000000  0.96760927  0.01634642  0.96774734 -0.25240504
19967.9  2.00000000  0.96760927  0.01634640  0.96774734 -0.25240504
19968.0  2.00000000  0.96760927  0.01634641  0.96774734 -0.25240504
19968.1  2.00000000  0.96760927  0.01634641  0.96774734 -0.25240504
19968.2  2.00000000  0.96760927  0.01634641  0.96774734 -0.25240504
19968.3  2.00000000  0.96760927  0.01634642  0.96774734 -0.25240504
19968.4  2.00000000  0.96760927  0.01634642  0.96774734 -0.25240504
19968.5  2.00000000  0.96760927  0.01634643  0.96774734 -0.25240504
19968.6  2.00000000  0.96760927  0.01634644  0.96774734 -0.25240504
19968.7  2.00000000  0.96760927  0.01634644  0.96774734 -0.25240504
19968.8  2.00000000  0.96760927  0.01634644  0.96774734 -0.25240504
19968.9  2.00000000  0.96760927  0.01634644  0.96774734 -0.25240504
19969.0  2.00000000  0.96760927  0.01634644  0.96774734 -0.25240504
19969.1  2.00000000  0.96760927  0.01634645  0.96774734 -0.25240504
19969.2  2.00000000  0.96760927  0.01634645  0.96774734 -0.25240504
19969.3  2.00000000  0.96760927  0.01634645  0.96774734 -0.25240504
19969.4  2.00000000  0.96760927  0.01634645  0.96774734 -0.25240504
19969.5  2.00000000  0.96760927  0.01634645  0.96774734 -0.25240504
19969.6  2.00000000  0.96760927  0.01634645  0.96774734 -0.25240504
19969.7  2.00000000  0.96760927  0.01634645  0.96774734 -0.25240504
19969.8  2.00000000  0.96760927  0.01634645  0.96774734 -0.25240504
19969.9  2.00000000  0.96760927  0.01634645  0.96774734 -0.25240504
19970.0  2.00000000  0.96760927  0.01634645  0.96774734 -0.25240504
19970.1  2.00000000  0.96760927  0.01634645  0.96774734 -0.25240504
19970.2  2.00000000  0.96760927  0.01634645  0.96774734 -0.25240504
19970.3  2.00000000  0.96760927  0.01634645  0.96774734 -0.25240504
19970.4  2.00000000  0.96760927  0.01634645  0.96774734 -0.25240504
19970.5  2.00000000  0.96760927  0.01634645  0.96774734 -0.25240504
19970.6  2.00000000  0.96760927  0.01634645  0.96774734 -0.25240504
19970.7  2.00000000  0.96760927  0.01634645  0.96774734 -0.25240504
19970.8  2.00000000  0.96760927  0.01634645  0.96774734 -0.25240504
19970.9  2.00000000  0.96760927  0.01634645  0.96774734 -0.25240504
19971.0  2.00000000  0.96760927  0.01634645  0.96774734 -0.25240504
19971.1  2.00000000  0.96760927  0.01634645  0.96774734 -0.25240504
19971.2  2.00000000  0.96760927  0.01634645  0.96774734 -0.25240504
19971.3  2.00000000  0.96760927  0.01634645  0.96774734 -0.25240504
19971.4  2.00000000  0.96760927  0.01634645  0.96774734 -0.25240504
19971.5  2.00000000  0.96760927  0.01634645  0.96774734 -0.25240504
19971.6  2.00000000  0.96760927  0.01634645  0.96774734 -0.25240504
19971.7  2.00000000  0.96760927  0.01634645  0.96774734 -0.25240504
19971.8  2.00000000  0.96760927  0.01634645  0.96774734 -0.25240504
19971.9  2.00000000  0.96760927  0.01634645  0.96774734 -0.25240504
19972.0  2.00000000  0.96760927  0.01634645  0.96774734 -0.25240504
19972.1  2.00000000  0.96760927  0.01634645  0.96774734 -0.25240504
19972.2  2.00000000  0.96760927  0.01634645  0.96774734 -0.25240504
19972.3  2.00000000  0.96760927  0.01634645  0.96774734 -0.25240504
19972.4  2.00000000  0.96760927  0.01634645  0.96774734 -0.25240504
19972.5  2.00000000  0.96760927  0.01634645  0.96774734 -0.25240504
19972.6  2.00000000  0.96760927  0.01634645  0.96774734 -0.25240504
19972.7  2.00000000  0.96760927  0.01634645  0.96774734 -0.25240504
19972.8  2.00000000  0.96760927  0.01634645  0.96774734 -0.25240504
19972.9  2.00000000  0.96760927  0.01634645  0.96774734 -0.25240504
19973.0  2.00000000  0.96760927  0.01634645  0.96774734 -0.25240504
19973.1  2.00000000  0.96760927  0.01634645  0.96774734 -0.25240504
19973.2  2.00000000  0.96760927  0.01634645  0.96774734 -0.25240504
19973.3  2.00000000  0.96760927  0.01634645  0.96774734 -0.25240504
19973.4  2.00000000  0.96760927  0.01634645  0.96774734 -0.25240504
19973.5  2.00000000  0.96760927  0.01634645  0.96774734 -0.25240504
19973.6  2.00000000  0.96760927  0.01634645  0.96774734 -0.25240504
19973.7  2.00000000  0.96760927  0.01634645  0.96774734 -0.25240504
19973.8  2.00000000  0.96760927  0.01634645  0.96774734 -0.25240504
19973.9  2.00000000  0.96760927  0.01634645  0.96774734 -0.25240504
19974.0  2.00000000  0.96760927  0.01634645  0.96774734 -0.25240504
19974.1  2.00000000  0.96760927  0.01634645  0.96774734 -0.25240504
19974.2  2.00000000  0.96760927  0.01634645  0.96774734 -0.25240504
19974.3  2.00000000  0.96760927  0.01634645  0.96774734 -0.25240504
19974.4  2.00000000  0.96760927  0.01634645  0.96774734 -0.25240504
19974.5  2.00000000  0.96760927  0.01634645  0.96774734 -0.25240504
19974.6  2.00000000  0.96760927  0.01634645  0.96774734 -0.25240504
19974.7  2.00000000  0.96760927  0.01634645  0.96774734 -0.25240504
19974.8  2.00000000  0.96760927  0.01634645  0.96774734 -0.25240504
19974.9  2.00000000  0.96760927  0.01634645  0.96774734 -0.25240504
19975.0  2.00000000  0.96760927  0.01634645  0.96774734 -0.25240504
19975.1  2.00000000  0.96760927  0.01634645  0.96774734 -0.25240504
19975.2  2.00000000  0.96760927  0.01634645  0.96774734 -0.25240504
19975.3  2.00000000  0.96760927  0.01634645  0.96774734 -0.25240504
19975.4  2.00000000  0.96760927  0.01634645  0.96774734 -0.25240504
19975.5  2.00000000  0.96760927  0.01634645  0.96774734 -0.25240504
19975.6  2.00000000  0.96760927  0.01634645  0.96774734 -0.25240504
19975.7  2.00000000  0.96760927  0.01634645  0.96774734 -0.25240504
19975.8  2.00000000  0.96760927  0.01634645  0.96774734 -0.25240504
19975.9  2.00000000  0.96760927  0.01634645  0.96774734 -0.25240504
19976.0  2.00000000  0.96760927  0.01634645  0.96774734 -0.25240504
19976.1  2.00000000  0.96760927  0.01634645  0.96774734 -0.25240504
19976.2  2.00000000  0.96760927  0.01634645  0.96774734 -0.25240504
19976.3  2.00000000  0.96760927  0.01634645  0.96774734 -0.25240504
19976.4  2.00000000  0.96760927  0.01634645  0.96774734 -0.25240504
19976.5  2.00000000  0.96760927  0.01634645  0.96774734 -0.25240504
19976.6  2.00000000  0.96760927  0.01634645  0.96774734 -0.25240504
19976.7  2.00000000  0.96760927  0.01634645  0.96774734 -0.25240504
19976.8  2.00000000  0.96760927  0.01634645  0.96774734 -0.25240504
19976.9  2.00000000  0.96760927  0.01634645  0.96774734 -0.25240504
19977.0  2.00000000  0.96760927  0.01634645  0.96774734 -0.25240504
19977.1  2.00000000  0.96760927  0.01634645  0.96774734 -0.25240504
19977.2  2.00000000  0.96760927  0.01634645  0.96774734 -0.25240504
19977.3  2.00000000  0.96760927  0.01634645  0.96774734 -0.25240504
19977.4  2.00000000  0.96760927  0.01634645  0.96774734 -0.25240504
19977.5  2.00000000  0.96760927  0.01634645  0.96774734 -0.25240504
19977.6  2.00000000  0.96760927  0.01634645  0.96774734 -0.25240504
19977.7  2.00000000  0.96760927  0.01634645  0.96774734 -0.25240504
19977.8  2.00000000  0.96760927  0.01634645  0.96774734 -0.25240504
19977.9  2.00000000  0.96760927  0.01634645  0.96774734 -0.25240504
19978.0  2.00000000  0.96760927  0.01634645  0.96774734 -0.25240504
19978.1  2.00000000  0.96760927  0.01634645  0.96774734 -0.25240504
19978.2  2.00000000  0.96760927  0.01634645  0.96774734 -0.25240504
19978.3  2.00000000  0.96760927  0.01634645  0.96774734 -0.25240504
19978.4  2.00000000  0.96760927  0.01634645  0.96774734 -0.25240504
19978.5  2.00000000  0.96760927  0.01634645  0.96774734 -0.25240504
19978.6  2.00000000  0.96760927  0.01634645  0.96774734 -0.25240504
19978.7  2.00000000  0.96760927  0.01634645  0.96774734 -0.25240504
19978.8  2.00000000  0.96760927  0.01634645  0.96774734 -0.25240504
19978.9  2.00000000  0.96760927  0.01634645  0.96774734 -0.25240504
19979.0  2.00000000  0.96760927  0.01634645  0.96774734 -0.25240504
19979.1  2.00000000  0.96760927  0.01634645  0.96774734 -0.25240504
19979.2  2.00000000  0.96760927  0.01634645  0.96774734 -0.25240504
19979.3  2.00000000  0.96760927  0.01634645  0.96774734 -0.25240504
19979.4  2.00000000  0.96760927  0.01634645  0.96774734 -0.25240504
19979.5  2.00000000  0.96760927  0.01634645  0.96774734 -0.25240504
19979.6  2.00000000  0.96760927  0.01634645  0.96774734 -0.25240504
19979.7  2.00000000  0.96760927  0.01634645  0.96774734 -0.25240504
19979.8  2.00000000  0.96760927  0.01634645  0.96774734 -0.25240504
19979.9  2.00000000  0.96760927  0.01634645  0.96774734 -0.25240504
19980.0  2.00000000  0.96760927  0.01634645  0.96774734 -0.25240504
19980.1  2.00000000  0.96760927  0.01634645  0.96774734 -0.25240504
19980.2  2.00000000  0.96760927  0.01634645  0.96774734 -0.25240504
19980.3  2.00000000  0.96760927  0.01634645  0.96774734 -0.25240504
19980.4  2.00000000  0.96760927  0.01634645  0.96774734 -0.25240504
19980.5  2.00000000  0.96760927  0.01634645  0.96774734 -0.25240504
19980.6  2.00000000  0.96760927  0.01634645  0.96774734 -0.25240504
19980.7  2.00000000  0.96760927  0.01634645  0.96774734 -0.25240504
19980.8  2.00000000  0.96760927  0.01634645  0.96774734 -0.25240504
19980.9  2.00000000  0.96760927  0.01634645  0.96774734 -0.25240504
19981.0  2.00000000  0.96760927  0.01634645  0.96774734 -0.25240504
19981.1  2.00000000  0.96760927  0.01634645  0.96774734 -0.25240504
19981.2  2.00000000  0.96760927  0.01634645  0.96774734 -0.25240504
19981.3  2.00000000  0.96760927  0.01634645  0.96774734 -0.25240504
19981.4  2.00000000  0.96760927  0.01634645  0.96774734 -0.25240504
19981.5  2.00000000  0.96760927  0.01634645  0.96774734 -0.25240504
19981.6  2.00000000  0.96760927  0.01634645  0.96774734 -0.25240504
19981.7  2.00000000  0.96760927  0.01634645  0.96774734 -0.25240504
19981.8  2.00000000  0.96760927  0.01634645  0.96774734 -0.25240504
19981.9  2.00000000  0.96760927  0.01634645  0.96774734 -0.25240504
19982.0  2.00000000  0.96760927  0.01634645  0.96774734 -0.25240504
19982.1  2.00000000  0.96760927  0.01634645  0.96774734 -0.25240504
19982.2  2.00000000  0.96760927  0.01634645  0.96774734 -0.25240504
19982.3  2.00000000  0.96760927  0.01634645  0.96774734 -0.25240504
19982.4  2.00000000  0.96760927  0.01634645  0.96774734 -0.25240504
19982.5  2.00000000  0.96760927  0.01634645  0.96774734 -0.25240504
19982.6  2.00000000  0.96760927  0.01634645  0.96774734 -0.25240504
19982.7  2.00000000  0.96760927  0.01634645  0.96774734 -0.25240504
19982.8  2.00000000  0.96760927  0.01634645  0.96774734 -0.25240504
19982.9  2.00000000  0.96760927  0.01634645  0.96774734 -0.25240504
19983.0  2.00000000  0.96760927  0.01634645  0.96774734 -0.25240504
19983.1  2.00000000  0.96760927  0.01634645  0.96774734 -0.25240504
19983.2  2.00000000  0.96760927  0.01634645  0.96774734 -0.25240504
19983.3  2.00000000  0.96760927  0.01634645  0.96774734 -0.25240504
19983.4  2.00000000  0.96760927  0.01634645  0.96774734 -0.25240504
19983.5  2.00000000  0.96760927  0.01634645  0.96774734 -0.25240504
19983.6  2.00000000  0.96760927  0.01634645  0.96774734 -0.25240504
19983.7  2.00000000  0.96760927  0.01634645  0.96774734 -0.25240504
19983.8  2.00000000  0.96760927  0.01634645  0.96774734 -0.25240504
19983.9  2.00000000  0.96760927  0.01634645  0.96774734 -0.25240504
19984.0  2.00000000  0.96760927  0.01634645  0.96774734 -0.25240504
19984.1  2.00000000  0.96760927  0.01634645  0.96774734 -0.25240504
19984.2  2.00000000  0.96760927  0.01634645  0.96774734 -0.25240504
19984.3  2.00000000  0.96760927  0.01634645  0.96774734 -0.25240504
19984.4  2.00000000  0.96760927  0.01634645  0.96774734 -0.25240504
19984.5  2.00000000  0.96760927  0.01634645  0.96774734 -0.25240504
19984.6  2.00000000  0.96760927  0.01634645  0.96774734 -0.25240504
19984.7  2.00000000  0.96760927  0.01634645  0.96774734 -0.25240504
19984.8  2.00000000  0.96760927  0.01634645  0.96774734 -0.25240504
19984.9  2.00000000  0.96760927  0.01634645  0.96774734 -0.25240504
19985.0  2.00000000  0.96760927  0.01634645  0.96774734 -0.25240504
19985.1  2.00000000  0.96760927  0.01634645  0.96774734 -0.25240504
19985.2  2.00000000  0.96760927  0.01634645  0.96774734 -0.25240504
19985.3  2.00000000  0.96760927  0.01634645  0.96774734 -0.25240504
19985.4  2.00000000  0.96760927  0.01634645  0.96774734 -0.25240504
19985.5  2.00000000  0.96760927  0.01634645  0.96774734 -0.25240504
19985.6  2.00000000  0.96760927  0.01634645  0.96774734 -0.25240504
19985.7  2.00000000  0.96760927  0.01634645  0.96774734 -0.25240504
19985.8  2.00000000  0.96760927  0.01634645  0.96774734 -0.25240504
19985.9  2.00000000  0.96760927  0.01634645  0.96774734 -0.25240504
19986.0  2.00000000  0.96760927  0.01634645  0.96774734 -0.25240504
19986.1  2.00000000  0.96760927  0.01634645  0.96774734 -0.25240504
19986.2  2.00000000  0.96760927  0.01634645  0.96774734 -0.25240504
19986.3  2.00000000  0.96760927  0.01634645  0.96774734 -0.25240504
19986.4  2.00000000  0.96760927  0.01634645  0.96774734 -0.25240504
19986.5  2.00000000  0.96760927  0.01634645  0.96774734 -0.25240504
19986.6  2.00000000  0.96760927  0.01634645  0.96774734 -0.25240504
19986.7  2.00000000  0.96760927  0.01634645  0.96774734 -0.25240504
19986.8  2.00000000  0.96760927  0.01634645  0.96774734 -0.25240504
19986.9  2.00000000  0.96760927  0.01634645  0.96774734 -0.25240504
19987.0  2.00000000  0.96760927  0.01634645  0.96774734 -0.25240504
19987.1  2.00000000  0.96760927  0.01634645  0.96774734 -0.25240504
19987.2  2.00000000  0.96760927  0.01634645  0.96774734 -0.25240504
19987.3  2.00000000  0.96760927  0.01634645  0.96774734 -0.25240504
19987.4  2.00000000  0.96760927  0.01634645  0.96774734 -0.25240504
19987.5  2.00000000  0.96760927  0.01634645  0.96774734 -0.25240504
19987.6  2.00000000  0.96760927  0.01634645  0.96774734 -0.25240504
19987.7  2.00000000  0.96760927  0.01634645  0.96774734 -0.25240504
19987.8  2.00000000  0.96760927  0.01634645  0.96774734 -0.25240504
19987.9  2.00000000  0.96760927  0.01634645  0.96774734 -0.25240504
19988.0  2.00000000  0.96760927  0.01634645  0.96774734 -0.25240504
19988.1  2.00000000  0.96760927  0.01634645  0.96774734 -0.25240504
19988.2  2.00000000  0.96760927  0.01634645  0.96774734 -0.25240504
19988.3  2.00000000  0.96760927  0.01634645  0.96774734 -0.25240504
19988.4  2.00000000  0.96760927  0.01634645  0.96774734 -0.25240504
19988.5  2.00000000  0.96760927  0.01634645  0.96774734 -0.25240504
19988.6  2.00000000  0.96760927  0.01634645  0.96774734 -0.25240504
19988.7  2.00000000  0.96760927  0.01634645  0.96774734 -0.25240504
19988.8  2.00000000  0.96760927  0.01634645  0.96774734 -0.25240504
19988.9  2.00000000  0.96760927  0.01634645  0.96774734 -0.25240504
19989.0  2.00000000  0.96760927  0.01634645  0.96774734 -0.25240504
19989.1  2.00000000  0.96760927  0.01634645  0.96774734 -0.25240504
19989.2  2.00000000  0.96760927  0.01634645  0.96774734 -0.25240504
19989.3  2.00000000  0.96760927  0.01634645  0.96774734 -0.25240504
19989.4  2.00000000  0.96760927  0.01634645  0.96774734 -0.25240504
19989.5  2.00000000  0.96760927  0.01634645  0.96774734 -0.25240504
19989.6  2.00000000  0.96760927  0.01634645  0.96774734 -0.25240504
19989.7  2.00000000  0.96760927  0.01634645  0.96774734 -0.25240504
19989.8  2.00000000  0.96760927  0.01634645  0.96774734 -0.25240504
19989.9  2.00000000  0.96760927  0.01634645  0.96774734 -0.25240504
19990.0  2.00000000  0.96760927  0.01634645  0.96774734 -0.25240504
19990.1  2.00000000  0.96760927  0.01634645  0.96774734 -0.25240504
19990.2  2.00000000  0.96760927  0.01634645  0.96774734 -0.25240504
19990.3  2.00000000  0.96760927  0.01634645  0.96774734 -0.25240504
19990.4  2.00000000  0.96760927  0.01634645  0.96774734 -0.25240504
19990.5  2.00000000  0.96760927  0.01634645  0.96774734 -0.25240504
19990.6  2.00000000  0.96760927  0.01634645  0.96774734 -0.25240504
19990.7  2.00000000  0.96760927  0.01634645  0.96774734 -0.25240504
19990.8  2.00000000  0.96760927  0.01634645  0.96774734 -0.25240504
19990.9  2.00000000  0.96760927  0.01634645  0.96774734 -0.25240504
19991.0  2.00000000  0.96760927  0.01634645  0.96774734 -0.25240504
19991.1  2.00000000  0.96760927  0.01634645  0.96774734 -0.25240504
19991.2  2.00000000  0.96760927  0.01634645  0.96774734 -0.25240504
19991.3  2.00000000  0.96760927  0.01634645  0.96774734 -0.25240504
19991.4  2.00000000  0.96760927  0.01634645  0.96774734 -0.25240504
19991.5  2.00000000  0.96760927  0.01634645  0.96774734 -0.25240504
19991.6  2.00000000  0.96760927  0.01634645  0.96774734 -0.25240504
19991.7  2.00000000  0.96760927  0.01634645  0.96774734 -0.25240504
19991.8  2.00000000  0.96760927  0.01634645  0.96774734 -0.25240504
19991.9  2.00000000  0.96760927  0.01634645  0.96774734 -0.25240504
19992.0  2.00000000  0.96760927  0.01634645  0.96774734 -0.25240504
19992.1  2.00000000  0.96760927  0.01634645  0.96774734 -0.25240504
19992.2  2.00000000  0.96760927  0.01634645  0.96774734 -0.25240504
19992.3  2.00000000  0.96760927  0.01634645  0.96774734 -0.25240504
19992.4  2.00000000  0.96760927  0.01634645  0.96774734 -0.25240504
19992.5  2.00000000  0.96760927  0.01634645  0.96774734 -0.25240504
19992.6  2.00000000  0.96760927  0.01634645  0.96774734 -0.25240504
19992.7  2.00000000  0.96760927  0.01634645  0.96774734 -0.25240504
19992.8  2.00000000  0.96760927  0.01634645  0.96774734 -0.25240504
19992.9  2.00000000  0.96760927  0.01634645  0.96774734 -0.25240504
19993.0  2.00000000  0.96760927  0.01634645  0.96774734 -0.25240504
19993.1  2.00000000  0.96760927  0.01634645  0.96774734 -0.25240504
19993.2  2.00000000  0.96760927  0.01634645  0.96774734 -0.25240504
19993.3  2.00000000  0.96760927  0.01634645  0.96774734 -0.25240504
19993.4  2.00000000  0.96760927  0.01634645  0.96774734 -0.25240504
19993.5  2.00000000  0.96760927  0.01634645  0.96774734 -0.25240504
19993.6  2.00000000  0.96760927  0.01634645  0.96774734 -0.25240504
19993.7  2.00000000  0.96760927  0.01634645  0.96774734 -0.25240504
19993.8  2.00000000  0.96760927  0.01634645  0.96774734 -0.25240504
19993.9  2.00000000  0.96760927  0.01634645  0.96774734 -0.25240504
19994.0  2.00000000  0.96760927  0.01634645  0.96774734 -0.25240504
19994.1  2.00000000  0.96760927  0.01634645  0.96774734 -0.25240504
19994.2  2.00000000  0.96760927  0.01634645  0.96774734 -0.25240504
19994.3  2.00000000  0.96760927  0.01634645  0.96774734 -0.25240504
19994.4  2.00000000  0.96760927  0.01634645  0.96774734 -0.25240504
19994.5  2.00000000  0.96760927  0.01634645  0.96774734 -0.25240504
19994.6  2.00000000  0.96760927  0.01634645  0.96774734 -0.25240504
19994.7  2.00000000  0.96760927  0.01634645  0.96774734 -0.25240504
19994.8  2.00000000  0.96760927  0.01634645  0.96774734 -0.25240504
19994.9  2.00000000  0.96760927  0.01634645  0.96774734 -0.25240504
19995.0  2.00000000  0.96760927  0.01634645  0.96774734 -0.25240504
19995.1  2.00000000  0.96760927  0.01634645  0.96774734 -0.25240504
19995.2  2.00000000  0.96760927  0.01634645  0.96774734 -0.25240504
19995.3  2.00000000  0.96760927  0.01634645  0.96774734 -0.25240504
19995.4  2.00000000  0.96760927  0.01634645  0.96774734 -0.25240504
19995.5  2.00000000  0.96760927  0.01634645  0.96774734 -0.25240504
19995.6  2.00000000  0.96760927  0.01634645  0.96774734 -0.25240504
19995.7  2.00000000  0.96760927  0.01634645  0.96774734 -0.25240504
19995.8  2.00000000  0.96760927  0.01634645  0.96774734 -0.25240504
19995.9  2.00000000  0.96760927  0.01634645  0.96774734 -0.25240504
19996.0  2.00000000  0.96760927  0.01634645  0.96774734 -0.25240504
19996.1  2.00000000  0.96760927  0.01634645  0.96774734 -0.25240504
19996.2  2.00000000  0.96760927  0.01634645  0.96774734 -0.25240504
19996.3  2.00000000  0.96760927  0.01634645  0.96774734 -0.25240504
19996.4  2.00000000  0.96760927  0.01634645  0.96774734 -0.25240504
19996.5  2.00000000  0.96760927  0.01634645  0.96774734 -0.25240504
19996.6  2.00000000  0.96760927  0.01634645  0.96774734 -0.25240504
19996.7  2.00000000  0.96760927  0.01634645  0.96774734 -0.25240504
19996.8  2.00000000  0.96760927  0.01634645  0.96774734 -0.25240504
19996.9  2.00000000  0.96760927  0.01634645  0.96774734 -0.25240504
19997.0  2.00000000  0.96760927  0.01634645  0.96774734 -0.25240504
19997.1  2.00000000  0.96760927  0.01634645  0.96774734 -0.25240504
19997.2  2.00000000  0.96760927  0.01634645  0.96774734 -0.25240504
19997.3  2.00000000  0.96760927  0.01634645  0.96774734 -0.25240504
19997.4  2.00000000  0.96760927  0.01634645  0.96774734 -0.25240504
19997.5  2.00000000  0.96760927  0.01634645  0.96774734 -0.25240504
19997.6  2.00000000  0.96760927  0.01634645  0.96774734 -0.25240504
19997.7  2.00000000  0.96760927  0.01634645  0.96774734 -0.25240504
19997.8  2.00000000  0.96760927  0.01634645  0.96774734 -0.25240504
19997.9  2.00000000  0.96760927  0.01634645  0.96774734 -0.25240504
19998.0  2.00000000  0.96760927  0.01634645  0.96774734 -0.25240504
19998.1  2.00000000  0.96760927  0.01634645  0.96774734 -0.25240504
19998.2  2.00000000  0.96760927  0.01634645  0.96774734 -0.25240504
19998.3  2.00000000  0.96760927  0.01634645  0.96774734 -0.25240504
19998.4  2.00000000  0.96760927  0.01634645  0.96774734 -0.25240504
19998.5  2.00000000  0.96760927  0.01634645  0.96774734 -0.25240504
19998.6  2.00000000  0.96760927  0.01634645  0.96774734 -0.25240504
19998.7  2.00000000  0.96760927  0.01634645  0.96774734 -0.25240504
19998.8  2.00000000  0.96760927  0.01634645  0.96774734 -0.25240504
19998.9  2.00000000  0.96760927  0.01634645  0.96774734 -0.25240504
19999.0  2.00000000  0.96760927  0.01634645  0.96774734 -0.25240504
19999.1  2.00000000  0.96760927  0.01634645  0.96774734 -0.25240504
19999.2  2.00000000  0.96760927  0.01634645  0.96774734 -0.25240504
19999.3  2.00000000  0.96760927  0.01634645  0.96774734 -0.25240504
19999.4  2.00000000  0.96760927  0.01634645  0.96774734 -0.25240504
19999.5  2.00000000  0.96760927  0.01634645  0.96774734 -0.25240504
19999.6  2.00000000  0.96760927  0.01634645  0.96774734 -0.25240504
19999.7  2.00000000  0.96760927  0.01634645  0.96774734 -0.25240504
19999.8  2.00000000  0.96760927  0.01634645  0.96774734 -0.25240504
19999.9  2.00000000  0.96760927  0.01634645  0.96774734 -0.25240504
20000.0  2.00000000  0.96760927  0.01634645  0.96774734 -0.25240504
20000.1  2.00000000  0.96760927  0.01634645  0.96774734 -0.25240504
20000.2  2.00000000  0.96760927  0.01634645  0.96774734 -0.25240504
20000.3  2.00000000  0.96760927  0.01634645  0.96774734 -0.25240504
20000.4  2.00000000  0.96760927  0.01634645  0.96774734 -0.25240504
20000.5  2.00000000  0.96760927  0.01634645  0.96774734 -0.25240504
20000.6  2.00000000  0.96760927  0.01634645  0.96774734 -0.25240504
20000.7  2.00000000  0.96760927  0.01634645  0.96774734 -0.25240504
20000.8  2.00000000  0.96760927  0.01634645  0.96774734 -0.25240504
20000.9  2.00000000  0.96760927  0.01634645  0.96774734 -0.25240504
20001.0  2.00000000  0.96760927  0.01634645  0.96774734 -0.25240504
20001.1  2.00000000  0.96760927  0.01634645  0.96774734 -0.25240504
20001.2  2.00000000  0.96760927  0.01634645  0.96774734 -0.25240504
20001.3  2.00000000  0.96760927  0.01634645  0.96774734 -0.25240504
20001.4  2.00000000  0.96760927  0.01634645  0.96774734 -0.25240504
20001.5  2.00000000  0.96760927  0.01634645  0.96774734 -0.25240504
20001.6  2.00000000  0.96760927  0.01634645  0.96774734 -0.25240504
20001.7  2.00000000  0.96760927  0.01634645  0.96774734 -0.25240504
20001.8  2.00000000  0.96760927  0.01634645  0.96774734 -0.25240504
20001.9  2.00000000  0.96760927  0.01634645  0.96774734 -0.25240504
20002.0  2.00000000  0.96760927  0.01634645  0.96774734 -0.25240504
20002.1  2.00000000  0.96760927  0.01634645  0.96774734 -0.25240504
20002.2  2.00000000  0.96760927  0.01634645  0.96774734 -0.25240504
20002.3  2.00000000  0.96760927  0.01634645  0.96774734 -0.25240504
20002.4  2.00000000  0.96760927  0.01634645  0.96774734 -0.25240504
20002.5  2.00000000  0.96760927  0.01634645  0.96774734 -0.25240504
20002.6  2.00000000  0.96760927  0.01634645  0.96774734 -0.25240504
20002.7  2.00000000  0.96760927  0.01634645  0.96774734 -0.25240504
20002.8  2.00000000  0.96760927  0.01634645  0.96774734 -0.25240504
20002.9  2.00000000  0.96760927  0.01634645  0.96774734 -0.25240504
20003.0  2.00000000  0.96760927  0.01634645  0.96774734 -0.25240504
20003.1  2.00000000  0.96760927  0.01634645  0.96774734 -0.25240504
20003.2  2.00000000  0.96760927  0.01634645  0.96774734 -0.25240504
20003.3  2.00000000  0.96760927  0.01634645  0.96774734 -0.25240504
20003.4  2.00000000  0.96760927  0.01634645  0.96774734 -0.25240504
20003.5  2.00000000  0.96760927  0.01634645  0.96774734 -0.25240504
20003.6  2.00000000  0.96760927  0.01634645  0.96774734 -0.25240504
20003.7  2.00000000  0.96760927  0.01634645  0.96774734 -0.25240504
20003.8  2.00000000  0.96760927  0.01634645  0.96774734 -0.25240504
20003.9  2.00000000  0.96760927  0.01634645  0.96774734 -0.25240504
20004.0  2.00000000  0.96760927  0.01634645  0.96774734 -0.25240504
20004.1  2.00000000  0.96760927  0.01634645  0.96774734 -0.25240504
20004.2  2.00000000  0.96760927  0.01634645  0.96774734 -0.25240504
20004.3  2.00000000  0.96760927  0.01634645  0.96774734 -0.25240504
20004.4  2.00000000  0.96760927  0.01634645  0.96774734 -0.25240504
20004.5  2.00000000  0.96760927  0.01634645  0.96774734 -0.25240504
20004.6  2.00000000  0.96760927  0.01634645  0.96774734 -0.25240504
20004.7  2.00000000  0.96760927  0.01634645  0.96774734 -0.25240504
20004.8  2.00000000  0.96760927  0.01634645  0.96774734 -0.25240504
20004.9  2.00000000  0.96760927  0.01634645  0.96774734 -0.25240504
20005.0  2.00000000  0.96760927  0.01634645  0.96774734 -0.25240504
20005.1  2.00000000  0.96760927  0.01634645  0.96774734 -0.25240504
20005.2  2.00000000  0.96760927  0.01634645  0.96774734 -0.25240504
20005.3  2.00000000  0.96760927  0.01634645  0.96774734 -0.25240504
20005.4  2.00000000  0.96760927  0.01634645  0.96774734 -0.25240504
20005.5  2.00000000  0.96760927  0.01634645  0.96774734 -0.25240504
20005.6  2.00000000  0.96760927  0.01634645  0.96774734 -0.25240504
20005.7  2.00000000  0.96760927  0.01634645  0.96774734 -0.25240504
20005.8  2.00000000  0.96760927  0.01634645  0.96774734 -0.25240504
20005.9  2.00000000  0.96760927  0.01634645  0.96774734 -0.25240504
20006.0  2.00000000  0.96760927  0.01634645  0.96774734 -0.25240504
20006.1  2.00000000  0.96760927  0.01634645  0.96774734 -0.25240504
20006.2  2.00000000  0.96760927  0.01634645  0.96774734 -0.25240504
20006.3  2.00000000  0.96760927  0.01634645  0.96774734 -0.25240504
20006.4  2.00000000  0.96760927  0.01634645  0.96774734 -0.25240504
20006.5  2.00000000  0.96760927  0.01634645  0.96774734 -0.25240504
20006.6  2.00000000  0.96760927  0.01634645  0.96774734 -0.25240504
20006.7  2.00000000  0.96760927  0.01634645  0.96774734 -0.25240504
20006.8  2.00000000  0.96760927  0.01634645  0.96774734 -0.25240504
20006.9  2.00000000  0.96760927  0.01634645  0.96774734 -0.25240504
20007.0  2.00000000  0.96760927  0.01634645  0.96774734 -0.25240504
20007.1  2.00000000  0.96760927  0.01634645  0.96774734 -0.25240504
20007.2  2.00000000  0.96760927  0.01634645  0.96774734 -0.25240504
20007.3  2.00000000  0.96760927  0.01634645  0.96774734 -0.25240504
20007.4  2.00000000  0.96760927  0.01634645  0.96774734 -0.25240504
20007.5  2.00000000  0.96760927  0.01634645  0.96774734 -0.25240504
20007.6  2.00000000  0.96760927  0.01634645  0.96774734 -0.25240504
20007.7  2.00000000  0.96760927  0.01634645  0.96774734 -0.25240504
20007.8  2.00000000  0.96760927  0.01634645  0.96774734 -0.25240504
20007.9  2.00000000  0.96760927  0.01634645  0.96774734 -0.25240504
20008.0  2.00000000  0.96760927  0.01634645  0.96774734 -0.25240504
20008.1  2.00000000  0.96760927  0.01634645  0.96774734 -0.25240504
20008.2  2.00000000  0.96760927  0.01634645  0.96774734 -0.25240504
20008.3  2.00000000  0.96760927  0.01634645  0.96774734 -0.25240504
20008.4  2.00000000  0.96760927  0.01634645  0.96774734 -0.25240504
20008.5  2.00000000  0.96760927  0.01634645  0.96774734 -0.25240504
20008.6  2.00000000  0.96760927  0.01634645  0.96774734 -0.25240504
20008.7  2.00000000  0.96760927  0.01634645  0.96774734 -0.25240504
20008.8  2.00000000  0.96760927  0.01634645  0.96774734 -0.25240504
20008.9  2.00000000  0.96760927  0.01634645  0.96774734 -0.25240504
20009.0  2.00000000  0.96760927  0.01634645  0.96774734 -0.25240504
20009.1  2.00000000  0.96760927  0.01634645  0.96774734 -0.25240504
20009.2  2.00000000  0.96760927  0.01634645  0.96774734 -0.25240504
20009.3  2.00000000  0.96760927  0.01634645  0.96774734 -0.25240504
20009.4  2.00000000  0.96760927  0.01634645  0.96774734 -0.25240504
20009.5  2.00000000  0.96760927  0.01634645  0.96774734 -0.25240504
20009.6  2.00000000  0.96760927  0.01634645  0.96774734 -0.25240504
20009.7  2.00000000  0.96760927  0.01634645  0.96774734 -0.25240504
20009.8  2.00000000  0.96760927  0.01634645  0.96774734 -0.25240504
20009.9  2.00000000  0.96760927  0.01634645  0.96774734 -0.25240504
20010.0  2.00000000  0.96760927  0.01634645  0.96774734 -0.25240504
20010.1  2.00000000  0.96760927  0.01634645  0.96774734 -0.25240504
20010.2  2.00000000  0.96760927  0.01634645  0.96774734 -0.25240504
20010.3  2.00000000  0.96760927  0.01634645  0.96774734 -0.25240504
20010.4  2.00000000  0.96760927  0.01634645  0.96774734 -0.25240504
20010.5  2.00000000  0.96760927  0.01634645  0.96774734 -0.25240504
20010.6  2.00000000  0.96760927  0.01634645  0.96774734 -0.25240504
20010.7  2.00000000  0.96760927  0.01634645  0.96774734 -0.25240504
20010.8  2.00000000  0.96760927  0.01634645  0.96774734 -0.25240504
20010.9  2.00000000  0.96760927  0.01634645  0.96774734 -0.25240504
20011.0  2.00000000  0.96760927  0.01634645  0.96774734 -0.25240504
20011.1  2.00000000  0.96760927  0.01634645  0.96774734 -0.25240504
20011.2  2.00000000  0.96760927  0.01634645  0.96774734 -0.25240504
20011.3  2.00000000  0.96760927  0.01634645  0.96774734 -0.25240504
20011.4  2.00000000  0.96760927  0.01634645  0.96774734 -0.25240504
20011.5  2.00000000  0.96760927  0.01634645  0.96774734 -0.25240504
20011.6  2.00000000  0.96760927  0.01634645  0.96774734 -0.25240504
20011.7  2.00000000  0.96760927  0.01634645  0.96774734 -0.25240504
20011.8  2.00000000  0.96760927  0.01634645  0.96774734 -0.25240504
20011.9  2.00000000  0.96760927  0.01634645  0.96774734 -0.25240504
20012.0  2.00000000  0.96760927  0.01634645  0.96774734 -0.25240504
20012.1  2.00000000  0.96760927  0.01634645  0.96774734 -0.25240504
20012.2  2.00000000  0.96760927  0.01634645  0.96774734 -0.25240504
20012.3  2.00000000  0.96760927  0.01634645  0.96774734 -0.25240504
20012.4  2.00000000  0.96760927  0.01634645  0.96774734 -0.25240504
20012.5  2.00000000  0.96760927  0.01634645  0.96774734 -0.25240504
20012.6  2.00000000  0.96760927  0.01634645  0.96774734 -0.25240504
20012.7  2.00000000  0.96760927  0.01634645  0.96774734 -0.25240504
20012.8  2.00000000  0.96760927  0.01634645  0.96774734 -0.25240504
20012.9  2.00000000  0.96760927  0.01634645  0.96774734 -0.25240504
20013.0  2.00000000  0.96760927  0.01634645  0.96774734 -0.25240504
20013.1  2.00000000  0.96760927  0.01634645  0.96774734 -0.25240504
20013.2  2.00000000  0.96760927  0.01634645  0.96774734 -0.25240504
20013.3  2.00000000  0.96760927  0.01634645  0.96774734 -0.25240504
20013.4  2.00000000  0.96760927  0.01634645  0.96774734 -0.25240504
20013.5  2.00000000  0.96760927  0.01634645  0.96774734 -0.25240504
20013.6  2.00000000  0.96760927  0.01634645  0.96774734 -0.25240504
20013.7  2.00000000  0.96760927  0.01634645  0.96774734 -0.25240504
20013.8  2.00000000  0.96760927  0.01634645  0.96774734 -0.25240504
20013.9  2.00000000  0.96760927  0.01634645  0.96774734 -0.25240504
20014.0  2.00000000  0.96760927  0.01634645  0.96774734 -0.25240504
20014.1  2.00000000  0.96760927  0.01634645  0.96774734 -0.25240504
20014.2  2.00000000  0.96760927  0.01634645  0.96774734 -0.25240504
20014.3  2.00000000  0.96760927  0.01634645  0.96774734 -0.25240504
20014.4  2.00000000  0.96760927  0.01634645  0.96774734 -0.25240504
20014.5  2.00000000  0.96760927  0.01634645  0.96774734 -0.25240504
20014.6  2.00000000  0.96760927  0.01634645  0.96774734 -0.25240504
20014.7  2.00000000  0.96760927  0.01634645  0.96774734 -0.25240504
20014.8  2.00000000  0.96760927  0.01634645  0.96774734 -0.25240504
20014.9  2.00000000  0.96760927  0.01634645  0.96774734 -0.25240504
20015.0  2.00000000  0.96760927  0.01634645  0.96774734 -0.25240504
20015.1  2.00000000  0.96760927  0.01634645  0.96774734 -0.25240504
20015.2  2.00000000  0.96760927  0.01634645  0.96774734 -0.25240504
20015.3  2.00000000  0.96760927  0.01634645  0.96774734 -0.25240504
20015.4  2.00000000  0.96760927  0.01634645  0.96774734 -0.25240504
20015.5  2.00000000  0.96760927  0.01634645  0.96774734 -0.25240504
20015.6  2.00000000  0.96760927  0.01634645  0.96774734 -0.25240504
20015.7  2.00000000  0.96760927  0.01634645  0.96774734 -0.25240504
20015.8  2.00000000  0.96760927  0.01634645  0.96774734 -0.25240504
20015.9  2.00000000  0.96760927  0.01634645  0.96774734 -0.25240504
20016.0  2.00000000  0.96760927  0.01634645  0.96774734 -0.25240504
20016.1  2.00000000  0.96760927  0.01634645  0.96774734 -0.25240504
20016.2  2.00000000  0.96760927  0.01634645  0.96774734 -0.25240504
20016.3  2.00000000  0.96760927  0.01634645  0.96774734 -0.25240504
20016.4  2.00000000  0.96760927  0.01634645  0.96774734 -0.25240504
20016.5  2.00000000  0.96760927  0.01634645  0.96774734 -0.25240504
20016.6  2.00000000  0.96760927  0.01634645  0.96774734 -0.25240504
20016.7  2.00000000  0.96760927  0.01634645  0.96774734 -0.25240504
20016.8  2.00000000  0.96760927  0.01634645  0.96774734 -0.25240504
20016.9  2.00000000  0.96760927  0.01634645  0.96774734 -0.25240504
20017.0  2.00000000  0.96760927  0.01634645  0.96774734 -0.25240504
20017.1  2.00000000  0.96760927  0.01634645  0.96774734 -0.25240504
20017.2  2.00000000  0.96760927  0.01634645  0.96774734 -0.25240504
20017.3  2.00000000  0.96760927  0.01634645  0.96774734 -0.25240504
20017.4  2.00000000  0.96760927  0.01634645  0.96774734 -0.25240504
20017.5  2.00000000  0.96760927  0.01634645  0.96774734 -0.25240504
20017.6  2.00000000  0.96760927  0.01634645  0.96774734 -0.25240504
20017.7  2.00000000  0.96760927  0.01634645  0.96774734 -0.25240504
20017.8  2.00000000  0.96760927  0.01634645  0.96774734 -0.25240504
20017.9  2.00000000  0.96760927  0.01634645  0.96774734 -0.25240504
20018.0  2.00000000  0.96760927  0.01634645  0.96774734 -0.25240504
20018.1  2.00000000  0.96760927  0.01634645  0.96774734 -0.25240504
20018.2  2.00000000  0.96760927  0.01634645  0.96774734 -0.25240504
20018.3  2.00000000  0.96760927  0.01634645  0.96774734 -0.25240504
20018.4  2.00000000  0.96760927  0.01634645  0.96774734 -0.25240504
20018.5  2.00000000  0.96760927  0.01634645  0.96774734 -0.25240504
20018.6  2.00000000  0.96760927  0.01634645  0.96774734 -0.25240504
20018.7  2.00000000  0.96760927  0.01634645  0.96774734 -0.25240504
20018.8  2.00000000  0.96760927  0.01634645  0.96774734 -0.25240504
20018.9  2.00000000  0.96760927  0.01634645  0.96774734 -0.25240504
20019.0  2.00000000  0.96760927  0.01634645  0.96774734 -0.25240504
20019.1  2.00000000  0.96760927  0.01634645  0.96774734 -0.25240504
20019.2  2.00000000  0.96760927  0.01634645  0.96774734 -0.25240504
20019.3  2.00000000  0.96760927  0.01634645  0.96774734 -0.25240504
20019.4  2.00000000  0.96760927  0.01634645  0.96774734 -0.25240504
20019.5  2.00000000  0.96760927  0.01634645  0.96774734 -0.25240504
20019.6  2.00000000  0.96760927  0.01634645  0.96774734 -0.25240504
20019.7  2.00000000  0.96760927  0.01634645  0.96774734 -0.25240504
20019.8  2.00000000  0.96760927  0.01634645  0.96774734 -0.25240504
20019.9  2.00000000  0.96760927  0.01634645  0.96774734 -0.25240504
20020.0  2.00000000  0.96760927  0.01634645  0.96774734 -0.25240504
20020.1  2.00000000  0.96760927  0.01634645  0.96774734 -0.25240504
20020.2  2.00000000  0.96760927  0.01634645  0.96774734 -0.25240504
20020.3  2.00000000  0.96760927  0.01634645  0.96774734 -0.25240504
20020.4  2.00000000  0.96760927  0.01634645  0.96774734 -0.25240504
20020.5  2.00000000  0.96760927  0.01634645  0.96774734 -0.25240504
20020.6  2.00000000  0.96760927  0.01634645  0.96774734 -0.25240504
20020.7  2.00000000  0.96760927  0.01634645  0.96774734 -0.25240504
20020.8  2.00000000  0.96760927  0.01634645  0.96774734 -0.25240504
20020.9  2.00000000  0.96760927  0.01634645  0.96774734 -0.25240504
20021.0  2.00000000  0.96760927  0.01634645  0.96774734 -0.25240504
20021.1  2.00000000  0.96760927  0.01634645  0.96774734 -0.25240504
20021.2  2.00000000  0.96760927  0.01634645  0.96774734 -0.25240504
20021.3  2.00000000  0.96760927  0.01634645  0.96774734 -0.25240504
20021.4  2.00000000  0.96760927  0.01634645  0.96774734 -0.25240504
20021.5  2.00000000  0.96760927  0.01634645  0.96774734 -0.25240504
20021.6  2.00000000  0.96760927  0.01634645  0.96774734 -0.25240504
20021.7  2.00000000  0.96760927  0.01634645  0.96774734 -0.25240504
20021.8  2.00000000  0.96760927  0.01634645  0.96774734 -0.25240504
20021.9  2.00000000  0.96760927  0.01634645  0.96774734 -0.25240504
20022.0  2.00000000  0.96760927  0.01634645  0.96774734 -0.25240504
20022.1  2.00000000  0.96760927  0.01634645  0.96774734 -0.25240504
20022.2  2.00000000  0.96760927  0.01634645  0.96774734 -0.25240504
20022.3  2.00000000  0.96760927  0.01634645  0.96774734 -0.25240504
20022.4  2.00000000  0.96760927  0.01634645  0.96774734 -0.25240504
20022.5  2.00000000  0.96760927  0.01634645  0.96774734 -0.25240504
20022.6  2.00000000  0.96760927  0.01634645  0.96774734 -0.25240504
20022.7  2.00000000  0.96760927  0.01634645  0.96774734 -0.25240504
20022.8  2.00000000  0.96760927  0.01634645  0.96774734 -0.25240504
20022.9  2.00000000  0.96760927  0.01634645  0.96774734 -0.25240504
20023.0  2.00000000  0.96760927  0.01634645  0.96774734 -0.25240504
20023.1  2.00000000  0.96760927  0.01634645  0.96774734 -0.25240504
20023.2  2.00000000  0.96760927  0.01634645  0.96774734 -0.25240504
20023.3  2.00000000  0.96760927  0.01634645  0.96774734 -0.25240504
20023.4  2.00000000  0.96760927  0.01634645  0.96774734 -0.25240504
20023.5  2.00000000  0.96760927  0.01634645  0.96774734 -0.25240504
20023.6  2.00000000  0.96760927  0.01634645  0.96774734 -0.25240504
20023.7  2.00000000  0.96760927  0.01634645  0.96774734 -0.25240504
20023.8  2.00000000  0.96760927  0.01634645  0.96774734 -0.25240504
20023.9  2.00000000  0.96760927  0.01634645  0.96774734 -0.25240504
20024.0  2.00000000  0.96760927  0.01634645  0.96774734 -0.25240504
20024.1  2.00000000  0.96760927  0.01634645  0.96774734 -0.25240504
20024.2  2.00000000  0.96760927  0.01634645  0.96774734 -0.25240504
20024.3  2.00000000  0.96760927  0.01634645  0.96774734 -0.25240504
20024.4  2.00000000  0.96760927  0.01634645  0.96774734 -0.25240504
20024.5  2.00000000  0.96760927  0.01634645  0.96774734 -0.25240504
20024.6  2.00000000  0.96760927  0.01634645  0.96774734 -0.25240504
20024.7  2.00000000  0.96760927  0.01634645  0.96774734 -0.25240504
20024.8  2.00000000  0.96760927  0.01634645  0.96774734 -0.25240504
20024.9  2.00000000  0.96760927  0.01634645  0.96774734 -0.25240504
20025.0  2.00000000  0.96760927  0.01634645  0.96774734 -0.25240504
20025.1  2.00000000  0.96760927  0.01634645  0.96774734 -0.25240504
20025.2  2.00000000  0.96760927  0.01634645  0.96774734 -0.25240504
20025.3  2.00000000  0.96760927  0.01634645  0.96774734 -0.25240504
20025.4  2.00000000  0.96760927  0.01634645  0.96774734 -0.25240504
20025.5  2.00000000  0.96760927  0.01634645  0.96774734 -0.25240504
20025.6  2.00000000  0.96760927  0.01634645  0.96774734 -0.25240504
20025.7  2.00000000  0.96760927  0.01634645  0.96774734 -0.25240504
20025.8  2.00000000  0.96760927  0.01634645  0.96774734 -0.25240504
20025.9  2.00000000  0.96760927  0.01634645  0.96774734 -0.25240504
20026.0  2.00000000  0.96760927  0.01634645  0.96774734 -0.25240504
20026.1  2.00000000  0.96760927  0.01634645  0.96774734 -0.25240504
20026.2  2.00000000  0.96760927  0.01634645  0.96774734 -0.25240504
20026.3  2.00000000  0.96760927  0.01634645  0.96774734 -0.25240504
20026.4  2.00000000  0.96760927  0.01634645  0.96774734 -0.25240504
20026.5  2.00000000  0.96760927  0.01634645  0.96774734 -0.25240504
20026.6  2.00000000  0.96760927  0.01634645  0.96774734 -0.25240504
20026.7  2.00000000  0.96760927  0.01634645  0.96774734 -0.25240504
20026.8  2.00000000  0.96760927  0.01634645  0.96774734 -0.25240504
20026.9  2.00000000  0.96760927  0.01634645  0.96774734 -0.25240504
20027.0  2.00000000  0.96760927  0.01634645  0.96774734 -0.25240504
20027.1  2.00000000  0.96760927  0.01634645  0.96774734 -0.25240504
20027.2  2.00000000  0.96760927  0.01634645  0.96774734 -0.25240504
20027.3  2.00000000  0.96760927  0.01634645  0.96774734 -0.25240504
20027.4  2.00000000  0.96760927  0.01634645  0.96774734 -0.25240504
20027.5  2.00000000  0.96760927  0.01634645  0.96774734 -0.25240504
20027.6  2.00000000  0.96760927  0.01634645  0.96774734 -0.25240504
20027.7  2.00000000  0.96760927  0.01634645  0.96774734 -0.25240504
20027.8  2.00000000  0.96760927  0.01634645  0.96774734 -0.25240504
20027.9  2.00000000  0.96760927  0.01634645  0.96774734 -0.25240504
20028.0  2.00000000  0.96760927  0.01634645  0.96774734 -0.25240504
20028.1  2.00000000  0.96760927  0.01634645  0.96774734 -0.25240504
20028.2  2.00000000  0.96760927  0.01634645  0.96774734 -0.25240504
20028.3  2.00000000  0.96760927  0.01634645  0.96774734 -0.25240504
20028.4  2.00000000  0.96760927  0.01634645  0.96774734 -0.25240504
20028.5  2.00000000  0.96760927  0.01634645  0.96774734 -0.25240504
20028.6  2.00000000  0.96760927  0.01634645  0.96774734 -0.25240504
20028.7  2.00000000  0.96760927  0.01634645  0.96774734 -0.25240504
20028.8  2.00000000  0.96760927  0.01634645  0.96774734 -0.25240504
20028.9  2.00000000  0.96760927  0.01634645  0.96774734 -0.25240504
20029.0  2.00000000  0.96760927  0.01634645  0.96774734 -0.25240504
20029.1  2.00000000  0.96760927  0.01634645  0.96774734 -0.25240504
20029.2  2.00000000  0.96760927  0.01634645  0.96774734 -0.25240504
20029.3  2.00000000  0.96760927  0.01634645  0.96774734 -0.25240504
20029.4  2.00000000  0.96760927  0.01634645  0.96774734 -0.25240504
20029.5  2.00000000  0.96760927  0.01634645  0.96774734 -0.25240504
20029.6  2.00000000  0.96760927  0.01634645  0.96774734 -0.25240504
20029.7  2.00000000  0.96760927  0.01634645  0.96774734 -0.25240504
20029.8  2.00000000  0.96760927  0.01634645  0.96774734 -0.25240504
20029.9  2.00000000  0.96760927  0.01634645  0.96774734 -0.25240504
20030.0  2.00000000  0.96760927  0.01634645  0.96774734 -0.25240504
20030.1  2.00000000  0.96760927  0.01634645  0.96774734 -0.25240504
20030.2  2.00000000  0.96760927  0.01634645  0.96774734 -0.25240504
20030.3  2.00000000  0.96760927  0.01634645  0.96774734 -0.25240504
20030.4  2.00000000  0.96760927  0.01634645  0.96774734 -0.25240504
20030.5  2.00000000  0.96760927  0.01634645  0.96774734 -0.25240504
20030.6  2.00000000  0.96760927  0.01634645  0.96774734 -0.25240504
20030.7  2.00000000  0.96760927  0.01634645  0.96774734 -0.25240504
20030.8  2.00000000  0.96760927  0.01634645  0.96774734 -0.25240504
20030.9  2.00000000  0.96760927  0.01634645  0.96774734 -0.25240504
20031.0  2.00000000  0.96760927  0.01634645  0.96774734 -0.25240504
20031.1  2.00000000  0.96760927  0.01634645  0.96774734 -0.25240504
20031.2  2.00000000  0.96760927  0.01634645  0.96774734 -0.25240504
20031.3  2.00000000  0.96760927  0.01634645  0.96774734 -0.25240504
20031.4  2.00000000  0.96760927  0.01634645  0.96774734 -0.25240504
20031.5  2.00000000  0.96760927  0.01634645  0.96774734 -0.25240504
20031.6  2.00000000  0.96760927  0.01634645  0.96774734 -0.25240504
20031.7  2.00000000  0.96760927  0.01634645  0.96774734 -0.25240504
20031.8  2.00000000  0.96760927  0.01634645  0.96774734 -0.25240504
20031.9  2.00000000  0.96760927  0.01634645  0.96774734 -0.25240504
20032.0  2.00000000  0.96760927  0.01634645  0.96774734 -0.25240504
20032.1  2.00000000  0.96760927  0.01634645  0.96774734 -0.25240504
20032.2  2.00000000  0.96760927  0.01634645  0.96774734 -0.25240504
20032.3  2.00000000  0.96760927  0.01634645  0.96774734 -0.25240504
20032.4  2.00000000  0.96760927  0.01634645  0.96774734 -0.25240504
20032.5  2.00000000  0.96760927  0.01634645  0.96774734 -0.25240504
20032.6  2.00000000  0.96760927  0.01634645  0.96774734 -0.25240504
20032.7  2.00000000  0.96760927  0.01634645  0.96774734 -0.25240504
20032.8  2.00000000  0.96760927  0.01634645  0.96774734 -0.25240504
20032.9  2.00000000  0.96760927  0.01634645  0.96774734 -0.25240504
20033.0  2.00000000  0.96760927  0.01634645  0.96774734 -0.25240504
20033.1  2.00000000  0.96760927  0.01634645  0.96774734 -0.25240504
20033.2  2.00000000  0.96760927  0.01634645  0.96774734 -0.25240504
20033.3  2.00000000  0.96760927  0.01634645  0.96774734 -0.25240504
20033.4  2.00000000  0.96760927  0.01634645  0.96774734 -0.25240504
20033.5  2.00000000  0.96760927  0.01634645  0.96774734 -0.25240504
20033.6  2.00000000  0.96760927  0.01634645  0.96774734 -0.25240504
20033.7  2.00000000  0.96760927  0.01634645  0.96774734 -0.25240504
20033.8  2.00000000  0.96760927  0.01634645  0.96774734 -0.25240504
20033.9  2.00000000  0.96760927  0.01634645  0.96774734 -0.25240504
20034.0  2.00000000  0.96760927  0.01634645  0.96774734 -0.25240504
20034.1  2.00000000  0.96760927  0.01634645  0.96774734 -0.25240504
20034.2  2.00000000  0.96760927  0.01634645  0.96774734 -0.25240504
20034.3  2.00000000  0.96760927  0.01634645  0.96774734 -0.25240504
20034.4  2.00000000  0.96760927  0.01634645  0.96774734 -0.25240504
20034.5  2.00000000  0.96760927  0.01634645  0.96774734 -0.25240504
20034.6  2.00000000  0.96760927  0.01634645  0.96774734 -0.25240504
20034.7  2.00000000  0.96760927  0.01634645  0.96774734 -0.25240504
20034.8  2.00000000  0.96760927  0.01634645  0.96774734 -0.25240504
20034.9  2.00000000  0.96760927  0.01634645  0.96774734 -0.25240504
20035.0  2.00000000  0.96760927  0.01634645  0.96774734 -0.25240504
20035.1  2.00000000  0.96760927  0.01634645  0.96774734 -0.25240504
20035.2  2.00000000  0.96760927  0.01634645  0.96774734 -0.25240504
20035.3  2.00000000  0.96760927  0.01634645  0.96774734 -0.25240504
20035.4  2.00000000  0.96760927  0.01634645  0.96774734 -0.25240504
20035.5  2.00000000  0.96760927  0.01634645  0.96774734 -0.25240504
20035.6  2.00000000  0.96760927  0.01634645  0.96774734 -0.25240504
20035.7  2.00000000  0.96760927  0.01634645  0.96774734 -0.25240504
20035.8  2.00000000  0.96760927  0.01634645  0.96774734 -0.25240504
20035.9  2.00000000  0.96760927  0.01634645  0.96774734 -0.25240504
