 # AA:        219117.46418138818     
 # FLEGG:     179224.99817922857     
 # AF0:     -5.33308614247767210E-002
 # CPAR:      555.55779854881382     
 # Diff:     0.12463198212018202     
 # TF:       4.89897948556635358E-007
 # H:         284.00000000000000     
 # GRAD:     0.10000000000000001     
 # HR:       3.00000000000000006E-003
 # LP:       0.37004001600616970     
 # TIME  LP  TMAB  TMDS  TMPC  TMZ
19936.4  2.00000000  0.96772519  0.00477403  0.96773696 -0.25248256
19936.5  2.00000000  0.96773585  0.00334017  0.96774161 -0.25246092
19936.6  2.00000000  0.96774429  0.00244194  0.96774737 -0.25243342
19936.7  2.00000000  0.96775133  0.00216951  0.96775376 -0.25240339
19936.8  2.00000000  0.96775650  0.00253572  0.96775982 -0.25237472
19936.9  2.00000000  0.96775866  0.00347365  0.96776489 -0.25235078
19937.0  2.00000000  0.96775625  0.00485078  0.96776840 -0.25233434
19937.1  2.00000000  0.96774821  0.00648294  0.96776992 -0.25232720
19937.2  2.00000000  0.96773495  0.00816418  0.96776939 -0.25232987
19937.3  2.00000000  0.96771842  0.00968520  0.96776688 -0.25234174
19937.4  2.00000000  0.96770176  0.01086781  0.96776279 -0.25236105
19937.5  2.00000000  0.96768844  0.01157618  0.96775768 -0.25238516
19937.6  2.00000000  0.96768091  0.01174196  0.96775214 -0.25241103
19937.7  2.00000000  0.96768030  0.01136098  0.96774699 -0.25243533
19937.8  2.00000000  0.96768572  0.01050010  0.96774269 -0.25245525
19937.9  2.00000000  0.96769540  0.00927963  0.96773989 -0.25246839
19938.0  2.00000000  0.96770686  0.00786183  0.96773879 -0.25247346
19938.1  2.00000000  0.96771815  0.00642614  0.96773949 -0.25247009
19938.2  2.00000000  0.96772821  0.00514920  0.96774191 -0.25245895
19938.3  2.00000000  0.96773654  0.00418039  0.96774557 -0.25244174
19938.4  2.00000000  0.96774328  0.00362917  0.96775009 -0.25242070
19938.5  2.00000000  0.96774835  0.00354643  0.96775485 -0.25239855
19938.6  2.00000000  0.96775121  0.00392876  0.96775919 -0.25237808
19938.7  2.00000000  0.96775127  0.00471162  0.96776274 -0.25236160
19938.8  2.00000000  0.96774761  0.00578769  0.96776491 -0.25235115
19938.9  2.00000000  0.96774025  0.00701442  0.96776567 -0.25234766
19939.0  2.00000000  0.96772976  0.00823772  0.96776482 -0.25235143
19939.1  2.00000000  0.96771784  0.00930761  0.96776260 -0.25236171
19939.2  2.00000000  0.96770664  0.01009896  0.96775933 -0.25237701
19939.3  2.00000000  0.96769816  0.01052382  0.96775538 -0.25239535
19939.4  2.00000000  0.96769394  0.01054340  0.96775138 -0.25241429
19939.5  2.00000000  0.96769424  0.01016805  0.96774766 -0.25243161
19939.6  2.00000000  0.96769862  0.00945839  0.96774484 -0.25244513
19939.7  2.00000000  0.96770566  0.00851095  0.96774308 -0.25245341
19939.8  2.00000000  0.96771397  0.00745155  0.96774266 -0.25245558
19939.9  2.00000000  0.96772232  0.00641130  0.96774356 -0.25245157
19940.0  2.00000000  0.96772981  0.00551853  0.96774554 -0.25244217
19940.1  2.00000000  0.96773620  0.00487564  0.96774849 -0.25242857
19940.2  2.00000000  0.96774112  0.00455340  0.96775183 -0.25241272
19940.3  2.00000000  0.96774441  0.00457997  0.96775525 -0.25239654
19940.4  2.00000000  0.96774574  0.00494027  0.96775835 -0.25238200
19940.5  2.00000000  0.96774455  0.00557889  0.96776063 -0.25237093
19940.6  2.00000000  0.96774082  0.00640920  0.96776204 -0.25236440
19940.7  2.00000000  0.96773456  0.00732208  0.96776226 -0.25236320
19940.8  2.00000000  0.96772662  0.00820498  0.96776140 -0.25236723
19940.9  2.00000000  0.96771822  0.00894933  0.96775960 -0.25237581
19941.0  2.00000000  0.96771070  0.00947029  0.96775704 -0.25238780
19941.1  2.00000000  0.96770543  0.00971070  0.96775415 -0.25240155
19941.2  2.00000000  0.96770308  0.00965127  0.96775121 -0.25241538
19941.3  2.00000000  0.96770386  0.00930901  0.96774863 -0.25242755
19941.4  2.00000000  0.96770728  0.00873560  0.96774671 -0.25243665
19941.5  2.00000000  0.96771248  0.00800866  0.96774562 -0.25244169
19941.6  2.00000000  0.96771858  0.00722256  0.96774553 -0.25244214
19941.7  2.00000000  0.96772470  0.00647482  0.96774636 -0.25243816
19941.8  2.00000000  0.96773030  0.00585608  0.96774802 -0.25243035
19941.9  2.00000000  0.96773499  0.00543676  0.96775026 -0.25241981
19942.0  2.00000000  0.96773847  0.00526209  0.96775278 -0.25240792
19942.1  2.00000000  0.96774054  0.00534439  0.96775530 -0.25239615
19942.2  2.00000000  0.96774087  0.00566551  0.96775746 -0.25238598
19942.3  2.00000000  0.96773933  0.00617786  0.96775905 -0.25237855
19942.4  2.00000000  0.96773590  0.00681258  0.96775988 -0.25237470
19942.5  2.00000000  0.96773089  0.00748795  0.96775986 -0.25237478
19942.6  2.00000000  0.96772498  0.00812020  0.96775904 -0.25237864
19942.7  2.00000000  0.96771902  0.00863326  0.96775753 -0.25238570
19942.8  2.00000000  0.96771399  0.00896879  0.96775555 -0.25239497
19942.9  2.00000000  0.96771065  0.00909133  0.96775335 -0.25240524
19943.0  2.00000000  0.96770942  0.00899353  0.96775121 -0.25241525
19943.1  2.00000000  0.96771034  0.00869444  0.96774940 -0.25242374
19943.2  2.00000000  0.96771305  0.00823774  0.96774811 -0.25242976
19943.3  2.00000000  0.96771700  0.00768439  0.96774751 -0.25243264
19943.4  2.00000000  0.96772154  0.00710545  0.96774762 -0.25243214
19943.5  2.00000000  0.96772611  0.00657240  0.96774843 -0.25242844
19943.6  2.00000000  0.96773026  0.00614889  0.96774979 -0.25242210
19943.7  2.00000000  0.96773365  0.00588280  0.96775153 -0.25241398
19943.8  2.00000000  0.96773603  0.00580139  0.96775342 -0.25240514
19943.9  2.00000000  0.96773719  0.00590817  0.96775522 -0.25239667
19944.0  2.00000000  0.96773696  0.00618390  0.96775672 -0.25238961
19944.1  2.00000000  0.96773531  0.00658900  0.96775774 -0.25238475
19944.2  2.00000000  0.96773235  0.00706979  0.96775817 -0.25238264
19944.3  2.00000000  0.96772843  0.00756486  0.96775800 -0.25238341
19944.4  2.00000000  0.96772407  0.00801333  0.96775724 -0.25238690
19944.5  2.00000000  0.96771990  0.00836196  0.96775603 -0.25239257
19944.6  2.00000000  0.96771656  0.00857156  0.96775452 -0.25239967
19944.7  2.00000000  0.96771451  0.00862119  0.96775291 -0.25240727
19944.8  2.00000000  0.96771397  0.00851028  0.96775139 -0.25241443
19944.9  2.00000000  0.96771492  0.00825774  0.96775016 -0.25242030
19945.0  2.00000000  0.96771710  0.00789932  0.96774934 -0.25242419
19945.1  2.00000000  0.96772010  0.00748231  0.96774903 -0.25242570
19945.2  2.00000000  0.96772349  0.00705970  0.96774924 -0.25242472
19945.3  2.00000000  0.96772685  0.00668322  0.96774993 -0.25242147
19945.4  2.00000000  0.96772986  0.00639730  0.96775100 -0.25241641
19945.5  2.00000000  0.96773224  0.00623376  0.96775231 -0.25241023
19945.6  2.00000000  0.96773378  0.00620843  0.96775369 -0.25240371
19945.7  2.00000000  0.96773434  0.00631970  0.96775497 -0.25239767
19945.8  2.00000000  0.96773384  0.00654942  0.96775600 -0.25239282
19945.9  2.00000000  0.96773231  0.00686549  0.96775666 -0.25238971
19946.0  2.00000000  0.96772990  0.00722646  0.96775688 -0.25238868
19946.1  2.00000000  0.96772691  0.00758668  0.96775665 -0.25238976
19946.2  2.00000000  0.96772375  0.00790222  0.96775601 -0.25239277
19946.3  2.00000000  0.96772086  0.00813601  0.96775506 -0.25239727
19946.4  2.00000000  0.96771865  0.00826225  0.96775392 -0.25240265
19946.5  2.00000000  0.96771740  0.00826913  0.96775273 -0.25240824
19946.6  2.00000000  0.96771724  0.00815985  0.96775164 -0.25241333
19946.7  2.00000000  0.96771812  0.00795168  0.96775079 -0.25241733
19946.8  2.00000000  0.96771984  0.00767341  0.96775026 -0.25241979
19946.9  2.00000000  0.96772212  0.00736140  0.96775012 -0.25242045
19947.0  2.00000000  0.96772465  0.00705492  0.96775037 -0.25241929
19947.1  2.00000000  0.96772713  0.00679122  0.96775096 -0.25241653
19947.2  2.00000000  0.96772929  0.00660107  0.96775181 -0.25241254
19947.3  2.00000000  0.96773094  0.00650519  0.96775281 -0.25240787
19947.4  2.00000000  0.96773192  0.00651211  0.96775383 -0.25240309
19947.5  2.00000000  0.96773212  0.00661751  0.96775474 -0.25239881
19947.6  2.00000000  0.96773152  0.00680518  0.96775544 -0.25239553
19947.7  2.00000000  0.96773018  0.00704941  0.96775585 -0.25239360
19947.8  2.00000000  0.96772825  0.00731846  0.96775593 -0.25239323
19947.9  2.00000000  0.96772600  0.00757860  0.96775567 -0.25239441
19948.0  2.00000000  0.96772371  0.00779837  0.96775513 -0.25239693
19948.1  2.00000000  0.96772170  0.00795226  0.96775437 -0.25240046
19948.2  2.00000000  0.96772024  0.00802372  0.96775351 -0.25240451
19948.3  2.00000000  0.96771952  0.00800679  0.96775264 -0.25240858
19948.4  2.00000000  0.96771958  0.00790655  0.96775188 -0.25241217
19948.5  2.00000000  0.96772037  0.00773807  0.96775131 -0.25241486
19948.6  2.00000000  0.96772174  0.00752427  0.96775100 -0.25241635
19948.7  2.00000000  0.96772349  0.00729278  0.96775097 -0.25241649
19948.8  2.00000000  0.96772538  0.00707250  0.96775122 -0.25241533
19948.9  2.00000000  0.96772719  0.00688993  0.96775172 -0.25241303
19949.0  2.00000000  0.96772872  0.00676611  0.96775238 -0.25240993
19949.1  2.00000000  0.96772983  0.00671413  0.96775312 -0.25240643
19949.2  2.00000000  0.96773040  0.00673793  0.96775386 -0.25240297
19949.3  2.00000000  0.96773038  0.00683201  0.96775449 -0.25239997
19949.4  2.00000000  0.96772976  0.00698252  0.96775495 -0.25239778
19949.5  2.00000000  0.96772864  0.00716916  0.96775519 -0.25239664
19949.6  2.00000000  0.96772714  0.00736791  0.96775518 -0.25239665
19949.7  2.00000000  0.96772546  0.00755410  0.96775494 -0.25239778
19949.8  2.00000000  0.96772383  0.00770541  0.96775450 -0.25239985
19949.9  2.00000000  0.96772245  0.00780455  0.96775392 -0.25240258
19950.0  2.00000000  0.96772152  0.00784116  0.96775328 -0.25240560
19950.1  2.00000000  0.96772112  0.00781292  0.96775266 -0.25240854
19950.2  2.00000000  0.96772129  0.00772556  0.96775213 -0.25241104
19950.3  2.00000000  0.96772198  0.00759156  0.96775175 -0.25241282
19950.4  2.00000000  0.96772306  0.00742894  0.96775157 -0.25241368
19950.5  2.00000000  0.96772438  0.00725846  0.96775160 -0.25241355
19950.6  2.00000000  0.96772577  0.00710113  0.96775183 -0.25241248
19950.7  2.00000000  0.96772708  0.00697575  0.96775222 -0.25241062
19950.8  2.00000000  0.96772815  0.00689666  0.96775273 -0.25240823
19950.9  2.00000000  0.96772888  0.00687197  0.96775328 -0.25240562
19951.0  2.00000000  0.96772920  0.00690295  0.96775381 -0.25240312
19951.1  2.00000000  0.96772906  0.00698382  0.96775426 -0.25240103
19951.2  2.00000000  0.96772850  0.00710305  0.96775457 -0.25239959
19951.3  2.00000000  0.96772758  0.00724481  0.96775470 -0.25239895
19951.4  2.00000000  0.96772643  0.00739095  0.96775466 -0.25239918
19951.5  2.00000000  0.96772519  0.00752348  0.96775444 -0.25240020
19951.6  2.00000000  0.96772403  0.00762669  0.96775408 -0.25240187
19951.7  2.00000000  0.96772309  0.00768892  0.96775363 -0.25240396
19951.8  2.00000000  0.96772250  0.00770401  0.96775316 -0.25240620
19951.9  2.00000000  0.96772229  0.00767171  0.96775270 -0.25240832
19952.0  2.00000000  0.96772252  0.00759747  0.96775234 -0.25241005
19952.1  2.00000000  0.96772308  0.00749195  0.96775208 -0.25241121
19952.2  2.00000000  0.96772394  0.00736882  0.96775200 -0.25241166
19952.3  2.00000000  0.96772494  0.00724412  0.96775205 -0.25241138
19952.4  2.00000000  0.96772598  0.00713261  0.96775227 -0.25241042
19952.5  2.00000000  0.96772691  0.00704815  0.96775257 -0.25240894
19952.6  2.00000000  0.96772767  0.00699937  0.96775298 -0.25240710
19952.7  2.00000000  0.96772811  0.00699180  0.96775337 -0.25240519
19952.8  2.00000000  0.96772828  0.00702424  0.96775377 -0.25240339
19952.9  2.00000000  0.96772807  0.00709203  0.96775406 -0.25240197
19953.0  2.00000000  0.96772759  0.00718512  0.96775427 -0.25240104
19953.1  2.00000000  0.96772685  0.00729175  0.96775432 -0.25240073
19953.2  2.00000000  0.96772597  0.00739807  0.96775425 -0.25240105
19953.3  2.00000000  0.96772508  0.00749140  0.96775407 -0.25240193
19953.4  2.00000000  0.96772423  0.00756049  0.96775377 -0.25240327
19953.5  2.00000000  0.96772363  0.00759810  0.96775346 -0.25240483
19953.6  2.00000000  0.96772323  0.00760011  0.96775308 -0.25240651
19953.7  2.00000000  0.96772319  0.00756837  0.96775278 -0.25240799
19953.8  2.00000000  0.96772341  0.00750673  0.96775252 -0.25240919
19953.9  2.00000000  0.96772388  0.00742508  0.96775236 -0.25240992
19954.0  2.00000000  0.96772456  0.00733273  0.96775234 -0.25241010
19954.1  2.00000000  0.96772529  0.00724245  0.96775239 -0.25240978
19954.2  2.00000000  0.96772606  0.00716441  0.96775258 -0.25240895
19954.3  2.00000000  0.96772672  0.00710813  0.96775283 -0.25240778
19954.4  2.00000000  0.96772721  0.00707966  0.96775311 -0.25240642
19954.5  2.00000000  0.96772753  0.00708147  0.96775344 -0.25240498
19954.6  2.00000000  0.96772752  0.00711231  0.96775366 -0.25240375
19954.7  2.00000000  0.96772737  0.00716769  0.96775392 -0.25240274
19954.8  2.00000000  0.96772691  0.00723943  0.96775399 -0.25240221
19954.9  2.00000000  0.96772637  0.00731911  0.96775405 -0.25240207
19955.0  2.00000000  0.96772569  0.00739561  0.96775395 -0.25240243
19955.1  2.00000000  0.96772505  0.00746094  0.96775381 -0.25240316
19955.2  2.00000000  0.96772448  0.00750623  0.96775359 -0.25240420
19955.3  2.00000000  0.96772404  0.00752781  0.96775332 -0.25240540
19955.4  2.00000000  0.96772385  0.00752289  0.96775309 -0.25240659
19955.5  2.00000000  0.96772383  0.00749349  0.96775284 -0.25240766
19955.6  2.00000000  0.96772404  0.00744402  0.96775267 -0.25240846
19955.7  2.00000000  0.96772446  0.00738086  0.96775261 -0.25240888
19955.8  2.00000000  0.96772491  0.00731253  0.96775254 -0.25240897
19955.9  2.00000000  0.96772554  0.00724757  0.96775268 -0.25240858
19956.0  2.00000000  0.96772604  0.00719320  0.96775277 -0.25240794
19956.1  2.00000000  0.96772652  0.00715687  0.96775299 -0.25240702
19956.2  2.00000000  0.96772687  0.00714096  0.96775322 -0.25240597
19956.3  2.00000000  0.96772701  0.00714804  0.96775341 -0.25240497
19956.4  2.00000000  0.96772702  0.00717561  0.96775362 -0.25240406
19956.5  2.00000000  0.96772682  0.00721993  0.96775375 -0.25240342
19956.6  2.00000000  0.96772647  0.00727505  0.96775382 -0.25240309
19956.7  2.00000000  0.96772605  0.00733377  0.96775384 -0.25240307
19956.8  2.00000000  0.96772553  0.00738878  0.96775374 -0.25240343
19956.9  2.00000000  0.96772508  0.00743366  0.96775363 -0.25240402
19957.0  2.00000000  0.96772467  0.00746294  0.96775344 -0.25240484
19957.1  2.00000000  0.96772440  0.00747404  0.96775326 -0.25240572
19957.2  2.00000000  0.96772428  0.00746565  0.96775307 -0.25240659
19957.3  2.00000000  0.96772431  0.00744006  0.96775291 -0.25240733
19957.4  2.00000000  0.96772451  0.00740043  0.96775281 -0.25240786
19957.5  2.00000000  0.96772482  0.00735249  0.96775275 -0.25240812
19957.6  2.00000000  0.96772521  0.00730214  0.96775276 -0.25240807
19957.7  2.00000000  0.96772563  0.00725569  0.96775283 -0.25240776
19957.8  2.00000000  0.96772602  0.00721870  0.96775294 -0.25240722
19957.9  2.00000000  0.96772636  0.00719536  0.96775310 -0.25240650
19958.0  2.00000000  0.96772656  0.00718795  0.96775326 -0.25240574
19958.1  2.00000000  0.96772666  0.00719709  0.96775342 -0.25240500
19958.2  2.00000000  0.96772661  0.00722075  0.96775355 -0.25240438
19958.3  2.00000000  0.96772643  0.00725591  0.96775363 -0.25240396
19958.4  2.00000000  0.96772616  0.00729758  0.96775368 -0.25240377
19958.5  2.00000000  0.96772582  0.00734067  0.96775366 -0.25240384
19958.6  2.00000000  0.96772546  0.00737974  0.96775360 -0.25240413
19958.7  2.00000000  0.96772512  0.00741022  0.96775349 -0.25240462
19958.8  2.00000000  0.96772485  0.00742864  0.96775336 -0.25240524
19958.9  2.00000000  0.96772468  0.00743320  0.96775322 -0.25240590
19959.0  2.00000000  0.96772461  0.00742374  0.96775309 -0.25240653
19959.1  2.00000000  0.96772468  0.00740200  0.96775298 -0.25240704
19959.2  2.00000000  0.96772484  0.00737092  0.96775291 -0.25240738
19959.3  2.00000000  0.96772508  0.00733476  0.96775288 -0.25240751
19959.4  2.00000000  0.96772538  0.00729795  0.96775290 -0.25240743
19959.5  2.00000000  0.96772569  0.00726514  0.96775296 -0.25240715
19959.6  2.00000000  0.96772597  0.00724011  0.96775305 -0.25240671
19959.7  2.00000000  0.96772619  0.00722572  0.96775316 -0.25240618
19959.8  2.00000000  0.96772633  0.00722332  0.96775329 -0.25240561
19959.9  2.00000000  0.96772637  0.00723283  0.96775340 -0.25240508
19960.0  2.00000000  0.96772631  0.00725266  0.96775349 -0.25240466
19960.1  2.00000000  0.96772616  0.00728008  0.96775355 -0.25240439
19960.2  2.00000000  0.96772595  0.00731141  0.96775357 -0.25240429
19960.3  2.00000000  0.96772569  0.00734279  0.96775355 -0.25240439
19960.4  2.00000000  0.96772543  0.00737029  0.96775349 -0.25240464
19960.5  2.00000000  0.96772519  0.00739075  0.96775341 -0.25240504
19960.6  2.00000000  0.96772500  0.00740187  0.96775331 -0.25240550
19960.7  2.00000000  0.96772489  0.00740263  0.96775320 -0.25240599
19960.8  2.00000000  0.96772487  0.00739326  0.96775311 -0.25240643
19960.9  2.00000000  0.96772493  0.00737528  0.96775304 -0.25240678
19961.0  2.00000000  0.96772507  0.00735116  0.96775299 -0.25240700
19961.1  2.00000000  0.96772526  0.00732406  0.96775298 -0.25240706
19961.2  2.00000000  0.96772548  0.00729738  0.96775300 -0.25240696
19961.3  2.00000000  0.96772571  0.00727438  0.96775305 -0.25240672
19961.4  2.00000000  0.96772591  0.00725773  0.96775312 -0.25240637
19961.5  2.00000000  0.96772606  0.00724927  0.96775321 -0.25240597
19961.6  2.00000000  0.96772614  0.00724974  0.96775330 -0.25240555
19961.7  2.00000000  0.96772615  0.00725878  0.96775338 -0.25240518
19961.8  2.00000000  0.96772609  0.00727500  0.96775344 -0.25240489
19961.9  2.00000000  0.96772597  0.00729618  0.96775347 -0.25240472
19962.0  2.00000000  0.96772580  0.00731955  0.96775348 -0.25240469
19962.1  2.00000000  0.96772561  0.00734220  0.96775346 -0.25240479
19962.2  2.00000000  0.96772541  0.00736137  0.96775341 -0.25240501
19962.3  2.00000000  0.96772525  0.00737485  0.96775335 -0.25240531
19962.4  2.00000000  0.96772512  0.00738117  0.96775327 -0.25240567
19962.5  2.00000000  0.96772506  0.00737982  0.96775320 -0.25240602
19962.6  2.00000000  0.96772506  0.00737121  0.96775313 -0.25240633
19962.7  2.00000000  0.96772512  0.00735665  0.96775308 -0.25240657
19962.8  2.00000000  0.96772523  0.00733811  0.96775305 -0.25240670
19962.9  2.00000000  0.96772538  0.00731800  0.96775305 -0.25240671
19963.0  2.00000000  0.96772555  0.00729881  0.96775307 -0.25240661
19963.1  2.00000000  0.96772571  0.00728288  0.96775311 -0.25240642
19963.2  2.00000000  0.96772585  0.00727202  0.96775317 -0.25240615
19963.3  2.00000000  0.96772595  0.00726740  0.96775324 -0.25240584
19963.4  2.00000000  0.96772600  0.00726936  0.96775330 -0.25240554
19963.5  2.00000000  0.96772599  0.00727746  0.96775336 -0.25240528
19963.6  2.00000000  0.96772594  0.00729047  0.96775340 -0.25240509
19963.7  2.00000000  0.96772583  0.00730667  0.96775342 -0.25240499
19963.8  2.00000000  0.96772570  0.00732395  0.96775342 -0.25240499
19963.9  2.00000000  0.96772556  0.00734017  0.96775340 -0.25240508
19964.0  2.00000000  0.96772542  0.00735338  0.96775336 -0.25240526
19964.1  2.00000000  0.96772531  0.00736208  0.96775331 -0.25240550
19964.2  2.00000000  0.96772522  0.00736535  0.96775325 -0.25240576
19964.3  2.00000000  0.96772519  0.00736298  0.96775320 -0.25240602
19964.4  2.00000000  0.96772520  0.00735545  0.96775315 -0.25240624
19964.5  2.00000000  0.96772525  0.00734385  0.96775312 -0.25240639
19964.6  2.00000000  0.96772535  0.00732973  0.96775310 -0.25240647
19964.7  2.00000000  0.96772546  0.00731495  0.96775311 -0.25240645
19964.8  2.00000000  0.96772558  0.00730160  0.96775313 -0.25240636
19964.9  2.00000000  0.96772570  0.00729085  0.96775316 -0.25240620
19965.0  2.00000000  0.96772579  0.00728399  0.96775320 -0.25240600
19965.1  2.00000000  0.96772586  0.00728170  0.96775325 -0.25240577
19965.2  2.00000000  0.96772588  0.00728418  0.96775330 -0.25240556
19965.3  2.00000000  0.96772587  0.00729098  0.96775333 -0.25240538
19965.4  2.00000000  0.96772582  0.00730115  0.96775336 -0.25240525
19965.5  2.00000000  0.96772574  0.00731331  0.96775337 -0.25240520
19965.6  2.00000000  0.96772564  0.00732587  0.96775337 -0.25240521
19965.7  2.00000000  0.96772554  0.00733730  0.96775335 -0.25240530
19965.8  2.00000000  0.96772544  0.00734623  0.96775332 -0.25240544
19965.9  2.00000000  0.96772536  0.00735165  0.96775328 -0.25240562
19966.0  2.00000000  0.96772531  0.00735303  0.96775324 -0.25240581
19966.1  2.00000000  0.96772529  0.00735032  0.96775320 -0.25240600
19966.2  2.00000000  0.96772530  0.00734399  0.96775317 -0.25240615
19966.3  2.00000000  0.96772535  0.00733495  0.96775315 -0.25240625
19966.4  2.00000000  0.96772542  0.00732438  0.96775314 -0.25240629
19966.5  2.00000000  0.96772551  0.00731364  0.96775315 -0.25240626
19966.6  2.00000000  0.96772560  0.00730404  0.96775316 -0.25240618
19966.7  2.00000000  0.96772568  0.00729673  0.96775319 -0.25240605
19966.8  2.00000000  0.96772575  0.00729253  0.96775322 -0.25240590
19966.9  2.00000000  0.96772579  0.00729183  0.96775326 -0.25240573
19967.0  2.00000000  0.96772580  0.00729461  0.96775329 -0.25240558
19967.1  2.00000000  0.96772578  0.00730043  0.96775332 -0.25240545
19967.2  2.00000000  0.96772574  0.00730844  0.96775334 -0.25240537
19967.3  2.00000000  0.96772568  0.00731762  0.96775334 -0.25240535
19967.4  2.00000000  0.96772560  0.00732678  0.96775334 -0.25240537
19967.5  2.00000000  0.96772552  0.00733482  0.96775332 -0.25240545
19967.6  2.00000000  0.96772545  0.00734080  0.96775330 -0.25240556
19967.7  2.00000000  0.96772540  0.00734406  0.96775327 -0.25240570
19967.8  2.00000000  0.96772537  0.00734428  0.96775324 -0.25240584
19967.9  2.00000000  0.96772536  0.00734154  0.96775321 -0.25240597
19968.0  2.00000000  0.96772538  0.00733627  0.96775319 -0.25240608
19968.1  2.00000000  0.96772542  0.00732917  0.96775317 -0.25240614
19968.2  2.00000000  0.96772548  0.00732119  0.96775317 -0.25240616
19968.3  2.00000000  0.96772554  0.00731333  0.96775318 -0.25240613
19968.4  2.00000000  0.96772561  0.00730650  0.96775319 -0.25240606
19968.5  2.00000000  0.96772567  0.00730152  0.96775321 -0.25240596
19968.6  2.00000000  0.96772571  0.00729895  0.96775324 -0.25240584
19968.7  2.00000000  0.96772574  0.00729903  0.96775326 -0.25240571
19968.8  2.00000000  0.96772574  0.00730169  0.96775329 -0.25240560
19968.9  2.00000000  0.96772572  0.00730653  0.96775331 -0.25240551
19969.0  2.00000000  0.96772569  0.00731289  0.96775332 -0.25240546
19969.1  2.00000000  0.96772564  0.00731996  0.96775332 -0.25240545
19969.2  2.00000000  0.96772558  0.00732684  0.96775331 -0.25240548
19969.3  2.00000000  0.96772552  0.00733270  0.96775330 -0.25240555
19969.4  2.00000000  0.96772547  0.00733684  0.96775328 -0.25240564
19969.5  2.00000000  0.96772543  0.00733881  0.96775326 -0.25240575
19969.6  2.00000000  0.96772541  0.00733843  0.96775323 -0.25240586
19969.7  2.00000000  0.96772541  0.00733580  0.96775321 -0.25240595
19969.8  2.00000000  0.96772543  0.00733130  0.96775320 -0.25240603
19969.9  2.00000000  0.96772546  0.00732556  0.96775319 -0.25240607
19970.0  2.00000000  0.96772551  0.00731932  0.96775319 -0.25240607
19970.1  2.00000000  0.96772556  0.00731332  0.96775319 -0.25240604
19970.2  2.00000000  0.96772561  0.00730833  0.96775321 -0.25240598
19970.3  2.00000000  0.96772566  0.00730496  0.96775323 -0.25240589
19970.4  2.00000000  0.96772568  0.00730355  0.96775324 -0.25240580
19970.5  2.00000000  0.96772570  0.00730418  0.96775327 -0.25240571
19970.6  2.00000000  0.96772570  0.00730672  0.96775328 -0.25240562
19970.7  2.00000000  0.96772568  0.00731077  0.96775329 -0.25240556
19970.8  2.00000000  0.96772565  0.00731581  0.96775330 -0.25240553
19970.9  2.00000000  0.96772561  0.00732118  0.96775330 -0.25240553
19971.0  2.00000000  0.96772556  0.00732623  0.96775330 -0.25240556
19971.1  2.00000000  0.96772552  0.00733038  0.96775328 -0.25240562
19971.2  2.00000000  0.96772548  0.00733320  0.96775327 -0.25240569
19971.3  2.00000000  0.96772546  0.00733432  0.96775325 -0.25240577
19971.4  2.00000000  0.96772545  0.00733366  0.96775323 -0.25240585
19971.5  2.00000000  0.96772545  0.00733136  0.96775322 -0.25240592
19971.6  2.00000000  0.96772547  0.00732772  0.96775321 -0.25240597
19971.7  2.00000000  0.96772549  0.00732325  0.96775320 -0.25240600
19971.8  2.00000000  0.96772553  0.00731854  0.96775320 -0.25240600
19971.9  2.00000000  0.96772557  0.00731418  0.96775321 -0.25240597
19972.0  2.00000000  0.96772561  0.00731069  0.96775322 -0.25240592
19972.1  2.00000000  0.96772564  0.00730846  0.96775323 -0.25240585
19972.2  2.00000000  0.96772566  0.00730774  0.96775325 -0.25240578
19972.3  2.00000000  0.96772567  0.00730855  0.96775326 -0.25240571
19972.4  2.00000000  0.96772566  0.00731074  0.96775328 -0.25240565
19972.5  2.00000000  0.96772565  0.00731401  0.96775329 -0.25240561
19972.6  2.00000000  0.96772562  0.00731791  0.96775329 -0.25240559
19972.7  2.00000000  0.96772559  0.00732194  0.96775329 -0.25240560
19972.8  2.00000000  0.96772555  0.00732561  0.96775328 -0.25240563
19972.9  2.00000000  0.96772552  0.00732848  0.96775327 -0.25240567
19973.0  2.00000000  0.96772550  0.00733021  0.96775326 -0.25240573
19973.1  2.00000000  0.96772548  0.00733064  0.96775325 -0.25240579
19973.2  2.00000000  0.96772548  0.00732976  0.96775323 -0.25240585
19973.3  2.00000000  0.96772548  0.00732772  0.96775322 -0.25240590
19973.4  2.00000000  0.96772550  0.00732480  0.96775322 -0.25240593
19973.5  2.00000000  0.96772552  0.00732139  0.96775321 -0.25240594
19973.6  2.00000000  0.96772555  0.00731795  0.96775322 -0.25240594
19973.7  2.00000000  0.96772558  0.00731488  0.96775322 -0.25240591
19973.8  2.00000000  0.96772560  0.00731252  0.96775323 -0.25240587
19973.9  2.00000000  0.96772562  0.00731116  0.96775324 -0.25240582
19974.0  2.00000000  0.96772564  0.00731094  0.96775325 -0.25240576
19974.1  2.00000000  0.96772564  0.00731183  0.96775326 -0.25240572
19974.2  2.00000000  0.96772564  0.00731369  0.96775327 -0.25240567
19974.3  2.00000000  0.96772562  0.00731629  0.96775328 -0.25240565
19974.4  2.00000000  0.96772560  0.00731927  0.96775328 -0.25240564
19974.5  2.00000000  0.96772558  0.00732223  0.96775328 -0.25240565
19974.6  2.00000000  0.96772555  0.00732485  0.96775327 -0.25240567
19974.7  2.00000000  0.96772553  0.00732682  0.96775326 -0.25240571
19974.8  2.00000000  0.96772551  0.00732787  0.96775325 -0.25240576
19974.9  2.00000000  0.96772550  0.00732794  0.96775325 -0.25240580
19975.0  2.00000000  0.96772550  0.00732708  0.96775324 -0.25240584
19975.1  2.00000000  0.96772550  0.00732539  0.96775323 -0.25240588
19975.2  2.00000000  0.96772552  0.00732312  0.96775322 -0.25240590
19975.3  2.00000000  0.96772554  0.00732056  0.96775322 -0.25240590
19975.4  2.00000000  0.96772556  0.00731804  0.96775322 -0.25240590
19975.5  2.00000000  0.96772558  0.00731582  0.96775323 -0.25240587
19975.6  2.00000000  0.96772560  0.00731418  0.96775324 -0.25240584
19975.7  2.00000000  0.96772561  0.00731329  0.96775325 -0.25240580
19975.8  2.00000000  0.96772562  0.00731325  0.96775325 -0.25240576
19975.9  2.00000000  0.96772562  0.00731404  0.96775326 -0.25240573
19976.0  2.00000000  0.96772562  0.00731555  0.96775327 -0.25240570
19976.1  2.00000000  0.96772560  0.00731757  0.96775327 -0.25240568
19976.2  2.00000000  0.96772559  0.00731982  0.96775327 -0.25240568
19976.3  2.00000000  0.96772557  0.00732203  0.96775327 -0.25240568
19976.4  2.00000000  0.96772555  0.00732394  0.96775327 -0.25240570
19976.5  2.00000000  0.96772553  0.00732531  0.96775326 -0.25240573
19976.6  2.00000000  0.96772552  0.00732598  0.96775325 -0.25240577
19976.7  2.00000000  0.96772552  0.00732593  0.96775325 -0.25240580
19976.8  2.00000000  0.96772551  0.00732516  0.96775324 -0.25240583
19976.9  2.00000000  0.96772552  0.00732379  0.96775323 -0.25240586
19977.0  2.00000000  0.96772553  0.00732203  0.96775323 -0.25240587
19977.1  2.00000000  0.96772554  0.00732009  0.96775323 -0.25240587
19977.2  2.00000000  0.96772556  0.00731820  0.96775323 -0.25240586
19977.3  2.00000000  0.96772558  0.00731660  0.96775324 -0.25240585
19977.4  2.00000000  0.96772559  0.00731547  0.96775324 -0.25240582
19977.5  2.00000000  0.96772560  0.00731492  0.96775325 -0.25240579
19977.6  2.00000000  0.96772561  0.00731501  0.96775325 -0.25240576
19977.7  2.00000000  0.96772561  0.00731573  0.96775326 -0.25240573
19977.8  2.00000000  0.96772560  0.00731692  0.96775326 -0.25240572
19977.9  2.00000000  0.96772559  0.00731845  0.96775327 -0.25240570
19978.0  2.00000000  0.96772558  0.00732011  0.96775327 -0.25240570
19978.1  2.00000000  0.96772557  0.00732170  0.96775326 -0.25240571
19978.2  2.00000000  0.96772555  0.00732306  0.96775326 -0.25240573
19978.3  2.00000000  0.96772554  0.00732401  0.96775326 -0.25240575
19978.4  2.00000000  0.96772553  0.00732446  0.96775325 -0.25240577
19978.5  2.00000000  0.96772553  0.00732438  0.96775325 -0.25240580
19978.6  2.00000000  0.96772553  0.00732380  0.96775324 -0.25240582
19978.7  2.00000000  0.96772553  0.00732280  0.96775324 -0.25240584
19978.8  2.00000000  0.96772554  0.00732150  0.96775324 -0.25240585
19978.9  2.00000000  0.96772555  0.00732005  0.96775323 -0.25240585
19979.0  2.00000000  0.96772556  0.00731865  0.96775324 -0.25240584
19979.1  2.00000000  0.96772557  0.00731745  0.96775324 -0.25240583
19979.2  2.00000000  0.96772558  0.00731660  0.96775324 -0.25240581
19979.3  2.00000000  0.96772559  0.00731618  0.96775325 -0.25240579
19979.4  2.00000000  0.96772560  0.00731624  0.96775325 -0.25240577
19979.5  2.00000000  0.96772560  0.00731676  0.96775326 -0.25240575
19979.6  2.00000000  0.96772559  0.00731766  0.96775326 -0.25240573
19979.7  2.00000000  0.96772559  0.00731884  0.96775326 -0.25240572
19979.8  2.00000000  0.96772558  0.00732014  0.96775326 -0.25240572
19979.9  2.00000000  0.96772557  0.00732141  0.96775326 -0.25240573
19980.0  2.00000000  0.96772556  0.00732249  0.96775326 -0.25240574
19980.1  2.00000000  0.96772555  0.00732326  0.96775325 -0.25240576
19980.2  2.00000000  0.96772554  0.00732363  0.96775325 -0.25240578
19980.3  2.00000000  0.96772553  0.00732356  0.96775325 -0.25240580
19980.4  2.00000000  0.96772553  0.00732309  0.96775324 -0.25240581
19980.5  2.00000000  0.96772554  0.00732225  0.96775324 -0.25240583
19980.6  2.00000000  0.96772554  0.00732116  0.96775324 -0.25240584
19980.7  2.00000000  0.96772555  0.00731996  0.96775324 -0.25240584
19980.8  2.00000000  0.96772556  0.00731879  0.96775324 -0.25240583
19980.9  2.00000000  0.96772557  0.00731780  0.96775324 -0.25240582
19981.0  2.00000000  0.96772558  0.00731710  0.96775324 -0.25240581
19981.1  2.00000000  0.96772559  0.00731677  0.96775325 -0.25240579
19981.2  2.00000000  0.96772559  0.00731683  0.96775325 -0.25240577
19981.3  2.00000000  0.96772559  0.00731728  0.96775326 -0.25240575
19981.4  2.00000000  0.96772559  0.00731806  0.96775326 -0.25240574
19981.5  2.00000000  0.96772558  0.00731907  0.96775326 -0.25240573
19981.6  2.00000000  0.96772557  0.00732017  0.96775326 -0.25240573
19981.7  2.00000000  0.96772557  0.00732125  0.96775326 -0.25240573
19981.8  2.00000000  0.96772556  0.00732215  0.96775326 -0.25240574
19981.9  2.00000000  0.96772555  0.00732280  0.96775325 -0.25240576
19982.0  2.00000000  0.96772554  0.00732310  0.96775325 -0.25240578
19982.1  2.00000000  0.96772554  0.00732303  0.96775325 -0.25240579
19982.2  2.00000000  0.96772554  0.00732260  0.96775324 -0.25240581
19982.3  2.00000000  0.96772554  0.00732188  0.96775324 -0.25240582
19982.4  2.00000000  0.96772555  0.00732095  0.96775324 -0.25240583
19982.5  2.00000000  0.96772555  0.00731993  0.96775324 -0.25240583
19982.6  2.00000000  0.96772556  0.00731894  0.96775324 -0.25240582
19982.7  2.00000000  0.96772557  0.00731811  0.96775324 -0.25240581
19982.8  2.00000000  0.96772558  0.00731752  0.96775324 -0.25240580
19982.9  2.00000000  0.96772558  0.00731725  0.96775325 -0.25240579
19983.0  2.00000000  0.96772559  0.00731730  0.96775325 -0.25240577
19983.1  2.00000000  0.96772559  0.00731769  0.96775325 -0.25240576
19983.2  2.00000000  0.96772559  0.00731834  0.96775326 -0.25240574
19983.3  2.00000000  0.96772558  0.00731919  0.96775326 -0.25240574
19983.4  2.00000000  0.96772557  0.00732014  0.96775326 -0.25240574
19983.5  2.00000000  0.96772557  0.00732108  0.96775326 -0.25240574
19983.6  2.00000000  0.96772556  0.00732188  0.96775326 -0.25240575
19983.7  2.00000000  0.96772555  0.00732245  0.96775325 -0.25240576
19983.8  2.00000000  0.96772554  0.00732271  0.96775325 -0.25240578
19983.9  2.00000000  0.96772554  0.00732261  0.96775325 -0.25240579
19984.0  2.00000000  0.96772554  0.00732218  0.96775324 -0.25240581
19984.1  2.00000000  0.96772555  0.00732148  0.96775324 -0.25240582
19984.2  2.00000000  0.96772555  0.00732060  0.96775324 -0.25240582
19984.3  2.00000000  0.96772556  0.00731966  0.96775324 -0.25240582
19984.4  2.00000000  0.96772557  0.00731881  0.96775324 -0.25240582
19984.5  2.00000000  0.96772557  0.00731813  0.96775324 -0.25240581
19984.6  2.00000000  0.96772558  0.00731772  0.96775325 -0.25240579
19984.7  2.00000000  0.96772558  0.00731762  0.96775325 -0.25240578
19984.8  2.00000000  0.96772558  0.00731783  0.96775325 -0.25240576
19984.9  2.00000000  0.96772558  0.00731830  0.96775326 -0.25240575
19985.0  2.00000000  0.96772558  0.00731900  0.96775326 -0.25240574
19985.1  2.00000000  0.96772557  0.00731981  0.96775326 -0.25240574
19985.2  2.00000000  0.96772557  0.00732065  0.96775326 -0.25240574
19985.3  2.00000000  0.96772556  0.00732141  0.96775326 -0.25240575
19985.4  2.00000000  0.96772555  0.00732200  0.96775325 -0.25240576
19985.5  2.00000000  0.96772555  0.00732235  0.96775325 -0.25240577
19985.6  2.00000000  0.96772555  0.00732242  0.96775325 -0.25240579
19985.7  2.00000000  0.96772554  0.00732220  0.96775325 -0.25240580
19985.8  2.00000000  0.96772555  0.00732173  0.96775324 -0.25240581
19985.9  2.00000000  0.96772555  0.00732105  0.96775324 -0.25240582
19986.0  2.00000000  0.96772555  0.00732025  0.96775324 -0.25240582
19986.1  2.00000000  0.96772556  0.00731944  0.96775324 -0.25240582
19986.2  2.00000000  0.96772557  0.00731871  0.96775324 -0.25240581
19986.3  2.00000000  0.96772557  0.00731815  0.96775324 -0.25240580
19986.4  2.00000000  0.96772558  0.00731782  0.96775325 -0.25240579
19986.5  2.00000000  0.96772558  0.00731776  0.96775325 -0.25240578
19986.6  2.00000000  0.96772558  0.00731799  0.96775325 -0.25240576
19986.7  2.00000000  0.96772558  0.00731846  0.96775326 -0.25240575
19986.8  2.00000000  0.96772558  0.00731911  0.96775326 -0.25240575
19986.9  2.00000000  0.96772557  0.00731985  0.96775326 -0.25240574
19987.0  2.00000000  0.96772557  0.00732059  0.96775326 -0.25240575
19987.1  2.00000000  0.96772556  0.00732127  0.96775326 -0.25240575
19987.2  2.00000000  0.96772556  0.00732177  0.96775325 -0.25240576
19987.3  2.00000000  0.96772555  0.00732210  0.96775325 -0.25240577
19987.4  2.00000000  0.96772555  0.00732220  0.96775325 -0.25240578
19987.5  2.00000000  0.96772555  0.00732204  0.96775325 -0.25240580
19987.6  2.00000000  0.96772555  0.00732164  0.96775324 -0.25240581
19987.7  2.00000000  0.96772555  0.00732104  0.96775324 -0.25240581
19987.8  2.00000000  0.96772555  0.00732033  0.96775324 -0.25240582
19987.9  2.00000000  0.96772556  0.00731959  0.96775324 -0.25240581
19988.0  2.00000000  0.96772557  0.00731891  0.96775324 -0.25240581
19988.1  2.00000000  0.96772557  0.00731838  0.96775324 -0.25240580
19988.2  2.00000000  0.96772558  0.00731806  0.96775325 -0.25240579
19988.3  2.00000000  0.96772558  0.00731797  0.96775325 -0.25240578
19988.4  2.00000000  0.96772558  0.00731815  0.96775325 -0.25240577
19988.5  2.00000000  0.96772558  0.00731856  0.96775325 -0.25240576
19988.6  2.00000000  0.96772558  0.00731914  0.96775326 -0.25240575
19988.7  2.00000000  0.96772557  0.00731983  0.96775326 -0.25240575
19988.8  2.00000000  0.96772557  0.00732055  0.96775326 -0.25240575
19988.9  2.00000000  0.96772556  0.00732120  0.96775325 -0.25240575
19989.0  2.00000000  0.96772556  0.00732171  0.96775325 -0.25240576
19989.1  2.00000000  0.96772555  0.00732201  0.96775325 -0.25240577
19989.2  2.00000000  0.96772555  0.00732208  0.96775325 -0.25240579
19989.3  2.00000000  0.96772555  0.00732190  0.96775325 -0.25240580
19989.4  2.00000000  0.96772555  0.00732150  0.96775324 -0.25240581
19989.5  2.00000000  0.96772555  0.00732092  0.96775324 -0.25240581
19989.6  2.00000000  0.96772556  0.00732025  0.96775324 -0.25240581
19989.7  2.00000000  0.96772556  0.00731956  0.96775324 -0.25240581
19989.8  2.00000000  0.96772557  0.00731893  0.96775324 -0.25240581
19989.9  2.00000000  0.96772557  0.00731845  0.96775325 -0.25240580
19990.0  2.00000000  0.96772558  0.00731815  0.96775325 -0.25240579
19990.1  2.00000000  0.96772558  0.00731808  0.96775325 -0.25240578
19990.2  2.00000000  0.96772558  0.00731826  0.96775325 -0.25240577
19990.3  2.00000000  0.96772558  0.00731865  0.96775325 -0.25240576
19990.4  2.00000000  0.96772558  0.00731919  0.96775326 -0.25240575
19990.5  2.00000000  0.96772557  0.00731984  0.96775326 -0.25240575
19990.6  2.00000000  0.96772557  0.00732051  0.96775326 -0.25240575
19990.7  2.00000000  0.96772556  0.00732112  0.96775325 -0.25240576
19990.8  2.00000000  0.96772556  0.00732160  0.96775325 -0.25240576
19990.9  2.00000000  0.96772555  0.00732188  0.96775325 -0.25240577
19991.0  2.00000000  0.96772555  0.00732196  0.96775325 -0.25240578
19991.1  2.00000000  0.96772555  0.00732180  0.96775325 -0.25240579
19991.2  2.00000000  0.96772555  0.00732143  0.96775324 -0.25240580
19991.3  2.00000000  0.96772555  0.00732091  0.96775324 -0.25240581
19991.4  2.00000000  0.96772556  0.00732028  0.96775324 -0.25240581
19991.5  2.00000000  0.96772556  0.00731964  0.96775324 -0.25240581
19991.6  2.00000000  0.96772557  0.00731905  0.96775324 -0.25240581
19991.7  2.00000000  0.96772557  0.00731858  0.96775325 -0.25240580
19991.8  2.00000000  0.96772558  0.00731830  0.96775325 -0.25240579
19991.9  2.00000000  0.96772558  0.00731822  0.96775325 -0.25240578
19992.0  2.00000000  0.96772558  0.00731837  0.96775325 -0.25240577
19992.1  2.00000000  0.96772558  0.00731872  0.96775325 -0.25240576
19992.2  2.00000000  0.96772558  0.00731922  0.96775325 -0.25240575
19992.3  2.00000000  0.96772557  0.00731983  0.96775326 -0.25240575
19992.4  2.00000000  0.96772557  0.00732045  0.96775325 -0.25240575
19992.5  2.00000000  0.96772556  0.00732102  0.96775325 -0.25240576
19992.6  2.00000000  0.96772556  0.00732147  0.96775325 -0.25240576
19992.7  2.00000000  0.96772555  0.00732174  0.96775325 -0.25240577
19992.8  2.00000000  0.96772555  0.00732183  0.96775325 -0.25240578
19992.9  2.00000000  0.96772555  0.00732169  0.96775325 -0.25240579
19993.0  2.00000000  0.96772555  0.00732136  0.96775324 -0.25240580
19993.1  2.00000000  0.96772555  0.00732087  0.96775324 -0.25240581
19993.2  2.00000000  0.96772556  0.00732029  0.96775324 -0.25240581
19993.3  2.00000000  0.96772556  0.00731969  0.96775324 -0.25240581
19993.4  2.00000000  0.96772557  0.00731914  0.96775324 -0.25240580
19993.5  2.00000000  0.96772557  0.00731870  0.96775325 -0.25240580
19993.6  2.00000000  0.96772557  0.00731843  0.96775325 -0.25240579
19993.7  2.00000000  0.96772558  0.00731835  0.96775325 -0.25240578
19993.8  2.00000000  0.96772558  0.00731848  0.96775325 -0.25240577
19993.9  2.00000000  0.96772558  0.00731880  0.96775325 -0.25240576
19994.0  2.00000000  0.96772558  0.00731927  0.96775325 -0.25240576
19994.1  2.00000000  0.96772557  0.00731983  0.96775325 -0.25240575
19994.2  2.00000000  0.96772557  0.00732041  0.96775325 -0.25240575
19994.3  2.00000000  0.96772556  0.00732095  0.96775325 -0.25240576
19994.4  2.00000000  0.96772556  0.00732137  0.96775325 -0.25240577
19994.5  2.00000000  0.96772555  0.00732163  0.96775325 -0.25240577
19994.6  2.00000000  0.96772555  0.00732171  0.96775325 -0.25240578
19994.7  2.00000000  0.96772555  0.00732159  0.96775325 -0.25240579
19994.8  2.00000000  0.96772555  0.00732128  0.96775325 -0.25240580
19994.9  2.00000000  0.96772555  0.00732083  0.96775324 -0.25240581
19995.0  2.00000000  0.96772556  0.00732028  0.96775324 -0.25240581
19995.1  2.00000000  0.96772556  0.00731972  0.96775324 -0.25240581
19995.2  2.00000000  0.96772557  0.00731920  0.96775324 -0.25240580
19995.3  2.00000000  0.96772557  0.00731879  0.96775325 -0.25240580
19995.4  2.00000000  0.96772557  0.00731854  0.96775325 -0.25240579
19995.5  2.00000000  0.96772558  0.00731846  0.96775325 -0.25240578
19995.6  2.00000000  0.96772558  0.00731859  0.96775325 -0.25240577
19995.7  2.00000000  0.96772558  0.00731888  0.96775325 -0.25240576
19995.8  2.00000000  0.96772557  0.00731932  0.96775325 -0.25240576
19995.9  2.00000000  0.96772557  0.00731983  0.96775325 -0.25240576
19996.0  2.00000000  0.96772557  0.00732037  0.96775325 -0.25240576
19996.1  2.00000000  0.96772556  0.00732086  0.96775325 -0.25240576
19996.2  2.00000000  0.96772556  0.00732124  0.96775325 -0.25240577
19996.3  2.00000000  0.96772555  0.00732147  0.96775325 -0.25240577
19996.4  2.00000000  0.96772555  0.00732155  0.96775325 -0.25240578
19996.5  2.00000000  0.96772555  0.00732144  0.96775325 -0.25240579
19996.6  2.00000000  0.96772555  0.00732118  0.96775325 -0.25240580
19996.7  2.00000000  0.96772555  0.00732078  0.96775324 -0.25240580
19996.8  2.00000000  0.96772556  0.00732032  0.96775324 -0.25240580
19996.9  2.00000000  0.96772556  0.00731983  0.96775324 -0.25240580
19997.0  2.00000000  0.96772557  0.00731938  0.96775324 -0.25240580
19997.1  2.00000000  0.96772557  0.00731901  0.96775325 -0.25240580
19997.2  2.00000000  0.96772557  0.00731877  0.96775325 -0.25240579
19997.3  2.00000000  0.96772557  0.00731868  0.96775325 -0.25240578
19997.4  2.00000000  0.96772558  0.00731875  0.96775325 -0.25240577
19997.5  2.00000000  0.96772558  0.00731897  0.96775325 -0.25240577
19997.6  2.00000000  0.96772557  0.00731930  0.96775325 -0.25240576
19997.7  2.00000000  0.96772557  0.00731972  0.96775325 -0.25240576
19997.8  2.00000000  0.96772557  0.00732016  0.96775325 -0.25240576
19997.9  2.00000000  0.96772556  0.00732059  0.96775325 -0.25240576
19998.0  2.00000000  0.96772556  0.00732095  0.96775325 -0.25240577
19998.1  2.00000000  0.96772556  0.00732120  0.96775325 -0.25240577
19998.2  2.00000000  0.96772555  0.00732131  0.96775325 -0.25240578
19998.3  2.00000000  0.96772555  0.00732128  0.96775325 -0.25240579
19998.4  2.00000000  0.96772555  0.00732110  0.96775325 -0.25240579
19998.5  2.00000000  0.96772556  0.00732081  0.96775325 -0.25240580
19998.6  2.00000000  0.96772556  0.00732043  0.96775325 -0.25240580
19998.7  2.00000000  0.96772556  0.00732001  0.96775324 -0.25240580
19998.8  2.00000000  0.96772556  0.00731961  0.96775325 -0.25240580
19998.9  2.00000000  0.96772557  0.00731926  0.96775325 -0.25240580
19999.0  2.00000000  0.96772557  0.00731901  0.96775325 -0.25240579
19999.1  2.00000000  0.96772557  0.00731890  0.96775325 -0.25240578
19999.2  2.00000000  0.96772557  0.00731891  0.96775325 -0.25240578
19999.3  2.00000000  0.96772557  0.00731907  0.96775325 -0.25240577
19999.4  2.00000000  0.96772557  0.00731934  0.96775325 -0.25240577
19999.5  2.00000000  0.96772557  0.00731968  0.96775325 -0.25240576
19999.6  2.00000000  0.96772557  0.00732007  0.96775325 -0.25240576
19999.7  2.00000000  0.96772556  0.00732045  0.96775325 -0.25240576
19999.8  2.00000000  0.96772556  0.00732078  0.96775325 -0.25240577
19999.9  2.00000000  0.96772556  0.00732101  0.96775325 -0.25240577
20000.0  2.00000000  0.96772556  0.00732114  0.96775325 -0.25240578
20000.1  2.00000000  0.96772556  0.00732113  0.96775325 -0.25240579
20000.2  2.00000000  0.96772556  0.00732100  0.96775325 -0.25240579
20000.3  2.00000000  0.96772556  0.00732076  0.96775325 -0.25240580
20000.4  2.00000000  0.96772556  0.00732044  0.96775325 -0.25240580
20000.5  2.00000000  0.96772556  0.00732008  0.96775325 -0.25240580
20000.6  2.00000000  0.96772556  0.00731972  0.96775325 -0.25240580
20000.7  2.00000000  0.96772557  0.00731940  0.96775325 -0.25240579
20000.8  2.00000000  0.96772557  0.00731918  0.96775325 -0.25240579
20000.9  2.00000000  0.96772557  0.00731905  0.96775325 -0.25240578
20001.0  2.00000000  0.96772557  0.00731905  0.96775325 -0.25240578
20001.1  2.00000000  0.96772557  0.00731916  0.96775325 -0.25240577
20001.2  2.00000000  0.96772557  0.00731937  0.96775325 -0.25240577
20001.3  2.00000000  0.96772557  0.00731967  0.96775325 -0.25240577
20001.4  2.00000000  0.96772557  0.00732000  0.96775325 -0.25240576
20001.5  2.00000000  0.96772557  0.00732033  0.96775325 -0.25240577
20001.6  2.00000000  0.96772556  0.00732063  0.96775325 -0.25240577
20001.7  2.00000000  0.96772556  0.00732086  0.96775325 -0.25240577
20001.8  2.00000000  0.96772556  0.00732099  0.96775325 -0.25240578
20001.9  2.00000000  0.96772556  0.00732101  0.96775325 -0.25240578
20002.0  2.00000000  0.96772556  0.00732092  0.96775325 -0.25240579
20002.1  2.00000000  0.96772556  0.00732074  0.96775325 -0.25240579
20002.2  2.00000000  0.96772556  0.00732047  0.96775325 -0.25240580
20002.3  2.00000000  0.96772556  0.00732016  0.96775325 -0.25240580
20002.4  2.00000000  0.96772556  0.00731984  0.96775325 -0.25240580
20002.5  2.00000000  0.96772557  0.00731954  0.96775325 -0.25240579
20002.6  2.00000000  0.96772557  0.00731932  0.96775325 -0.25240579
20002.7  2.00000000  0.96772557  0.00731918  0.96775325 -0.25240579
20002.8  2.00000000  0.96772557  0.00731914  0.96775325 -0.25240578
20002.9  2.00000000  0.96772557  0.00731921  0.96775325 -0.25240577
20003.0  2.00000000  0.96772557  0.00731938  0.96775325 -0.25240577
20003.1  2.00000000  0.96772557  0.00731963  0.96775325 -0.25240577
20003.2  2.00000000  0.96772557  0.00731993  0.96775325 -0.25240577
20003.3  2.00000000  0.96772557  0.00732024  0.96775325 -0.25240577
20003.4  2.00000000  0.96772556  0.00732053  0.96775325 -0.25240577
20003.5  2.00000000  0.96772556  0.00732077  0.96775325 -0.25240577
20003.6  2.00000000  0.96772556  0.00732092  0.96775325 -0.25240578
20003.7  2.00000000  0.96772556  0.00732096  0.96775325 -0.25240578
20003.8  2.00000000  0.96772556  0.00732088  0.96775325 -0.25240579
20003.9  2.00000000  0.96772556  0.00732070  0.96775325 -0.25240579
20004.0  2.00000000  0.96772556  0.00732044  0.96775325 -0.25240580
20004.1  2.00000000  0.96772556  0.00732013  0.96775325 -0.25240580
20004.2  2.00000000  0.96772556  0.00731981  0.96775325 -0.25240580
20004.3  2.00000000  0.96772557  0.00731952  0.96775325 -0.25240579
20004.4  2.00000000  0.96772557  0.00731930  0.96775325 -0.25240579
20004.5  2.00000000  0.96772557  0.00731917  0.96775325 -0.25240578
20004.6  2.00000000  0.96772557  0.00731916  0.96775325 -0.25240578
20004.7  2.00000000  0.96772557  0.00731925  0.96775325 -0.25240577
20004.8  2.00000000  0.96772557  0.00731945  0.96775325 -0.25240577
20004.9  2.00000000  0.96772557  0.00731973  0.96775325 -0.25240577
20005.0  2.00000000  0.96772557  0.00732004  0.96775325 -0.25240577
20005.1  2.00000000  0.96772556  0.00732037  0.96775325 -0.25240577
20005.2  2.00000000  0.96772556  0.00732064  0.96775325 -0.25240577
20005.3  2.00000000  0.96772556  0.00732085  0.96775325 -0.25240577
20005.4  2.00000000  0.96772556  0.00732096  0.96775325 -0.25240578
20005.5  2.00000000  0.96772556  0.00732096  0.96775325 -0.25240579
20005.6  2.00000000  0.96772556  0.00732084  0.96775325 -0.25240579
20005.7  2.00000000  0.96772556  0.00732062  0.96775325 -0.25240579
20005.8  2.00000000  0.96772556  0.00732033  0.96775325 -0.25240580
20005.9  2.00000000  0.96772556  0.00732000  0.96775325 -0.25240580
20006.0  2.00000000  0.96772556  0.00731969  0.96775325 -0.25240579
20006.1  2.00000000  0.96772557  0.00731941  0.96775325 -0.25240579
20006.2  2.00000000  0.96772557  0.00731922  0.96775325 -0.25240579
20006.3  2.00000000  0.96772557  0.00731914  0.96775325 -0.25240578
20006.4  2.00000000  0.96772557  0.00731917  0.96775325 -0.25240578
20006.5  2.00000000  0.96772557  0.00731931  0.96775325 -0.25240577
20006.6  2.00000000  0.96772557  0.00731955  0.96775325 -0.25240577
20006.7  2.00000000  0.96772557  0.00731986  0.96775325 -0.25240577
20006.8  2.00000000  0.96772557  0.00732019  0.96775325 -0.25240577
20006.9  2.00000000  0.96772556  0.00732050  0.96775325 -0.25240577
20007.0  2.00000000  0.96772556  0.00732077  0.96775325 -0.25240577
20007.1  2.00000000  0.96772556  0.00732093  0.96775325 -0.25240578
20007.2  2.00000000  0.96772556  0.00732100  0.96775325 -0.25240578
20007.3  2.00000000  0.96772556  0.00732093  0.96775325 -0.25240579
20007.4  2.00000000  0.96772556  0.00732076  0.96775325 -0.25240579
20007.5  2.00000000  0.96772556  0.00732050  0.96775325 -0.25240580
20007.6  2.00000000  0.96772556  0.00732018  0.96775324 -0.25240580
20007.7  2.00000000  0.96772556  0.00731985  0.96775325 -0.25240580
20007.8  2.00000000  0.96772557  0.00731954  0.96775325 -0.25240579
20007.9  2.00000000  0.96772557  0.00731930  0.96775325 -0.25240579
20008.0  2.00000000  0.96772557  0.00731915  0.96775325 -0.25240578
20008.1  2.00000000  0.96772557  0.00731913  0.96775325 -0.25240578
20008.2  2.00000000  0.96772557  0.00731921  0.96775325 -0.25240577
20008.3  2.00000000  0.96772557  0.00731941  0.96775325 -0.25240577
20008.4  2.00000000  0.96772557  0.00731970  0.96775325 -0.25240577
20008.5  2.00000000  0.96772557  0.00732002  0.96775325 -0.25240577
20008.6  2.00000000  0.96772556  0.00732035  0.96775325 -0.25240577
20008.7  2.00000000  0.96772556  0.00732064  0.96775325 -0.25240577
20008.8  2.00000000  0.96772556  0.00732084  0.96775325 -0.25240577
20008.9  2.00000000  0.96772556  0.00732093  0.96775325 -0.25240578
20009.0  2.00000000  0.96772556  0.00732091  0.96775325 -0.25240579
20009.1  2.00000000  0.96772556  0.00732078  0.96775325 -0.25240579
20009.2  2.00000000  0.96772556  0.00732056  0.96775325 -0.25240579
20009.3  2.00000000  0.96772556  0.00732028  0.96775325 -0.25240579
20009.4  2.00000000  0.96772556  0.00731998  0.96775325 -0.25240579
20009.5  2.00000000  0.96772557  0.00731969  0.96775325 -0.25240579
20009.6  2.00000000  0.96772557  0.00731947  0.96775325 -0.25240579
20009.7  2.00000000  0.96772557  0.00731932  0.96775325 -0.25240579
20009.8  2.00000000  0.96772557  0.00731927  0.96775325 -0.25240578
20009.9  2.00000000  0.96772557  0.00731932  0.96775325 -0.25240578
20010.0  2.00000000  0.96772557  0.00731946  0.96775325 -0.25240577
20010.1  2.00000000  0.96772557  0.00731967  0.96775325 -0.25240577
20010.2  2.00000000  0.96772557  0.00731992  0.96775325 -0.25240577
20010.3  2.00000000  0.96772557  0.00732018  0.96775325 -0.25240577
20010.4  2.00000000  0.96772556  0.00732042  0.96775325 -0.25240577
20010.5  2.00000000  0.96772556  0.00732061  0.96775325 -0.25240577
20010.6  2.00000000  0.96772556  0.00732072  0.96775325 -0.25240578
20010.7  2.00000000  0.96772556  0.00732075  0.96775325 -0.25240578
20010.8  2.00000000  0.96772556  0.00732069  0.96775325 -0.25240579
20010.9  2.00000000  0.96772556  0.00732056  0.96775325 -0.25240579
20011.0  2.00000000  0.96772556  0.00732037  0.96775325 -0.25240579
20011.1  2.00000000  0.96772556  0.00732013  0.96775325 -0.25240579
20011.2  2.00000000  0.96772556  0.00731989  0.96775325 -0.25240579
20011.3  2.00000000  0.96772556  0.00731970  0.96775325 -0.25240579
20011.4  2.00000000  0.96772556  0.00731953  0.96775325 -0.25240579
20011.5  2.00000000  0.96772557  0.00731946  0.96775325 -0.25240578
20011.6  2.00000000  0.96772557  0.00731946  0.96775325 -0.25240578
20011.7  2.00000000  0.96772557  0.00731951  0.96775325 -0.25240578
20011.8  2.00000000  0.96772557  0.00731965  0.96775325 -0.25240577
20011.9  2.00000000  0.96772557  0.00731983  0.96775325 -0.25240577
20012.0  2.00000000  0.96772557  0.00732003  0.96775325 -0.25240577
20012.1  2.00000000  0.96772557  0.00732022  0.96775325 -0.25240577
20012.2  2.00000000  0.96772556  0.00732040  0.96775325 -0.25240577
20012.3  2.00000000  0.96772556  0.00732053  0.96775325 -0.25240578
20012.4  2.00000000  0.96772556  0.00732059  0.96775325 -0.25240578
20012.5  2.00000000  0.96772556  0.00732058  0.96775325 -0.25240578
20012.6  2.00000000  0.96772556  0.00732051  0.96775325 -0.25240579
20012.7  2.00000000  0.96772556  0.00732039  0.96775325 -0.25240579
20012.8  2.00000000  0.96772556  0.00732022  0.96775325 -0.25240579
20012.9  2.00000000  0.96772556  0.00732004  0.96775325 -0.25240579
20013.0  2.00000000  0.96772556  0.00731989  0.96775325 -0.25240579
20013.1  2.00000000  0.96772556  0.00731975  0.96775325 -0.25240579
20013.2  2.00000000  0.96772557  0.00731964  0.96775325 -0.25240578
20013.3  2.00000000  0.96772557  0.00731961  0.96775325 -0.25240578
20013.4  2.00000000  0.96772557  0.00731963  0.96775325 -0.25240578
20013.5  2.00000000  0.96772557  0.00731969  0.96775325 -0.25240578
20013.6  2.00000000  0.96772557  0.00731980  0.96775325 -0.25240578
20013.7  2.00000000  0.96772557  0.00731994  0.96775325 -0.25240577
20013.8  2.00000000  0.96772556  0.00732007  0.96775325 -0.25240578
20013.9  2.00000000  0.96772556  0.00732021  0.96775325 -0.25240578
20014.0  2.00000000  0.96772556  0.00732033  0.96775325 -0.25240578
20014.1  2.00000000  0.96772556  0.00732040  0.96775325 -0.25240578
20014.2  2.00000000  0.96772556  0.00732043  0.96775325 -0.25240578
20014.3  2.00000000  0.96772556  0.00732043  0.96775325 -0.25240578
20014.4  2.00000000  0.96772556  0.00732037  0.96775325 -0.25240578
20014.5  2.00000000  0.96772556  0.00732028  0.96775325 -0.25240579
20014.6  2.00000000  0.96772556  0.00732017  0.96775325 -0.25240579
20014.7  2.00000000  0.96772556  0.00732004  0.96775325 -0.25240579
20014.8  2.00000000  0.96772556  0.00731992  0.96775325 -0.25240579
20014.9  2.00000000  0.96772557  0.00731982  0.96775325 -0.25240579
20015.0  2.00000000  0.96772557  0.00731975  0.96775325 -0.25240578
20015.1  2.00000000  0.96772557  0.00731972  0.96775325 -0.25240578
20015.2  2.00000000  0.96772557  0.00731973  0.96775325 -0.25240578
20015.3  2.00000000  0.96772557  0.00731978  0.96775325 -0.25240578
20015.4  2.00000000  0.96772557  0.00731986  0.96775325 -0.25240578
20015.5  2.00000000  0.96772557  0.00731996  0.96775325 -0.25240578
20015.6  2.00000000  0.96772557  0.00732007  0.96775325 -0.25240578
20015.7  2.00000000  0.96772556  0.00732018  0.96775325 -0.25240578
20015.8  2.00000000  0.96772556  0.00732027  0.96775325 -0.25240578
20015.9  2.00000000  0.96772556  0.00732033  0.96775325 -0.25240578
20016.0  2.00000000  0.96772556  0.00732036  0.96775325 -0.25240578
20016.1  2.00000000  0.96772556  0.00732035  0.96775325 -0.25240578
20016.2  2.00000000  0.96772556  0.00732031  0.96775325 -0.25240578
20016.3  2.00000000  0.96772556  0.00732025  0.96775325 -0.25240579
20016.4  2.00000000  0.96772556  0.00732016  0.96775325 -0.25240579
20016.5  2.00000000  0.96772556  0.00732006  0.96775325 -0.25240579
20016.6  2.00000000  0.96772556  0.00731997  0.96775325 -0.25240579
20016.7  2.00000000  0.96772556  0.00731989  0.96775325 -0.25240578
20016.8  2.00000000  0.96772557  0.00731983  0.96775325 -0.25240578
20016.9  2.00000000  0.96772557  0.00731981  0.96775325 -0.25240578
20017.0  2.00000000  0.96772557  0.00731981  0.96775325 -0.25240578
20017.1  2.00000000  0.96772557  0.00731984  0.96775325 -0.25240578
20017.2  2.00000000  0.96772557  0.00731989  0.96775325 -0.25240578
20017.3  2.00000000  0.96772557  0.00731996  0.96775325 -0.25240578
20017.4  2.00000000  0.96772557  0.00732003  0.96775325 -0.25240578
20017.5  2.00000000  0.96772556  0.00732011  0.96775325 -0.25240578
20017.6  2.00000000  0.96772556  0.00732017  0.96775325 -0.25240578
20017.7  2.00000000  0.96772556  0.00732022  0.96775325 -0.25240578
20017.8  2.00000000  0.96772556  0.00732025  0.96775325 -0.25240578
20017.9  2.00000000  0.96772556  0.00732026  0.96775325 -0.25240578
20018.0  2.00000000  0.96772556  0.00732025  0.96775325 -0.25240578
20018.1  2.00000000  0.96772556  0.00732022  0.96775325 -0.25240578
20018.2  2.00000000  0.96772556  0.00732018  0.96775325 -0.25240578
20018.3  2.00000000  0.96772556  0.00732012  0.96775325 -0.25240578
20018.4  2.00000000  0.96772556  0.00732006  0.96775325 -0.25240578
20018.5  2.00000000  0.96772556  0.00732001  0.96775325 -0.25240578
20018.6  2.00000000  0.96772556  0.00731996  0.96775325 -0.25240578
20018.7  2.00000000  0.96772557  0.00731993  0.96775325 -0.25240578
20018.8  2.00000000  0.96772557  0.00731990  0.96775325 -0.25240578
20018.9  2.00000000  0.96772557  0.00731990  0.96775325 -0.25240578
20019.0  2.00000000  0.96772557  0.00731991  0.96775325 -0.25240578
20019.1  2.00000000  0.96772557  0.00731994  0.96775325 -0.25240578
20019.2  2.00000000  0.96772557  0.00731997  0.96775325 -0.25240578
20019.3  2.00000000  0.96772556  0.00732002  0.96775325 -0.25240578
20019.4  2.00000000  0.96772556  0.00732006  0.96775325 -0.25240578
20019.5  2.00000000  0.96772556  0.00732010  0.96775325 -0.25240578
20019.6  2.00000000  0.96772556  0.00732014  0.96775325 -0.25240578
20019.7  2.00000000  0.96772556  0.00732017  0.96775325 -0.25240578
20019.8  2.00000000  0.96772556  0.00732018  0.96775325 -0.25240578
20019.9  2.00000000  0.96772556  0.00732018  0.96775325 -0.25240578
20020.0  2.00000000  0.96772556  0.00732017  0.96775325 -0.25240578
20020.1  2.00000000  0.96772556  0.00732016  0.96775325 -0.25240578
20020.2  2.00000000  0.96772556  0.00732013  0.96775325 -0.25240578
20020.3  2.00000000  0.96772556  0.00732010  0.96775325 -0.25240578
20020.4  2.00000000  0.96772556  0.00732007  0.96775325 -0.25240578
20020.5  2.00000000  0.96772556  0.00732004  0.96775325 -0.25240578
20020.6  2.00000000  0.96772556  0.00732002  0.96775325 -0.25240578
20020.7  2.00000000  0.96772556  0.00731999  0.96775325 -0.25240578
20020.8  2.00000000  0.96772556  0.00731998  0.96775325 -0.25240578
20020.9  2.00000000  0.96772556  0.00731998  0.96775325 -0.25240578
20021.0  2.00000000  0.96772556  0.00731998  0.96775325 -0.25240578
20021.1  2.00000000  0.96772556  0.00731999  0.96775325 -0.25240578
20021.2  2.00000000  0.96772556  0.00732000  0.96775325 -0.25240578
20021.3  2.00000000  0.96772556  0.00732002  0.96775325 -0.25240578
20021.4  2.00000000  0.96772556  0.00732004  0.96775325 -0.25240578
20021.5  2.00000000  0.96772556  0.00732005  0.96775325 -0.25240578
20021.6  2.00000000  0.96772556  0.00732007  0.96775325 -0.25240578
20021.7  2.00000000  0.96772556  0.00732008  0.96775325 -0.25240578
20021.8  2.00000000  0.96772556  0.00732009  0.96775325 -0.25240578
20021.9  2.00000000  0.96772556  0.00732009  0.96775325 -0.25240578
20022.0  2.00000000  0.96772556  0.00732009  0.96775325 -0.25240578
20022.1  2.00000000  0.96772556  0.00732009  0.96775325 -0.25240578
20022.2  2.00000000  0.96772556  0.00732009  0.96775325 -0.25240578
20022.3  2.00000000  0.96772556  0.00732008  0.96775325 -0.25240578
20022.4  2.00000000  0.96772556  0.00732008  0.96775325 -0.25240578
20022.5  2.00000000  0.96772556  0.00732007  0.96775325 -0.25240578
20022.6  2.00000000  0.96772556  0.00732006  0.96775325 -0.25240578
20022.7  2.00000000  0.96772556  0.00732006  0.96775325 -0.25240578
20022.8  2.00000000  0.96772556  0.00732005  0.96775325 -0.25240578
20022.9  2.00000000  0.96772556  0.00732004  0.96775325 -0.25240578
20023.0  2.00000000  0.96772556  0.00732004  0.96775325 -0.25240578
20023.1  2.00000000  0.96772556  0.00732004  0.96775325 -0.25240578
20023.2  2.00000000  0.96772556  0.00732004  0.96775325 -0.25240578
20023.3  2.00000000  0.96772556  0.00732004  0.96775325 -0.25240578
20023.4  2.00000000  0.96772556  0.00732004  0.96775325 -0.25240578
20023.5  2.00000000  0.96772556  0.00732004  0.96775325 -0.25240578
20023.6  2.00000000  0.96772556  0.00732005  0.96775325 -0.25240578
20023.7  2.00000000  0.96772556  0.00732005  0.96775325 -0.25240578
20023.8  2.00000000  0.96772556  0.00732005  0.96775325 -0.25240578
20023.9  2.00000000  0.96772556  0.00732005  0.96775325 -0.25240578
20024.0  2.00000000  0.96772556  0.00732005  0.96775325 -0.25240578
20024.1  2.00000000  0.96772556  0.00732005  0.96775325 -0.25240578
20024.2  2.00000000  0.96772556  0.00732006  0.96775325 -0.25240578
20024.3  2.00000000  0.96772556  0.00732006  0.96775325 -0.25240578
20024.4  2.00000000  0.96772556  0.00732006  0.96775325 -0.25240578
20024.5  2.00000000  0.96772556  0.00732006  0.96775325 -0.25240578
20024.6  2.00000000  0.96772556  0.00732006  0.96775325 -0.25240578
20024.7  2.00000000  0.96772556  0.00732007  0.96775325 -0.25240578
20024.8  2.00000000  0.96772556  0.00732007  0.96775325 -0.25240578
20024.9  2.00000000  0.96772556  0.00732007  0.96775325 -0.25240578
20025.0  2.00000000  0.96772556  0.00732007  0.96775325 -0.25240578
20025.1  2.00000000  0.96772556  0.00732007  0.96775325 -0.25240578
20025.2  2.00000000  0.96772556  0.00732007  0.96775325 -0.25240578
20025.3  2.00000000  0.96772556  0.00732007  0.96775325 -0.25240578
20025.4  2.00000000  0.96772556  0.00732007  0.96775325 -0.25240578
20025.5  2.00000000  0.96772556  0.00732006  0.96775325 -0.25240578
20025.6  2.00000000  0.96772556  0.00732006  0.96775325 -0.25240578
20025.7  2.00000000  0.96772556  0.00732006  0.96775325 -0.25240578
20025.8  2.00000000  0.96772556  0.00732006  0.96775325 -0.25240578
20025.9  2.00000000  0.96772556  0.00732006  0.96775325 -0.25240578
20026.0  2.00000000  0.96772556  0.00732006  0.96775325 -0.25240578
20026.1  2.00000000  0.96772556  0.00732006  0.96775325 -0.25240578
20026.2  2.00000000  0.96772556  0.00732006  0.96775325 -0.25240578
20026.3  2.00000000  0.96772556  0.00732006  0.96775325 -0.25240578
20026.4  2.00000000  0.96772556  0.00732006  0.96775325 -0.25240578
20026.5  2.00000000  0.96772556  0.00732006  0.96775325 -0.25240578
20026.6  2.00000000  0.96772556  0.00732006  0.96775325 -0.25240578
20026.7  2.00000000  0.96772556  0.00732005  0.96775325 -0.25240578
20026.8  2.00000000  0.96772556  0.00732005  0.96775325 -0.25240578
20026.9  2.00000000  0.96772556  0.00732005  0.96775325 -0.25240578
20027.0  2.00000000  0.96772556  0.00732005  0.96775325 -0.25240578
20027.1  2.00000000  0.96772556  0.00732005  0.96775325 -0.25240578
20027.2  2.00000000  0.96772556  0.00732005  0.96775325 -0.25240578
20027.3  2.00000000  0.96772556  0.00732006  0.96775325 -0.25240578
20027.4  2.00000000  0.96772556  0.00732006  0.96775325 -0.25240578
20027.5  2.00000000  0.96772556  0.00732006  0.96775325 -0.25240578
20027.6  2.00000000  0.96772556  0.00732006  0.96775325 -0.25240578
20027.7  2.00000000  0.96772556  0.00732006  0.96775325 -0.25240578
20027.8  2.00000000  0.96772556  0.00732006  0.96775325 -0.25240578
20027.9  2.00000000  0.96772556  0.00732006  0.96775325 -0.25240578
20028.0  2.00000000  0.96772556  0.00732006  0.96775325 -0.25240578
20028.1  2.00000000  0.96772556  0.00732006  0.96775325 -0.25240578
20028.2  2.00000000  0.96772556  0.00732006  0.96775325 -0.25240578
20028.3  2.00000000  0.96772556  0.00732006  0.96775325 -0.25240578
20028.4  2.00000000  0.96772556  0.00732006  0.96775325 -0.25240578
20028.5  2.00000000  0.96772556  0.00732006  0.96775325 -0.25240578
20028.6  2.00000000  0.96772556  0.00732006  0.96775325 -0.25240578
20028.7  2.00000000  0.96772556  0.00732006  0.96775325 -0.25240578
20028.8  2.00000000  0.96772556  0.00732006  0.96775325 -0.25240578
20028.9  2.00000000  0.96772556  0.00732006  0.96775325 -0.25240578
20029.0  2.00000000  0.96772556  0.00732006  0.96775325 -0.25240578
20029.1  2.00000000  0.96772556  0.00732006  0.96775325 -0.25240578
20029.2  2.00000000  0.96772556  0.00732006  0.96775325 -0.25240578
20029.3  2.00000000  0.96772556  0.00732006  0.96775325 -0.25240578
20029.4  2.00000000  0.96772556  0.00732006  0.96775325 -0.25240578
20029.5  2.00000000  0.96772556  0.00732006  0.96775325 -0.25240578
20029.6  2.00000000  0.96772556  0.00732006  0.96775325 -0.25240578
20029.7  2.00000000  0.96772556  0.00732006  0.96775325 -0.25240578
20029.8  2.00000000  0.96772556  0.00732006  0.96775325 -0.25240578
20029.9  2.00000000  0.96772556  0.00732006  0.96775325 -0.25240578
20030.0  2.00000000  0.96772556  0.00732006  0.96775325 -0.25240578
20030.1  2.00000000  0.96772556  0.00732006  0.96775325 -0.25240578
20030.2  2.00000000  0.96772556  0.00732006  0.96775325 -0.25240578
20030.3  2.00000000  0.96772556  0.00732006  0.96775325 -0.25240578
20030.4  2.00000000  0.96772556  0.00732006  0.96775325 -0.25240578
20030.5  2.00000000  0.96772556  0.00732006  0.96775325 -0.25240578
20030.6  2.00000000  0.96772556  0.00732006  0.96775325 -0.25240578
20030.7  2.00000000  0.96772556  0.00732006  0.96775325 -0.25240578
20030.8  2.00000000  0.96772556  0.00732006  0.96775325 -0.25240578
20030.9  2.00000000  0.96772556  0.00732006  0.96775325 -0.25240578
20031.0  2.00000000  0.96772556  0.00732006  0.96775325 -0.25240578
20031.1  2.00000000  0.96772556  0.00732006  0.96775325 -0.25240578
20031.2  2.00000000  0.96772556  0.00732006  0.96775325 -0.25240578
20031.3  2.00000000  0.96772556  0.00732006  0.96775325 -0.25240578
20031.4  2.00000000  0.96772556  0.00732006  0.96775325 -0.25240578
20031.5  2.00000000  0.96772556  0.00732006  0.96775325 -0.25240578
20031.6  2.00000000  0.96772556  0.00732006  0.96775325 -0.25240578
20031.7  2.00000000  0.96772556  0.00732006  0.96775325 -0.25240578
20031.8  2.00000000  0.96772556  0.00732006  0.96775325 -0.25240578
20031.9  2.00000000  0.96772556  0.00732006  0.96775325 -0.25240578
20032.0  2.00000000  0.96772556  0.00732006  0.96775325 -0.25240578
20032.1  2.00000000  0.96772556  0.00732006  0.96775325 -0.25240578
20032.2  2.00000000  0.96772556  0.00732006  0.96775325 -0.25240578
20032.3  2.00000000  0.96772556  0.00732006  0.96775325 -0.25240578
20032.4  2.00000000  0.96772556  0.00732006  0.96775325 -0.25240578
20032.5  2.00000000  0.96772556  0.00732006  0.96775325 -0.25240578
20032.6  2.00000000  0.96772556  0.00732006  0.96775325 -0.25240578
20032.7  2.00000000  0.96772556  0.00732006  0.96775325 -0.25240578
20032.8  2.00000000  0.96772556  0.00732006  0.96775325 -0.25240578
20032.9  2.00000000  0.96772556  0.00732006  0.96775325 -0.25240578
20033.0  2.00000000  0.96772556  0.00732006  0.96775325 -0.25240578
20033.1  2.00000000  0.96772556  0.00732006  0.96775325 -0.25240578
20033.2  2.00000000  0.96772556  0.00732006  0.96775325 -0.25240578
20033.3  2.00000000  0.96772556  0.00732006  0.96775325 -0.25240578
20033.4  2.00000000  0.96772556  0.00732006  0.96775325 -0.25240578
20033.5  2.00000000  0.96772556  0.00732006  0.96775325 -0.25240578
20033.6  2.00000000  0.96772556  0.00732006  0.96775325 -0.25240578
20033.7  2.00000000  0.96772556  0.00732006  0.96775325 -0.25240578
20033.8  2.00000000  0.96772556  0.00732006  0.96775325 -0.25240578
20033.9  2.00000000  0.96772556  0.00732006  0.96775325 -0.25240578
20034.0  2.00000000  0.96772556  0.00732006  0.96775325 -0.25240578
20034.1  2.00000000  0.96772556  0.00732006  0.96775325 -0.25240578
20034.2  2.00000000  0.96772556  0.00732006  0.96775325 -0.25240578
20034.3  2.00000000  0.96772556  0.00732006  0.96775325 -0.25240578
20034.4  2.00000000  0.96772556  0.00732006  0.96775325 -0.25240578
20034.5  2.00000000  0.96772556  0.00732006  0.96775325 -0.25240578
20034.6  2.00000000  0.96772556  0.00732006  0.96775325 -0.25240578
20034.7  2.00000000  0.96772556  0.00732006  0.96775325 -0.25240578
20034.8  2.00000000  0.96772556  0.00732006  0.96775325 -0.25240578
20034.9  2.00000000  0.96772556  0.00732006  0.96775325 -0.25240578
20035.0  2.00000000  0.96772556  0.00732006  0.96775325 -0.25240578
20035.1  2.00000000  0.96772556  0.00732006  0.96775325 -0.25240578
20035.2  2.00000000  0.96772556  0.00732006  0.96775325 -0.25240578
20035.3  2.00000000  0.96772556  0.00732006  0.96775325 -0.25240578
20035.4  2.00000000  0.96772556  0.00732006  0.96775325 -0.25240578
20035.5  2.00000000  0.96772556  0.00732006  0.96775325 -0.25240578
20035.6  2.00000000  0.96772556  0.00732006  0.96775325 -0.25240578
20035.7  2.00000000  0.96772556  0.00732006  0.96775325 -0.25240578
20035.8  2.00000000  0.96772556  0.00732006  0.96775325 -0.25240578
20035.9  2.00000000  0.96772556  0.00732006  0.96775325 -0.25240578
