 # AA:        451578.26000777836     
 # FLEGG:     257292.18844203415     
 # AF0:     -5.33308614247767210E-002
 # CPAR:      555.55779854881382     
 # Diff:     0.12463198212018202     
 # TF:       2.68328157299974766E-007
 # H:         284.00000000000000     
 # GRAD:     0.10000000000000001     
 # HR:       3.00000000000000006E-003
 # LP:       0.37000000000331962     
 # TIME  LP  TMAB  TMDS  TMPC  TMZ
47192.0  2.00000000  0.96804809  0.00371454  0.96805521 -0.25125740
47192.1  2.00000000  0.96805409  0.00289854  0.96805843 -0.25123811
47192.2  2.00000000  0.96805722  0.00293040  0.96806165 -0.25121791
47192.3  2.00000000  0.96805710  0.00375800  0.96806439 -0.25120118
47192.4  2.00000000  0.96805221  0.00515036  0.96806592 -0.25119159
47192.5  2.00000000  0.96804251  0.00676422  0.96806614 -0.25119075
47192.6  2.00000000  0.96802983  0.00822546  0.96806478 -0.25119861
47192.7  2.00000000  0.96801875  0.00921423  0.96806261 -0.25121262
47192.8  2.00000000  0.96801278  0.00953323  0.96805972 -0.25122963
47192.9  2.00000000  0.96801397  0.00915026  0.96805722 -0.25124532
47193.0  2.00000000  0.96802069  0.00818716  0.96805531 -0.25125650
47193.1  2.00000000  0.96803006  0.00689728  0.96805463 -0.25126073
47193.2  2.00000000  0.96803906  0.00558438  0.96805517 -0.25125753
47193.3  2.00000000  0.96804604  0.00454828  0.96805673 -0.25124805
47193.4  2.00000000  0.96805067  0.00400302  0.96805895 -0.25123473
47193.5  2.00000000  0.96805281  0.00404496  0.96806126 -0.25122080
47193.6  2.00000000  0.96805202  0.00462985  0.96806310 -0.25120945
47193.7  2.00000000  0.96804799  0.00559866  0.96806418 -0.25120297
47193.8  2.00000000  0.96804091  0.00670990  0.96806417 -0.25120268
47193.9  2.00000000  0.96803254  0.00770944  0.96806324 -0.25120821
47194.0  2.00000000  0.96802539  0.00837495  0.96806162 -0.25121801
47194.1  2.00000000  0.96802164  0.00857952  0.96805966 -0.25122970
47194.2  2.00000000  0.96802237  0.00829980  0.96805795 -0.25124044
47194.3  2.00000000  0.96802666  0.00762814  0.96805672 -0.25124798
47194.4  2.00000000  0.96803288  0.00673604  0.96805632 -0.25125072
47194.5  2.00000000  0.96803912  0.00583734  0.96805672 -0.25124837
47194.6  2.00000000  0.96804423  0.00513275  0.96805784 -0.25124172
47194.7  2.00000000  0.96804756  0.00477077  0.96805932 -0.25123254
47194.8  2.00000000  0.96804893  0.00481155  0.96806089 -0.25122297
47194.9  2.00000000  0.96804799  0.00522503  0.96806209 -0.25121526
47195.0  2.00000000  0.96804486  0.00589615  0.96806282 -0.25121092
47195.1  2.00000000  0.96803985  0.00666121  0.96806277 -0.25121087
47195.2  2.00000000  0.96803433  0.00734268  0.96806218 -0.25121474
47195.3  2.00000000  0.96802968  0.00779237  0.96806104 -0.25122159
47195.4  2.00000000  0.96802735  0.00792248  0.96805977 -0.25122959
47195.5  2.00000000  0.96802777  0.00772123  0.96805856 -0.25123697
47195.6  2.00000000  0.96803058  0.00725256  0.96805774 -0.25124204
47195.7  2.00000000  0.96803468  0.00663667  0.96805743 -0.25124385
47195.8  2.00000000  0.96803901  0.00601990  0.96805773 -0.25124212
47195.9  2.00000000  0.96804260  0.00554076  0.96805845 -0.25123750
47196.0  2.00000000  0.96804502  0.00529931  0.96805952 -0.25123111
47196.1  2.00000000  0.96804587  0.00533578  0.96806058 -0.25122457
47196.2  2.00000000  0.96804510  0.00562740  0.96806146 -0.25121928
47196.3  2.00000000  0.96804275  0.00609349  0.96806193 -0.25121640
47196.4  2.00000000  0.96803929  0.00662065  0.96806193 -0.25121643
47196.5  2.00000000  0.96803553  0.00708631  0.96806147 -0.25121921
47196.6  2.00000000  0.96803248  0.00738994  0.96806069 -0.25122395
47196.7  2.00000000  0.96803093  0.00747181  0.96805976 -0.25122949
47196.8  2.00000000  0.96803122  0.00732646  0.96805894 -0.25123452
47196.9  2.00000000  0.96803307  0.00699871  0.96805837 -0.25123796
47197.0  2.00000000  0.96803588  0.00657309  0.96805819 -0.25123911
47197.1  2.00000000  0.96803888  0.00614994  0.96805841 -0.25123785
47197.2  2.00000000  0.96804143  0.00582487  0.96805895 -0.25123461
47197.3  2.00000000  0.96804312  0.00566459  0.96805969 -0.25123019
47197.4  2.00000000  0.96804366  0.00569639  0.96806042 -0.25122570
47197.5  2.00000000  0.96804301  0.00590187  0.96806101 -0.25122211
47197.6  2.00000000  0.96804128  0.00622553  0.96806130 -0.25122020
47197.7  2.00000000  0.96803886  0.00658782  0.96806128 -0.25122028
47197.8  2.00000000  0.96803631  0.00690558  0.96806095 -0.25122225
47197.9  2.00000000  0.96803430  0.00710965  0.96806041 -0.25122554
47198.0  2.00000000  0.96803330  0.00716096  0.96805978 -0.25122935
47198.1  2.00000000  0.96803352  0.00705623  0.96805924 -0.25123278
47198.2  2.00000000  0.96803478  0.00682798  0.96805886 -0.25123511
47198.3  2.00000000  0.96803670  0.00653418  0.96805875 -0.25123584
47198.4  2.00000000  0.96803876  0.00624453  0.96805890 -0.25123493
47198.5  2.00000000  0.96804053  0.00602374  0.96805927 -0.25123266
47198.6  2.00000000  0.96804168  0.00591747  0.96805976 -0.25122962
47198.7  2.00000000  0.96804202  0.00594316  0.96806027 -0.25122653
47198.8  2.00000000  0.96804152  0.00608766  0.96806066 -0.25122410
47198.9  2.00000000  0.96804029  0.00631195  0.96806087 -0.25122281
47199.0  2.00000000  0.96803861  0.00656121  0.96806085 -0.25122292
47199.1  2.00000000  0.96803690  0.00677816  0.96806063 -0.25122430
47199.2  2.00000000  0.96803555  0.00691582  0.96806025 -0.25122659
47199.3  2.00000000  0.96803490  0.00694782  0.96805983 -0.25122921
47199.4  2.00000000  0.96803504  0.00687270  0.96805944 -0.25123156
47199.5  2.00000000  0.96803590  0.00671349  0.96805918 -0.25123313
47199.6  2.00000000  0.96803721  0.00651048  0.96805910 -0.25123360
47199.7  2.00000000  0.96803864  0.00631184  0.96805921 -0.25123294
47199.8  2.00000000  0.96803986  0.00616180  0.96805947 -0.25123136
47199.9  2.00000000  0.96804066  0.00609145  0.96805982 -0.25122925
47200.0  2.00000000  0.96804088  0.00611199  0.96806017 -0.25122713
47200.1  2.00000000  0.96804050  0.00621386  0.96806044 -0.25122547
47200.2  2.00000000  0.96803963  0.00636948  0.96806058 -0.25122462
47200.3  2.00000000  0.96803846  0.00654105  0.96806056 -0.25122472
47200.4  2.00000000  0.96803729  0.00668902  0.96806040 -0.25122570
47200.5  2.00000000  0.96803638  0.00678162  0.96806013 -0.25122729
47200.6  2.00000000  0.96803595  0.00680104  0.96805984 -0.25122909
47200.7  2.00000000  0.96803606  0.00674713  0.96805957 -0.25123070
47200.8  2.00000000  0.96803666  0.00663604  0.96805941 -0.25123176
47200.9  2.00000000  0.96803757  0.00649599  0.96805936 -0.25123206
47201.0  2.00000000  0.96803855  0.00635996  0.96805944 -0.25123158
47201.1  2.00000000  0.96803940  0.00625833  0.96805963 -0.25123047
47201.2  2.00000000  0.96803993  0.00621189  0.96805987 -0.25122902
47201.3  2.00000000  0.96804006  0.00622803  0.96806010 -0.25122756
47201.4  2.00000000  0.96803978  0.00629956  0.96806028 -0.25122644
47201.5  2.00000000  0.96803916  0.00640736  0.96806037 -0.25122587
47201.6  2.00000000  0.96803836  0.00652521  0.96806035 -0.25122596
47201.7  2.00000000  0.96803756  0.00662609  0.96806024 -0.25122665
47201.8  2.00000000  0.96803696  0.00668834  0.96806006 -0.25122775
47201.9  2.00000000  0.96803667  0.00670013  0.96805986 -0.25122899
47202.0  2.00000000  0.96803676  0.00666164  0.96805968 -0.25123009
47202.1  2.00000000  0.96803717  0.00658432  0.96805957 -0.25123080
47202.2  2.00000000  0.96803780  0.00648770  0.96805954 -0.25123099
47202.3  2.00000000  0.96803847  0.00639452  0.96805959 -0.25123065
47202.4  2.00000000  0.96803905  0.00632553  0.96805972 -0.25122988
47202.5  2.00000000  0.96803941  0.00629483  0.96805988 -0.25122887
47202.6  2.00000000  0.96803950  0.00630721  0.96806004 -0.25122788
47202.7  2.00000000  0.96803929  0.00635744  0.96806017 -0.25122711
47202.8  2.00000000  0.96803886  0.00643218  0.96806023 -0.25122673
47202.9  2.00000000  0.96803831  0.00651325  0.96806022 -0.25122681
47203.0  2.00000000  0.96803776  0.00658211  0.96806014 -0.25122730
47203.1  2.00000000  0.96803735  0.00662396  0.96806001 -0.25122806
47203.2  2.00000000  0.96803716  0.00663094  0.96805987 -0.25122892
47203.3  2.00000000  0.96803723  0.00660341  0.96805975 -0.25122966
47203.4  2.00000000  0.96803751  0.00654951  0.96805967 -0.25123014
47203.5  2.00000000  0.96803795  0.00648278  0.96805965 -0.25123026
47203.6  2.00000000  0.96803841  0.00641897  0.96805969 -0.25123001
47203.7  2.00000000  0.96803881  0.00637221  0.96805978 -0.25122947
47203.8  2.00000000  0.96803906  0.00635205  0.96805990 -0.25122878
47203.9  2.00000000  0.96803911  0.00636152  0.96806001 -0.25122810
47204.0  2.00000000  0.96803896  0.00639684  0.96806009 -0.25122758
47204.1  2.00000000  0.96803866  0.00644861  0.96806013 -0.25122733
47204.2  2.00000000  0.96803827  0.00650431  0.96806012 -0.25122739
47204.3  2.00000000  0.96803790  0.00655120  0.96806006 -0.25122774
47204.4  2.00000000  0.96803762  0.00657927  0.96805998 -0.25122827
47204.5  2.00000000  0.96803750  0.00658326  0.96805988 -0.25122885
47204.6  2.00000000  0.96803755  0.00656365  0.96805980 -0.25122936
47204.7  2.00000000  0.96803775  0.00652616  0.96805975 -0.25122969
47204.8  2.00000000  0.96803805  0.00648018  0.96805974 -0.25122976
47204.9  2.00000000  0.96803837  0.00643639  0.96805977 -0.25122958
47205.0  2.00000000  0.96803864  0.00640448  0.96805983 -0.25122921
47205.1  2.00000000  0.96803881  0.00639104  0.96805991 -0.25122873
47205.2  2.00000000  0.96803884  0.00639809  0.96805998 -0.25122826
47205.3  2.00000000  0.96803873  0.00642304  0.96806004 -0.25122790
47205.4  2.00000000  0.96803852  0.00645918  0.96806007 -0.25122774
47205.5  2.00000000  0.96803825  0.00649773  0.96806006 -0.25122778
47205.6  2.00000000  0.96803799  0.00652997  0.96806002 -0.25122803
47205.7  2.00000000  0.96803781  0.00654895  0.96805996 -0.25122840
47205.8  2.00000000  0.96803773  0.00655128  0.96805989 -0.25122880
47205.9  2.00000000  0.96803776  0.00653714  0.96805983 -0.25122916
47206.0  2.00000000  0.96803791  0.00651074  0.96805980 -0.25122937
47206.1  2.00000000  0.96803811  0.00647870  0.96805978 -0.25122943
47206.2  2.00000000  0.96803834  0.00644845  0.96805982 -0.25122928
47206.3  2.00000000  0.96803851  0.00642690  0.96805984 -0.25122904
47206.4  2.00000000  0.96803866  0.00641810  0.96805993 -0.25122868
47206.5  2.00000000  0.96803863  0.00642351  0.96805994 -0.25122839
47206.6  2.00000000  0.96803860  0.00644127  0.96806003 -0.25122811
47206.7  2.00000000  0.96803841  0.00646604  0.96806000 -0.25122803
47206.8  2.00000000  0.96803825  0.00649302  0.96806002 -0.25122805
47206.9  2.00000000  0.96803806  0.00651461  0.96805998 -0.25122823
47207.0  2.00000000  0.96803794  0.00652765  0.96805995 -0.25122848
47207.1  2.00000000  0.96803787  0.00652846  0.96805989 -0.25122878
47207.2  2.00000000  0.96803792  0.00651871  0.96805987 -0.25122900
47207.3  2.00000000  0.96803800  0.00649997  0.96805983 -0.25122916
47207.4  2.00000000  0.96803816  0.00647825  0.96805984 -0.25122918
47207.5  2.00000000  0.96803830  0.00645720  0.96805984 -0.25122909
47207.6  2.00000000  0.96803844  0.00644301  0.96805988 -0.25122890
47207.7  2.00000000  0.96803852  0.00643685  0.96805992 -0.25122867
47207.8  2.00000000  0.96803851  0.00644136  0.96805995 -0.25122846
47207.9  2.00000000  0.96803848  0.00645327  0.96805998 -0.25122828
47208.0  2.00000000  0.96803835  0.00647094  0.96805998 -0.25122822
47208.1  2.00000000  0.96803824  0.00648895  0.96805999 -0.25122824
47208.2  2.00000000  0.96803811  0.00650410  0.96805996 -0.25122837
47208.3  2.00000000  0.96803803  0.00651240  0.96805994 -0.25122854
47208.4  2.00000000  0.96803799  0.00651317  0.96805990 -0.25122874
47208.5  2.00000000  0.96803802  0.00650576  0.96805988 -0.25122890
47208.6  2.00000000  0.96803807  0.00649322  0.96805985 -0.25122901
47208.7  2.00000000  0.96803819  0.00647782  0.96805987 -0.25122901
47208.8  2.00000000  0.96803828  0.00646381  0.96805986 -0.25122896
47208.9  2.00000000  0.96803838  0.00645383  0.96805990 -0.25122882
47209.0  2.00000000  0.96803842  0.00645016  0.96805991 -0.25122867
47209.1  2.00000000  0.96803844  0.00645311  0.96805995 -0.25122851
47209.2  2.00000000  0.96803839  0.00646175  0.96805995 -0.25122840
47209.3  2.00000000  0.96803833  0.00647376  0.96805997 -0.25122835
47209.4  2.00000000  0.96803823  0.00648629  0.96805996 -0.25122838
47209.5  2.00000000  0.96803816  0.00649648  0.96805995 -0.25122846
47209.6  2.00000000  0.96803809  0.00650217  0.96805992 -0.25122859
47209.7  2.00000000  0.96803807  0.00650238  0.96805991 -0.25122871
47209.8  2.00000000  0.96803808  0.00649725  0.96805988 -0.25122883
47209.9  2.00000000  0.96803814  0.00648845  0.96805988 -0.25122889
47210.0  2.00000000  0.96803820  0.00647785  0.96805987 -0.25122891
47210.1  2.00000000  0.96803828  0.00646829  0.96805989 -0.25122885
47210.2  2.00000000  0.96803833  0.00646150  0.96805990 -0.25122877
47210.3  2.00000000  0.96803837  0.00645917  0.96805992 -0.25122866
47210.4  2.00000000  0.96803837  0.00646130  0.96805993 -0.25122855
47210.5  2.00000000  0.96803834  0.00646741  0.96805995 -0.25122848
47210.6  2.00000000  0.96803829  0.00647564  0.96805995 -0.25122845
47210.7  2.00000000  0.96803823  0.00648433  0.96805995 -0.25122846
47210.8  2.00000000  0.96803817  0.00649117  0.96805994 -0.25122852
47210.9  2.00000000  0.96803813  0.00649506  0.96805992 -0.25122861
47211.0  2.00000000  0.96803812  0.00649498  0.96805991 -0.25122870
47211.1  2.00000000  0.96803813  0.00649146  0.96805990 -0.25122878
47211.2  2.00000000  0.96803817  0.00648522  0.96805989 -0.25122882
47211.3  2.00000000  0.96803821  0.00647805  0.96805989 -0.25122883
47211.4  2.00000000  0.96803826  0.00647140  0.96805990 -0.25122879
47211.5  2.00000000  0.96803830  0.00646692  0.96805990 -0.25122873
47211.6  2.00000000  0.96803833  0.00646532  0.96805992 -0.25122865
47211.7  2.00000000  0.96803833  0.00646696  0.96805993 -0.25122858
47211.8  2.00000000  0.96803831  0.00647114  0.96805994 -0.25122853
47211.9  2.00000000  0.96803827  0.00647692  0.96805994 -0.25122851
47212.0  2.00000000  0.96803823  0.00648280  0.96805994 -0.25122852
47212.1  2.00000000  0.96803819  0.00648753  0.96805993 -0.25122857
47212.2  2.00000000  0.96803817  0.00649006  0.96805992 -0.25122862
47212.3  2.00000000  0.96803815  0.00648999  0.96805991 -0.25122869
47212.4  2.00000000  0.96803817  0.00648745  0.96805990 -0.25122874
47212.5  2.00000000  0.96803819  0.00648316  0.96805990 -0.25122877
47212.6  2.00000000  0.96803822  0.00647818  0.96805990 -0.25122877
47212.7  2.00000000  0.96803825  0.00647366  0.96805990 -0.25122875
47212.8  2.00000000  0.96803828  0.00647061  0.96805991 -0.25122870
47212.9  2.00000000  0.96803830  0.00646960  0.96805992 -0.25122865
47213.0  2.00000000  0.96803830  0.00647078  0.96805993 -0.25122860
47213.1  2.00000000  0.96803828  0.00647371  0.96805993 -0.25122857
47213.2  2.00000000  0.96803826  0.00647771  0.96805993 -0.25122856
47213.3  2.00000000  0.96803823  0.00648174  0.96805993 -0.25122857
47213.4  2.00000000  0.96803821  0.00648496  0.96805993 -0.25122859
47213.5  2.00000000  0.96803819  0.00648664  0.96805992 -0.25122864
47213.6  2.00000000  0.96803818  0.00648654  0.96805991 -0.25122868
47213.7  2.00000000  0.96803819  0.00648473  0.96805991 -0.25122871
47213.8  2.00000000  0.96803820  0.00648177  0.96805990 -0.25122873
47213.9  2.00000000  0.96803823  0.00647832  0.96805990 -0.25122874
47214.0  2.00000000  0.96803825  0.00647526  0.96805991 -0.25122872
47214.1  2.00000000  0.96803827  0.00647317  0.96805991 -0.25122869
47214.2  2.00000000  0.96803828  0.00647255  0.96805992 -0.25122865
47214.3  2.00000000  0.96803828  0.00647338  0.96805992 -0.25122862
47214.4  2.00000000  0.96803827  0.00647546  0.96805993 -0.25122860
47214.5  2.00000000  0.96803825  0.00647820  0.96805993 -0.25122859
47214.6  2.00000000  0.96803823  0.00648098  0.96805993 -0.25122859
47214.7  2.00000000  0.96803821  0.00648315  0.96805992 -0.25122861
47214.8  2.00000000  0.96803820  0.00648429  0.96805992 -0.25122864
47214.9  2.00000000  0.96803820  0.00648416  0.96805991 -0.25122867
47215.0  2.00000000  0.96803820  0.00648290  0.96805991 -0.25122870
47215.1  2.00000000  0.96803821  0.00648083  0.96805991 -0.25122871
47215.2  2.00000000  0.96803823  0.00647847  0.96805991 -0.25122871
47215.3  2.00000000  0.96803825  0.00647636  0.96805991 -0.25122870
47215.4  2.00000000  0.96803826  0.00647497  0.96805991 -0.25122868
47215.5  2.00000000  0.96803827  0.00647456  0.96805992 -0.25122865
47215.6  2.00000000  0.96803826  0.00647518  0.96805992 -0.25122863
47215.7  2.00000000  0.96803826  0.00647662  0.96805992 -0.25122861
47215.8  2.00000000  0.96803825  0.00647851  0.96805992 -0.25122861
47215.9  2.00000000  0.96803823  0.00648042  0.96805992 -0.25122861
47216.0  2.00000000  0.96803822  0.00648190  0.96805992 -0.25122863
47216.1  2.00000000  0.96803821  0.00648265  0.96805992 -0.25122865
47216.2  2.00000000  0.96803821  0.00648254  0.96805991 -0.25122867
47216.3  2.00000000  0.96803821  0.00648165  0.96805991 -0.25122868
47216.4  2.00000000  0.96803822  0.00648021  0.96805991 -0.25122869
47216.5  2.00000000  0.96803823  0.00647865  0.96805991 -0.25122869
47216.6  2.00000000  0.96803824  0.00647726  0.96805991 -0.25122868
47216.7  2.00000000  0.96803825  0.00647630  0.96805991 -0.25122867
47216.8  2.00000000  0.96803826  0.00647596  0.96805992 -0.25122865
47216.9  2.00000000  0.96803826  0.00647631  0.96805992 -0.25122864
47217.0  2.00000000  0.96803825  0.00647725  0.96805992 -0.25122863
47217.1  2.00000000  0.96803824  0.00647855  0.96805992 -0.25122862
47217.2  2.00000000  0.96803823  0.00647992  0.96805992 -0.25122862
47217.3  2.00000000  0.96803822  0.00648104  0.96805992 -0.25122863
47217.4  2.00000000  0.96803822  0.00648168  0.96805992 -0.25122865
47217.5  2.00000000  0.96803822  0.00648171  0.96805992 -0.25122866
47217.6  2.00000000  0.96803822  0.00648114  0.96805991 -0.25122868
47217.7  2.00000000  0.96803822  0.00648012  0.96805991 -0.25122868
47217.8  2.00000000  0.96803823  0.00647889  0.96805991 -0.25122868
47217.9  2.00000000  0.96803824  0.00647773  0.96805991 -0.25122868
47218.0  2.00000000  0.96803825  0.00647688  0.96805991 -0.25122867
47218.1  2.00000000  0.96803825  0.00647653  0.96805992 -0.25122866
47218.2  2.00000000  0.96803825  0.00647675  0.96805992 -0.25122864
47218.3  2.00000000  0.96803825  0.00647745  0.96805992 -0.25122863
47218.4  2.00000000  0.96803824  0.00647848  0.96805992 -0.25122863
47218.5  2.00000000  0.96803824  0.00647960  0.96805992 -0.25122863
47218.6  2.00000000  0.96803823  0.00648055  0.96805992 -0.25122864
47218.7  2.00000000  0.96803822  0.00648113  0.96805992 -0.25122865
47218.8  2.00000000  0.96803822  0.00648123  0.96805992 -0.25122866
47218.9  2.00000000  0.96803822  0.00648083  0.96805991 -0.25122867
47219.0  2.00000000  0.96803822  0.00648005  0.96805991 -0.25122868
47219.1  2.00000000  0.96803823  0.00647906  0.96805991 -0.25122868
47219.2  2.00000000  0.96803824  0.00647809  0.96805991 -0.25122868
47219.3  2.00000000  0.96803824  0.00647736  0.96805991 -0.25122867
47219.4  2.00000000  0.96803825  0.00647701  0.96805992 -0.25122866
47219.5  2.00000000  0.96803825  0.00647709  0.96805992 -0.25122865
47219.6  2.00000000  0.96803825  0.00647759  0.96805992 -0.25122864
47219.7  2.00000000  0.96803824  0.00647838  0.96805992 -0.25122863
47219.8  2.00000000  0.96803824  0.00647929  0.96805992 -0.25122863
47219.9  2.00000000  0.96803823  0.00648012  0.96805992 -0.25122864
47220.0  2.00000000  0.96803823  0.00648067  0.96805992 -0.25122865
47220.1  2.00000000  0.96803822  0.00648083  0.96805992 -0.25122866
47220.2  2.00000000  0.96803822  0.00648056  0.96805991 -0.25122867
47220.3  2.00000000  0.96803823  0.00647994  0.96805991 -0.25122867
47220.4  2.00000000  0.96803823  0.00647912  0.96805991 -0.25122867
47220.5  2.00000000  0.96803824  0.00647831  0.96805991 -0.25122867
47220.6  2.00000000  0.96803824  0.00647770  0.96805991 -0.25122867
47220.7  2.00000000  0.96803825  0.00647741  0.96805992 -0.25122866
47220.8  2.00000000  0.96803825  0.00647750  0.96805992 -0.25122865
47220.9  2.00000000  0.96803824  0.00647793  0.96805992 -0.25122864
47221.0  2.00000000  0.96803824  0.00647859  0.96805992 -0.25122864
47221.1  2.00000000  0.96803824  0.00647934  0.96805992 -0.25122864
47221.2  2.00000000  0.96803823  0.00648002  0.96805992 -0.25122864
47221.3  2.00000000  0.96803823  0.00648048  0.96805992 -0.25122865
47221.4  2.00000000  0.96803822  0.00648062  0.96805992 -0.25122866
47221.5  2.00000000  0.96803822  0.00648040  0.96805991 -0.25122867
47221.6  2.00000000  0.96803823  0.00647987  0.96805991 -0.25122867
47221.7  2.00000000  0.96803823  0.00647915  0.96805991 -0.25122867
47221.8  2.00000000  0.96803824  0.00647840  0.96805991 -0.25122867
47221.9  2.00000000  0.96803824  0.00647779  0.96805991 -0.25122867
47222.0  2.00000000  0.96803825  0.00647746  0.96805992 -0.25122866
47222.1  2.00000000  0.96803825  0.00647747  0.96805992 -0.25122865
47222.2  2.00000000  0.96803825  0.00647782  0.96805992 -0.25122864
47222.3  2.00000000  0.96803824  0.00647843  0.96805992 -0.25122864
47222.4  2.00000000  0.96803824  0.00647918  0.96805992 -0.25122864
47222.5  2.00000000  0.96803823  0.00647988  0.96805992 -0.25122864
47222.6  2.00000000  0.96803823  0.00648040  0.96805992 -0.25122865
47222.7  2.00000000  0.96803822  0.00648062  0.96805992 -0.25122866
47222.8  2.00000000  0.96803822  0.00648048  0.96805992 -0.25122866
47222.9  2.00000000  0.96803823  0.00648002  0.96805991 -0.25122867
47223.0  2.00000000  0.96803823  0.00647934  0.96805991 -0.25122867
47223.1  2.00000000  0.96803824  0.00647859  0.96805991 -0.25122867
47223.2  2.00000000  0.96803824  0.00647794  0.96805991 -0.25122867
47223.3  2.00000000  0.96803824  0.00647754  0.96805992 -0.25122866
47223.4  2.00000000  0.96803825  0.00647746  0.96805992 -0.25122865
47223.5  2.00000000  0.96803825  0.00647774  0.96805992 -0.25122864
47223.6  2.00000000  0.96803824  0.00647830  0.96805992 -0.25122864
47223.7  2.00000000  0.96803824  0.00647902  0.96805992 -0.25122864
47223.8  2.00000000  0.96803823  0.00647973  0.96805992 -0.25122864
47223.9  2.00000000  0.96803823  0.00648027  0.96805992 -0.25122865
47224.0  2.00000000  0.96803823  0.00648053  0.96805992 -0.25122865
47224.1  2.00000000  0.96803822  0.00648045  0.96805992 -0.25122866
47224.2  2.00000000  0.96803823  0.00648005  0.96805991 -0.25122867
47224.3  2.00000000  0.96803823  0.00647942  0.96805991 -0.25122867
47224.4  2.00000000  0.96803823  0.00647871  0.96805991 -0.25122867
47224.5  2.00000000  0.96803824  0.00647807  0.96805991 -0.25122867
47224.6  2.00000000  0.96803824  0.00647763  0.96805992 -0.25122866
47224.7  2.00000000  0.96803825  0.00647750  0.96805992 -0.25122865
47224.8  2.00000000  0.96803825  0.00647769  0.96805992 -0.25122865
47224.9  2.00000000  0.96803824  0.00647818  0.96805992 -0.25122864
47225.0  2.00000000  0.96803824  0.00647885  0.96805992 -0.25122864
47225.1  2.00000000  0.96803823  0.00647955  0.96805992 -0.25122864
47225.2  2.00000000  0.96803823  0.00648013  0.96805992 -0.25122864
47225.3  2.00000000  0.96803823  0.00648045  0.96805992 -0.25122865
47225.4  2.00000000  0.96803822  0.00648044  0.96805992 -0.25122866
47225.5  2.00000000  0.96803823  0.00648011  0.96805991 -0.25122867
47225.6  2.00000000  0.96803823  0.00647954  0.96805991 -0.25122867
47225.7  2.00000000  0.96803823  0.00647885  0.96805991 -0.25122867
47225.8  2.00000000  0.96803824  0.00647821  0.96805991 -0.25122867
47225.9  2.00000000  0.96803824  0.00647775  0.96805992 -0.25122866
47226.0  2.00000000  0.96803824  0.00647758  0.96805992 -0.25122865
47226.1  2.00000000  0.96803824  0.00647773  0.96805992 -0.25122865
47226.2  2.00000000  0.96803824  0.00647818  0.96805992 -0.25122864
47226.3  2.00000000  0.96803824  0.00647880  0.96805992 -0.25122864
47226.4  2.00000000  0.96803823  0.00647948  0.96805992 -0.25122864
47226.5  2.00000000  0.96803823  0.00648003  0.96805992 -0.25122864
47226.6  2.00000000  0.96803823  0.00648037  0.96805992 -0.25122865
47226.7  2.00000000  0.96803823  0.00648039  0.96805992 -0.25122866
47226.8  2.00000000  0.96803823  0.00648012  0.96805992 -0.25122867
47226.9  2.00000000  0.96803823  0.00647961  0.96805991 -0.25122867
47227.0  2.00000000  0.96803823  0.00647897  0.96805991 -0.25122867
47227.1  2.00000000  0.96803824  0.00647834  0.96805991 -0.25122867
47227.2  2.00000000  0.96803824  0.00647786  0.96805992 -0.25122866
47227.3  2.00000000  0.96803824  0.00647763  0.96805992 -0.25122866
47227.4  2.00000000  0.96803824  0.00647772  0.96805992 -0.25122865
47227.5  2.00000000  0.96803824  0.00647809  0.96805992 -0.25122864
47227.6  2.00000000  0.96803824  0.00647864  0.96805992 -0.25122864
47227.7  2.00000000  0.96803824  0.00647927  0.96805992 -0.25122864
47227.8  2.00000000  0.96803823  0.00647984  0.96805992 -0.25122864
47227.9  2.00000000  0.96803823  0.00648022  0.96805992 -0.25122865
47228.0  2.00000000  0.96803823  0.00648036  0.96805992 -0.25122866
47228.1  2.00000000  0.96803823  0.00648020  0.96805992 -0.25122866
47228.2  2.00000000  0.96803823  0.00647978  0.96805991 -0.25122867
47228.3  2.00000000  0.96803823  0.00647919  0.96805991 -0.25122867
47228.4  2.00000000  0.96803824  0.00647855  0.96805991 -0.25122867
47228.5  2.00000000  0.96803824  0.00647800  0.96805991 -0.25122867
47228.6  2.00000000  0.96803824  0.00647766  0.96805992 -0.25122866
47228.7  2.00000000  0.96803824  0.00647759  0.96805992 -0.25122865
47228.8  2.00000000  0.96803824  0.00647785  0.96805992 -0.25122864
47228.9  2.00000000  0.96803824  0.00647837  0.96805992 -0.25122864
47229.0  2.00000000  0.96803824  0.00647903  0.96805992 -0.25122864
47229.1  2.00000000  0.96803823  0.00647966  0.96805992 -0.25122864
47229.2  2.00000000  0.96803823  0.00648014  0.96805992 -0.25122865
47229.3  2.00000000  0.96803823  0.00648035  0.96805992 -0.25122865
47229.4  2.00000000  0.96803823  0.00648026  0.96805992 -0.25122866
47229.5  2.00000000  0.96803823  0.00647990  0.96805991 -0.25122867
47229.6  2.00000000  0.96803823  0.00647936  0.96805991 -0.25122867
47229.7  2.00000000  0.96803823  0.00647875  0.96805991 -0.25122867
47229.8  2.00000000  0.96803824  0.00647822  0.96805992 -0.25122867
47229.9  2.00000000  0.96803824  0.00647788  0.96805992 -0.25122866
47230.0  2.00000000  0.96803824  0.00647780  0.96805992 -0.25122865
47230.1  2.00000000  0.96803824  0.00647799  0.96805992 -0.25122865
47230.2  2.00000000  0.96803824  0.00647839  0.96805992 -0.25122864
47230.3  2.00000000  0.96803824  0.00647892  0.96805992 -0.25122864
47230.4  2.00000000  0.96803823  0.00647945  0.96805992 -0.25122864
47230.5  2.00000000  0.96803823  0.00647987  0.96805992 -0.25122865
47230.6  2.00000000  0.96803823  0.00648010  0.96805992 -0.25122865
47230.7  2.00000000  0.96803823  0.00648009  0.96805992 -0.25122866
47230.8  2.00000000  0.96803823  0.00647985  0.96805992 -0.25122866
47230.9  2.00000000  0.96803823  0.00647945  0.96805992 -0.25122867
47231.0  2.00000000  0.96803823  0.00647897  0.96805992 -0.25122867
47231.1  2.00000000  0.96803824  0.00647852  0.96805992 -0.25122867
47231.2  2.00000000  0.96803824  0.00647818  0.96805992 -0.25122866
47231.3  2.00000000  0.96803824  0.00647803  0.96805992 -0.25122866
47231.4  2.00000000  0.96803824  0.00647808  0.96805992 -0.25122865
47231.5  2.00000000  0.96803824  0.00647833  0.96805992 -0.25122865
47231.6  2.00000000  0.96803824  0.00647872  0.96805992 -0.25122864
47231.7  2.00000000  0.96803824  0.00647915  0.96805992 -0.25122864
47231.8  2.00000000  0.96803823  0.00647955  0.96805992 -0.25122865
47231.9  2.00000000  0.96803823  0.00647982  0.96805992 -0.25122865
47232.0  2.00000000  0.96803823  0.00647992  0.96805992 -0.25122866
47232.1  2.00000000  0.96803823  0.00647980  0.96805992 -0.25122866
47232.2  2.00000000  0.96803823  0.00647952  0.96805992 -0.25122866
47232.3  2.00000000  0.96803823  0.00647913  0.96805992 -0.25122866
47232.4  2.00000000  0.96803824  0.00647873  0.96805991 -0.25122866
47232.5  2.00000000  0.96803824  0.00647840  0.96805992 -0.25122866
47232.6  2.00000000  0.96803824  0.00647821  0.96805992 -0.25122866
47232.7  2.00000000  0.96803824  0.00647821  0.96805992 -0.25122865
47232.8  2.00000000  0.96803824  0.00647839  0.96805992 -0.25122865
47232.9  2.00000000  0.96803824  0.00647870  0.96805992 -0.25122865
47233.0  2.00000000  0.96803824  0.00647907  0.96805992 -0.25122865
47233.1  2.00000000  0.96803823  0.00647942  0.96805992 -0.25122865
47233.2  2.00000000  0.96803823  0.00647967  0.96805992 -0.25122865
47233.3  2.00000000  0.96803823  0.00647977  0.96805992 -0.25122866
47233.4  2.00000000  0.96803823  0.00647970  0.96805992 -0.25122866
47233.5  2.00000000  0.96803823  0.00647948  0.96805992 -0.25122866
47233.6  2.00000000  0.96803823  0.00647916  0.96805991 -0.25122866
47233.7  2.00000000  0.96803823  0.00647882  0.96805992 -0.25122866
47233.8  2.00000000  0.96803824  0.00647853  0.96805992 -0.25122866
47233.9  2.00000000  0.96803824  0.00647835  0.96805992 -0.25122866
47234.0  2.00000000  0.96803824  0.00647832  0.96805992 -0.25122865
47234.1  2.00000000  0.96803824  0.00647843  0.96805992 -0.25122865
47234.2  2.00000000  0.96803824  0.00647867  0.96805992 -0.25122865
47234.3  2.00000000  0.96803824  0.00647897  0.96805992 -0.25122865
47234.4  2.00000000  0.96803823  0.00647927  0.96805992 -0.25122865
47234.5  2.00000000  0.96803823  0.00647951  0.96805992 -0.25122865
47234.6  2.00000000  0.96803823  0.00647964  0.96805992 -0.25122865
47234.7  2.00000000  0.96803823  0.00647963  0.96805992 -0.25122866
47234.8  2.00000000  0.96803823  0.00647949  0.96805992 -0.25122866
47234.9  2.00000000  0.96803823  0.00647925  0.96805992 -0.25122866
47235.0  2.00000000  0.96803823  0.00647896  0.96805992 -0.25122866
47235.1  2.00000000  0.96803824  0.00647869  0.96805992 -0.25122866
47235.2  2.00000000  0.96803824  0.00647850  0.96805992 -0.25122866
47235.3  2.00000000  0.96803824  0.00647842  0.96805992 -0.25122866
47235.4  2.00000000  0.96803824  0.00647847  0.96805992 -0.25122865
47235.5  2.00000000  0.96803824  0.00647863  0.96805992 -0.25122865
47235.6  2.00000000  0.96803824  0.00647888  0.96805992 -0.25122865
47235.7  2.00000000  0.96803824  0.00647915  0.96805992 -0.25122865
47235.8  2.00000000  0.96803823  0.00647938  0.96805992 -0.25122865
47235.9  2.00000000  0.96803823  0.00647953  0.96805992 -0.25122865
47236.0  2.00000000  0.96803823  0.00647958  0.96805992 -0.25122866
47236.1  2.00000000  0.96803823  0.00647950  0.96805992 -0.25122866
47236.2  2.00000000  0.96803823  0.00647932  0.96805992 -0.25122866
47236.3  2.00000000  0.96803823  0.00647908  0.96805992 -0.25122866
47236.4  2.00000000  0.96803824  0.00647884  0.96805992 -0.25122866
47236.5  2.00000000  0.96803824  0.00647864  0.96805992 -0.25122866
47236.6  2.00000000  0.96803824  0.00647852  0.96805992 -0.25122866
47236.7  2.00000000  0.96803824  0.00647850  0.96805992 -0.25122865
47236.8  2.00000000  0.96803824  0.00647860  0.96805992 -0.25122865
47236.9  2.00000000  0.96803824  0.00647877  0.96805992 -0.25122865
47237.0  2.00000000  0.96803824  0.00647899  0.96805992 -0.25122865
47237.1  2.00000000  0.96803823  0.00647921  0.96805992 -0.25122865
47237.2  2.00000000  0.96803823  0.00647938  0.96805992 -0.25122865
47237.3  2.00000000  0.96803823  0.00647947  0.96805992 -0.25122865
47237.4  2.00000000  0.96803823  0.00647946  0.96805992 -0.25122866
47237.5  2.00000000  0.96803823  0.00647936  0.96805992 -0.25122866
47237.6  2.00000000  0.96803823  0.00647920  0.96805992 -0.25122866
47237.7  2.00000000  0.96803823  0.00647900  0.96805992 -0.25122866
47237.8  2.00000000  0.96803824  0.00647881  0.96805992 -0.25122866
47237.9  2.00000000  0.96803824  0.00647867  0.96805992 -0.25122866
47238.0  2.00000000  0.96803824  0.00647860  0.96805992 -0.25122866
47238.1  2.00000000  0.96803824  0.00647862  0.96805992 -0.25122865
47238.2  2.00000000  0.96803824  0.00647873  0.96805992 -0.25122865
47238.3  2.00000000  0.96803824  0.00647889  0.96805992 -0.25122865
47238.4  2.00000000  0.96803824  0.00647908  0.96805992 -0.25122865
47238.5  2.00000000  0.96803823  0.00647924  0.96805992 -0.25122865
47238.6  2.00000000  0.96803823  0.00647935  0.96805992 -0.25122865
47238.7  2.00000000  0.96803823  0.00647939  0.96805992 -0.25122866
47238.8  2.00000000  0.96803823  0.00647934  0.96805992 -0.25122866
47238.9  2.00000000  0.96803823  0.00647923  0.96805992 -0.25122866
47239.0  2.00000000  0.96803823  0.00647908  0.96805992 -0.25122866
47239.1  2.00000000  0.96803824  0.00647892  0.96805992 -0.25122866
47239.2  2.00000000  0.96803824  0.00647878  0.96805992 -0.25122866
47239.3  2.00000000  0.96803824  0.00647869  0.96805992 -0.25122866
47239.4  2.00000000  0.96803824  0.00647868  0.96805992 -0.25122865
47239.5  2.00000000  0.96803824  0.00647875  0.96805992 -0.25122865
47239.6  2.00000000  0.96803824  0.00647886  0.96805992 -0.25122865
47239.7  2.00000000  0.96803824  0.00647900  0.96805992 -0.25122865
47239.8  2.00000000  0.96803823  0.00647915  0.96805992 -0.25122865
47239.9  2.00000000  0.96803823  0.00647927  0.96805992 -0.25122865
47240.0  2.00000000  0.96803823  0.00647934  0.96805992 -0.25122865
47240.1  2.00000000  0.96803823  0.00647933  0.96805992 -0.25122866
47240.2  2.00000000  0.96803823  0.00647925  0.96805992 -0.25122866
47240.3  2.00000000  0.96803823  0.00647912  0.96805992 -0.25122866
47240.4  2.00000000  0.96803823  0.00647897  0.96805992 -0.25122866
47240.5  2.00000000  0.96803824  0.00647883  0.96805992 -0.25122866
47240.6  2.00000000  0.96803824  0.00647873  0.96805992 -0.25122866
47240.7  2.00000000  0.96803824  0.00647869  0.96805992 -0.25122866
47240.8  2.00000000  0.96803824  0.00647870  0.96805992 -0.25122865
47240.9  2.00000000  0.96803824  0.00647879  0.96805992 -0.25122865
47241.0  2.00000000  0.96803824  0.00647892  0.96805992 -0.25122865
47241.1  2.00000000  0.96803824  0.00647908  0.96805992 -0.25122865
47241.2  2.00000000  0.96803823  0.00647922  0.96805992 -0.25122865
47241.3  2.00000000  0.96803823  0.00647931  0.96805992 -0.25122865
47241.4  2.00000000  0.96803823  0.00647935  0.96805992 -0.25122866
47241.5  2.00000000  0.96803823  0.00647931  0.96805992 -0.25122866
47241.6  2.00000000  0.96803823  0.00647922  0.96805992 -0.25122866
47241.7  2.00000000  0.96803823  0.00647908  0.96805992 -0.25122866
47241.8  2.00000000  0.96803823  0.00647893  0.96805992 -0.25122866
47241.9  2.00000000  0.96803824  0.00647879  0.96805992 -0.25122866
47242.0  2.00000000  0.96803824  0.00647871  0.96805992 -0.25122866
47242.1  2.00000000  0.96803824  0.00647869  0.96805992 -0.25122865
47242.2  2.00000000  0.96803824  0.00647873  0.96805992 -0.25122865
47242.3  2.00000000  0.96803824  0.00647883  0.96805992 -0.25122865
47242.4  2.00000000  0.96803824  0.00647898  0.96805992 -0.25122865
47242.5  2.00000000  0.96803824  0.00647912  0.96805992 -0.25122865
47242.6  2.00000000  0.96803823  0.00647925  0.96805992 -0.25122865
47242.7  2.00000000  0.96803823  0.00647932  0.96805992 -0.25122865
47242.8  2.00000000  0.96803823  0.00647933  0.96805992 -0.25122866
47242.9  2.00000000  0.96803823  0.00647928  0.96805992 -0.25122866
47243.0  2.00000000  0.96803823  0.00647917  0.96805992 -0.25122866
47243.1  2.00000000  0.96803823  0.00647903  0.96805992 -0.25122866
47243.2  2.00000000  0.96803824  0.00647889  0.96805992 -0.25122866
47243.3  2.00000000  0.96803824  0.00647878  0.96805992 -0.25122866
47243.4  2.00000000  0.96803824  0.00647871  0.96805992 -0.25122866
47243.5  2.00000000  0.96803824  0.00647871  0.96805992 -0.25122865
47243.6  2.00000000  0.96803824  0.00647877  0.96805992 -0.25122865
47243.7  2.00000000  0.96803824  0.00647888  0.96805992 -0.25122865
47243.8  2.00000000  0.96803824  0.00647901  0.96805992 -0.25122865
47243.9  2.00000000  0.96803823  0.00647914  0.96805992 -0.25122865
47244.0  2.00000000  0.96803823  0.00647925  0.96805992 -0.25122865
47244.1  2.00000000  0.96803823  0.00647931  0.96805992 -0.25122865
47244.2  2.00000000  0.96803823  0.00647931  0.96805992 -0.25122866
47244.3  2.00000000  0.96803823  0.00647925  0.96805992 -0.25122866
47244.4  2.00000000  0.96803823  0.00647914  0.96805992 -0.25122866
47244.5  2.00000000  0.96803824  0.00647901  0.96805992 -0.25122866
47244.6  2.00000000  0.96803824  0.00647888  0.96805992 -0.25122866
47244.7  2.00000000  0.96803824  0.00647877  0.96805992 -0.25122866
47244.8  2.00000000  0.96803824  0.00647871  0.96805992 -0.25122866
47244.9  2.00000000  0.96803824  0.00647872  0.96805992 -0.25122865
47245.0  2.00000000  0.96803824  0.00647878  0.96805992 -0.25122865
47245.1  2.00000000  0.96803824  0.00647889  0.96805992 -0.25122865
47245.2  2.00000000  0.96803824  0.00647903  0.96805992 -0.25122865
47245.3  2.00000000  0.96803823  0.00647916  0.96805992 -0.25122865
47245.4  2.00000000  0.96803823  0.00647925  0.96805992 -0.25122865
47245.5  2.00000000  0.96803823  0.00647930  0.96805992 -0.25122865
47245.6  2.00000000  0.96803823  0.00647928  0.96805992 -0.25122866
47245.7  2.00000000  0.96803823  0.00647922  0.96805992 -0.25122866
47245.8  2.00000000  0.96803823  0.00647913  0.96805992 -0.25122866
47245.9  2.00000000  0.96803823  0.00647901  0.96805992 -0.25122866
47246.0  2.00000000  0.96803823  0.00647891  0.96805992 -0.25122866
47246.1  2.00000000  0.96803824  0.00647883  0.96805992 -0.25122866
47246.2  2.00000000  0.96803824  0.00647878  0.96805992 -0.25122866
47246.3  2.00000000  0.96803824  0.00647878  0.96805992 -0.25122865
47246.4  2.00000000  0.96803824  0.00647883  0.96805992 -0.25122865
47246.5  2.00000000  0.96803824  0.00647891  0.96805992 -0.25122865
47246.6  2.00000000  0.96803824  0.00647899  0.96805992 -0.25122865
47246.7  2.00000000  0.96803824  0.00647908  0.96805992 -0.25122865
47246.8  2.00000000  0.96803823  0.00647915  0.96805992 -0.25122865
47246.9  2.00000000  0.96803823  0.00647919  0.96805992 -0.25122865
47247.0  2.00000000  0.96803823  0.00647919  0.96805992 -0.25122866
47247.1  2.00000000  0.96803823  0.00647917  0.96805992 -0.25122866
47247.2  2.00000000  0.96803823  0.00647911  0.96805992 -0.25122866
47247.3  2.00000000  0.96803823  0.00647903  0.96805992 -0.25122866
47247.4  2.00000000  0.96803824  0.00647895  0.96805992 -0.25122866
47247.5  2.00000000  0.96803824  0.00647888  0.96805992 -0.25122866
47247.6  2.00000000  0.96803824  0.00647884  0.96805992 -0.25122866
47247.7  2.00000000  0.96803824  0.00647883  0.96805992 -0.25122865
47247.8  2.00000000  0.96803824  0.00647886  0.96805992 -0.25122865
47247.9  2.00000000  0.96803824  0.00647892  0.96805992 -0.25122865
47248.0  2.00000000  0.96803824  0.00647900  0.96805992 -0.25122865
47248.1  2.00000000  0.96803823  0.00647908  0.96805992 -0.25122865
47248.2  2.00000000  0.96803823  0.00647914  0.96805992 -0.25122865
47248.3  2.00000000  0.96803823  0.00647917  0.96805992 -0.25122865
47248.4  2.00000000  0.96803823  0.00647918  0.96805992 -0.25122866
47248.5  2.00000000  0.96803823  0.00647916  0.96805992 -0.25122866
47248.6  2.00000000  0.96803823  0.00647912  0.96805992 -0.25122866
47248.7  2.00000000  0.96803823  0.00647906  0.96805992 -0.25122866
47248.8  2.00000000  0.96803824  0.00647900  0.96805992 -0.25122866
47248.9  2.00000000  0.96803824  0.00647895  0.96805992 -0.25122866
47249.0  2.00000000  0.96803824  0.00647890  0.96805992 -0.25122866
47249.1  2.00000000  0.96803824  0.00647888  0.96805992 -0.25122866
47249.2  2.00000000  0.96803824  0.00647887  0.96805992 -0.25122865
47249.3  2.00000000  0.96803824  0.00647888  0.96805992 -0.25122865
47249.4  2.00000000  0.96803824  0.00647892  0.96805992 -0.25122865
47249.5  2.00000000  0.96803824  0.00647896  0.96805992 -0.25122865
47249.6  2.00000000  0.96803824  0.00647901  0.96805992 -0.25122865
47249.7  2.00000000  0.96803823  0.00647905  0.96805992 -0.25122865
47249.8  2.00000000  0.96803823  0.00647909  0.96805992 -0.25122865
47249.9  2.00000000  0.96803823  0.00647912  0.96805992 -0.25122865
47250.0  2.00000000  0.96803823  0.00647913  0.96805992 -0.25122866
47250.1  2.00000000  0.96803823  0.00647912  0.96805992 -0.25122866
47250.2  2.00000000  0.96803823  0.00647910  0.96805992 -0.25122866
47250.3  2.00000000  0.96803823  0.00647907  0.96805992 -0.25122866
47250.4  2.00000000  0.96803823  0.00647903  0.96805992 -0.25122866
47250.5  2.00000000  0.96803824  0.00647898  0.96805992 -0.25122866
47250.6  2.00000000  0.96803824  0.00647893  0.96805992 -0.25122866
47250.7  2.00000000  0.96803824  0.00647889  0.96805992 -0.25122866
47250.8  2.00000000  0.96803824  0.00647887  0.96805992 -0.25122866
47250.9  2.00000000  0.96803824  0.00647887  0.96805992 -0.25122865
47251.0  2.00000000  0.96803824  0.00647889  0.96805992 -0.25122865
47251.1  2.00000000  0.96803824  0.00647894  0.96805992 -0.25122865
47251.2  2.00000000  0.96803824  0.00647900  0.96805992 -0.25122865
47251.3  2.00000000  0.96803823  0.00647907  0.96805992 -0.25122865
47251.4  2.00000000  0.96803823  0.00647914  0.96805992 -0.25122865
47251.5  2.00000000  0.96803823  0.00647919  0.96805992 -0.25122865
47251.6  2.00000000  0.96803823  0.00647922  0.96805992 -0.25122866
47251.7  2.00000000  0.96803823  0.00647922  0.96805992 -0.25122866
47251.8  2.00000000  0.96803823  0.00647918  0.96805992 -0.25122866
47251.9  2.00000000  0.96803823  0.00647911  0.96805992 -0.25122866
47252.0  2.00000000  0.96803823  0.00647902  0.96805992 -0.25122866
47252.1  2.00000000  0.96803824  0.00647892  0.96805992 -0.25122866
47252.2  2.00000000  0.96803824  0.00647883  0.96805992 -0.25122866
47252.3  2.00000000  0.96803824  0.00647878  0.96805992 -0.25122866
47252.4  2.00000000  0.96803824  0.00647877  0.96805992 -0.25122865
47252.5  2.00000000  0.96803824  0.00647882  0.96805992 -0.25122865
47252.6  2.00000000  0.96803824  0.00647891  0.96805992 -0.25122865
47252.7  2.00000000  0.96803824  0.00647902  0.96805992 -0.25122865
47252.8  2.00000000  0.96803824  0.00647914  0.96805992 -0.25122865
47252.9  2.00000000  0.96803823  0.00647923  0.96805992 -0.25122865
47253.0  2.00000000  0.96803823  0.00647927  0.96805992 -0.25122865
47253.1  2.00000000  0.96803823  0.00647926  0.96805992 -0.25122866
47253.2  2.00000000  0.96803823  0.00647919  0.96805992 -0.25122866
47253.3  2.00000000  0.96803823  0.00647908  0.96805992 -0.25122866
47253.4  2.00000000  0.96803823  0.00647895  0.96805992 -0.25122866
47253.5  2.00000000  0.96803824  0.00647884  0.96805992 -0.25122866
47253.6  2.00000000  0.96803824  0.00647877  0.96805992 -0.25122866
47253.7  2.00000000  0.96803824  0.00647875  0.96805992 -0.25122865
47253.8  2.00000000  0.96803824  0.00647879  0.96805992 -0.25122865
47253.9  2.00000000  0.96803824  0.00647889  0.96805992 -0.25122865
47254.0  2.00000000  0.96803824  0.00647900  0.96805992 -0.25122865
47254.1  2.00000000  0.96803823  0.00647912  0.96805992 -0.25122865
47254.2  2.00000000  0.96803823  0.00647920  0.96805992 -0.25122865
47254.3  2.00000000  0.96803823  0.00647924  0.96805992 -0.25122865
47254.4  2.00000000  0.96803823  0.00647923  0.96805992 -0.25122866
47254.5  2.00000000  0.96803823  0.00647918  0.96805992 -0.25122866
47254.6  2.00000000  0.96803823  0.00647910  0.96805992 -0.25122866
47254.7  2.00000000  0.96803823  0.00647902  0.96805992 -0.25122866
47254.8  2.00000000  0.96803824  0.00647894  0.96805992 -0.25122866
47254.9  2.00000000  0.96803824  0.00647888  0.96805992 -0.25122866
47255.0  2.00000000  0.96803824  0.00647885  0.96805992 -0.25122866
47255.1  2.00000000  0.96803824  0.00647885  0.96805992 -0.25122865
47255.2  2.00000000  0.96803824  0.00647889  0.96805992 -0.25122865
47255.3  2.00000000  0.96803824  0.00647894  0.96805992 -0.25122865
47255.4  2.00000000  0.96803823  0.00647902  0.96805992 -0.25122865
47255.5  2.00000000  0.96803823  0.00647909  0.96805992 -0.25122865
47255.6  2.00000000  0.96803823  0.00647914  0.96805992 -0.25122865
47255.7  2.00000000  0.96803823  0.00647917  0.96805992 -0.25122865
47255.8  2.00000000  0.96803823  0.00647916  0.96805992 -0.25122866
47255.9  2.00000000  0.96803823  0.00647913  0.96805992 -0.25122866
47256.0  2.00000000  0.96803823  0.00647908  0.96805992 -0.25122866
47256.1  2.00000000  0.96803824  0.00647901  0.96805992 -0.25122866
47256.2  2.00000000  0.96803824  0.00647895  0.96805992 -0.25122866
47256.3  2.00000000  0.96803824  0.00647889  0.96805992 -0.25122866
47256.4  2.00000000  0.96803824  0.00647887  0.96805992 -0.25122866
47256.5  2.00000000  0.96803824  0.00647887  0.96805992 -0.25122865
47256.6  2.00000000  0.96803824  0.00647891  0.96805992 -0.25122865
47256.7  2.00000000  0.96803824  0.00647898  0.96805992 -0.25122865
47256.8  2.00000000  0.96803824  0.00647906  0.96805992 -0.25122865
47256.9  2.00000000  0.96803824  0.00647913  0.96805992 -0.25122865
47257.0  2.00000000  0.96803823  0.00647917  0.96805992 -0.25122865
47257.1  2.00000000  0.96803823  0.00647918  0.96805992 -0.25122866
47257.2  2.00000000  0.96803823  0.00647915  0.96805992 -0.25122866
47257.3  2.00000000  0.96803823  0.00647909  0.96805992 -0.25122866
47257.4  2.00000000  0.96803823  0.00647902  0.96805992 -0.25122866
47257.5  2.00000000  0.96803823  0.00647895  0.96805992 -0.25122866
47257.6  2.00000000  0.96803824  0.00647890  0.96805992 -0.25122866
47257.7  2.00000000  0.96803824  0.00647887  0.96805992 -0.25122866
47257.8  2.00000000  0.96803824  0.00647887  0.96805992 -0.25122865
47257.9  2.00000000  0.96803824  0.00647890  0.96805992 -0.25122865
47258.0  2.00000000  0.96803824  0.00647895  0.96805992 -0.25122865
47258.1  2.00000000  0.96803824  0.00647900  0.96805992 -0.25122865
47258.2  2.00000000  0.96803824  0.00647905  0.96805992 -0.25122865
47258.3  2.00000000  0.96803823  0.00647910  0.96805992 -0.25122865
47258.4  2.00000000  0.96803823  0.00647912  0.96805992 -0.25122865
47258.5  2.00000000  0.96803823  0.00647913  0.96805992 -0.25122866
47258.6  2.00000000  0.96803823  0.00647911  0.96805992 -0.25122866
47258.7  2.00000000  0.96803823  0.00647908  0.96805992 -0.25122866
47258.8  2.00000000  0.96803823  0.00647905  0.96805992 -0.25122866
47258.9  2.00000000  0.96803823  0.00647901  0.96805992 -0.25122866
47259.0  2.00000000  0.96803824  0.00647897  0.96805992 -0.25122866
47259.1  2.00000000  0.96803824  0.00647895  0.96805992 -0.25122866
47259.2  2.00000000  0.96803824  0.00647893  0.96805992 -0.25122866
47259.3  2.00000000  0.96803824  0.00647894  0.96805992 -0.25122865
47259.4  2.00000000  0.96803824  0.00647895  0.96805992 -0.25122865
47259.5  2.00000000  0.96803824  0.00647898  0.96805992 -0.25122865
47259.6  2.00000000  0.96803824  0.00647900  0.96805992 -0.25122865
47259.7  2.00000000  0.96803823  0.00647903  0.96805992 -0.25122865
47259.8  2.00000000  0.96803823  0.00647905  0.96805992 -0.25122865
47259.9  2.00000000  0.96803823  0.00647907  0.96805992 -0.25122865
47260.0  2.00000000  0.96803823  0.00647907  0.96805992 -0.25122866
47260.1  2.00000000  0.96803823  0.00647908  0.96805992 -0.25122866
47260.2  2.00000000  0.96803823  0.00647906  0.96805992 -0.25122866
47260.3  2.00000000  0.96803823  0.00647904  0.96805992 -0.25122866
47260.4  2.00000000  0.96803824  0.00647902  0.96805992 -0.25122866
47260.5  2.00000000  0.96803824  0.00647901  0.96805992 -0.25122866
47260.6  2.00000000  0.96803824  0.00647900  0.96805992 -0.25122866
47260.7  2.00000000  0.96803824  0.00647899  0.96805992 -0.25122866
47260.8  2.00000000  0.96803824  0.00647899  0.96805992 -0.25122866
47260.9  2.00000000  0.96803824  0.00647899  0.96805992 -0.25122866
47261.0  2.00000000  0.96803824  0.00647900  0.96805992 -0.25122866
47261.1  2.00000000  0.96803824  0.00647900  0.96805992 -0.25122866
47261.2  2.00000000  0.96803824  0.00647900  0.96805992 -0.25122866
47261.3  2.00000000  0.96803824  0.00647901  0.96805992 -0.25122866
47261.4  2.00000000  0.96803824  0.00647901  0.96805992 -0.25122866
47261.5  2.00000000  0.96803824  0.00647901  0.96805992 -0.25122866
47261.6  2.00000000  0.96803824  0.00647901  0.96805992 -0.25122866
47261.7  2.00000000  0.96803824  0.00647901  0.96805992 -0.25122866
47261.8  2.00000000  0.96803824  0.00647902  0.96805992 -0.25122866
47261.9  2.00000000  0.96803824  0.00647902  0.96805992 -0.25122866
47262.0  2.00000000  0.96803824  0.00647902  0.96805992 -0.25122866
47262.1  2.00000000  0.96803824  0.00647902  0.96805992 -0.25122866
47262.2  2.00000000  0.96803824  0.00647902  0.96805992 -0.25122866
47262.3  2.00000000  0.96803824  0.00647902  0.96805992 -0.25122866
47262.4  2.00000000  0.96803824  0.00647902  0.96805992 -0.25122866
47262.5  2.00000000  0.96803824  0.00647902  0.96805992 -0.25122866
47262.6  2.00000000  0.96803824  0.00647902  0.96805992 -0.25122866
47262.7  2.00000000  0.96803824  0.00647902  0.96805992 -0.25122866
47262.8  2.00000000  0.96803824  0.00647902  0.96805992 -0.25122866
47262.9  2.00000000  0.96803824  0.00647901  0.96805992 -0.25122866
47263.0  2.00000000  0.96803824  0.00647901  0.96805992 -0.25122866
47263.1  2.00000000  0.96803824  0.00647901  0.96805992 -0.25122866
47263.2  2.00000000  0.96803824  0.00647901  0.96805992 -0.25122866
47263.3  2.00000000  0.96803824  0.00647901  0.96805992 -0.25122866
47263.4  2.00000000  0.96803824  0.00647901  0.96805992 -0.25122866
47263.5  2.00000000  0.96803824  0.00647901  0.96805992 -0.25122866
47263.6  2.00000000  0.96803824  0.00647901  0.96805992 -0.25122866
47263.7  2.00000000  0.96803824  0.00647901  0.96805992 -0.25122866
47263.8  2.00000000  0.96803824  0.00647901  0.96805992 -0.25122866
47263.9  2.00000000  0.96803824  0.00647901  0.96805992 -0.25122866
47264.0  2.00000000  0.96803824  0.00647901  0.96805992 -0.25122866
47264.1  2.00000000  0.96803824  0.00647901  0.96805992 -0.25122866
47264.2  2.00000000  0.96803824  0.00647901  0.96805992 -0.25122866
47264.3  2.00000000  0.96803824  0.00647901  0.96805992 -0.25122866
47264.4  2.00000000  0.96803824  0.00647901  0.96805992 -0.25122866
47264.5  2.00000000  0.96803824  0.00647901  0.96805992 -0.25122866
47264.6  2.00000000  0.96803824  0.00647901  0.96805992 -0.25122866
47264.7  2.00000000  0.96803824  0.00647901  0.96805992 -0.25122866
47264.8  2.00000000  0.96803824  0.00647901  0.96805992 -0.25122866
47264.9  2.00000000  0.96803824  0.00647901  0.96805992 -0.25122866
47265.0  2.00000000  0.96803824  0.00647901  0.96805992 -0.25122866
47265.1  2.00000000  0.96803824  0.00647901  0.96805992 -0.25122866
47265.2  2.00000000  0.96803824  0.00647901  0.96805992 -0.25122866
47265.3  2.00000000  0.96803824  0.00647901  0.96805992 -0.25122866
47265.4  2.00000000  0.96803824  0.00647901  0.96805992 -0.25122866
47265.5  2.00000000  0.96803824  0.00647901  0.96805992 -0.25122866
47265.6  2.00000000  0.96803824  0.00647901  0.96805992 -0.25122866
47265.7  2.00000000  0.96803824  0.00647901  0.96805992 -0.25122866
47265.8  2.00000000  0.96803824  0.00647901  0.96805992 -0.25122866
47265.9  2.00000000  0.96803824  0.00647901  0.96805992 -0.25122866
47266.0  2.00000000  0.96803824  0.00647901  0.96805992 -0.25122866
47266.1  2.00000000  0.96803824  0.00647901  0.96805992 -0.25122866
47266.2  2.00000000  0.96803824  0.00647901  0.96805992 -0.25122866
47266.3  2.00000000  0.96803824  0.00647901  0.96805992 -0.25122866
47266.4  2.00000000  0.96803824  0.00647901  0.96805992 -0.25122866
47266.5  2.00000000  0.96803824  0.00647901  0.96805992 -0.25122866
47266.6  2.00000000  0.96803824  0.00647901  0.96805992 -0.25122866
47266.7  2.00000000  0.96803824  0.00647901  0.96805992 -0.25122866
47266.8  2.00000000  0.96803824  0.00647901  0.96805992 -0.25122866
47266.9  2.00000000  0.96803824  0.00647901  0.96805992 -0.25122866
47267.0  2.00000000  0.96803824  0.00647901  0.96805992 -0.25122866
47267.1  2.00000000  0.96803824  0.00647901  0.96805992 -0.25122866
47267.2  2.00000000  0.96803824  0.00647901  0.96805992 -0.25122866
47267.3  2.00000000  0.96803824  0.00647901  0.96805992 -0.25122866
47267.4  2.00000000  0.96803824  0.00647901  0.96805992 -0.25122866
47267.5  2.00000000  0.96803824  0.00647901  0.96805992 -0.25122866
47267.6  2.00000000  0.96803824  0.00647901  0.96805992 -0.25122866
47267.7  2.00000000  0.96803824  0.00647901  0.96805992 -0.25122866
47267.8  2.00000000  0.96803824  0.00647901  0.96805992 -0.25122866
47267.9  2.00000000  0.96803824  0.00647901  0.96805992 -0.25122866
47268.0  2.00000000  0.96803824  0.00647901  0.96805992 -0.25122866
47268.1  2.00000000  0.96803824  0.00647901  0.96805992 -0.25122866
47268.2  2.00000000  0.96803824  0.00647901  0.96805992 -0.25122866
47268.3  2.00000000  0.96803824  0.00647901  0.96805992 -0.25122866
47268.4  2.00000000  0.96803824  0.00647901  0.96805992 -0.25122866
47268.5  2.00000000  0.96803824  0.00647901  0.96805992 -0.25122866
47268.6  2.00000000  0.96803824  0.00647901  0.96805992 -0.25122866
47268.7  2.00000000  0.96803824  0.00647901  0.96805992 -0.25122866
47268.8  2.00000000  0.96803824  0.00647901  0.96805992 -0.25122866
47268.9  2.00000000  0.96803824  0.00647901  0.96805992 -0.25122866
47269.0  2.00000000  0.96803824  0.00647901  0.96805992 -0.25122866
47269.1  2.00000000  0.96803824  0.00647901  0.96805992 -0.25122866
47269.2  2.00000000  0.96803824  0.00647901  0.96805992 -0.25122866
47269.3  2.00000000  0.96803824  0.00647901  0.96805992 -0.25122866
47269.4  2.00000000  0.96803824  0.00647901  0.96805992 -0.25122866
47269.5  2.00000000  0.96803824  0.00647901  0.96805992 -0.25122866
47269.6  2.00000000  0.96803824  0.00647901  0.96805992 -0.25122866
47269.7  2.00000000  0.96803824  0.00647901  0.96805992 -0.25122866
47269.8  2.00000000  0.96803824  0.00647901  0.96805992 -0.25122866
47269.9  2.00000000  0.96803824  0.00647901  0.96805992 -0.25122866
47270.0  2.00000000  0.96803824  0.00647901  0.96805992 -0.25122866
47270.1  2.00000000  0.96803824  0.00647901  0.96805992 -0.25122866
47270.2  2.00000000  0.96803824  0.00647901  0.96805992 -0.25122866
47270.3  2.00000000  0.96803824  0.00647901  0.96805992 -0.25122866
47270.4  2.00000000  0.96803824  0.00647901  0.96805992 -0.25122866
47270.5  2.00000000  0.96803824  0.00647901  0.96805992 -0.25122866
47270.6  2.00000000  0.96803824  0.00647901  0.96805992 -0.25122866
47270.7  2.00000000  0.96803824  0.00647901  0.96805992 -0.25122866
47270.8  2.00000000  0.96803824  0.00647901  0.96805992 -0.25122866
47270.9  2.00000000  0.96803824  0.00647901  0.96805992 -0.25122866
47271.0  2.00000000  0.96803824  0.00647901  0.96805992 -0.25122866
47271.1  2.00000000  0.96803824  0.00647901  0.96805992 -0.25122866
47271.2  2.00000000  0.96803824  0.00647901  0.96805992 -0.25122866
47271.3  2.00000000  0.96803824  0.00647901  0.96805992 -0.25122866
47271.4  2.00000000  0.96803824  0.00647901  0.96805992 -0.25122866
47271.5  2.00000000  0.96803824  0.00647901  0.96805992 -0.25122866
47271.6  2.00000000  0.96803824  0.00647901  0.96805992 -0.25122866
47271.7  2.00000000  0.96803824  0.00647901  0.96805992 -0.25122866
47271.8  2.00000000  0.96803824  0.00647901  0.96805992 -0.25122866
47271.9  2.00000000  0.96803824  0.00647901  0.96805992 -0.25122866
47272.0  2.00000000  0.96803824  0.00647901  0.96805992 -0.25122866
47272.1  2.00000000  0.96803824  0.00647901  0.96805992 -0.25122866
47272.2  2.00000000  0.96803824  0.00647901  0.96805992 -0.25122866
47272.3  2.00000000  0.96803824  0.00647901  0.96805992 -0.25122866
47272.4  2.00000000  0.96803824  0.00647901  0.96805992 -0.25122866
47272.5  2.00000000  0.96803824  0.00647901  0.96805992 -0.25122866
47272.6  2.00000000  0.96803824  0.00647901  0.96805992 -0.25122866
47272.7  2.00000000  0.96803824  0.00647901  0.96805992 -0.25122866
47272.8  2.00000000  0.96803824  0.00647901  0.96805992 -0.25122866
47272.9  2.00000000  0.96803824  0.00647901  0.96805992 -0.25122866
47273.0  2.00000000  0.96803824  0.00647901  0.96805992 -0.25122866
47273.1  2.00000000  0.96803824  0.00647901  0.96805992 -0.25122866
47273.2  2.00000000  0.96803824  0.00647901  0.96805992 -0.25122866
47273.3  2.00000000  0.96803824  0.00647901  0.96805992 -0.25122866
47273.4  2.00000000  0.96803824  0.00647901  0.96805992 -0.25122866
47273.5  2.00000000  0.96803824  0.00647901  0.96805992 -0.25122866
47273.6  2.00000000  0.96803824  0.00647901  0.96805992 -0.25122866
47273.7  2.00000000  0.96803824  0.00647901  0.96805992 -0.25122866
47273.8  2.00000000  0.96803824  0.00647901  0.96805992 -0.25122866
47273.9  2.00000000  0.96803824  0.00647901  0.96805992 -0.25122866
47274.0  2.00000000  0.96803824  0.00647901  0.96805992 -0.25122866
47274.1  2.00000000  0.96803824  0.00647901  0.96805992 -0.25122866
47274.2  2.00000000  0.96803824  0.00647901  0.96805992 -0.25122866
47274.3  2.00000000  0.96803824  0.00647901  0.96805992 -0.25122866
47274.4  2.00000000  0.96803824  0.00647901  0.96805992 -0.25122866
47274.5  2.00000000  0.96803824  0.00647901  0.96805992 -0.25122866
47274.6  2.00000000  0.96803824  0.00647901  0.96805992 -0.25122866
47274.7  2.00000000  0.96803824  0.00647901  0.96805992 -0.25122866
47274.8  2.00000000  0.96803824  0.00647901  0.96805992 -0.25122866
47274.9  2.00000000  0.96803824  0.00647901  0.96805992 -0.25122866
47275.0  2.00000000  0.96803824  0.00647901  0.96805992 -0.25122866
47275.1  2.00000000  0.96803824  0.00647901  0.96805992 -0.25122866
47275.2  2.00000000  0.96803824  0.00647901  0.96805992 -0.25122866
47275.3  2.00000000  0.96803824  0.00647901  0.96805992 -0.25122866
47275.4  2.00000000  0.96803824  0.00647901  0.96805992 -0.25122866
47275.5  2.00000000  0.96803824  0.00647901  0.96805992 -0.25122866
47275.6  2.00000000  0.96803824  0.00647901  0.96805992 -0.25122866
47275.7  2.00000000  0.96803824  0.00647901  0.96805992 -0.25122866
47275.8  2.00000000  0.96803824  0.00647901  0.96805992 -0.25122866
47275.9  2.00000000  0.96803824  0.00647901  0.96805992 -0.25122866
47276.0  2.00000000  0.96803824  0.00647901  0.96805992 -0.25122866
47276.1  2.00000000  0.96803824  0.00647901  0.96805992 -0.25122866
47276.2  2.00000000  0.96803824  0.00647901  0.96805992 -0.25122866
47276.3  2.00000000  0.96803824  0.00647901  0.96805992 -0.25122866
47276.4  2.00000000  0.96803824  0.00647901  0.96805992 -0.25122866
47276.5  2.00000000  0.96803824  0.00647901  0.96805992 -0.25122866
47276.6  2.00000000  0.96803824  0.00647901  0.96805992 -0.25122866
47276.7  2.00000000  0.96803824  0.00647901  0.96805992 -0.25122866
47276.8  2.00000000  0.96803824  0.00647901  0.96805992 -0.25122866
47276.9  2.00000000  0.96803824  0.00647901  0.96805992 -0.25122866
47277.0  2.00000000  0.96803824  0.00647901  0.96805992 -0.25122866
47277.1  2.00000000  0.96803824  0.00647901  0.96805992 -0.25122866
47277.2  2.00000000  0.96803824  0.00647901  0.96805992 -0.25122866
47277.3  2.00000000  0.96803824  0.00647901  0.96805992 -0.25122866
47277.4  2.00000000  0.96803824  0.00647901  0.96805992 -0.25122866
47277.5  2.00000000  0.96803824  0.00647901  0.96805992 -0.25122866
47277.6  2.00000000  0.96803824  0.00647901  0.96805992 -0.25122866
47277.7  2.00000000  0.96803824  0.00647901  0.96805992 -0.25122866
47277.8  2.00000000  0.96803824  0.00647901  0.96805992 -0.25122866
47277.9  2.00000000  0.96803824  0.00647901  0.96805992 -0.25122866
47278.0  2.00000000  0.96803824  0.00647901  0.96805992 -0.25122866
47278.1  2.00000000  0.96803824  0.00647901  0.96805992 -0.25122866
47278.2  2.00000000  0.96803824  0.00647901  0.96805992 -0.25122866
47278.3  2.00000000  0.96803824  0.00647901  0.96805992 -0.25122866
47278.4  2.00000000  0.96803824  0.00647901  0.96805992 -0.25122866
47278.5  2.00000000  0.96803824  0.00647901  0.96805992 -0.25122866
47278.6  2.00000000  0.96803824  0.00647901  0.96805992 -0.25122866
47278.7  2.00000000  0.96803824  0.00647901  0.96805992 -0.25122866
47278.8  2.00000000  0.96803824  0.00647901  0.96805992 -0.25122866
47278.9  2.00000000  0.96803824  0.00647901  0.96805992 -0.25122866
47279.0  2.00000000  0.96803824  0.00647901  0.96805992 -0.25122866
47279.1  2.00000000  0.96803824  0.00647901  0.96805992 -0.25122866
47279.2  2.00000000  0.96803824  0.00647901  0.96805992 -0.25122866
47279.3  2.00000000  0.96803824  0.00647901  0.96805992 -0.25122866
47279.4  2.00000000  0.96803824  0.00647901  0.96805992 -0.25122866
47279.5  2.00000000  0.96803824  0.00647901  0.96805992 -0.25122866
47279.6  2.00000000  0.96803824  0.00647901  0.96805992 -0.25122866
47279.7  2.00000000  0.96803824  0.00647901  0.96805992 -0.25122866
47279.8  2.00000000  0.96803824  0.00647901  0.96805992 -0.25122866
47279.9  2.00000000  0.96803824  0.00647901  0.96805992 -0.25122866
47280.0  2.00000000  0.96803824  0.00647901  0.96805992 -0.25122866
47280.1  2.00000000  0.96803824  0.00647901  0.96805992 -0.25122866
47280.2  2.00000000  0.96803824  0.00647901  0.96805992 -0.25122866
47280.3  2.00000000  0.96803824  0.00647901  0.96805992 -0.25122866
47280.4  2.00000000  0.96803824  0.00647901  0.96805992 -0.25122866
47280.5  2.00000000  0.96803824  0.00647901  0.96805992 -0.25122866
47280.6  2.00000000  0.96803824  0.00647901  0.96805992 -0.25122866
47280.7  2.00000000  0.96803824  0.00647901  0.96805992 -0.25122866
47280.8  2.00000000  0.96803824  0.00647901  0.96805992 -0.25122866
47280.9  2.00000000  0.96803824  0.00647901  0.96805992 -0.25122866
47281.0  2.00000000  0.96803824  0.00647901  0.96805992 -0.25122866
47281.1  2.00000000  0.96803824  0.00647901  0.96805992 -0.25122866
47281.2  2.00000000  0.96803824  0.00647901  0.96805992 -0.25122866
47281.3  2.00000000  0.96803824  0.00647901  0.96805992 -0.25122866
47281.4  2.00000000  0.96803824  0.00647901  0.96805992 -0.25122866
47281.5  2.00000000  0.96803824  0.00647901  0.96805992 -0.25122866
47281.6  2.00000000  0.96803824  0.00647901  0.96805992 -0.25122866
47281.7  2.00000000  0.96803824  0.00647901  0.96805992 -0.25122866
47281.8  2.00000000  0.96803824  0.00647901  0.96805992 -0.25122866
47281.9  2.00000000  0.96803824  0.00647901  0.96805992 -0.25122866
47282.0  2.00000000  0.96803824  0.00647901  0.96805992 -0.25122866
47282.1  2.00000000  0.96803824  0.00647901  0.96805992 -0.25122866
47282.2  2.00000000  0.96803824  0.00647901  0.96805992 -0.25122866
47282.3  2.00000000  0.96803824  0.00647901  0.96805992 -0.25122866
47282.4  2.00000000  0.96803824  0.00647901  0.96805992 -0.25122866
47282.5  2.00000000  0.96803824  0.00647901  0.96805992 -0.25122866
47282.6  2.00000000  0.96803824  0.00647901  0.96805992 -0.25122866
47282.7  2.00000000  0.96803824  0.00647901  0.96805992 -0.25122866
47282.8  2.00000000  0.96803824  0.00647901  0.96805992 -0.25122866
47282.9  2.00000000  0.96803824  0.00647901  0.96805992 -0.25122866
47283.0  2.00000000  0.96803824  0.00647901  0.96805992 -0.25122866
47283.1  2.00000000  0.96803824  0.00647901  0.96805992 -0.25122866
47283.2  2.00000000  0.96803824  0.00647901  0.96805992 -0.25122866
47283.3  2.00000000  0.96803824  0.00647901  0.96805992 -0.25122866
47283.4  2.00000000  0.96803824  0.00647901  0.96805992 -0.25122866
47283.5  2.00000000  0.96803824  0.00647901  0.96805992 -0.25122866
47283.6  2.00000000  0.96803824  0.00647901  0.96805992 -0.25122866
47283.7  2.00000000  0.96803824  0.00647901  0.96805992 -0.25122866
47283.8  2.00000000  0.96803824  0.00647901  0.96805992 -0.25122866
47283.9  2.00000000  0.96803824  0.00647901  0.96805992 -0.25122866
47284.0  2.00000000  0.96803824  0.00647901  0.96805992 -0.25122866
47284.1  2.00000000  0.96803824  0.00647901  0.96805992 -0.25122866
47284.2  2.00000000  0.96803824  0.00647901  0.96805992 -0.25122866
47284.3  2.00000000  0.96803824  0.00647901  0.96805992 -0.25122866
47284.4  2.00000000  0.96803824  0.00647901  0.96805992 -0.25122866
47284.5  2.00000000  0.96803824  0.00647901  0.96805992 -0.25122866
47284.6  2.00000000  0.96803824  0.00647901  0.96805992 -0.25122866
47284.7  2.00000000  0.96803824  0.00647901  0.96805992 -0.25122866
47284.8  2.00000000  0.96803824  0.00647901  0.96805992 -0.25122866
47284.9  2.00000000  0.96803824  0.00647901  0.96805992 -0.25122866
47285.0  2.00000000  0.96803824  0.00647901  0.96805992 -0.25122866
47285.1  2.00000000  0.96803824  0.00647901  0.96805992 -0.25122866
47285.2  2.00000000  0.96803824  0.00647901  0.96805992 -0.25122866
47285.3  2.00000000  0.96803824  0.00647901  0.96805992 -0.25122866
47285.4  2.00000000  0.96803824  0.00647901  0.96805992 -0.25122866
47285.5  2.00000000  0.96803824  0.00647901  0.96805992 -0.25122866
47285.6  2.00000000  0.96803824  0.00647901  0.96805992 -0.25122866
47285.7  2.00000000  0.96803824  0.00647901  0.96805992 -0.25122866
47285.8  2.00000000  0.96803824  0.00647901  0.96805992 -0.25122866
47285.9  2.00000000  0.96803824  0.00647901  0.96805992 -0.25122866
47286.0  2.00000000  0.96803824  0.00647901  0.96805992 -0.25122866
47286.1  2.00000000  0.96803824  0.00647901  0.96805992 -0.25122866
47286.2  2.00000000  0.96803824  0.00647901  0.96805992 -0.25122866
47286.3  2.00000000  0.96803824  0.00647901  0.96805992 -0.25122866
47286.4  2.00000000  0.96803824  0.00647901  0.96805992 -0.25122866
47286.5  2.00000000  0.96803824  0.00647901  0.96805992 -0.25122866
47286.6  2.00000000  0.96803824  0.00647901  0.96805992 -0.25122866
47286.7  2.00000000  0.96803824  0.00647901  0.96805992 -0.25122866
47286.8  2.00000000  0.96803824  0.00647901  0.96805992 -0.25122866
47286.9  2.00000000  0.96803824  0.00647901  0.96805992 -0.25122866
47287.0  2.00000000  0.96803824  0.00647901  0.96805992 -0.25122866
47287.1  2.00000000  0.96803824  0.00647901  0.96805992 -0.25122866
47287.2  2.00000000  0.96803824  0.00647901  0.96805992 -0.25122866
47287.3  2.00000000  0.96803824  0.00647901  0.96805992 -0.25122866
47287.4  2.00000000  0.96803824  0.00647901  0.96805992 -0.25122866
47287.5  2.00000000  0.96803824  0.00647901  0.96805992 -0.25122866
47287.6  2.00000000  0.96803824  0.00647901  0.96805992 -0.25122866
47287.7  2.00000000  0.96803824  0.00647901  0.96805992 -0.25122866
47287.8  2.00000000  0.96803824  0.00647901  0.96805992 -0.25122866
47287.9  2.00000000  0.96803824  0.00647901  0.96805992 -0.25122866
47288.0  2.00000000  0.96803824  0.00647901  0.96805992 -0.25122866
47288.1  2.00000000  0.96803824  0.00647901  0.96805992 -0.25122866
47288.2  2.00000000  0.96803824  0.00647901  0.96805992 -0.25122866
47288.3  2.00000000  0.96803824  0.00647901  0.96805992 -0.25122866
47288.4  2.00000000  0.96803824  0.00647901  0.96805992 -0.25122866
47288.5  2.00000000  0.96803824  0.00647901  0.96805992 -0.25122866
47288.6  2.00000000  0.96803824  0.00647901  0.96805992 -0.25122866
47288.7  2.00000000  0.96803824  0.00647901  0.96805992 -0.25122866
47288.8  2.00000000  0.96803824  0.00647901  0.96805992 -0.25122866
47288.9  2.00000000  0.96803824  0.00647901  0.96805992 -0.25122866
47289.0  2.00000000  0.96803824  0.00647901  0.96805992 -0.25122866
47289.1  2.00000000  0.96803824  0.00647901  0.96805992 -0.25122866
47289.2  2.00000000  0.96803824  0.00647901  0.96805992 -0.25122866
47289.3  2.00000000  0.96803824  0.00647901  0.96805992 -0.25122866
47289.4  2.00000000  0.96803824  0.00647901  0.96805992 -0.25122866
47289.5  2.00000000  0.96803824  0.00647901  0.96805992 -0.25122866
47289.6  2.00000000  0.96803824  0.00647901  0.96805992 -0.25122866
47289.7  2.00000000  0.96803824  0.00647901  0.96805992 -0.25122866
47289.8  2.00000000  0.96803824  0.00647901  0.96805992 -0.25122866
47289.9  2.00000000  0.96803824  0.00647901  0.96805992 -0.25122866
47290.0  2.00000000  0.96803824  0.00647901  0.96805992 -0.25122866
47290.1  2.00000000  0.96803824  0.00647901  0.96805992 -0.25122866
47290.2  2.00000000  0.96803824  0.00647901  0.96805992 -0.25122866
47290.3  2.00000000  0.96803824  0.00647901  0.96805992 -0.25122866
47290.4  2.00000000  0.96803824  0.00647901  0.96805992 -0.25122866
47290.5  2.00000000  0.96803824  0.00647901  0.96805992 -0.25122866
47290.6  2.00000000  0.96803824  0.00647901  0.96805992 -0.25122866
47290.7  2.00000000  0.96803824  0.00647901  0.96805992 -0.25122866
47290.8  2.00000000  0.96803824  0.00647901  0.96805992 -0.25122866
47290.9  2.00000000  0.96803824  0.00647901  0.96805992 -0.25122866
47291.0  2.00000000  0.96803824  0.00647901  0.96805992 -0.25122866
47291.1  2.00000000  0.96803824  0.00647901  0.96805992 -0.25122866
47291.2  2.00000000  0.96803824  0.00647901  0.96805992 -0.25122866
47291.3  2.00000000  0.96803824  0.00647901  0.96805992 -0.25122866
47291.4  2.00000000  0.96803824  0.00647901  0.96805992 -0.25122866
47291.5  2.00000000  0.96803824  0.00647901  0.96805992 -0.25122866
