 # AA:        319011.52470890305     
 # FLEGG:     216253.56438441607     
 # AF0:     -5.33308614247767210E-002
 # CPAR:      555.55779854881382     
 # Diff:     0.12463198212018202     
 # TF:       2.68328157299974766E-007
 # H:         284.00000000000000     
 # GRAD:     0.10000000000000001     
 # HR:       3.00000000000000006E-003
 # LP:       0.55003999999955722     
 # TIME  LP  TMAB  TMDS  TMPC  TMZ
31515.0  3.00000000  0.96733698  0.02659880  0.96770260 -0.25291120
31515.1  3.00000000  0.96737640  0.02515137  0.96770331 -0.25290804
31515.2  3.00000000  0.96742179  0.02343781  0.96770566 -0.25289559
31515.3  3.00000000  0.96745417  0.02222179  0.96770935 -0.25287631
31515.4  3.00000000  0.96747142  0.02165361  0.96771371 -0.25285397
31515.5  3.00000000  0.96747309  0.02176387  0.96771786 -0.25283263
31515.6  3.00000000  0.96746026  0.02246982  0.96772116 -0.25281566
31515.7  3.00000000  0.96743548  0.02359772  0.96772324 -0.25280538
31515.8  3.00000000  0.96740282  0.02492170  0.96772378 -0.25280290
31515.9  3.00000000  0.96736800  0.02620546  0.96772288 -0.25280784
31516.0  3.00000000  0.96733731  0.02724098  0.96772080 -0.25281869
31516.1  3.00000000  0.96731618  0.02788183  0.96771793 -0.25283316
31516.2  3.00000000  0.96730798  0.02806061  0.96771490 -0.25284842
31516.3  3.00000000  0.96731308  0.02779155  0.96771223 -0.25286190
31516.4  3.00000000  0.96732892  0.02716261  0.96771021 -0.25287162
31516.5  3.00000000  0.96735142  0.02631283  0.96770922 -0.25287628
31516.6  3.00000000  0.96737593  0.02540264  0.96770940 -0.25287555
31516.7  3.00000000  0.96739805  0.02458772  0.96771046 -0.25287018
31516.8  3.00000000  0.96741469  0.02399366  0.96771219 -0.25286149
31516.9  3.00000000  0.96742412  0.02369640  0.96771429 -0.25285117
31517.0  3.00000000  0.96742571  0.02371570  0.96771635 -0.25284110
31517.1  3.00000000  0.96741988  0.02401811  0.96771798 -0.25283294
31517.2  3.00000000  0.96740813  0.02452656  0.96771899 -0.25282782
31517.3  3.00000000  0.96739274  0.02513727  0.96771927 -0.25282629
31517.4  3.00000000  0.96737645  0.02573995  0.96771884 -0.25282827
31517.5  3.00000000  0.96736213  0.02623616  0.96771785 -0.25283307
31517.6  3.00000000  0.96735212  0.02655441  0.96771652 -0.25283965
31517.7  3.00000000  0.96734779  0.02665966  0.96771509 -0.25284676
31517.8  3.00000000  0.96734940  0.02655525  0.96771383 -0.25285315
31517.9  3.00000000  0.96735606  0.02627858  0.96771293 -0.25285785
31518.0  3.00000000  0.96736604  0.02589198  0.96771248 -0.25286026
31518.1  3.00000000  0.96737729  0.02546970  0.96771252 -0.25286020
31518.2  3.00000000  0.96738783  0.02508457  0.96771300 -0.25285792
31518.3  3.00000000  0.96739605  0.02479623  0.96771378 -0.25285400
31518.4  3.00000000  0.96740089  0.02464282  0.96771471 -0.25284927
31518.5  3.00000000  0.96740197  0.02463640  0.96771562 -0.25284455
31518.6  3.00000000  0.96739947  0.02476383  0.96771637 -0.25284065
31518.7  3.00000000  0.96739410  0.02499130  0.96771685 -0.25283811
31518.8  3.00000000  0.96738698  0.02527165  0.96771702 -0.25283721
31518.9  3.00000000  0.96737942  0.02555380  0.96771687 -0.25283796
31519.0  3.00000000  0.96737272  0.02579115  0.96771647 -0.25284007
31519.1  3.00000000  0.96736792  0.02594896  0.96771589 -0.25284306
31519.2  3.00000000  0.96736567  0.02600900  0.96771525 -0.25284635
31519.3  3.00000000  0.96736611  0.02597069  0.96771466 -0.25284938
31519.4  3.00000000  0.96736889  0.02584994  0.96771421 -0.25285167
31519.5  3.00000000  0.96737332  0.02567441  0.96771396 -0.25285291
31519.6  3.00000000  0.96737847  0.02547835  0.96771393 -0.25285301
31519.7  3.00000000  0.96738344  0.02529602  0.96771412 -0.25285205
31519.8  3.00000000  0.96738743  0.02515592  0.96771445 -0.25285030
31519.9  3.00000000  0.96738989  0.02507735  0.96771487 -0.25284813
31520.0  3.00000000  0.96739062  0.02506708  0.96771533 -0.25284590
31520.1  3.00000000  0.96738961  0.02512009  0.96771570 -0.25284403
31520.2  3.00000000  0.96738719  0.02522208  0.96771593 -0.25284279
31520.3  3.00000000  0.96738396  0.02535097  0.96771608 -0.25284226
31520.4  3.00000000  0.96738043  0.02548301  0.96771601 -0.25284254
31520.5  3.00000000  0.96737722  0.02559664  0.96771581 -0.25284348
31520.6  3.00000000  0.96737491  0.02567453  0.96771556 -0.25284482
31520.7  3.00000000  0.96737373  0.02570717  0.96771525 -0.25284635
31520.8  3.00000000  0.96737378  0.02569399  0.96771494 -0.25284779
31520.9  3.00000000  0.96737496  0.02564133  0.96771473 -0.25284890
31521.0  3.00000000  0.96737694  0.02556164  0.96771460 -0.25284953
31521.1  3.00000000  0.96737932  0.02547090  0.96771458 -0.25284963
31521.2  3.00000000  0.96738168  0.02538488  0.96771469 -0.25284922
31521.3  3.00000000  0.96738362  0.02531717  0.96771484 -0.25284844
31521.4  3.00000000  0.96738482  0.02527756  0.96771501 -0.25284746
31521.5  3.00000000  0.96738524  0.02526975  0.96771523 -0.25284642
31521.6  3.00000000  0.96738488  0.02529146  0.96771544 -0.25284550
31521.7  3.00000000  0.96738380  0.02533659  0.96771554 -0.25284490
31521.8  3.00000000  0.96738228  0.02539571  0.96771557 -0.25284464
31521.9  3.00000000  0.96738066  0.02545737  0.96771557 -0.25284472
31522.0  3.00000000  0.96737916  0.02551119  0.96771548 -0.25284512
31522.1  3.00000000  0.96737802  0.02554929  0.96771535 -0.25284574
31522.2  3.00000000  0.96737743  0.02556684  0.96771522 -0.25284644
31522.3  3.00000000  0.96737740  0.02556285  0.96771509 -0.25284712
31522.4  3.00000000  0.96737789  0.02554019  0.96771499 -0.25284765
31522.5  3.00000000  0.96737878  0.02550433  0.96771493 -0.25284797
31522.6  3.00000000  0.96737987  0.02546243  0.96771491 -0.25284804
31522.7  3.00000000  0.96738096  0.02542201  0.96771494 -0.25284788
31522.8  3.00000000  0.96738189  0.02538955  0.96771501 -0.25284753
31522.9  3.00000000  0.96738250  0.02536958  0.96771510 -0.25284708
31523.0  3.00000000  0.96738273  0.02536422  0.96771519 -0.25284660
31523.1  3.00000000  0.96738259  0.02537296  0.96771527 -0.25284617
31523.2  3.00000000  0.96738212  0.02539295  0.96771534 -0.25284587
31523.3  3.00000000  0.96738145  0.02541983  0.96771537 -0.25284572
31523.4  3.00000000  0.96738069  0.02544855  0.96771536 -0.25284575
31523.5  3.00000000  0.96737998  0.02547418  0.96771533 -0.25284592
31523.6  3.00000000  0.96737944  0.02549279  0.96771528 -0.25284620
31523.7  3.00000000  0.96737913  0.02550202  0.96771521 -0.25284652
31523.8  3.00000000  0.96737909  0.02550117  0.96771515 -0.25284684
31523.9  3.00000000  0.96737929  0.02549156  0.96771510 -0.25284710
31524.0  3.00000000  0.96737968  0.02547546  0.96771506 -0.25284726
31524.1  3.00000000  0.96738018  0.02545615  0.96771505 -0.25284730
31524.2  3.00000000  0.96738069  0.02543713  0.96771507 -0.25284724
31524.3  3.00000000  0.96738113  0.02542147  0.96771510 -0.25284709
31524.4  3.00000000  0.96738144  0.02541144  0.96771514 -0.25284688
31524.5  3.00000000  0.96738157  0.02540815  0.96771518 -0.25284665
31524.6  3.00000000  0.96738152  0.02541151  0.96771522 -0.25284645
31524.7  3.00000000  0.96738132  0.02542034  0.96771525 -0.25284630
31524.8  3.00000000  0.96738101  0.02543267  0.96771527 -0.25284623
31524.9  3.00000000  0.96738066  0.02544614  0.96771527 -0.25284623
31525.0  3.00000000  0.96738032  0.02545842  0.96771525 -0.25284630
31525.1  3.00000000  0.96738005  0.02546760  0.96771523 -0.25284643
31525.2  3.00000000  0.96737989  0.02547245  0.96771520 -0.25284658
31525.3  3.00000000  0.96737986  0.02547260  0.96771517 -0.25284673
31525.4  3.00000000  0.96737994  0.02546846  0.96771514 -0.25284686
31525.5  3.00000000  0.96738012  0.02546112  0.96771513 -0.25284694
31525.6  3.00000000  0.96738035  0.02545208  0.96771512 -0.25284696
31525.7  3.00000000  0.96738060  0.02544300  0.96771513 -0.25284694
31525.8  3.00000000  0.96738081  0.02543538  0.96771514 -0.25284687
31525.9  3.00000000  0.96738096  0.02543032  0.96771516 -0.25284677
31526.0  3.00000000  0.96738104  0.02542843  0.96771518 -0.25284667
31526.1  3.00000000  0.96738102  0.02542972  0.96771520 -0.25284657
31526.2  3.00000000  0.96738093  0.02543367  0.96771521 -0.25284650
31526.3  3.00000000  0.96738079  0.02543938  0.96771522 -0.25284646
31526.4  3.00000000  0.96738062  0.02544575  0.96771522 -0.25284645
31526.5  3.00000000  0.96738046  0.02545167  0.96771522 -0.25284649
31526.6  3.00000000  0.96738033  0.02545620  0.96771520 -0.25284654
31526.7  3.00000000  0.96738025  0.02545872  0.96771519 -0.25284661
31526.8  3.00000000  0.96738023  0.02545902  0.96771518 -0.25284669
31526.9  3.00000000  0.96738026  0.02545731  0.96771517 -0.25284675
31527.0  3.00000000  0.96738034  0.02545405  0.96771516 -0.25284679
31527.1  3.00000000  0.96738044  0.02544992  0.96771515 -0.25284680
31527.2  3.00000000  0.96738056  0.02544558  0.96771516 -0.25284680
31527.3  3.00000000  0.96738066  0.02544176  0.96771516 -0.25284677
31527.4  3.00000000  0.96738074  0.02543908  0.96771517 -0.25284672
31527.5  3.00000000  0.96738079  0.02543787  0.96771518 -0.25284667
31527.6  3.00000000  0.96738079  0.02543823  0.96771519 -0.25284662
31527.7  3.00000000  0.96738075  0.02543995  0.96771520 -0.25284659
31527.8  3.00000000  0.96738068  0.02544263  0.96771520 -0.25284656
31527.9  3.00000000  0.96738060  0.02544573  0.96771520 -0.25284656
31528.0  3.00000000  0.96738052  0.02544870  0.96771520 -0.25284657
31528.1  3.00000000  0.96738045  0.02545108  0.96771519 -0.25284660
31528.2  3.00000000  0.96738041  0.02545253  0.96771519 -0.25284663
31528.3  3.00000000  0.96738039  0.02545290  0.96771518 -0.25284667
31528.4  3.00000000  0.96738040  0.02545221  0.96771517 -0.25284670
31528.5  3.00000000  0.96738044  0.02545070  0.96771517 -0.25284672
31528.6  3.00000000  0.96738049  0.02544867  0.96771517 -0.25284673
31528.7  3.00000000  0.96738055  0.02544651  0.96771517 -0.25284673
31528.8  3.00000000  0.96738060  0.02544456  0.96771517 -0.25284672
31528.9  3.00000000  0.96738064  0.02544309  0.96771517 -0.25284670
31529.0  3.00000000  0.96738067  0.02544230  0.96771518 -0.25284667
31529.1  3.00000000  0.96738067  0.02544229  0.96771519 -0.25284665
31529.2  3.00000000  0.96738066  0.02544300  0.96771519 -0.25284663
31529.3  3.00000000  0.96738063  0.02544425  0.96771519 -0.25284661
31529.4  3.00000000  0.96738059  0.02544579  0.96771519 -0.25284661
31529.5  3.00000000  0.96738055  0.02544734  0.96771519 -0.25284661
31529.6  3.00000000  0.96738051  0.02544865  0.96771519 -0.25284662
31529.7  3.00000000  0.96738048  0.02544952  0.96771519 -0.25284664
31529.8  3.00000000  0.96738047  0.02544984  0.96771518 -0.25284666
31529.9  3.00000000  0.96738048  0.02544962  0.96771518 -0.25284668
31530.0  3.00000000  0.96738049  0.02544892  0.96771518 -0.25284669
31530.1  3.00000000  0.96738052  0.02544791  0.96771517 -0.25284670
31530.2  3.00000000  0.96738055  0.02544677  0.96771517 -0.25284670
31530.3  3.00000000  0.96738058  0.02544570  0.96771518 -0.25284669
31530.4  3.00000000  0.96738060  0.02544485  0.96771518 -0.25284668
31530.5  3.00000000  0.96738062  0.02544436  0.96771518 -0.25284667
31530.6  3.00000000  0.96738062  0.02544427  0.96771518 -0.25284666
31530.7  3.00000000  0.96738061  0.02544458  0.96771519 -0.25284664
31530.8  3.00000000  0.96738060  0.02544521  0.96771519 -0.25284663
31530.9  3.00000000  0.96738058  0.02544604  0.96771519 -0.25284663
31531.0  3.00000000  0.96738055  0.02544693  0.96771519 -0.25284663
31531.1  3.00000000  0.96738053  0.02544770  0.96771519 -0.25284664
31531.2  3.00000000  0.96738052  0.02544827  0.96771518 -0.25284665
31531.3  3.00000000  0.96738051  0.02544852  0.96771518 -0.25284666
31531.4  3.00000000  0.96738051  0.02544845  0.96771518 -0.25284667
31531.5  3.00000000  0.96738052  0.02544809  0.96771518 -0.25284668
31531.6  3.00000000  0.96738053  0.02544750  0.96771518 -0.25284668
31531.7  3.00000000  0.96738055  0.02544680  0.96771518 -0.25284668
31531.8  3.00000000  0.96738057  0.02544611  0.96771518 -0.25284668
31531.9  3.00000000  0.96738058  0.02544555  0.96771518 -0.25284667
31532.0  3.00000000  0.96738059  0.02544519  0.96771518 -0.25284667
31532.1  3.00000000  0.96738060  0.02544509  0.96771518 -0.25284666
31532.2  3.00000000  0.96738060  0.02544526  0.96771518 -0.25284665
31532.3  3.00000000  0.96738059  0.02544564  0.96771519 -0.25284664
31532.4  3.00000000  0.96738057  0.02544616  0.96771519 -0.25284664
31532.5  3.00000000  0.96738056  0.02544673  0.96771519 -0.25284664
31532.6  3.00000000  0.96738054  0.02544724  0.96771519 -0.25284665
31532.7  3.00000000  0.96738053  0.02544762  0.96771518 -0.25284665
31532.8  3.00000000  0.96738053  0.02544784  0.96771518 -0.25284666
31532.9  3.00000000  0.96738052  0.02544784  0.96771518 -0.25284666
31533.0  3.00000000  0.96738053  0.02544765  0.96771518 -0.25284667
31533.1  3.00000000  0.96738054  0.02544730  0.96771518 -0.25284667
31533.2  3.00000000  0.96738055  0.02544686  0.96771518 -0.25284668
31533.3  3.00000000  0.96738056  0.02544640  0.96771518 -0.25284667
31533.4  3.00000000  0.96738057  0.02544600  0.96771518 -0.25284667
31533.5  3.00000000  0.96738058  0.02544572  0.96771518 -0.25284667
31533.6  3.00000000  0.96738058  0.02544561  0.96771518 -0.25284666
31533.7  3.00000000  0.96738058  0.02544566  0.96771518 -0.25284665
31533.8  3.00000000  0.96738058  0.02544588  0.96771518 -0.25284665
31533.9  3.00000000  0.96738057  0.02544621  0.96771518 -0.25284665
31534.0  3.00000000  0.96738056  0.02544659  0.96771518 -0.25284665
31534.1  3.00000000  0.96738055  0.02544697  0.96771518 -0.25284665
31534.2  3.00000000  0.96738054  0.02544728  0.96771518 -0.25284665
31534.3  3.00000000  0.96738054  0.02544747  0.96771518 -0.25284666
31534.4  3.00000000  0.96738053  0.02544752  0.96771518 -0.25284666
31534.5  3.00000000  0.96738053  0.02544744  0.96771518 -0.25284667
31534.6  3.00000000  0.96738054  0.02544722  0.96771518 -0.25284667
31534.7  3.00000000  0.96738055  0.02544693  0.96771518 -0.25284667
31534.8  3.00000000  0.96738056  0.02544659  0.96771518 -0.25284667
31534.9  3.00000000  0.96738056  0.02544628  0.96771518 -0.25284667
31535.0  3.00000000  0.96738057  0.02544603  0.96771518 -0.25284667
31535.1  3.00000000  0.96738058  0.02544590  0.96771518 -0.25284666
31535.2  3.00000000  0.96738058  0.02544588  0.96771518 -0.25284666
31535.3  3.00000000  0.96738058  0.02544598  0.96771518 -0.25284665
31535.4  3.00000000  0.96738057  0.02544619  0.96771518 -0.25284665
31535.5  3.00000000  0.96738056  0.02544645  0.96771518 -0.25284665
31535.6  3.00000000  0.96738056  0.02544674  0.96771518 -0.25284665
31535.7  3.00000000  0.96738055  0.02544700  0.96771518 -0.25284665
31535.8  3.00000000  0.96738054  0.02544719  0.96771518 -0.25284666
31535.9  3.00000000  0.96738054  0.02544729  0.96771518 -0.25284666
31536.0  3.00000000  0.96738054  0.02544728  0.96771518 -0.25284666
31536.1  3.00000000  0.96738054  0.02544716  0.96771518 -0.25284667
31536.2  3.00000000  0.96738055  0.02544697  0.96771518 -0.25284667
31536.3  3.00000000  0.96738055  0.02544673  0.96771518 -0.25284667
31536.4  3.00000000  0.96738056  0.02544649  0.96771518 -0.25284667
31536.5  3.00000000  0.96738057  0.02544628  0.96771518 -0.25284667
31536.6  3.00000000  0.96738057  0.02544613  0.96771518 -0.25284666
31536.7  3.00000000  0.96738057  0.02544607  0.96771518 -0.25284666
31536.8  3.00000000  0.96738057  0.02544610  0.96771518 -0.25284666
31536.9  3.00000000  0.96738057  0.02544621  0.96771518 -0.25284665
31537.0  3.00000000  0.96738056  0.02544639  0.96771518 -0.25284665
31537.1  3.00000000  0.96738056  0.02544660  0.96771518 -0.25284665
31537.2  3.00000000  0.96738055  0.02544681  0.96771518 -0.25284665
31537.3  3.00000000  0.96738055  0.02544698  0.96771518 -0.25284666
31537.4  3.00000000  0.96738055  0.02544710  0.96771518 -0.25284666
31537.5  3.00000000  0.96738054  0.02544712  0.96771518 -0.25284666
31537.6  3.00000000  0.96738054  0.02544708  0.96771518 -0.25284666
31537.7  3.00000000  0.96738055  0.02544697  0.96771518 -0.25284667
31537.8  3.00000000  0.96738055  0.02544682  0.96771518 -0.25284667
31537.9  3.00000000  0.96738056  0.02544666  0.96771518 -0.25284667
31538.0  3.00000000  0.96738056  0.02544649  0.96771518 -0.25284667
31538.1  3.00000000  0.96738056  0.02544636  0.96771518 -0.25284666
31538.2  3.00000000  0.96738057  0.02544627  0.96771518 -0.25284666
31538.3  3.00000000  0.96738057  0.02544623  0.96771518 -0.25284666
31538.4  3.00000000  0.96738057  0.02544625  0.96771518 -0.25284666
31538.5  3.00000000  0.96738057  0.02544631  0.96771518 -0.25284666
31538.6  3.00000000  0.96738056  0.02544640  0.96771518 -0.25284666
31538.7  3.00000000  0.96738056  0.02544653  0.96771518 -0.25284666
31538.8  3.00000000  0.96738056  0.02544664  0.96771518 -0.25284666
31538.9  3.00000000  0.96738055  0.02544676  0.96771518 -0.25284666
31539.0  3.00000000  0.96738055  0.02544683  0.96771518 -0.25284666
31539.1  3.00000000  0.96738055  0.02544689  0.96771518 -0.25284666
31539.2  3.00000000  0.96738055  0.02544692  0.96771518 -0.25284666
31539.3  3.00000000  0.96738055  0.02544691  0.96771518 -0.25284666
31539.4  3.00000000  0.96738055  0.02544686  0.96771518 -0.25284666
31539.5  3.00000000  0.96738055  0.02544678  0.96771518 -0.25284666
31539.6  3.00000000  0.96738056  0.02544668  0.96771518 -0.25284666
31539.7  3.00000000  0.96738056  0.02544657  0.96771518 -0.25284666
31539.8  3.00000000  0.96738056  0.02544647  0.96771518 -0.25284666
31539.9  3.00000000  0.96738056  0.02544639  0.96771518 -0.25284666
31540.0  3.00000000  0.96738056  0.02544635  0.96771518 -0.25284666
31540.1  3.00000000  0.96738057  0.02544634  0.96771518 -0.25284666
31540.2  3.00000000  0.96738056  0.02544638  0.96771518 -0.25284666
31540.3  3.00000000  0.96738056  0.02544644  0.96771518 -0.25284666
31540.4  3.00000000  0.96738056  0.02544652  0.96771518 -0.25284666
31540.5  3.00000000  0.96738056  0.02544663  0.96771518 -0.25284666
31540.6  3.00000000  0.96738056  0.02544672  0.96771518 -0.25284666
31540.7  3.00000000  0.96738055  0.02544680  0.96771518 -0.25284666
31540.8  3.00000000  0.96738055  0.02544685  0.96771518 -0.25284666
31540.9  3.00000000  0.96738055  0.02544687  0.96771518 -0.25284666
31541.0  3.00000000  0.96738055  0.02544686  0.96771518 -0.25284666
31541.1  3.00000000  0.96738055  0.02544682  0.96771518 -0.25284666
31541.2  3.00000000  0.96738055  0.02544677  0.96771518 -0.25284666
31541.3  3.00000000  0.96738055  0.02544671  0.96771518 -0.25284666
31541.4  3.00000000  0.96738056  0.02544665  0.96771518 -0.25284666
31541.5  3.00000000  0.96738056  0.02544660  0.96771518 -0.25284666
31541.6  3.00000000  0.96738056  0.02544655  0.96771518 -0.25284666
31541.7  3.00000000  0.96738056  0.02544652  0.96771518 -0.25284666
31541.8  3.00000000  0.96738056  0.02544650  0.96771518 -0.25284666
31541.9  3.00000000  0.96738056  0.02544650  0.96771518 -0.25284666
31542.0  3.00000000  0.96738056  0.02544651  0.96771518 -0.25284666
31542.1  3.00000000  0.96738056  0.02544654  0.96771518 -0.25284666
31542.2  3.00000000  0.96738056  0.02544657  0.96771518 -0.25284666
31542.3  3.00000000  0.96738056  0.02544660  0.96771518 -0.25284666
31542.4  3.00000000  0.96738056  0.02544663  0.96771518 -0.25284666
31542.5  3.00000000  0.96738056  0.02544666  0.96771518 -0.25284666
31542.6  3.00000000  0.96738056  0.02544668  0.96771518 -0.25284666
31542.7  3.00000000  0.96738056  0.02544669  0.96771518 -0.25284666
31542.8  3.00000000  0.96738056  0.02544669  0.96771518 -0.25284666
31542.9  3.00000000  0.96738056  0.02544669  0.96771518 -0.25284666
31543.0  3.00000000  0.96738056  0.02544668  0.96771518 -0.25284666
31543.1  3.00000000  0.96738056  0.02544667  0.96771518 -0.25284666
31543.2  3.00000000  0.96738056  0.02544666  0.96771518 -0.25284666
31543.3  3.00000000  0.96738056  0.02544664  0.96771518 -0.25284666
31543.4  3.00000000  0.96738056  0.02544663  0.96771518 -0.25284666
31543.5  3.00000000  0.96738056  0.02544663  0.96771518 -0.25284666
31543.6  3.00000000  0.96738056  0.02544663  0.96771518 -0.25284666
31543.7  3.00000000  0.96738056  0.02544663  0.96771518 -0.25284666
31543.8  3.00000000  0.96738056  0.02544663  0.96771518 -0.25284666
31543.9  3.00000000  0.96738056  0.02544663  0.96771518 -0.25284666
31544.0  3.00000000  0.96738056  0.02544663  0.96771518 -0.25284666
31544.1  3.00000000  0.96738056  0.02544663  0.96771518 -0.25284666
31544.2  3.00000000  0.96738056  0.02544663  0.96771518 -0.25284666
31544.3  3.00000000  0.96738056  0.02544663  0.96771518 -0.25284666
31544.4  3.00000000  0.96738056  0.02544663  0.96771518 -0.25284666
31544.5  3.00000000  0.96738056  0.02544663  0.96771518 -0.25284666
31544.6  3.00000000  0.96738056  0.02544663  0.96771518 -0.25284666
31544.7  3.00000000  0.96738056  0.02544663  0.96771518 -0.25284666
31544.8  3.00000000  0.96738056  0.02544663  0.96771518 -0.25284666
31544.9  3.00000000  0.96738056  0.02544664  0.96771518 -0.25284666
31545.0  3.00000000  0.96738056  0.02544664  0.96771518 -0.25284666
31545.1  3.00000000  0.96738056  0.02544664  0.96771518 -0.25284666
31545.2  3.00000000  0.96738056  0.02544664  0.96771518 -0.25284666
31545.3  3.00000000  0.96738056  0.02544664  0.96771518 -0.25284666
31545.4  3.00000000  0.96738056  0.02544664  0.96771518 -0.25284666
31545.5  3.00000000  0.96738056  0.02544664  0.96771518 -0.25284666
31545.6  3.00000000  0.96738056  0.02544664  0.96771518 -0.25284666
31545.7  3.00000000  0.96738056  0.02544664  0.96771518 -0.25284666
31545.8  3.00000000  0.96738056  0.02544664  0.96771518 -0.25284666
31545.9  3.00000000  0.96738056  0.02544664  0.96771518 -0.25284666
31546.0  3.00000000  0.96738056  0.02544664  0.96771518 -0.25284666
31546.1  3.00000000  0.96738056  0.02544664  0.96771518 -0.25284666
31546.2  3.00000000  0.96738056  0.02544664  0.96771518 -0.25284666
31546.3  3.00000000  0.96738056  0.02544664  0.96771518 -0.25284666
31546.4  3.00000000  0.96738056  0.02544664  0.96771518 -0.25284666
31546.5  3.00000000  0.96738056  0.02544664  0.96771518 -0.25284666
31546.6  3.00000000  0.96738056  0.02544664  0.96771518 -0.25284666
31546.7  3.00000000  0.96738056  0.02544664  0.96771518 -0.25284666
31546.8  3.00000000  0.96738056  0.02544664  0.96771518 -0.25284666
31546.9  3.00000000  0.96738056  0.02544664  0.96771518 -0.25284666
31547.0  3.00000000  0.96738056  0.02544664  0.96771518 -0.25284666
31547.1  3.00000000  0.96738056  0.02544664  0.96771518 -0.25284666
31547.2  3.00000000  0.96738056  0.02544664  0.96771518 -0.25284666
31547.3  3.00000000  0.96738056  0.02544664  0.96771518 -0.25284666
31547.4  3.00000000  0.96738056  0.02544664  0.96771518 -0.25284666
31547.5  3.00000000  0.96738056  0.02544664  0.96771518 -0.25284666
31547.6  3.00000000  0.96738056  0.02544664  0.96771518 -0.25284666
31547.7  3.00000000  0.96738056  0.02544664  0.96771518 -0.25284666
31547.8  3.00000000  0.96738056  0.02544664  0.96771518 -0.25284666
31547.9  3.00000000  0.96738056  0.02544664  0.96771518 -0.25284666
31548.0  3.00000000  0.96738056  0.02544664  0.96771518 -0.25284666
31548.1  3.00000000  0.96738056  0.02544664  0.96771518 -0.25284666
31548.2  3.00000000  0.96738056  0.02544664  0.96771518 -0.25284666
31548.3  3.00000000  0.96738056  0.02544664  0.96771518 -0.25284666
31548.4  3.00000000  0.96738056  0.02544664  0.96771518 -0.25284666
31548.5  3.00000000  0.96738056  0.02544664  0.96771518 -0.25284666
31548.6  3.00000000  0.96738056  0.02544664  0.96771518 -0.25284666
31548.7  3.00000000  0.96738056  0.02544664  0.96771518 -0.25284666
31548.8  3.00000000  0.96738056  0.02544664  0.96771518 -0.25284666
31548.9  3.00000000  0.96738056  0.02544664  0.96771518 -0.25284666
31549.0  3.00000000  0.96738056  0.02544664  0.96771518 -0.25284666
31549.1  3.00000000  0.96738056  0.02544664  0.96771518 -0.25284666
31549.2  3.00000000  0.96738056  0.02544664  0.96771518 -0.25284666
31549.3  3.00000000  0.96738056  0.02544664  0.96771518 -0.25284666
31549.4  3.00000000  0.96738056  0.02544664  0.96771518 -0.25284666
31549.5  3.00000000  0.96738056  0.02544664  0.96771518 -0.25284666
31549.6  3.00000000  0.96738056  0.02544664  0.96771518 -0.25284666
31549.7  3.00000000  0.96738056  0.02544664  0.96771518 -0.25284666
31549.8  3.00000000  0.96738056  0.02544664  0.96771518 -0.25284666
31549.9  3.00000000  0.96738056  0.02544664  0.96771518 -0.25284666
31550.0  3.00000000  0.96738056  0.02544664  0.96771518 -0.25284666
31550.1  3.00000000  0.96738056  0.02544664  0.96771518 -0.25284666
31550.2  3.00000000  0.96738056  0.02544664  0.96771518 -0.25284666
31550.3  3.00000000  0.96738056  0.02544664  0.96771518 -0.25284666
31550.4  3.00000000  0.96738056  0.02544664  0.96771518 -0.25284666
31550.5  3.00000000  0.96738056  0.02544664  0.96771518 -0.25284666
31550.6  3.00000000  0.96738056  0.02544664  0.96771518 -0.25284666
31550.7  3.00000000  0.96738056  0.02544664  0.96771518 -0.25284666
31550.8  3.00000000  0.96738056  0.02544664  0.96771518 -0.25284666
31550.9  3.00000000  0.96738056  0.02544664  0.96771518 -0.25284666
31551.0  3.00000000  0.96738056  0.02544664  0.96771518 -0.25284666
31551.1  3.00000000  0.96738056  0.02544664  0.96771518 -0.25284666
31551.2  3.00000000  0.96738056  0.02544664  0.96771518 -0.25284666
31551.3  3.00000000  0.96738056  0.02544664  0.96771518 -0.25284666
31551.4  3.00000000  0.96738056  0.02544664  0.96771518 -0.25284666
31551.5  3.00000000  0.96738056  0.02544664  0.96771518 -0.25284666
31551.6  3.00000000  0.96738056  0.02544664  0.96771518 -0.25284666
31551.7  3.00000000  0.96738056  0.02544664  0.96771518 -0.25284666
31551.8  3.00000000  0.96738056  0.02544664  0.96771518 -0.25284666
31551.9  3.00000000  0.96738056  0.02544664  0.96771518 -0.25284666
31552.0  3.00000000  0.96738056  0.02544664  0.96771518 -0.25284666
31552.1  3.00000000  0.96738056  0.02544664  0.96771518 -0.25284666
31552.2  3.00000000  0.96738056  0.02544664  0.96771518 -0.25284666
31552.3  3.00000000  0.96738056  0.02544664  0.96771518 -0.25284666
31552.4  3.00000000  0.96738056  0.02544664  0.96771518 -0.25284666
31552.5  3.00000000  0.96738056  0.02544664  0.96771518 -0.25284666
31552.6  3.00000000  0.96738056  0.02544664  0.96771518 -0.25284666
31552.7  3.00000000  0.96738056  0.02544664  0.96771518 -0.25284666
31552.8  3.00000000  0.96738056  0.02544664  0.96771518 -0.25284666
31552.9  3.00000000  0.96738056  0.02544664  0.96771518 -0.25284666
31553.0  3.00000000  0.96738056  0.02544664  0.96771518 -0.25284666
31553.1  3.00000000  0.96738056  0.02544664  0.96771518 -0.25284666
31553.2  3.00000000  0.96738056  0.02544664  0.96771518 -0.25284666
31553.3  3.00000000  0.96738056  0.02544664  0.96771518 -0.25284666
31553.4  3.00000000  0.96738056  0.02544664  0.96771518 -0.25284666
31553.5  3.00000000  0.96738056  0.02544664  0.96771518 -0.25284666
31553.6  3.00000000  0.96738056  0.02544664  0.96771518 -0.25284666
31553.7  3.00000000  0.96738056  0.02544664  0.96771518 -0.25284666
31553.8  3.00000000  0.96738056  0.02544664  0.96771518 -0.25284666
31553.9  3.00000000  0.96738056  0.02544664  0.96771518 -0.25284666
31554.0  3.00000000  0.96738056  0.02544664  0.96771518 -0.25284666
31554.1  3.00000000  0.96738056  0.02544664  0.96771518 -0.25284666
31554.2  3.00000000  0.96738056  0.02544664  0.96771518 -0.25284666
31554.3  3.00000000  0.96738056  0.02544664  0.96771518 -0.25284666
31554.4  3.00000000  0.96738056  0.02544664  0.96771518 -0.25284666
31554.5  3.00000000  0.96738056  0.02544664  0.96771518 -0.25284666
31554.6  3.00000000  0.96738056  0.02544664  0.96771518 -0.25284666
31554.7  3.00000000  0.96738056  0.02544664  0.96771518 -0.25284666
31554.8  3.00000000  0.96738056  0.02544664  0.96771518 -0.25284666
31554.9  3.00000000  0.96738056  0.02544664  0.96771518 -0.25284666
31555.0  3.00000000  0.96738056  0.02544664  0.96771518 -0.25284666
31555.1  3.00000000  0.96738056  0.02544664  0.96771518 -0.25284666
31555.2  3.00000000  0.96738056  0.02544664  0.96771518 -0.25284666
31555.3  3.00000000  0.96738056  0.02544664  0.96771518 -0.25284666
31555.4  3.00000000  0.96738056  0.02544664  0.96771518 -0.25284666
31555.5  3.00000000  0.96738056  0.02544664  0.96771518 -0.25284666
31555.6  3.00000000  0.96738056  0.02544664  0.96771518 -0.25284666
31555.7  3.00000000  0.96738056  0.02544664  0.96771518 -0.25284666
31555.8  3.00000000  0.96738056  0.02544664  0.96771518 -0.25284666
31555.9  3.00000000  0.96738056  0.02544664  0.96771518 -0.25284666
31556.0  3.00000000  0.96738056  0.02544664  0.96771518 -0.25284666
31556.1  3.00000000  0.96738056  0.02544664  0.96771518 -0.25284666
31556.2  3.00000000  0.96738056  0.02544664  0.96771518 -0.25284666
31556.3  3.00000000  0.96738056  0.02544664  0.96771518 -0.25284666
31556.4  3.00000000  0.96738056  0.02544664  0.96771518 -0.25284666
31556.5  3.00000000  0.96738056  0.02544664  0.96771518 -0.25284666
31556.6  3.00000000  0.96738056  0.02544664  0.96771518 -0.25284666
31556.7  3.00000000  0.96738056  0.02544664  0.96771518 -0.25284666
31556.8  3.00000000  0.96738056  0.02544664  0.96771518 -0.25284666
31556.9  3.00000000  0.96738056  0.02544664  0.96771518 -0.25284666
31557.0  3.00000000  0.96738056  0.02544664  0.96771518 -0.25284666
31557.1  3.00000000  0.96738056  0.02544664  0.96771518 -0.25284666
31557.2  3.00000000  0.96738056  0.02544664  0.96771518 -0.25284666
31557.3  3.00000000  0.96738056  0.02544664  0.96771518 -0.25284666
31557.4  3.00000000  0.96738056  0.02544664  0.96771518 -0.25284666
31557.5  3.00000000  0.96738056  0.02544664  0.96771518 -0.25284666
31557.6  3.00000000  0.96738056  0.02544664  0.96771518 -0.25284666
31557.7  3.00000000  0.96738056  0.02544664  0.96771518 -0.25284666
31557.8  3.00000000  0.96738056  0.02544664  0.96771518 -0.25284666
31557.9  3.00000000  0.96738056  0.02544664  0.96771518 -0.25284666
31558.0  3.00000000  0.96738056  0.02544664  0.96771518 -0.25284666
31558.1  3.00000000  0.96738056  0.02544664  0.96771518 -0.25284666
31558.2  3.00000000  0.96738056  0.02544664  0.96771518 -0.25284666
31558.3  3.00000000  0.96738056  0.02544664  0.96771518 -0.25284666
31558.4  3.00000000  0.96738056  0.02544664  0.96771518 -0.25284666
31558.5  3.00000000  0.96738056  0.02544664  0.96771518 -0.25284666
31558.6  3.00000000  0.96738056  0.02544664  0.96771518 -0.25284666
31558.7  3.00000000  0.96738056  0.02544664  0.96771518 -0.25284666
31558.8  3.00000000  0.96738056  0.02544664  0.96771518 -0.25284666
31558.9  3.00000000  0.96738056  0.02544664  0.96771518 -0.25284666
31559.0  3.00000000  0.96738056  0.02544664  0.96771518 -0.25284666
31559.1  3.00000000  0.96738056  0.02544664  0.96771518 -0.25284666
31559.2  3.00000000  0.96738056  0.02544664  0.96771518 -0.25284666
31559.3  3.00000000  0.96738056  0.02544664  0.96771518 -0.25284666
31559.4  3.00000000  0.96738056  0.02544664  0.96771518 -0.25284666
31559.5  3.00000000  0.96738056  0.02544664  0.96771518 -0.25284666
31559.6  3.00000000  0.96738056  0.02544664  0.96771518 -0.25284666
31559.7  3.00000000  0.96738056  0.02544664  0.96771518 -0.25284666
31559.8  3.00000000  0.96738056  0.02544664  0.96771518 -0.25284666
31559.9  3.00000000  0.96738056  0.02544664  0.96771518 -0.25284666
31560.0  3.00000000  0.96738056  0.02544664  0.96771518 -0.25284666
31560.1  3.00000000  0.96738056  0.02544664  0.96771518 -0.25284666
31560.2  3.00000000  0.96738056  0.02544664  0.96771518 -0.25284666
31560.3  3.00000000  0.96738056  0.02544664  0.96771518 -0.25284666
31560.4  3.00000000  0.96738056  0.02544664  0.96771518 -0.25284666
31560.5  3.00000000  0.96738056  0.02544664  0.96771518 -0.25284666
31560.6  3.00000000  0.96738056  0.02544664  0.96771518 -0.25284666
31560.7  3.00000000  0.96738056  0.02544664  0.96771518 -0.25284666
31560.8  3.00000000  0.96738056  0.02544664  0.96771518 -0.25284666
31560.9  3.00000000  0.96738056  0.02544664  0.96771518 -0.25284666
31561.0  3.00000000  0.96738056  0.02544664  0.96771518 -0.25284666
31561.1  3.00000000  0.96738056  0.02544664  0.96771518 -0.25284666
31561.2  3.00000000  0.96738056  0.02544664  0.96771518 -0.25284666
31561.3  3.00000000  0.96738056  0.02544664  0.96771518 -0.25284666
31561.4  3.00000000  0.96738056  0.02544664  0.96771518 -0.25284666
31561.5  3.00000000  0.96738056  0.02544664  0.96771518 -0.25284666
31561.6  3.00000000  0.96738056  0.02544664  0.96771518 -0.25284666
31561.7  3.00000000  0.96738056  0.02544664  0.96771518 -0.25284666
31561.8  3.00000000  0.96738056  0.02544664  0.96771518 -0.25284666
31561.9  3.00000000  0.96738056  0.02544664  0.96771518 -0.25284666
31562.0  3.00000000  0.96738056  0.02544664  0.96771518 -0.25284666
31562.1  3.00000000  0.96738056  0.02544664  0.96771518 -0.25284666
31562.2  3.00000000  0.96738056  0.02544664  0.96771518 -0.25284666
31562.3  3.00000000  0.96738056  0.02544664  0.96771518 -0.25284666
31562.4  3.00000000  0.96738056  0.02544664  0.96771518 -0.25284666
31562.5  3.00000000  0.96738056  0.02544664  0.96771518 -0.25284666
31562.6  3.00000000  0.96738056  0.02544664  0.96771518 -0.25284666
31562.7  3.00000000  0.96738056  0.02544664  0.96771518 -0.25284666
31562.8  3.00000000  0.96738056  0.02544664  0.96771518 -0.25284666
31562.9  3.00000000  0.96738056  0.02544664  0.96771518 -0.25284666
31563.0  3.00000000  0.96738056  0.02544664  0.96771518 -0.25284666
31563.1  3.00000000  0.96738056  0.02544664  0.96771518 -0.25284666
31563.2  3.00000000  0.96738056  0.02544664  0.96771518 -0.25284666
31563.3  3.00000000  0.96738056  0.02544664  0.96771518 -0.25284666
31563.4  3.00000000  0.96738056  0.02544664  0.96771518 -0.25284666
31563.5  3.00000000  0.96738056  0.02544664  0.96771518 -0.25284666
31563.6  3.00000000  0.96738056  0.02544664  0.96771518 -0.25284666
31563.7  3.00000000  0.96738056  0.02544664  0.96771518 -0.25284666
31563.8  3.00000000  0.96738056  0.02544664  0.96771518 -0.25284666
31563.9  3.00000000  0.96738056  0.02544664  0.96771518 -0.25284666
31564.0  3.00000000  0.96738056  0.02544664  0.96771518 -0.25284666
31564.1  3.00000000  0.96738056  0.02544664  0.96771518 -0.25284666
31564.2  3.00000000  0.96738056  0.02544664  0.96771518 -0.25284666
31564.3  3.00000000  0.96738056  0.02544664  0.96771518 -0.25284666
31564.4  3.00000000  0.96738056  0.02544664  0.96771518 -0.25284666
31564.5  3.00000000  0.96738056  0.02544664  0.96771518 -0.25284666
31564.6  3.00000000  0.96738056  0.02544664  0.96771518 -0.25284666
31564.7  3.00000000  0.96738056  0.02544664  0.96771518 -0.25284666
31564.8  3.00000000  0.96738056  0.02544664  0.96771518 -0.25284666
31564.9  3.00000000  0.96738056  0.02544664  0.96771518 -0.25284666
31565.0  3.00000000  0.96738056  0.02544664  0.96771518 -0.25284666
31565.1  3.00000000  0.96738056  0.02544664  0.96771518 -0.25284666
31565.2  3.00000000  0.96738056  0.02544664  0.96771518 -0.25284666
31565.3  3.00000000  0.96738056  0.02544664  0.96771518 -0.25284666
31565.4  3.00000000  0.96738056  0.02544664  0.96771518 -0.25284666
31565.5  3.00000000  0.96738056  0.02544664  0.96771518 -0.25284666
31565.6  3.00000000  0.96738056  0.02544664  0.96771518 -0.25284666
31565.7  3.00000000  0.96738056  0.02544664  0.96771518 -0.25284666
31565.8  3.00000000  0.96738056  0.02544664  0.96771518 -0.25284666
31565.9  3.00000000  0.96738056  0.02544664  0.96771518 -0.25284666
31566.0  3.00000000  0.96738056  0.02544664  0.96771518 -0.25284666
31566.1  3.00000000  0.96738056  0.02544664  0.96771518 -0.25284666
31566.2  3.00000000  0.96738056  0.02544664  0.96771518 -0.25284666
31566.3  3.00000000  0.96738056  0.02544664  0.96771518 -0.25284666
31566.4  3.00000000  0.96738056  0.02544664  0.96771518 -0.25284666
31566.5  3.00000000  0.96738056  0.02544664  0.96771518 -0.25284666
31566.6  3.00000000  0.96738056  0.02544664  0.96771518 -0.25284666
31566.7  3.00000000  0.96738056  0.02544664  0.96771518 -0.25284666
31566.8  3.00000000  0.96738056  0.02544664  0.96771518 -0.25284666
31566.9  3.00000000  0.96738056  0.02544664  0.96771518 -0.25284666
31567.0  3.00000000  0.96738056  0.02544664  0.96771518 -0.25284666
31567.1  3.00000000  0.96738056  0.02544664  0.96771518 -0.25284666
31567.2  3.00000000  0.96738056  0.02544664  0.96771518 -0.25284666
31567.3  3.00000000  0.96738056  0.02544664  0.96771518 -0.25284666
31567.4  3.00000000  0.96738056  0.02544664  0.96771518 -0.25284666
31567.5  3.00000000  0.96738056  0.02544664  0.96771518 -0.25284666
31567.6  3.00000000  0.96738056  0.02544664  0.96771518 -0.25284666
31567.7  3.00000000  0.96738056  0.02544664  0.96771518 -0.25284666
31567.8  3.00000000  0.96738056  0.02544664  0.96771518 -0.25284666
31567.9  3.00000000  0.96738056  0.02544664  0.96771518 -0.25284666
31568.0  3.00000000  0.96738056  0.02544664  0.96771518 -0.25284666
31568.1  3.00000000  0.96738056  0.02544664  0.96771518 -0.25284666
31568.2  3.00000000  0.96738056  0.02544664  0.96771518 -0.25284666
31568.3  3.00000000  0.96738056  0.02544664  0.96771518 -0.25284666
31568.4  3.00000000  0.96738056  0.02544664  0.96771518 -0.25284666
31568.5  3.00000000  0.96738056  0.02544664  0.96771518 -0.25284666
31568.6  3.00000000  0.96738056  0.02544664  0.96771518 -0.25284666
31568.7  3.00000000  0.96738056  0.02544664  0.96771518 -0.25284666
31568.8  3.00000000  0.96738056  0.02544664  0.96771518 -0.25284666
31568.9  3.00000000  0.96738056  0.02544664  0.96771518 -0.25284666
31569.0  3.00000000  0.96738056  0.02544664  0.96771518 -0.25284666
31569.1  3.00000000  0.96738056  0.02544664  0.96771518 -0.25284666
31569.2  3.00000000  0.96738056  0.02544664  0.96771518 -0.25284666
31569.3  3.00000000  0.96738056  0.02544664  0.96771518 -0.25284666
31569.4  3.00000000  0.96738056  0.02544664  0.96771518 -0.25284666
31569.5  3.00000000  0.96738056  0.02544664  0.96771518 -0.25284666
31569.6  3.00000000  0.96738056  0.02544664  0.96771518 -0.25284666
31569.7  3.00000000  0.96738056  0.02544664  0.96771518 -0.25284666
31569.8  3.00000000  0.96738056  0.02544664  0.96771518 -0.25284666
31569.9  3.00000000  0.96738056  0.02544664  0.96771518 -0.25284666
31570.0  3.00000000  0.96738056  0.02544664  0.96771518 -0.25284666
31570.1  3.00000000  0.96738056  0.02544664  0.96771518 -0.25284666
31570.2  3.00000000  0.96738056  0.02544664  0.96771518 -0.25284666
31570.3  3.00000000  0.96738056  0.02544664  0.96771518 -0.25284666
31570.4  3.00000000  0.96738056  0.02544664  0.96771518 -0.25284666
31570.5  3.00000000  0.96738056  0.02544664  0.96771518 -0.25284666
31570.6  3.00000000  0.96738056  0.02544664  0.96771518 -0.25284666
31570.7  3.00000000  0.96738056  0.02544664  0.96771518 -0.25284666
31570.8  3.00000000  0.96738056  0.02544664  0.96771518 -0.25284666
31570.9  3.00000000  0.96738056  0.02544664  0.96771518 -0.25284666
31571.0  3.00000000  0.96738056  0.02544664  0.96771518 -0.25284666
31571.1  3.00000000  0.96738056  0.02544664  0.96771518 -0.25284666
31571.2  3.00000000  0.96738056  0.02544664  0.96771518 -0.25284666
31571.3  3.00000000  0.96738056  0.02544664  0.96771518 -0.25284666
31571.4  3.00000000  0.96738056  0.02544664  0.96771518 -0.25284666
31571.5  3.00000000  0.96738056  0.02544664  0.96771518 -0.25284666
31571.6  3.00000000  0.96738056  0.02544664  0.96771518 -0.25284666
31571.7  3.00000000  0.96738056  0.02544664  0.96771518 -0.25284666
31571.8  3.00000000  0.96738056  0.02544664  0.96771518 -0.25284666
31571.9  3.00000000  0.96738056  0.02544664  0.96771518 -0.25284666
31572.0  3.00000000  0.96738056  0.02544664  0.96771518 -0.25284666
31572.1  3.00000000  0.96738056  0.02544664  0.96771518 -0.25284666
31572.2  3.00000000  0.96738056  0.02544664  0.96771518 -0.25284666
31572.3  3.00000000  0.96738056  0.02544664  0.96771518 -0.25284666
31572.4  3.00000000  0.96738056  0.02544664  0.96771518 -0.25284666
31572.5  3.00000000  0.96738056  0.02544664  0.96771518 -0.25284666
31572.6  3.00000000  0.96738056  0.02544664  0.96771518 -0.25284666
31572.7  3.00000000  0.96738056  0.02544664  0.96771518 -0.25284666
31572.8  3.00000000  0.96738056  0.02544664  0.96771518 -0.25284666
31572.9  3.00000000  0.96738056  0.02544664  0.96771518 -0.25284666
31573.0  3.00000000  0.96738056  0.02544664  0.96771518 -0.25284666
31573.1  3.00000000  0.96738056  0.02544664  0.96771518 -0.25284666
31573.2  3.00000000  0.96738056  0.02544664  0.96771518 -0.25284666
31573.3  3.00000000  0.96738056  0.02544664  0.96771518 -0.25284666
31573.4  3.00000000  0.96738056  0.02544664  0.96771518 -0.25284666
31573.5  3.00000000  0.96738056  0.02544664  0.96771518 -0.25284666
31573.6  3.00000000  0.96738056  0.02544664  0.96771518 -0.25284666
31573.7  3.00000000  0.96738056  0.02544664  0.96771518 -0.25284666
31573.8  3.00000000  0.96738056  0.02544664  0.96771518 -0.25284666
31573.9  3.00000000  0.96738056  0.02544664  0.96771518 -0.25284666
31574.0  3.00000000  0.96738056  0.02544664  0.96771518 -0.25284666
31574.1  3.00000000  0.96738056  0.02544664  0.96771518 -0.25284666
31574.2  3.00000000  0.96738056  0.02544664  0.96771518 -0.25284666
31574.3  3.00000000  0.96738056  0.02544664  0.96771518 -0.25284666
31574.4  3.00000000  0.96738056  0.02544664  0.96771518 -0.25284666
31574.5  3.00000000  0.96738056  0.02544664  0.96771518 -0.25284666
31574.6  3.00000000  0.96738056  0.02544664  0.96771518 -0.25284666
31574.7  3.00000000  0.96738056  0.02544664  0.96771518 -0.25284666
31574.8  3.00000000  0.96738056  0.02544664  0.96771518 -0.25284666
31574.9  3.00000000  0.96738056  0.02544664  0.96771518 -0.25284666
31575.0  3.00000000  0.96738056  0.02544664  0.96771518 -0.25284666
31575.1  3.00000000  0.96738056  0.02544664  0.96771518 -0.25284666
31575.2  3.00000000  0.96738056  0.02544664  0.96771518 -0.25284666
31575.3  3.00000000  0.96738056  0.02544664  0.96771518 -0.25284666
31575.4  3.00000000  0.96738056  0.02544664  0.96771518 -0.25284666
31575.5  3.00000000  0.96738056  0.02544664  0.96771518 -0.25284666
31575.6  3.00000000  0.96738056  0.02544664  0.96771518 -0.25284666
31575.7  3.00000000  0.96738056  0.02544664  0.96771518 -0.25284666
31575.8  3.00000000  0.96738056  0.02544664  0.96771518 -0.25284666
31575.9  3.00000000  0.96738056  0.02544664  0.96771518 -0.25284666
31576.0  3.00000000  0.96738056  0.02544664  0.96771518 -0.25284666
31576.1  3.00000000  0.96738056  0.02544664  0.96771518 -0.25284666
31576.2  3.00000000  0.96738056  0.02544664  0.96771518 -0.25284666
31576.3  3.00000000  0.96738056  0.02544664  0.96771518 -0.25284666
31576.4  3.00000000  0.96738056  0.02544664  0.96771518 -0.25284666
31576.5  3.00000000  0.96738056  0.02544664  0.96771518 -0.25284666
31576.6  3.00000000  0.96738056  0.02544664  0.96771518 -0.25284666
31576.7  3.00000000  0.96738056  0.02544664  0.96771518 -0.25284666
31576.8  3.00000000  0.96738056  0.02544664  0.96771518 -0.25284666
31576.9  3.00000000  0.96738056  0.02544664  0.96771518 -0.25284666
31577.0  3.00000000  0.96738056  0.02544664  0.96771518 -0.25284666
31577.1  3.00000000  0.96738056  0.02544664  0.96771518 -0.25284666
31577.2  3.00000000  0.96738056  0.02544664  0.96771518 -0.25284666
31577.3  3.00000000  0.96738056  0.02544664  0.96771518 -0.25284666
31577.4  3.00000000  0.96738056  0.02544664  0.96771518 -0.25284666
31577.5  3.00000000  0.96738056  0.02544664  0.96771518 -0.25284666
31577.6  3.00000000  0.96738056  0.02544664  0.96771518 -0.25284666
31577.7  3.00000000  0.96738056  0.02544664  0.96771518 -0.25284666
31577.8  3.00000000  0.96738056  0.02544664  0.96771518 -0.25284666
31577.9  3.00000000  0.96738056  0.02544664  0.96771518 -0.25284666
31578.0  3.00000000  0.96738056  0.02544664  0.96771518 -0.25284666
31578.1  3.00000000  0.96738056  0.02544664  0.96771518 -0.25284666
31578.2  3.00000000  0.96738056  0.02544664  0.96771518 -0.25284666
31578.3  3.00000000  0.96738056  0.02544664  0.96771518 -0.25284666
31578.4  3.00000000  0.96738056  0.02544664  0.96771518 -0.25284666
31578.5  3.00000000  0.96738056  0.02544664  0.96771518 -0.25284666
31578.6  3.00000000  0.96738056  0.02544664  0.96771518 -0.25284666
31578.7  3.00000000  0.96738056  0.02544664  0.96771518 -0.25284666
31578.8  3.00000000  0.96738056  0.02544664  0.96771518 -0.25284666
31578.9  3.00000000  0.96738056  0.02544664  0.96771518 -0.25284666
31579.0  3.00000000  0.96738056  0.02544664  0.96771518 -0.25284666
31579.1  3.00000000  0.96738056  0.02544664  0.96771518 -0.25284666
31579.2  3.00000000  0.96738056  0.02544664  0.96771518 -0.25284666
31579.3  3.00000000  0.96738056  0.02544664  0.96771518 -0.25284666
31579.4  3.00000000  0.96738056  0.02544664  0.96771518 -0.25284666
31579.5  3.00000000  0.96738056  0.02544664  0.96771518 -0.25284666
31579.6  3.00000000  0.96738056  0.02544664  0.96771518 -0.25284666
31579.7  3.00000000  0.96738056  0.02544664  0.96771518 -0.25284666
31579.8  3.00000000  0.96738056  0.02544664  0.96771518 -0.25284666
31579.9  3.00000000  0.96738056  0.02544664  0.96771518 -0.25284666
31580.0  3.00000000  0.96738056  0.02544664  0.96771518 -0.25284666
31580.1  3.00000000  0.96738056  0.02544664  0.96771518 -0.25284666
31580.2  3.00000000  0.96738056  0.02544664  0.96771518 -0.25284666
31580.3  3.00000000  0.96738056  0.02544664  0.96771518 -0.25284666
31580.4  3.00000000  0.96738056  0.02544664  0.96771518 -0.25284666
31580.5  3.00000000  0.96738056  0.02544664  0.96771518 -0.25284666
31580.6  3.00000000  0.96738056  0.02544664  0.96771518 -0.25284666
31580.7  3.00000000  0.96738056  0.02544664  0.96771518 -0.25284666
31580.8  3.00000000  0.96738056  0.02544664  0.96771518 -0.25284666
31580.9  3.00000000  0.96738056  0.02544664  0.96771518 -0.25284666
31581.0  3.00000000  0.96738056  0.02544664  0.96771518 -0.25284666
31581.1  3.00000000  0.96738056  0.02544664  0.96771518 -0.25284666
31581.2  3.00000000  0.96738056  0.02544664  0.96771518 -0.25284666
31581.3  3.00000000  0.96738056  0.02544664  0.96771518 -0.25284666
31581.4  3.00000000  0.96738056  0.02544664  0.96771518 -0.25284666
31581.5  3.00000000  0.96738056  0.02544664  0.96771518 -0.25284666
31581.6  3.00000000  0.96738056  0.02544664  0.96771518 -0.25284666
31581.7  3.00000000  0.96738056  0.02544664  0.96771518 -0.25284666
31581.8  3.00000000  0.96738056  0.02544664  0.96771518 -0.25284666
31581.9  3.00000000  0.96738056  0.02544664  0.96771518 -0.25284666
31582.0  3.00000000  0.96738056  0.02544664  0.96771518 -0.25284666
31582.1  3.00000000  0.96738056  0.02544664  0.96771518 -0.25284666
31582.2  3.00000000  0.96738056  0.02544664  0.96771518 -0.25284666
31582.3  3.00000000  0.96738056  0.02544664  0.96771518 -0.25284666
31582.4  3.00000000  0.96738056  0.02544664  0.96771518 -0.25284666
31582.5  3.00000000  0.96738056  0.02544664  0.96771518 -0.25284666
31582.6  3.00000000  0.96738056  0.02544664  0.96771518 -0.25284666
31582.7  3.00000000  0.96738056  0.02544664  0.96771518 -0.25284666
31582.8  3.00000000  0.96738056  0.02544664  0.96771518 -0.25284666
31582.9  3.00000000  0.96738056  0.02544664  0.96771518 -0.25284666
31583.0  3.00000000  0.96738056  0.02544664  0.96771518 -0.25284666
31583.1  3.00000000  0.96738056  0.02544664  0.96771518 -0.25284666
31583.2  3.00000000  0.96738056  0.02544664  0.96771518 -0.25284666
31583.3  3.00000000  0.96738056  0.02544664  0.96771518 -0.25284666
31583.4  3.00000000  0.96738056  0.02544664  0.96771518 -0.25284666
31583.5  3.00000000  0.96738056  0.02544664  0.96771518 -0.25284666
31583.6  3.00000000  0.96738056  0.02544664  0.96771518 -0.25284666
31583.7  3.00000000  0.96738056  0.02544664  0.96771518 -0.25284666
31583.8  3.00000000  0.96738056  0.02544664  0.96771518 -0.25284666
31583.9  3.00000000  0.96738056  0.02544664  0.96771518 -0.25284666
31584.0  3.00000000  0.96738056  0.02544664  0.96771518 -0.25284666
31584.1  3.00000000  0.96738056  0.02544664  0.96771518 -0.25284666
31584.2  3.00000000  0.96738056  0.02544664  0.96771518 -0.25284666
31584.3  3.00000000  0.96738056  0.02544664  0.96771518 -0.25284666
31584.4  3.00000000  0.96738056  0.02544664  0.96771518 -0.25284666
31584.5  3.00000000  0.96738056  0.02544664  0.96771518 -0.25284666
31584.6  3.00000000  0.96738056  0.02544664  0.96771518 -0.25284666
31584.7  3.00000000  0.96738056  0.02544664  0.96771518 -0.25284666
31584.8  3.00000000  0.96738056  0.02544664  0.96771518 -0.25284666
31584.9  3.00000000  0.96738056  0.02544664  0.96771518 -0.25284666
31585.0  3.00000000  0.96738056  0.02544664  0.96771518 -0.25284666
31585.1  3.00000000  0.96738056  0.02544664  0.96771518 -0.25284666
31585.2  3.00000000  0.96738056  0.02544664  0.96771518 -0.25284666
31585.3  3.00000000  0.96738056  0.02544664  0.96771518 -0.25284666
31585.4  3.00000000  0.96738056  0.02544664  0.96771518 -0.25284666
31585.5  3.00000000  0.96738056  0.02544664  0.96771518 -0.25284666
31585.6  3.00000000  0.96738056  0.02544664  0.96771518 -0.25284666
31585.7  3.00000000  0.96738056  0.02544664  0.96771518 -0.25284666
31585.8  3.00000000  0.96738056  0.02544664  0.96771518 -0.25284666
31585.9  3.00000000  0.96738056  0.02544664  0.96771518 -0.25284666
31586.0  3.00000000  0.96738056  0.02544664  0.96771518 -0.25284666
31586.1  3.00000000  0.96738056  0.02544664  0.96771518 -0.25284666
31586.2  3.00000000  0.96738056  0.02544664  0.96771518 -0.25284666
31586.3  3.00000000  0.96738056  0.02544664  0.96771518 -0.25284666
31586.4  3.00000000  0.96738056  0.02544664  0.96771518 -0.25284666
31586.5  3.00000000  0.96738056  0.02544664  0.96771518 -0.25284666
31586.6  3.00000000  0.96738056  0.02544664  0.96771518 -0.25284666
31586.7  3.00000000  0.96738056  0.02544664  0.96771518 -0.25284666
31586.8  3.00000000  0.96738056  0.02544664  0.96771518 -0.25284666
31586.9  3.00000000  0.96738056  0.02544664  0.96771518 -0.25284666
31587.0  3.00000000  0.96738056  0.02544664  0.96771518 -0.25284666
31587.1  3.00000000  0.96738056  0.02544664  0.96771518 -0.25284666
31587.2  3.00000000  0.96738056  0.02544664  0.96771518 -0.25284666
31587.3  3.00000000  0.96738056  0.02544664  0.96771518 -0.25284666
31587.4  3.00000000  0.96738056  0.02544664  0.96771518 -0.25284666
31587.5  3.00000000  0.96738056  0.02544664  0.96771518 -0.25284666
31587.6  3.00000000  0.96738056  0.02544664  0.96771518 -0.25284666
31587.7  3.00000000  0.96738056  0.02544664  0.96771518 -0.25284666
31587.8  3.00000000  0.96738056  0.02544664  0.96771518 -0.25284666
31587.9  3.00000000  0.96738056  0.02544664  0.96771518 -0.25284666
31588.0  3.00000000  0.96738056  0.02544664  0.96771518 -0.25284666
31588.1  3.00000000  0.96738056  0.02544664  0.96771518 -0.25284666
31588.2  3.00000000  0.96738056  0.02544664  0.96771518 -0.25284666
31588.3  3.00000000  0.96738056  0.02544664  0.96771518 -0.25284666
31588.4  3.00000000  0.96738056  0.02544664  0.96771518 -0.25284666
31588.5  3.00000000  0.96738056  0.02544664  0.96771518 -0.25284666
31588.6  3.00000000  0.96738056  0.02544664  0.96771518 -0.25284666
31588.7  3.00000000  0.96738056  0.02544664  0.96771518 -0.25284666
31588.8  3.00000000  0.96738056  0.02544664  0.96771518 -0.25284666
31588.9  3.00000000  0.96738056  0.02544664  0.96771518 -0.25284666
31589.0  3.00000000  0.96738056  0.02544664  0.96771518 -0.25284666
31589.1  3.00000000  0.96738056  0.02544664  0.96771518 -0.25284666
31589.2  3.00000000  0.96738056  0.02544664  0.96771518 -0.25284666
31589.3  3.00000000  0.96738056  0.02544664  0.96771518 -0.25284666
31589.4  3.00000000  0.96738056  0.02544664  0.96771518 -0.25284666
31589.5  3.00000000  0.96738056  0.02544664  0.96771518 -0.25284666
31589.6  3.00000000  0.96738056  0.02544664  0.96771518 -0.25284666
31589.7  3.00000000  0.96738056  0.02544664  0.96771518 -0.25284666
31589.8  3.00000000  0.96738056  0.02544664  0.96771518 -0.25284666
31589.9  3.00000000  0.96738056  0.02544664  0.96771518 -0.25284666
31590.0  3.00000000  0.96738056  0.02544664  0.96771518 -0.25284666
31590.1  3.00000000  0.96738056  0.02544664  0.96771518 -0.25284666
31590.2  3.00000000  0.96738056  0.02544664  0.96771518 -0.25284666
31590.3  3.00000000  0.96738056  0.02544664  0.96771518 -0.25284666
31590.4  3.00000000  0.96738056  0.02544664  0.96771518 -0.25284666
31590.5  3.00000000  0.96738056  0.02544664  0.96771518 -0.25284666
31590.6  3.00000000  0.96738056  0.02544664  0.96771518 -0.25284666
31590.7  3.00000000  0.96738056  0.02544664  0.96771518 -0.25284666
31590.8  3.00000000  0.96738056  0.02544664  0.96771518 -0.25284666
31590.9  3.00000000  0.96738056  0.02544664  0.96771518 -0.25284666
31591.0  3.00000000  0.96738056  0.02544664  0.96771518 -0.25284666
31591.1  3.00000000  0.96738056  0.02544664  0.96771518 -0.25284666
31591.2  3.00000000  0.96738056  0.02544664  0.96771518 -0.25284666
31591.3  3.00000000  0.96738056  0.02544664  0.96771518 -0.25284666
31591.4  3.00000000  0.96738056  0.02544664  0.96771518 -0.25284666
31591.5  3.00000000  0.96738056  0.02544664  0.96771518 -0.25284666
31591.6  3.00000000  0.96738056  0.02544664  0.96771518 -0.25284666
31591.7  3.00000000  0.96738056  0.02544664  0.96771518 -0.25284666
31591.8  3.00000000  0.96738056  0.02544664  0.96771518 -0.25284666
31591.9  3.00000000  0.96738056  0.02544664  0.96771518 -0.25284666
31592.0  3.00000000  0.96738056  0.02544664  0.96771518 -0.25284666
31592.1  3.00000000  0.96738056  0.02544664  0.96771518 -0.25284666
31592.2  3.00000000  0.96738056  0.02544664  0.96771518 -0.25284666
31592.3  3.00000000  0.96738056  0.02544664  0.96771518 -0.25284666
31592.4  3.00000000  0.96738056  0.02544664  0.96771518 -0.25284666
31592.5  3.00000000  0.96738056  0.02544664  0.96771518 -0.25284666
31592.6  3.00000000  0.96738056  0.02544664  0.96771518 -0.25284666
31592.7  3.00000000  0.96738056  0.02544664  0.96771518 -0.25284666
31592.8  3.00000000  0.96738056  0.02544664  0.96771518 -0.25284666
31592.9  3.00000000  0.96738056  0.02544664  0.96771518 -0.25284666
31593.0  3.00000000  0.96738056  0.02544664  0.96771518 -0.25284666
31593.1  3.00000000  0.96738056  0.02544664  0.96771518 -0.25284666
31593.2  3.00000000  0.96738056  0.02544664  0.96771518 -0.25284666
31593.3  3.00000000  0.96738056  0.02544664  0.96771518 -0.25284666
31593.4  3.00000000  0.96738056  0.02544664  0.96771518 -0.25284666
31593.5  3.00000000  0.96738056  0.02544664  0.96771518 -0.25284666
31593.6  3.00000000  0.96738056  0.02544664  0.96771518 -0.25284666
31593.7  3.00000000  0.96738056  0.02544664  0.96771518 -0.25284666
31593.8  3.00000000  0.96738056  0.02544664  0.96771518 -0.25284666
31593.9  3.00000000  0.96738056  0.02544664  0.96771518 -0.25284666
31594.0  3.00000000  0.96738056  0.02544664  0.96771518 -0.25284666
31594.1  3.00000000  0.96738056  0.02544664  0.96771518 -0.25284666
31594.2  3.00000000  0.96738056  0.02544664  0.96771518 -0.25284666
31594.3  3.00000000  0.96738056  0.02544664  0.96771518 -0.25284666
31594.4  3.00000000  0.96738056  0.02544664  0.96771518 -0.25284666
31594.5  3.00000000  0.96738056  0.02544664  0.96771518 -0.25284666
31594.6  3.00000000  0.96738056  0.02544664  0.96771518 -0.25284666
31594.7  3.00000000  0.96738056  0.02544664  0.96771518 -0.25284666
31594.8  3.00000000  0.96738056  0.02544664  0.96771518 -0.25284666
31594.9  3.00000000  0.96738056  0.02544664  0.96771518 -0.25284666
31595.0  3.00000000  0.96738056  0.02544664  0.96771518 -0.25284666
31595.1  3.00000000  0.96738056  0.02544664  0.96771518 -0.25284666
31595.2  3.00000000  0.96738056  0.02544664  0.96771518 -0.25284666
31595.3  3.00000000  0.96738056  0.02544664  0.96771518 -0.25284666
31595.4  3.00000000  0.96738056  0.02544664  0.96771518 -0.25284666
31595.5  3.00000000  0.96738056  0.02544664  0.96771518 -0.25284666
31595.6  3.00000000  0.96738056  0.02544664  0.96771518 -0.25284666
31595.7  3.00000000  0.96738056  0.02544664  0.96771518 -0.25284666
31595.8  3.00000000  0.96738056  0.02544664  0.96771518 -0.25284666
31595.9  3.00000000  0.96738056  0.02544664  0.96771518 -0.25284666
31596.0  3.00000000  0.96738056  0.02544664  0.96771518 -0.25284666
31596.1  3.00000000  0.96738056  0.02544664  0.96771518 -0.25284666
31596.2  3.00000000  0.96738056  0.02544664  0.96771518 -0.25284666
31596.3  3.00000000  0.96738056  0.02544664  0.96771518 -0.25284666
31596.4  3.00000000  0.96738056  0.02544664  0.96771518 -0.25284666
31596.5  3.00000000  0.96738056  0.02544664  0.96771518 -0.25284666
31596.6  3.00000000  0.96738056  0.02544664  0.96771518 -0.25284666
31596.7  3.00000000  0.96738056  0.02544664  0.96771518 -0.25284666
31596.8  3.00000000  0.96738056  0.02544664  0.96771518 -0.25284666
31596.9  3.00000000  0.96738056  0.02544664  0.96771518 -0.25284666
31597.0  3.00000000  0.96738056  0.02544664  0.96771518 -0.25284666
31597.1  3.00000000  0.96738056  0.02544664  0.96771518 -0.25284666
31597.2  3.00000000  0.96738056  0.02544664  0.96771518 -0.25284666
31597.3  3.00000000  0.96738056  0.02544664  0.96771518 -0.25284666
31597.4  3.00000000  0.96738056  0.02544664  0.96771518 -0.25284666
31597.5  3.00000000  0.96738056  0.02544664  0.96771518 -0.25284666
31597.6  3.00000000  0.96738056  0.02544664  0.96771518 -0.25284666
31597.7  3.00000000  0.96738056  0.02544664  0.96771518 -0.25284666
31597.8  3.00000000  0.96738056  0.02544664  0.96771518 -0.25284666
31597.9  3.00000000  0.96738056  0.02544664  0.96771518 -0.25284666
31598.0  3.00000000  0.96738056  0.02544664  0.96771518 -0.25284666
31598.1  3.00000000  0.96738056  0.02544664  0.96771518 -0.25284666
31598.2  3.00000000  0.96738056  0.02544664  0.96771518 -0.25284666
31598.3  3.00000000  0.96738056  0.02544664  0.96771518 -0.25284666
31598.4  3.00000000  0.96738056  0.02544664  0.96771518 -0.25284666
31598.5  3.00000000  0.96738056  0.02544664  0.96771518 -0.25284666
31598.6  3.00000000  0.96738056  0.02544664  0.96771518 -0.25284666
31598.7  3.00000000  0.96738056  0.02544664  0.96771518 -0.25284666
31598.8  3.00000000  0.96738056  0.02544664  0.96771518 -0.25284666
31598.9  3.00000000  0.96738056  0.02544664  0.96771518 -0.25284666
31599.0  3.00000000  0.96738056  0.02544664  0.96771518 -0.25284666
31599.1  3.00000000  0.96738056  0.02544664  0.96771518 -0.25284666
31599.2  3.00000000  0.96738056  0.02544664  0.96771518 -0.25284666
31599.3  3.00000000  0.96738056  0.02544664  0.96771518 -0.25284666
31599.4  3.00000000  0.96738056  0.02544664  0.96771518 -0.25284666
31599.5  3.00000000  0.96738056  0.02544664  0.96771518 -0.25284666
31599.6  3.00000000  0.96738056  0.02544664  0.96771518 -0.25284666
31599.7  3.00000000  0.96738056  0.02544664  0.96771518 -0.25284666
31599.8  3.00000000  0.96738056  0.02544664  0.96771518 -0.25284666
31599.9  3.00000000  0.96738056  0.02544664  0.96771518 -0.25284666
31600.0  3.00000000  0.96738056  0.02544664  0.96771518 -0.25284666
31600.1  3.00000000  0.96738056  0.02544664  0.96771518 -0.25284666
31600.2  3.00000000  0.96738056  0.02544664  0.96771518 -0.25284666
31600.3  3.00000000  0.96738056  0.02544664  0.96771518 -0.25284666
31600.4  3.00000000  0.96738056  0.02544664  0.96771518 -0.25284666
31600.5  3.00000000  0.96738056  0.02544664  0.96771518 -0.25284666
31600.6  3.00000000  0.96738056  0.02544664  0.96771518 -0.25284666
31600.7  3.00000000  0.96738056  0.02544664  0.96771518 -0.25284666
31600.8  3.00000000  0.96738056  0.02544664  0.96771518 -0.25284666
31600.9  3.00000000  0.96738056  0.02544664  0.96771518 -0.25284666
31601.0  3.00000000  0.96738056  0.02544664  0.96771518 -0.25284666
31601.1  3.00000000  0.96738056  0.02544664  0.96771518 -0.25284666
31601.2  3.00000000  0.96738056  0.02544664  0.96771518 -0.25284666
31601.3  3.00000000  0.96738056  0.02544664  0.96771518 -0.25284666
31601.4  3.00000000  0.96738056  0.02544664  0.96771518 -0.25284666
31601.5  3.00000000  0.96738056  0.02544664  0.96771518 -0.25284666
31601.6  3.00000000  0.96738056  0.02544664  0.96771518 -0.25284666
31601.7  3.00000000  0.96738056  0.02544664  0.96771518 -0.25284666
31601.8  3.00000000  0.96738056  0.02544664  0.96771518 -0.25284666
31601.9  3.00000000  0.96738056  0.02544664  0.96771518 -0.25284666
31602.0  3.00000000  0.96738056  0.02544664  0.96771518 -0.25284666
31602.1  3.00000000  0.96738056  0.02544664  0.96771518 -0.25284666
31602.2  3.00000000  0.96738056  0.02544664  0.96771518 -0.25284666
31602.3  3.00000000  0.96738056  0.02544664  0.96771518 -0.25284666
31602.4  3.00000000  0.96738056  0.02544664  0.96771518 -0.25284666
31602.5  3.00000000  0.96738056  0.02544664  0.96771518 -0.25284666
31602.6  3.00000000  0.96738056  0.02544664  0.96771518 -0.25284666
31602.7  3.00000000  0.96738056  0.02544664  0.96771518 -0.25284666
31602.8  3.00000000  0.96738056  0.02544664  0.96771518 -0.25284666
31602.9  3.00000000  0.96738056  0.02544664  0.96771518 -0.25284666
31603.0  3.00000000  0.96738056  0.02544664  0.96771518 -0.25284666
31603.1  3.00000000  0.96738056  0.02544664  0.96771518 -0.25284666
31603.2  3.00000000  0.96738056  0.02544664  0.96771518 -0.25284666
31603.3  3.00000000  0.96738056  0.02544664  0.96771518 -0.25284666
31603.4  3.00000000  0.96738056  0.02544664  0.96771518 -0.25284666
31603.5  3.00000000  0.96738056  0.02544664  0.96771518 -0.25284666
31603.6  3.00000000  0.96738056  0.02544664  0.96771518 -0.25284666
31603.7  3.00000000  0.96738056  0.02544664  0.96771518 -0.25284666
31603.8  3.00000000  0.96738056  0.02544664  0.96771518 -0.25284666
31603.9  3.00000000  0.96738056  0.02544664  0.96771518 -0.25284666
31604.0  3.00000000  0.96738056  0.02544664  0.96771518 -0.25284666
31604.1  3.00000000  0.96738056  0.02544664  0.96771518 -0.25284666
31604.2  3.00000000  0.96738056  0.02544664  0.96771518 -0.25284666
31604.3  3.00000000  0.96738056  0.02544664  0.96771518 -0.25284666
31604.4  3.00000000  0.96738056  0.02544664  0.96771518 -0.25284666
31604.5  3.00000000  0.96738056  0.02544664  0.96771518 -0.25284666
31604.6  3.00000000  0.96738056  0.02544664  0.96771518 -0.25284666
31604.7  3.00000000  0.96738056  0.02544664  0.96771518 -0.25284666
31604.8  3.00000000  0.96738056  0.02544664  0.96771518 -0.25284666
31604.9  3.00000000  0.96738056  0.02544664  0.96771518 -0.25284666
31605.0  3.00000000  0.96738056  0.02544664  0.96771518 -0.25284666
31605.1  3.00000000  0.96738056  0.02544664  0.96771518 -0.25284666
31605.2  3.00000000  0.96738056  0.02544664  0.96771518 -0.25284666
31605.3  3.00000000  0.96738056  0.02544664  0.96771518 -0.25284666
31605.4  3.00000000  0.96738056  0.02544664  0.96771518 -0.25284666
31605.5  3.00000000  0.96738056  0.02544664  0.96771518 -0.25284666
31605.6  3.00000000  0.96738056  0.02544664  0.96771518 -0.25284666
31605.7  3.00000000  0.96738056  0.02544664  0.96771518 -0.25284666
31605.8  3.00000000  0.96738056  0.02544664  0.96771518 -0.25284666
31605.9  3.00000000  0.96738056  0.02544664  0.96771518 -0.25284666
31606.0  3.00000000  0.96738056  0.02544664  0.96771518 -0.25284666
31606.1  3.00000000  0.96738056  0.02544664  0.96771518 -0.25284666
31606.2  3.00000000  0.96738056  0.02544664  0.96771518 -0.25284666
31606.3  3.00000000  0.96738056  0.02544664  0.96771518 -0.25284666
31606.4  3.00000000  0.96738056  0.02544664  0.96771518 -0.25284666
31606.5  3.00000000  0.96738056  0.02544664  0.96771518 -0.25284666
31606.6  3.00000000  0.96738056  0.02544664  0.96771518 -0.25284666
31606.7  3.00000000  0.96738056  0.02544664  0.96771518 -0.25284666
31606.8  3.00000000  0.96738056  0.02544664  0.96771518 -0.25284666
31606.9  3.00000000  0.96738056  0.02544664  0.96771518 -0.25284666
31607.0  3.00000000  0.96738056  0.02544664  0.96771518 -0.25284666
31607.1  3.00000000  0.96738056  0.02544664  0.96771518 -0.25284666
31607.2  3.00000000  0.96738056  0.02544664  0.96771518 -0.25284666
31607.3  3.00000000  0.96738056  0.02544664  0.96771518 -0.25284666
31607.4  3.00000000  0.96738056  0.02544664  0.96771518 -0.25284666
31607.5  3.00000000  0.96738056  0.02544664  0.96771518 -0.25284666
31607.6  3.00000000  0.96738056  0.02544664  0.96771518 -0.25284666
31607.7  3.00000000  0.96738056  0.02544664  0.96771518 -0.25284666
31607.8  3.00000000  0.96738056  0.02544664  0.96771518 -0.25284666
31607.9  3.00000000  0.96738056  0.02544664  0.96771518 -0.25284666
31608.0  3.00000000  0.96738056  0.02544664  0.96771518 -0.25284666
31608.1  3.00000000  0.96738056  0.02544664  0.96771518 -0.25284666
31608.2  3.00000000  0.96738056  0.02544664  0.96771518 -0.25284666
31608.3  3.00000000  0.96738056  0.02544664  0.96771518 -0.25284666
31608.4  3.00000000  0.96738056  0.02544664  0.96771518 -0.25284666
31608.5  3.00000000  0.96738056  0.02544664  0.96771518 -0.25284666
31608.6  3.00000000  0.96738056  0.02544664  0.96771518 -0.25284666
31608.7  3.00000000  0.96738056  0.02544664  0.96771518 -0.25284666
31608.8  3.00000000  0.96738056  0.02544664  0.96771518 -0.25284666
31608.9  3.00000000  0.96738056  0.02544664  0.96771518 -0.25284666
31609.0  3.00000000  0.96738056  0.02544664  0.96771518 -0.25284666
31609.1  3.00000000  0.96738056  0.02544664  0.96771518 -0.25284666
31609.2  3.00000000  0.96738056  0.02544664  0.96771518 -0.25284666
31609.3  3.00000000  0.96738056  0.02544664  0.96771518 -0.25284666
31609.4  3.00000000  0.96738056  0.02544664  0.96771518 -0.25284666
31609.5  3.00000000  0.96738056  0.02544664  0.96771518 -0.25284666
31609.6  3.00000000  0.96738056  0.02544664  0.96771518 -0.25284666
31609.7  3.00000000  0.96738056  0.02544664  0.96771518 -0.25284666
31609.8  3.00000000  0.96738056  0.02544664  0.96771518 -0.25284666
31609.9  3.00000000  0.96738056  0.02544664  0.96771518 -0.25284666
31610.0  3.00000000  0.96738056  0.02544664  0.96771518 -0.25284666
31610.1  3.00000000  0.96738056  0.02544664  0.96771518 -0.25284666
31610.2  3.00000000  0.96738056  0.02544664  0.96771518 -0.25284666
31610.3  3.00000000  0.96738056  0.02544664  0.96771518 -0.25284666
31610.4  3.00000000  0.96738056  0.02544664  0.96771518 -0.25284666
31610.5  3.00000000  0.96738056  0.02544664  0.96771518 -0.25284666
31610.6  3.00000000  0.96738056  0.02544664  0.96771518 -0.25284666
31610.7  3.00000000  0.96738056  0.02544664  0.96771518 -0.25284666
31610.8  3.00000000  0.96738056  0.02544664  0.96771518 -0.25284666
31610.9  3.00000000  0.96738056  0.02544664  0.96771518 -0.25284666
31611.0  3.00000000  0.96738056  0.02544664  0.96771518 -0.25284666
31611.1  3.00000000  0.96738056  0.02544664  0.96771518 -0.25284666
31611.2  3.00000000  0.96738056  0.02544664  0.96771518 -0.25284666
31611.3  3.00000000  0.96738056  0.02544664  0.96771518 -0.25284666
31611.4  3.00000000  0.96738056  0.02544664  0.96771518 -0.25284666
31611.5  3.00000000  0.96738056  0.02544664  0.96771518 -0.25284666
31611.6  3.00000000  0.96738056  0.02544664  0.96771518 -0.25284666
31611.7  3.00000000  0.96738056  0.02544664  0.96771518 -0.25284666
31611.8  3.00000000  0.96738056  0.02544664  0.96771518 -0.25284666
31611.9  3.00000000  0.96738056  0.02544664  0.96771518 -0.25284666
31612.0  3.00000000  0.96738056  0.02544664  0.96771518 -0.25284666
31612.1  3.00000000  0.96738056  0.02544664  0.96771518 -0.25284666
31612.2  3.00000000  0.96738056  0.02544664  0.96771518 -0.25284666
31612.3  3.00000000  0.96738056  0.02544664  0.96771518 -0.25284666
31612.4  3.00000000  0.96738056  0.02544664  0.96771518 -0.25284666
31612.5  3.00000000  0.96738056  0.02544664  0.96771518 -0.25284666
31612.6  3.00000000  0.96738056  0.02544664  0.96771518 -0.25284666
31612.7  3.00000000  0.96738056  0.02544664  0.96771518 -0.25284666
31612.8  3.00000000  0.96738056  0.02544664  0.96771518 -0.25284666
31612.9  3.00000000  0.96738056  0.02544664  0.96771518 -0.25284666
31613.0  3.00000000  0.96738056  0.02544664  0.96771518 -0.25284666
31613.1  3.00000000  0.96738056  0.02544664  0.96771518 -0.25284666
31613.2  3.00000000  0.96738056  0.02544664  0.96771518 -0.25284666
31613.3  3.00000000  0.96738056  0.02544664  0.96771518 -0.25284666
31613.4  3.00000000  0.96738056  0.02544664  0.96771518 -0.25284666
31613.5  3.00000000  0.96738056  0.02544664  0.96771518 -0.25284666
31613.6  3.00000000  0.96738056  0.02544664  0.96771518 -0.25284666
31613.7  3.00000000  0.96738056  0.02544664  0.96771518 -0.25284666
31613.8  3.00000000  0.96738056  0.02544664  0.96771518 -0.25284666
31613.9  3.00000000  0.96738056  0.02544664  0.96771518 -0.25284666
31614.0  3.00000000  0.96738056  0.02544664  0.96771518 -0.25284666
31614.1  3.00000000  0.96738056  0.02544664  0.96771518 -0.25284666
31614.2  3.00000000  0.96738056  0.02544664  0.96771518 -0.25284666
31614.3  3.00000000  0.96738056  0.02544664  0.96771518 -0.25284666
31614.4  3.00000000  0.96738056  0.02544664  0.96771518 -0.25284666
31614.5  3.00000000  0.96738056  0.02544664  0.96771518 -0.25284666
31614.6  3.00000000  0.96738056  0.02544664  0.96771518 -0.25284666
31614.7  3.00000000  0.96738056  0.02544664  0.96771518 -0.25284666
31614.8  3.00000000  0.96738056  0.02544664  0.96771518 -0.25284666
31614.9  3.00000000  0.96738056  0.02544664  0.96771518 -0.25284666
31615.0  3.00000000  0.96738056  0.02544664  0.96771518 -0.25284666
