 # AA:        451578.26000777836     
 # FLEGG:     257292.18844203415     
 # AF0:     -5.33308614247767210E-002
 # CPAR:      555.55779854881382     
 # Diff:     0.12463198212018202     
 # TF:       2.68328157299974766E-007
 # H:         284.00000000000000     
 # GRAD:     0.10000000000000001     
 # HR:       3.00000000000000006E-003
 # LP:       0.55000000000630767     
 # TIME  LP  TMAB  TMDS  TMPC  TMZ
47866.6  3.00000000  0.96773866  0.01839910  0.96791355 -0.25211586
47866.7  3.00000000  0.96777309  0.01655974  0.96791475 -0.25210866
47866.8  3.00000000  0.96779791  0.01520341  0.96791732 -0.25209345
47866.9  3.00000000  0.96781054  0.01458422  0.96792042 -0.25207443
47867.0  3.00000000  0.96781070  0.01477129  0.96792341 -0.25205607
47867.1  3.00000000  0.96779922  0.01564864  0.96792572 -0.25204229
47867.2  3.00000000  0.96777824  0.01695972  0.96792684 -0.25203575
47867.3  3.00000000  0.96775215  0.01837670  0.96792661 -0.25203724
47867.4  3.00000000  0.96772725  0.01957733  0.96792525 -0.25204567
47867.5  3.00000000  0.96770986  0.02031643  0.96792311 -0.25205857
47867.6  3.00000000  0.96770416  0.02047362  0.96792071 -0.25207271
47867.7  3.00000000  0.96771063  0.02006749  0.96791868 -0.25208479
47867.8  3.00000000  0.96772617  0.01923900  0.96791739 -0.25209236
47867.9  3.00000000  0.96774572  0.01821032  0.96791704 -0.25209421
47868.0  3.00000000  0.96776436  0.01722693  0.96791768 -0.25209041
47868.1  3.00000000  0.96777843  0.01650057  0.96791909 -0.25208230
47868.2  3.00000000  0.96778577  0.01616765  0.96792081 -0.25207215
47868.3  3.00000000  0.96778577  0.01626589  0.96792246 -0.25206233
47868.4  3.00000000  0.96777908  0.01673330  0.96792373 -0.25205494
47868.5  3.00000000  0.96776731  0.01743266  0.96792431 -0.25205144
47868.6  3.00000000  0.96775320  0.01818932  0.96792412 -0.25205224
47868.7  3.00000000  0.96774016  0.01883088  0.96792335 -0.25205673
47868.8  3.00000000  0.96773121  0.01922612  0.96792218 -0.25206361
47868.9  3.00000000  0.96772825  0.01931110  0.96792090 -0.25207114
47869.0  3.00000000  0.96773147  0.01909541  0.96791985 -0.25207758
47869.1  3.00000000  0.96773940  0.01865427  0.96791918 -0.25208165
47869.2  3.00000000  0.96774965  0.01810636  0.96791902 -0.25208265
47869.3  3.00000000  0.96775972  0.01758181  0.96791941 -0.25208061
47869.4  3.00000000  0.96776745  0.01719339  0.96792016 -0.25207629
47869.5  3.00000000  0.96777146  0.01701478  0.96792102 -0.25207091
47869.6  3.00000000  0.96777140  0.01706622  0.96792186 -0.25206568
47869.7  3.00000000  0.96776767  0.01731436  0.96792254 -0.25206171
47869.8  3.00000000  0.96776124  0.01768649  0.96792284 -0.25205983
47869.9  3.00000000  0.96775369  0.01808989  0.96792275 -0.25206025
47870.0  3.00000000  0.96774684  0.01843257  0.96792236 -0.25206263
47870.1  3.00000000  0.96774218  0.01864436  0.96792177 -0.25206629
47870.2  3.00000000  0.96774062  0.01869092  0.96792110 -0.25207031
47870.3  3.00000000  0.96774224  0.01857717  0.96792053 -0.25207375
47870.4  3.00000000  0.96774635  0.01834271  0.96792017 -0.25207592
47870.5  3.00000000  0.96775174  0.01805051  0.96792007 -0.25207647
47870.6  3.00000000  0.96775710  0.01777029  0.96792024 -0.25207541
47870.7  3.00000000  0.96776129  0.01756243  0.96792063 -0.25207311
47870.8  3.00000000  0.96776350  0.01746618  0.96792110 -0.25207023
47870.9  3.00000000  0.96776349  0.01749268  0.96792157 -0.25206743
47871.0  3.00000000  0.96776146  0.01762460  0.96792194 -0.25206532
47871.1  3.00000000  0.96775801  0.01782307  0.96792212 -0.25206430
47871.2  3.00000000  0.96775397  0.01803846  0.96792207 -0.25206452
47871.3  3.00000000  0.96775032  0.01822173  0.96792186 -0.25206579
47871.4  3.00000000  0.96774785  0.01833527  0.96792153 -0.25206773
47871.5  3.00000000  0.96774701  0.01836053  0.96792116 -0.25206988
47871.6  3.00000000  0.96774784  0.01830016  0.96792085 -0.25207172
47871.7  3.00000000  0.96775000  0.01817528  0.96792066 -0.25207289
47871.8  3.00000000  0.96775287  0.01801937  0.96792061 -0.25207318
47871.9  3.00000000  0.96775574  0.01786973  0.96792071 -0.25207262
47872.0  3.00000000  0.96775800  0.01775867  0.96792092 -0.25207140
47872.1  3.00000000  0.96775920  0.01770708  0.96792118 -0.25206986
47872.2  3.00000000  0.96775920  0.01772093  0.96792143 -0.25206836
47872.3  3.00000000  0.96775810  0.01779109  0.96792162 -0.25206724
47872.4  3.00000000  0.96775623  0.01789685  0.96792171 -0.25206669
47872.5  3.00000000  0.96775408  0.01801167  0.96792168 -0.25206680
47872.6  3.00000000  0.96775214  0.01810946  0.96792156 -0.25206748
47872.7  3.00000000  0.96775083  0.01817020  0.96792139 -0.25206851
47872.8  3.00000000  0.96775038  0.01818393  0.96792120 -0.25206966
47872.9  3.00000000  0.96775082  0.01815200  0.96792104 -0.25207064
47873.0  3.00000000  0.96775196  0.01808563  0.96792094 -0.25207126
47873.1  3.00000000  0.96775348  0.01800260  0.96792092 -0.25207142
47873.2  3.00000000  0.96775502  0.01792274  0.96792096 -0.25207113
47873.3  3.00000000  0.96775622  0.01786336  0.96792107 -0.25207048
47873.4  3.00000000  0.96775687  0.01783562  0.96792121 -0.25206966
47873.5  3.00000000  0.96775687  0.01784274  0.96792134 -0.25206886
47873.6  3.00000000  0.96775628  0.01787994  0.96792144 -0.25206826
47873.7  3.00000000  0.96775529  0.01793626  0.96792149 -0.25206796
47873.8  3.00000000  0.96775414  0.01799752  0.96792148 -0.25206802
47873.9  3.00000000  0.96775311  0.01804980  0.96792142 -0.25206838
47874.0  3.00000000  0.96775241  0.01808239  0.96792133 -0.25206893
47874.1  3.00000000  0.96775217  0.01808991  0.96792123 -0.25206954
47874.2  3.00000000  0.96775239  0.01807302  0.96792114 -0.25207007
47874.3  3.00000000  0.96775300  0.01803769  0.96792108 -0.25207040
47874.4  3.00000000  0.96775381  0.01799339  0.96792107 -0.25207049
47874.5  3.00000000  0.96775462  0.01795072  0.96792109 -0.25207033
47874.6  3.00000000  0.96775527  0.01791893  0.96792115 -0.25206999
47874.7  3.00000000  0.96775562  0.01790403  0.96792123 -0.25206955
47874.8  3.00000000  0.96775563  0.01790773  0.96792130 -0.25206912
47874.9  3.00000000  0.96775531  0.01792753  0.96792135 -0.25206880
47875.0  3.00000000  0.96775478  0.01795756  0.96792138 -0.25206864
47875.1  3.00000000  0.96775417  0.01799026  0.96792137 -0.25206867
47875.2  3.00000000  0.96775362  0.01801818  0.96792134 -0.25206886
47875.3  3.00000000  0.96775324  0.01803562  0.96792129 -0.25206916
47875.4  3.00000000  0.96775311  0.01803969  0.96792123 -0.25206948
47875.5  3.00000000  0.96775323  0.01803073  0.96792119 -0.25206976
47875.6  3.00000000  0.96775355  0.01801192  0.96792116 -0.25206994
47875.7  3.00000000  0.96775399  0.01798831  0.96792115 -0.25206999
47875.8  3.00000000  0.96775442  0.01796555  0.96792117 -0.25206990
47875.9  3.00000000  0.96775477  0.01794857  0.96792120 -0.25206972
47876.0  3.00000000  0.96775496  0.01794057  0.96792124 -0.25206949
47876.1  3.00000000  0.96775496  0.01794250  0.96792127 -0.25206926
47876.2  3.00000000  0.96775479  0.01795300  0.96792130 -0.25206909
47876.3  3.00000000  0.96775451  0.01796898  0.96792131 -0.25206900
47876.4  3.00000000  0.96775418  0.01798634  0.96792131 -0.25206902
47876.5  3.00000000  0.96775389  0.01800099  0.96792130 -0.25206912
47876.6  3.00000000  0.96775369  0.01801028  0.96792127 -0.25206928
47876.7  3.00000000  0.96775362  0.01801263  0.96792124 -0.25206945
47876.8  3.00000000  0.96775368  0.01800805  0.96792122 -0.25206960
47876.9  3.00000000  0.96775385  0.01799815  0.96792120 -0.25206969
47877.0  3.00000000  0.96775408  0.01798561  0.96792120 -0.25206972
47877.1  3.00000000  0.96775431  0.01797351  0.96792120 -0.25206968
47877.2  3.00000000  0.96775450  0.01796445  0.96792122 -0.25206958
47877.3  3.00000000  0.96775460  0.01796015  0.96792124 -0.25206945
47877.4  3.00000000  0.96775460  0.01796114  0.96792126 -0.25206933
47877.5  3.00000000  0.96775451  0.01796672  0.96792128 -0.25206924
47877.6  3.00000000  0.96775436  0.01797524  0.96792128 -0.25206920
47877.7  3.00000000  0.96775419  0.01798454  0.96792128 -0.25206921
47877.8  3.00000000  0.96775403  0.01799242  0.96792127 -0.25206926
47877.9  3.00000000  0.96775392  0.01799734  0.96792126 -0.25206934
47878.0  3.00000000  0.96775389  0.01799856  0.96792124 -0.25206943
47878.1  3.00000000  0.96775392  0.01799618  0.96792123 -0.25206951
47878.2  3.00000000  0.96775400  0.01799105  0.96792122 -0.25206956
47878.3  3.00000000  0.96775412  0.01798449  0.96792122 -0.25206958
47878.4  3.00000000  0.96775425  0.01797800  0.96792122 -0.25206956
47878.5  3.00000000  0.96775435  0.01797291  0.96792123 -0.25206951
47878.6  3.00000000  0.96775441  0.01797034  0.96792124 -0.25206944
47878.7  3.00000000  0.96775442  0.01797063  0.96792125 -0.25206938
47878.8  3.00000000  0.96775437  0.01797347  0.96792126 -0.25206932
47878.9  3.00000000  0.96775429  0.01797804  0.96792127 -0.25206930
47879.0  3.00000000  0.96775420  0.01798316  0.96792127 -0.25206930
47879.1  3.00000000  0.96775411  0.01798761  0.96792126 -0.25206933
47879.2  3.00000000  0.96775405  0.01799045  0.96792125 -0.25206937
47879.3  3.00000000  0.96775403  0.01799119  0.96792124 -0.25206942
47879.4  3.00000000  0.96775404  0.01798987  0.96792124 -0.25206947
47879.5  3.00000000  0.96775409  0.01798698  0.96792123 -0.25206950
47879.6  3.00000000  0.96775416  0.01798327  0.96792123 -0.25206951
47879.7  3.00000000  0.96775423  0.01797965  0.96792123 -0.25206949
47879.8  3.00000000  0.96775428  0.01797693  0.96792124 -0.25206946
47879.9  3.00000000  0.96775431  0.01797565  0.96792124 -0.25206943
47880.0  3.00000000  0.96775431  0.01797598  0.96792125 -0.25206939
47880.1  3.00000000  0.96775429  0.01797769  0.96792126 -0.25206936
47880.2  3.00000000  0.96775424  0.01798028  0.96792126 -0.25206935
47880.3  3.00000000  0.96775419  0.01798310  0.96792126 -0.25206935
47880.4  3.00000000  0.96775414  0.01798550  0.96792125 -0.25206937
47880.5  3.00000000  0.96775411  0.01798694  0.96792125 -0.25206940
47880.6  3.00000000  0.96775410  0.01798721  0.96792125 -0.25206942
47880.7  3.00000000  0.96775411  0.01798634  0.96792124 -0.25206945
47880.8  3.00000000  0.96775414  0.01798462  0.96792124 -0.25206946
47880.9  3.00000000  0.96775418  0.01798252  0.96792124 -0.25206947
47881.0  3.00000000  0.96775422  0.01798057  0.96792124 -0.25206946
47881.1  3.00000000  0.96775425  0.01797916  0.96792124 -0.25206944
47881.2  3.00000000  0.96775426  0.01797857  0.96792125 -0.25206942
47881.3  3.00000000  0.96775426  0.01797888  0.96792125 -0.25206940
47881.4  3.00000000  0.96775424  0.01797989  0.96792125 -0.25206939
47881.5  3.00000000  0.96775422  0.01798132  0.96792125 -0.25206938
47881.6  3.00000000  0.96775419  0.01798286  0.96792125 -0.25206938
47881.7  3.00000000  0.96775416  0.01798403  0.96792125 -0.25206939
47881.8  3.00000000  0.96775415  0.01798462  0.96792125 -0.25206941
47881.9  3.00000000  0.96775415  0.01798474  0.96792125 -0.25206942
47882.0  3.00000000  0.96775415  0.01798432  0.96792124 -0.25206943
47882.1  3.00000000  0.96775417  0.01798349  0.96792124 -0.25206944
47882.2  3.00000000  0.96775418  0.01798246  0.96792124 -0.25206944
47882.3  3.00000000  0.96775420  0.01798147  0.96792124 -0.25206944
47882.4  3.00000000  0.96775422  0.01798073  0.96792124 -0.25206943
47882.5  3.00000000  0.96775423  0.01798038  0.96792125 -0.25206942
47882.6  3.00000000  0.96775423  0.01798045  0.96792125 -0.25206941
47882.7  3.00000000  0.96775422  0.01798092  0.96792125 -0.25206940
47882.8  3.00000000  0.96775421  0.01798162  0.96792125 -0.25206940
47882.9  3.00000000  0.96775419  0.01798238  0.96792125 -0.25206940
47883.0  3.00000000  0.96775418  0.01798305  0.96792125 -0.25206940
47883.1  3.00000000  0.96775417  0.01798350  0.96792125 -0.25206941
47883.2  3.00000000  0.96775417  0.01798366  0.96792125 -0.25206942
47883.3  3.00000000  0.96775417  0.01798352  0.96792125 -0.25206942
47883.4  3.00000000  0.96775417  0.01798317  0.96792124 -0.25206943
47883.5  3.00000000  0.96775418  0.01798269  0.96792124 -0.25206943
47883.6  3.00000000  0.96775419  0.01798215  0.96792124 -0.25206943
47883.7  3.00000000  0.96775420  0.01798173  0.96792125 -0.25206943
47883.8  3.00000000  0.96775421  0.01798150  0.96792125 -0.25206942
47883.9  3.00000000  0.96775421  0.01798139  0.96792125 -0.25206942
47884.0  3.00000000  0.96775421  0.01798146  0.96792125 -0.25206941
47884.1  3.00000000  0.96775420  0.01798168  0.96792125 -0.25206941
47884.2  3.00000000  0.96775420  0.01798197  0.96792125 -0.25206941
47884.3  3.00000000  0.96775419  0.01798229  0.96792125 -0.25206941
47884.4  3.00000000  0.96775419  0.01798256  0.96792125 -0.25206941
47884.5  3.00000000  0.96775419  0.01798271  0.96792125 -0.25206941
47884.6  3.00000000  0.96775418  0.01798275  0.96792125 -0.25206942
47884.7  3.00000000  0.96775418  0.01798274  0.96792125 -0.25206942
47884.8  3.00000000  0.96775419  0.01798263  0.96792125 -0.25206942
47884.9  3.00000000  0.96775419  0.01798248  0.96792125 -0.25206942
47885.0  3.00000000  0.96775419  0.01798230  0.96792125 -0.25206942
47885.1  3.00000000  0.96775419  0.01798213  0.96792125 -0.25206942
47885.2  3.00000000  0.96775420  0.01798201  0.96792125 -0.25206942
47885.3  3.00000000  0.96775420  0.01798193  0.96792125 -0.25206942
47885.4  3.00000000  0.96775420  0.01798190  0.96792125 -0.25206942
47885.5  3.00000000  0.96775420  0.01798195  0.96792125 -0.25206941
47885.6  3.00000000  0.96775420  0.01798203  0.96792125 -0.25206941
47885.7  3.00000000  0.96775420  0.01798217  0.96792125 -0.25206941
47885.8  3.00000000  0.96775419  0.01798232  0.96792125 -0.25206941
47885.9  3.00000000  0.96775419  0.01798245  0.96792125 -0.25206941
47886.0  3.00000000  0.96775419  0.01798256  0.96792125 -0.25206941
47886.1  3.00000000  0.96775419  0.01798260  0.96792125 -0.25206942
47886.2  3.00000000  0.96775419  0.01798259  0.96792125 -0.25206942
47886.3  3.00000000  0.96775419  0.01798251  0.96792125 -0.25206942
47886.4  3.00000000  0.96775419  0.01798239  0.96792125 -0.25206942
47886.5  3.00000000  0.96775419  0.01798225  0.96792125 -0.25206942
47886.6  3.00000000  0.96775420  0.01798211  0.96792125 -0.25206942
47886.7  3.00000000  0.96775420  0.01798200  0.96792125 -0.25206942
47886.8  3.00000000  0.96775420  0.01798194  0.96792125 -0.25206942
47886.9  3.00000000  0.96775420  0.01798194  0.96792125 -0.25206942
47887.0  3.00000000  0.96775420  0.01798199  0.96792125 -0.25206941
47887.1  3.00000000  0.96775420  0.01798209  0.96792125 -0.25206941
47887.2  3.00000000  0.96775419  0.01798222  0.96792125 -0.25206941
47887.3  3.00000000  0.96775419  0.01798236  0.96792125 -0.25206941
47887.4  3.00000000  0.96775419  0.01798247  0.96792125 -0.25206941
47887.5  3.00000000  0.96775419  0.01798255  0.96792125 -0.25206942
47887.6  3.00000000  0.96775419  0.01798257  0.96792125 -0.25206942
47887.7  3.00000000  0.96775419  0.01798254  0.96792125 -0.25206942
47887.8  3.00000000  0.96775419  0.01798246  0.96792125 -0.25206942
47887.9  3.00000000  0.96775419  0.01798234  0.96792125 -0.25206942
47888.0  3.00000000  0.96775419  0.01798221  0.96792125 -0.25206942
47888.1  3.00000000  0.96775420  0.01798209  0.96792125 -0.25206942
47888.2  3.00000000  0.96775420  0.01798200  0.96792125 -0.25206942
47888.3  3.00000000  0.96775420  0.01798196  0.96792125 -0.25206942
47888.4  3.00000000  0.96775420  0.01798197  0.96792125 -0.25206941
47888.5  3.00000000  0.96775420  0.01798202  0.96792125 -0.25206941
47888.6  3.00000000  0.96775420  0.01798213  0.96792125 -0.25206941
47888.7  3.00000000  0.96775419  0.01798225  0.96792125 -0.25206941
47888.8  3.00000000  0.96775419  0.01798239  0.96792125 -0.25206941
47888.9  3.00000000  0.96775419  0.01798251  0.96792125 -0.25206941
47889.0  3.00000000  0.96775419  0.01798260  0.96792125 -0.25206942
47889.1  3.00000000  0.96775419  0.01798265  0.96792125 -0.25206942
47889.2  3.00000000  0.96775419  0.01798263  0.96792125 -0.25206942
47889.3  3.00000000  0.96775419  0.01798254  0.96792125 -0.25206942
47889.4  3.00000000  0.96775419  0.01798242  0.96792125 -0.25206942
47889.5  3.00000000  0.96775419  0.01798225  0.96792125 -0.25206942
47889.6  3.00000000  0.96775420  0.01798209  0.96792125 -0.25206942
47889.7  3.00000000  0.96775420  0.01798197  0.96792125 -0.25206942
47889.8  3.00000000  0.96775420  0.01798190  0.96792125 -0.25206942
47889.9  3.00000000  0.96775420  0.01798189  0.96792125 -0.25206942
47890.0  3.00000000  0.96775420  0.01798195  0.96792125 -0.25206941
47890.1  3.00000000  0.96775420  0.01798205  0.96792125 -0.25206941
47890.2  3.00000000  0.96775420  0.01798216  0.96792125 -0.25206941
47890.3  3.00000000  0.96775419  0.01798230  0.96792125 -0.25206941
47890.4  3.00000000  0.96775419  0.01798241  0.96792125 -0.25206941
47890.5  3.00000000  0.96775419  0.01798249  0.96792125 -0.25206941
47890.6  3.00000000  0.96775419  0.01798253  0.96792125 -0.25206942
47890.7  3.00000000  0.96775419  0.01798252  0.96792125 -0.25206942
47890.8  3.00000000  0.96775419  0.01798248  0.96792125 -0.25206942
47890.9  3.00000000  0.96775419  0.01798240  0.96792125 -0.25206942
47891.0  3.00000000  0.96775419  0.01798231  0.96792125 -0.25206942
47891.1  3.00000000  0.96775419  0.01798222  0.96792125 -0.25206942
47891.2  3.00000000  0.96775419  0.01798215  0.96792125 -0.25206942
47891.3  3.00000000  0.96775420  0.01798210  0.96792125 -0.25206942
47891.4  3.00000000  0.96775420  0.01798208  0.96792125 -0.25206942
47891.5  3.00000000  0.96775420  0.01798209  0.96792125 -0.25206942
47891.6  3.00000000  0.96775420  0.01798212  0.96792125 -0.25206942
47891.7  3.00000000  0.96775419  0.01798217  0.96792125 -0.25206941
47891.8  3.00000000  0.96775419  0.01798222  0.96792125 -0.25206941
47891.9  3.00000000  0.96775419  0.01798227  0.96792125 -0.25206941
47892.0  3.00000000  0.96775419  0.01798231  0.96792125 -0.25206942
47892.1  3.00000000  0.96775419  0.01798234  0.96792125 -0.25206942
47892.2  3.00000000  0.96775419  0.01798236  0.96792125 -0.25206942
47892.3  3.00000000  0.96775419  0.01798236  0.96792125 -0.25206942
47892.4  3.00000000  0.96775419  0.01798235  0.96792125 -0.25206942
47892.5  3.00000000  0.96775419  0.01798233  0.96792125 -0.25206942
47892.6  3.00000000  0.96775419  0.01798230  0.96792125 -0.25206942
47892.7  3.00000000  0.96775419  0.01798228  0.96792125 -0.25206942
47892.8  3.00000000  0.96775419  0.01798226  0.96792125 -0.25206942
47892.9  3.00000000  0.96775419  0.01798223  0.96792125 -0.25206942
47893.0  3.00000000  0.96775419  0.01798223  0.96792125 -0.25206942
47893.1  3.00000000  0.96775419  0.01798223  0.96792125 -0.25206942
47893.2  3.00000000  0.96775419  0.01798223  0.96792125 -0.25206942
47893.3  3.00000000  0.96775419  0.01798223  0.96792125 -0.25206942
47893.4  3.00000000  0.96775419  0.01798224  0.96792125 -0.25206942
47893.5  3.00000000  0.96775419  0.01798224  0.96792125 -0.25206942
47893.6  3.00000000  0.96775419  0.01798225  0.96792125 -0.25206942
47893.7  3.00000000  0.96775419  0.01798225  0.96792125 -0.25206942
47893.8  3.00000000  0.96775419  0.01798225  0.96792125 -0.25206942
47893.9  3.00000000  0.96775419  0.01798226  0.96792125 -0.25206942
47894.0  3.00000000  0.96775419  0.01798226  0.96792125 -0.25206942
47894.1  3.00000000  0.96775419  0.01798226  0.96792125 -0.25206942
47894.2  3.00000000  0.96775419  0.01798226  0.96792125 -0.25206942
47894.3  3.00000000  0.96775419  0.01798226  0.96792125 -0.25206942
47894.4  3.00000000  0.96775419  0.01798226  0.96792125 -0.25206942
47894.5  3.00000000  0.96775419  0.01798226  0.96792125 -0.25206942
47894.6  3.00000000  0.96775419  0.01798226  0.96792125 -0.25206942
47894.7  3.00000000  0.96775419  0.01798226  0.96792125 -0.25206942
47894.8  3.00000000  0.96775419  0.01798226  0.96792125 -0.25206942
47894.9  3.00000000  0.96775419  0.01798226  0.96792125 -0.25206942
47895.0  3.00000000  0.96775419  0.01798226  0.96792125 -0.25206942
47895.1  3.00000000  0.96775419  0.01798226  0.96792125 -0.25206942
47895.2  3.00000000  0.96775419  0.01798226  0.96792125 -0.25206942
47895.3  3.00000000  0.96775419  0.01798226  0.96792125 -0.25206942
47895.4  3.00000000  0.96775419  0.01798226  0.96792125 -0.25206942
47895.5  3.00000000  0.96775419  0.01798226  0.96792125 -0.25206942
47895.6  3.00000000  0.96775419  0.01798226  0.96792125 -0.25206942
47895.7  3.00000000  0.96775419  0.01798226  0.96792125 -0.25206942
47895.8  3.00000000  0.96775419  0.01798226  0.96792125 -0.25206942
47895.9  3.00000000  0.96775419  0.01798226  0.96792125 -0.25206942
47896.0  3.00000000  0.96775419  0.01798226  0.96792125 -0.25206942
47896.1  3.00000000  0.96775419  0.01798226  0.96792125 -0.25206942
47896.2  3.00000000  0.96775419  0.01798226  0.96792125 -0.25206942
47896.3  3.00000000  0.96775419  0.01798226  0.96792125 -0.25206942
47896.4  3.00000000  0.96775419  0.01798226  0.96792125 -0.25206942
47896.5  3.00000000  0.96775419  0.01798226  0.96792125 -0.25206942
47896.6  3.00000000  0.96775419  0.01798226  0.96792125 -0.25206942
47896.7  3.00000000  0.96775419  0.01798226  0.96792125 -0.25206942
47896.8  3.00000000  0.96775419  0.01798226  0.96792125 -0.25206942
47896.9  3.00000000  0.96775419  0.01798226  0.96792125 -0.25206942
47897.0  3.00000000  0.96775419  0.01798226  0.96792125 -0.25206942
47897.1  3.00000000  0.96775419  0.01798226  0.96792125 -0.25206942
47897.2  3.00000000  0.96775419  0.01798226  0.96792125 -0.25206942
47897.3  3.00000000  0.96775419  0.01798226  0.96792125 -0.25206942
47897.4  3.00000000  0.96775419  0.01798226  0.96792125 -0.25206942
47897.5  3.00000000  0.96775419  0.01798226  0.96792125 -0.25206942
47897.6  3.00000000  0.96775419  0.01798226  0.96792125 -0.25206942
47897.7  3.00000000  0.96775419  0.01798226  0.96792125 -0.25206942
47897.8  3.00000000  0.96775419  0.01798226  0.96792125 -0.25206942
47897.9  3.00000000  0.96775419  0.01798226  0.96792125 -0.25206942
47898.0  3.00000000  0.96775419  0.01798226  0.96792125 -0.25206942
47898.1  3.00000000  0.96775419  0.01798226  0.96792125 -0.25206942
47898.2  3.00000000  0.96775419  0.01798226  0.96792125 -0.25206942
47898.3  3.00000000  0.96775419  0.01798226  0.96792125 -0.25206942
47898.4  3.00000000  0.96775419  0.01798226  0.96792125 -0.25206942
47898.5  3.00000000  0.96775419  0.01798226  0.96792125 -0.25206942
47898.6  3.00000000  0.96775419  0.01798226  0.96792125 -0.25206942
47898.7  3.00000000  0.96775419  0.01798226  0.96792125 -0.25206942
47898.8  3.00000000  0.96775419  0.01798226  0.96792125 -0.25206942
47898.9  3.00000000  0.96775419  0.01798226  0.96792125 -0.25206942
47899.0  3.00000000  0.96775419  0.01798226  0.96792125 -0.25206942
47899.1  3.00000000  0.96775419  0.01798226  0.96792125 -0.25206942
47899.2  3.00000000  0.96775419  0.01798226  0.96792125 -0.25206942
47899.3  3.00000000  0.96775419  0.01798226  0.96792125 -0.25206942
47899.4  3.00000000  0.96775419  0.01798226  0.96792125 -0.25206942
47899.5  3.00000000  0.96775419  0.01798226  0.96792125 -0.25206942
47899.6  3.00000000  0.96775419  0.01798226  0.96792125 -0.25206942
47899.7  3.00000000  0.96775419  0.01798226  0.96792125 -0.25206942
47899.8  3.00000000  0.96775419  0.01798226  0.96792125 -0.25206942
47899.9  3.00000000  0.96775419  0.01798226  0.96792125 -0.25206942
47900.0  3.00000000  0.96775419  0.01798226  0.96792125 -0.25206942
47900.1  3.00000000  0.96775419  0.01798226  0.96792125 -0.25206942
47900.2  3.00000000  0.96775419  0.01798226  0.96792125 -0.25206942
47900.3  3.00000000  0.96775419  0.01798226  0.96792125 -0.25206942
47900.4  3.00000000  0.96775419  0.01798226  0.96792125 -0.25206942
47900.5  3.00000000  0.96775419  0.01798226  0.96792125 -0.25206942
47900.6  3.00000000  0.96775419  0.01798226  0.96792125 -0.25206942
47900.7  3.00000000  0.96775419  0.01798226  0.96792125 -0.25206942
47900.8  3.00000000  0.96775419  0.01798226  0.96792125 -0.25206942
47900.9  3.00000000  0.96775419  0.01798226  0.96792125 -0.25206942
47901.0  3.00000000  0.96775419  0.01798226  0.96792125 -0.25206942
47901.1  3.00000000  0.96775419  0.01798226  0.96792125 -0.25206942
47901.2  3.00000000  0.96775419  0.01798226  0.96792125 -0.25206942
47901.3  3.00000000  0.96775419  0.01798226  0.96792125 -0.25206942
47901.4  3.00000000  0.96775419  0.01798226  0.96792125 -0.25206942
47901.5  3.00000000  0.96775419  0.01798226  0.96792125 -0.25206942
47901.6  3.00000000  0.96775419  0.01798226  0.96792125 -0.25206942
47901.7  3.00000000  0.96775419  0.01798226  0.96792125 -0.25206942
47901.8  3.00000000  0.96775419  0.01798226  0.96792125 -0.25206942
47901.9  3.00000000  0.96775419  0.01798226  0.96792125 -0.25206942
47902.0  3.00000000  0.96775419  0.01798226  0.96792125 -0.25206942
47902.1  3.00000000  0.96775419  0.01798226  0.96792125 -0.25206942
47902.2  3.00000000  0.96775419  0.01798226  0.96792125 -0.25206942
47902.3  3.00000000  0.96775419  0.01798226  0.96792125 -0.25206942
47902.4  3.00000000  0.96775419  0.01798226  0.96792125 -0.25206942
47902.5  3.00000000  0.96775419  0.01798226  0.96792125 -0.25206942
47902.6  3.00000000  0.96775419  0.01798226  0.96792125 -0.25206942
47902.7  3.00000000  0.96775419  0.01798226  0.96792125 -0.25206942
47902.8  3.00000000  0.96775419  0.01798226  0.96792125 -0.25206942
47902.9  3.00000000  0.96775419  0.01798226  0.96792125 -0.25206942
47903.0  3.00000000  0.96775419  0.01798226  0.96792125 -0.25206942
47903.1  3.00000000  0.96775419  0.01798226  0.96792125 -0.25206942
47903.2  3.00000000  0.96775419  0.01798226  0.96792125 -0.25206942
47903.3  3.00000000  0.96775419  0.01798226  0.96792125 -0.25206942
47903.4  3.00000000  0.96775419  0.01798226  0.96792125 -0.25206942
47903.5  3.00000000  0.96775419  0.01798226  0.96792125 -0.25206942
47903.6  3.00000000  0.96775419  0.01798226  0.96792125 -0.25206942
47903.7  3.00000000  0.96775419  0.01798226  0.96792125 -0.25206942
47903.8  3.00000000  0.96775419  0.01798226  0.96792125 -0.25206942
47903.9  3.00000000  0.96775419  0.01798226  0.96792125 -0.25206942
47904.0  3.00000000  0.96775419  0.01798226  0.96792125 -0.25206942
47904.1  3.00000000  0.96775419  0.01798226  0.96792125 -0.25206942
47904.2  3.00000000  0.96775419  0.01798226  0.96792125 -0.25206942
47904.3  3.00000000  0.96775419  0.01798226  0.96792125 -0.25206942
47904.4  3.00000000  0.96775419  0.01798226  0.96792125 -0.25206942
47904.5  3.00000000  0.96775419  0.01798226  0.96792125 -0.25206942
47904.6  3.00000000  0.96775419  0.01798226  0.96792125 -0.25206942
47904.7  3.00000000  0.96775419  0.01798226  0.96792125 -0.25206942
47904.8  3.00000000  0.96775419  0.01798226  0.96792125 -0.25206942
47904.9  3.00000000  0.96775419  0.01798226  0.96792125 -0.25206942
47905.0  3.00000000  0.96775419  0.01798226  0.96792125 -0.25206942
47905.1  3.00000000  0.96775419  0.01798226  0.96792125 -0.25206942
47905.2  3.00000000  0.96775419  0.01798226  0.96792125 -0.25206942
47905.3  3.00000000  0.96775419  0.01798226  0.96792125 -0.25206942
47905.4  3.00000000  0.96775419  0.01798226  0.96792125 -0.25206942
47905.5  3.00000000  0.96775419  0.01798226  0.96792125 -0.25206942
47905.6  3.00000000  0.96775419  0.01798226  0.96792125 -0.25206942
47905.7  3.00000000  0.96775419  0.01798226  0.96792125 -0.25206942
47905.8  3.00000000  0.96775419  0.01798226  0.96792125 -0.25206942
47905.9  3.00000000  0.96775419  0.01798226  0.96792125 -0.25206942
47906.0  3.00000000  0.96775419  0.01798226  0.96792125 -0.25206942
47906.1  3.00000000  0.96775419  0.01798226  0.96792125 -0.25206942
47906.2  3.00000000  0.96775419  0.01798226  0.96792125 -0.25206942
47906.3  3.00000000  0.96775419  0.01798226  0.96792125 -0.25206942
47906.4  3.00000000  0.96775419  0.01798226  0.96792125 -0.25206942
47906.5  3.00000000  0.96775419  0.01798226  0.96792125 -0.25206942
47906.6  3.00000000  0.96775419  0.01798226  0.96792125 -0.25206942
47906.7  3.00000000  0.96775419  0.01798226  0.96792125 -0.25206942
47906.8  3.00000000  0.96775419  0.01798226  0.96792125 -0.25206942
47906.9  3.00000000  0.96775419  0.01798226  0.96792125 -0.25206942
47907.0  3.00000000  0.96775419  0.01798226  0.96792125 -0.25206942
47907.1  3.00000000  0.96775419  0.01798226  0.96792125 -0.25206942
47907.2  3.00000000  0.96775419  0.01798226  0.96792125 -0.25206942
47907.3  3.00000000  0.96775419  0.01798226  0.96792125 -0.25206942
47907.4  3.00000000  0.96775419  0.01798226  0.96792125 -0.25206942
47907.5  3.00000000  0.96775419  0.01798226  0.96792125 -0.25206942
47907.6  3.00000000  0.96775419  0.01798226  0.96792125 -0.25206942
47907.7  3.00000000  0.96775419  0.01798226  0.96792125 -0.25206942
47907.8  3.00000000  0.96775419  0.01798226  0.96792125 -0.25206942
47907.9  3.00000000  0.96775419  0.01798226  0.96792125 -0.25206942
47908.0  3.00000000  0.96775419  0.01798226  0.96792125 -0.25206942
47908.1  3.00000000  0.96775419  0.01798226  0.96792125 -0.25206942
47908.2  3.00000000  0.96775419  0.01798226  0.96792125 -0.25206942
47908.3  3.00000000  0.96775419  0.01798226  0.96792125 -0.25206942
47908.4  3.00000000  0.96775419  0.01798226  0.96792125 -0.25206942
47908.5  3.00000000  0.96775419  0.01798226  0.96792125 -0.25206942
47908.6  3.00000000  0.96775419  0.01798226  0.96792125 -0.25206942
47908.7  3.00000000  0.96775419  0.01798226  0.96792125 -0.25206942
47908.8  3.00000000  0.96775419  0.01798226  0.96792125 -0.25206942
47908.9  3.00000000  0.96775419  0.01798226  0.96792125 -0.25206942
47909.0  3.00000000  0.96775419  0.01798226  0.96792125 -0.25206942
47909.1  3.00000000  0.96775419  0.01798226  0.96792125 -0.25206942
47909.2  3.00000000  0.96775419  0.01798226  0.96792125 -0.25206942
47909.3  3.00000000  0.96775419  0.01798226  0.96792125 -0.25206942
47909.4  3.00000000  0.96775419  0.01798226  0.96792125 -0.25206942
47909.5  3.00000000  0.96775419  0.01798226  0.96792125 -0.25206942
47909.6  3.00000000  0.96775419  0.01798226  0.96792125 -0.25206942
47909.7  3.00000000  0.96775419  0.01798226  0.96792125 -0.25206942
47909.8  3.00000000  0.96775419  0.01798226  0.96792125 -0.25206942
47909.9  3.00000000  0.96775419  0.01798226  0.96792125 -0.25206942
47910.0  3.00000000  0.96775419  0.01798226  0.96792125 -0.25206942
47910.1  3.00000000  0.96775419  0.01798226  0.96792125 -0.25206942
47910.2  3.00000000  0.96775419  0.01798226  0.96792125 -0.25206942
47910.3  3.00000000  0.96775419  0.01798226  0.96792125 -0.25206942
47910.4  3.00000000  0.96775419  0.01798226  0.96792125 -0.25206942
47910.5  3.00000000  0.96775419  0.01798226  0.96792125 -0.25206942
47910.6  3.00000000  0.96775419  0.01798226  0.96792125 -0.25206942
47910.7  3.00000000  0.96775419  0.01798226  0.96792125 -0.25206942
47910.8  3.00000000  0.96775419  0.01798226  0.96792125 -0.25206942
47910.9  3.00000000  0.96775419  0.01798226  0.96792125 -0.25206942
47911.0  3.00000000  0.96775419  0.01798226  0.96792125 -0.25206942
47911.1  3.00000000  0.96775419  0.01798226  0.96792125 -0.25206942
47911.2  3.00000000  0.96775419  0.01798226  0.96792125 -0.25206942
47911.3  3.00000000  0.96775419  0.01798226  0.96792125 -0.25206942
47911.4  3.00000000  0.96775419  0.01798226  0.96792125 -0.25206942
47911.5  3.00000000  0.96775419  0.01798226  0.96792125 -0.25206942
47911.6  3.00000000  0.96775419  0.01798226  0.96792125 -0.25206942
47911.7  3.00000000  0.96775419  0.01798226  0.96792125 -0.25206942
47911.8  3.00000000  0.96775419  0.01798226  0.96792125 -0.25206942
47911.9  3.00000000  0.96775419  0.01798226  0.96792125 -0.25206942
47912.0  3.00000000  0.96775419  0.01798226  0.96792125 -0.25206942
47912.1  3.00000000  0.96775419  0.01798226  0.96792125 -0.25206942
47912.2  3.00000000  0.96775419  0.01798226  0.96792125 -0.25206942
47912.3  3.00000000  0.96775419  0.01798226  0.96792125 -0.25206942
47912.4  3.00000000  0.96775419  0.01798226  0.96792125 -0.25206942
47912.5  3.00000000  0.96775419  0.01798226  0.96792125 -0.25206942
47912.6  3.00000000  0.96775419  0.01798226  0.96792125 -0.25206942
47912.7  3.00000000  0.96775419  0.01798226  0.96792125 -0.25206942
47912.8  3.00000000  0.96775419  0.01798226  0.96792125 -0.25206942
47912.9  3.00000000  0.96775419  0.01798226  0.96792125 -0.25206942
47913.0  3.00000000  0.96775419  0.01798226  0.96792125 -0.25206942
47913.1  3.00000000  0.96775419  0.01798226  0.96792125 -0.25206942
47913.2  3.00000000  0.96775419  0.01798226  0.96792125 -0.25206942
47913.3  3.00000000  0.96775419  0.01798226  0.96792125 -0.25206942
47913.4  3.00000000  0.96775419  0.01798226  0.96792125 -0.25206942
47913.5  3.00000000  0.96775419  0.01798226  0.96792125 -0.25206942
47913.6  3.00000000  0.96775419  0.01798226  0.96792125 -0.25206942
47913.7  3.00000000  0.96775419  0.01798226  0.96792125 -0.25206942
47913.8  3.00000000  0.96775419  0.01798226  0.96792125 -0.25206942
47913.9  3.00000000  0.96775419  0.01798226  0.96792125 -0.25206942
47914.0  3.00000000  0.96775419  0.01798226  0.96792125 -0.25206942
47914.1  3.00000000  0.96775419  0.01798226  0.96792125 -0.25206942
47914.2  3.00000000  0.96775419  0.01798226  0.96792125 -0.25206942
47914.3  3.00000000  0.96775419  0.01798226  0.96792125 -0.25206942
47914.4  3.00000000  0.96775419  0.01798226  0.96792125 -0.25206942
47914.5  3.00000000  0.96775419  0.01798226  0.96792125 -0.25206942
47914.6  3.00000000  0.96775419  0.01798226  0.96792125 -0.25206942
47914.7  3.00000000  0.96775419  0.01798226  0.96792125 -0.25206942
47914.8  3.00000000  0.96775419  0.01798226  0.96792125 -0.25206942
47914.9  3.00000000  0.96775419  0.01798226  0.96792125 -0.25206942
47915.0  3.00000000  0.96775419  0.01798226  0.96792125 -0.25206942
47915.1  3.00000000  0.96775419  0.01798226  0.96792125 -0.25206942
47915.2  3.00000000  0.96775419  0.01798226  0.96792125 -0.25206942
47915.3  3.00000000  0.96775419  0.01798226  0.96792125 -0.25206942
47915.4  3.00000000  0.96775419  0.01798226  0.96792125 -0.25206942
47915.5  3.00000000  0.96775419  0.01798226  0.96792125 -0.25206942
47915.6  3.00000000  0.96775419  0.01798226  0.96792125 -0.25206942
47915.7  3.00000000  0.96775419  0.01798226  0.96792125 -0.25206942
47915.8  3.00000000  0.96775419  0.01798226  0.96792125 -0.25206942
47915.9  3.00000000  0.96775419  0.01798226  0.96792125 -0.25206942
47916.0  3.00000000  0.96775419  0.01798226  0.96792125 -0.25206942
47916.1  3.00000000  0.96775419  0.01798226  0.96792125 -0.25206942
47916.2  3.00000000  0.96775419  0.01798226  0.96792125 -0.25206942
47916.3  3.00000000  0.96775419  0.01798226  0.96792125 -0.25206942
47916.4  3.00000000  0.96775419  0.01798226  0.96792125 -0.25206942
47916.5  3.00000000  0.96775419  0.01798226  0.96792125 -0.25206942
47916.6  3.00000000  0.96775419  0.01798226  0.96792125 -0.25206942
47916.7  3.00000000  0.96775419  0.01798226  0.96792125 -0.25206942
47916.8  3.00000000  0.96775419  0.01798226  0.96792125 -0.25206942
47916.9  3.00000000  0.96775419  0.01798226  0.96792125 -0.25206942
47917.0  3.00000000  0.96775419  0.01798226  0.96792125 -0.25206942
47917.1  3.00000000  0.96775419  0.01798226  0.96792125 -0.25206942
47917.2  3.00000000  0.96775419  0.01798226  0.96792125 -0.25206942
47917.3  3.00000000  0.96775419  0.01798226  0.96792125 -0.25206942
47917.4  3.00000000  0.96775419  0.01798226  0.96792125 -0.25206942
47917.5  3.00000000  0.96775419  0.01798226  0.96792125 -0.25206942
47917.6  3.00000000  0.96775419  0.01798226  0.96792125 -0.25206942
47917.7  3.00000000  0.96775419  0.01798226  0.96792125 -0.25206942
47917.8  3.00000000  0.96775419  0.01798226  0.96792125 -0.25206942
47917.9  3.00000000  0.96775419  0.01798226  0.96792125 -0.25206942
47918.0  3.00000000  0.96775419  0.01798226  0.96792125 -0.25206942
47918.1  3.00000000  0.96775419  0.01798226  0.96792125 -0.25206942
47918.2  3.00000000  0.96775419  0.01798226  0.96792125 -0.25206942
47918.3  3.00000000  0.96775419  0.01798226  0.96792125 -0.25206942
47918.4  3.00000000  0.96775419  0.01798226  0.96792125 -0.25206942
47918.5  3.00000000  0.96775419  0.01798226  0.96792125 -0.25206942
47918.6  3.00000000  0.96775419  0.01798226  0.96792125 -0.25206942
47918.7  3.00000000  0.96775419  0.01798226  0.96792125 -0.25206942
47918.8  3.00000000  0.96775419  0.01798226  0.96792125 -0.25206942
47918.9  3.00000000  0.96775419  0.01798226  0.96792125 -0.25206942
47919.0  3.00000000  0.96775419  0.01798226  0.96792125 -0.25206942
47919.1  3.00000000  0.96775419  0.01798226  0.96792125 -0.25206942
47919.2  3.00000000  0.96775419  0.01798226  0.96792125 -0.25206942
47919.3  3.00000000  0.96775419  0.01798226  0.96792125 -0.25206942
47919.4  3.00000000  0.96775419  0.01798226  0.96792125 -0.25206942
47919.5  3.00000000  0.96775419  0.01798226  0.96792125 -0.25206942
47919.6  3.00000000  0.96775419  0.01798226  0.96792125 -0.25206942
47919.7  3.00000000  0.96775419  0.01798226  0.96792125 -0.25206942
47919.8  3.00000000  0.96775419  0.01798226  0.96792125 -0.25206942
47919.9  3.00000000  0.96775419  0.01798226  0.96792125 -0.25206942
47920.0  3.00000000  0.96775419  0.01798226  0.96792125 -0.25206942
47920.1  3.00000000  0.96775419  0.01798226  0.96792125 -0.25206942
47920.2  3.00000000  0.96775419  0.01798226  0.96792125 -0.25206942
47920.3  3.00000000  0.96775419  0.01798226  0.96792125 -0.25206942
47920.4  3.00000000  0.96775419  0.01798226  0.96792125 -0.25206942
47920.5  3.00000000  0.96775419  0.01798226  0.96792125 -0.25206942
47920.6  3.00000000  0.96775419  0.01798226  0.96792125 -0.25206942
47920.7  3.00000000  0.96775419  0.01798226  0.96792125 -0.25206942
47920.8  3.00000000  0.96775419  0.01798226  0.96792125 -0.25206942
47920.9  3.00000000  0.96775419  0.01798226  0.96792125 -0.25206942
47921.0  3.00000000  0.96775419  0.01798226  0.96792125 -0.25206942
47921.1  3.00000000  0.96775419  0.01798226  0.96792125 -0.25206942
47921.2  3.00000000  0.96775419  0.01798226  0.96792125 -0.25206942
47921.3  3.00000000  0.96775419  0.01798226  0.96792125 -0.25206942
47921.4  3.00000000  0.96775419  0.01798226  0.96792125 -0.25206942
47921.5  3.00000000  0.96775419  0.01798226  0.96792125 -0.25206942
47921.6  3.00000000  0.96775419  0.01798226  0.96792125 -0.25206942
47921.7  3.00000000  0.96775419  0.01798226  0.96792125 -0.25206942
47921.8  3.00000000  0.96775419  0.01798226  0.96792125 -0.25206942
47921.9  3.00000000  0.96775419  0.01798226  0.96792125 -0.25206942
47922.0  3.00000000  0.96775419  0.01798226  0.96792125 -0.25206942
47922.1  3.00000000  0.96775419  0.01798226  0.96792125 -0.25206942
47922.2  3.00000000  0.96775419  0.01798226  0.96792125 -0.25206942
47922.3  3.00000000  0.96775419  0.01798226  0.96792125 -0.25206942
47922.4  3.00000000  0.96775419  0.01798226  0.96792125 -0.25206942
47922.5  3.00000000  0.96775419  0.01798226  0.96792125 -0.25206942
47922.6  3.00000000  0.96775419  0.01798226  0.96792125 -0.25206942
47922.7  3.00000000  0.96775419  0.01798226  0.96792125 -0.25206942
47922.8  3.00000000  0.96775419  0.01798226  0.96792125 -0.25206942
47922.9  3.00000000  0.96775419  0.01798226  0.96792125 -0.25206942
47923.0  3.00000000  0.96775419  0.01798226  0.96792125 -0.25206942
47923.1  3.00000000  0.96775419  0.01798226  0.96792125 -0.25206942
47923.2  3.00000000  0.96775419  0.01798226  0.96792125 -0.25206942
47923.3  3.00000000  0.96775419  0.01798226  0.96792125 -0.25206942
47923.4  3.00000000  0.96775419  0.01798226  0.96792125 -0.25206942
47923.5  3.00000000  0.96775419  0.01798226  0.96792125 -0.25206942
47923.6  3.00000000  0.96775419  0.01798226  0.96792125 -0.25206942
47923.7  3.00000000  0.96775419  0.01798226  0.96792125 -0.25206942
47923.8  3.00000000  0.96775419  0.01798226  0.96792125 -0.25206942
47923.9  3.00000000  0.96775419  0.01798226  0.96792125 -0.25206942
47924.0  3.00000000  0.96775419  0.01798226  0.96792125 -0.25206942
47924.1  3.00000000  0.96775419  0.01798226  0.96792125 -0.25206942
47924.2  3.00000000  0.96775419  0.01798226  0.96792125 -0.25206942
47924.3  3.00000000  0.96775419  0.01798226  0.96792125 -0.25206942
47924.4  3.00000000  0.96775419  0.01798226  0.96792125 -0.25206942
47924.5  3.00000000  0.96775419  0.01798226  0.96792125 -0.25206942
47924.6  3.00000000  0.96775419  0.01798226  0.96792125 -0.25206942
47924.7  3.00000000  0.96775419  0.01798226  0.96792125 -0.25206942
47924.8  3.00000000  0.96775419  0.01798226  0.96792125 -0.25206942
47924.9  3.00000000  0.96775419  0.01798226  0.96792125 -0.25206942
47925.0  3.00000000  0.96775419  0.01798226  0.96792125 -0.25206942
47925.1  3.00000000  0.96775419  0.01798226  0.96792125 -0.25206942
47925.2  3.00000000  0.96775419  0.01798226  0.96792125 -0.25206942
47925.3  3.00000000  0.96775419  0.01798226  0.96792125 -0.25206942
47925.4  3.00000000  0.96775419  0.01798226  0.96792125 -0.25206942
47925.5  3.00000000  0.96775419  0.01798226  0.96792125 -0.25206942
47925.6  3.00000000  0.96775419  0.01798226  0.96792125 -0.25206942
47925.7  3.00000000  0.96775419  0.01798226  0.96792125 -0.25206942
47925.8  3.00000000  0.96775419  0.01798226  0.96792125 -0.25206942
47925.9  3.00000000  0.96775419  0.01798226  0.96792125 -0.25206942
47926.0  3.00000000  0.96775419  0.01798226  0.96792125 -0.25206942
47926.1  3.00000000  0.96775419  0.01798226  0.96792125 -0.25206942
47926.2  3.00000000  0.96775419  0.01798226  0.96792125 -0.25206942
47926.3  3.00000000  0.96775419  0.01798226  0.96792125 -0.25206942
47926.4  3.00000000  0.96775419  0.01798226  0.96792125 -0.25206942
47926.5  3.00000000  0.96775419  0.01798226  0.96792125 -0.25206942
47926.6  3.00000000  0.96775419  0.01798226  0.96792125 -0.25206942
47926.7  3.00000000  0.96775419  0.01798226  0.96792125 -0.25206942
47926.8  3.00000000  0.96775419  0.01798226  0.96792125 -0.25206942
47926.9  3.00000000  0.96775419  0.01798226  0.96792125 -0.25206942
47927.0  3.00000000  0.96775419  0.01798226  0.96792125 -0.25206942
47927.1  3.00000000  0.96775419  0.01798226  0.96792125 -0.25206942
47927.2  3.00000000  0.96775419  0.01798226  0.96792125 -0.25206942
47927.3  3.00000000  0.96775419  0.01798226  0.96792125 -0.25206942
47927.4  3.00000000  0.96775419  0.01798226  0.96792125 -0.25206942
47927.5  3.00000000  0.96775419  0.01798226  0.96792125 -0.25206942
47927.6  3.00000000  0.96775419  0.01798226  0.96792125 -0.25206942
47927.7  3.00000000  0.96775419  0.01798226  0.96792125 -0.25206942
47927.8  3.00000000  0.96775419  0.01798226  0.96792125 -0.25206942
47927.9  3.00000000  0.96775419  0.01798226  0.96792125 -0.25206942
47928.0  3.00000000  0.96775419  0.01798226  0.96792125 -0.25206942
47928.1  3.00000000  0.96775419  0.01798226  0.96792125 -0.25206942
47928.2  3.00000000  0.96775419  0.01798226  0.96792125 -0.25206942
47928.3  3.00000000  0.96775419  0.01798226  0.96792125 -0.25206942
47928.4  3.00000000  0.96775419  0.01798226  0.96792125 -0.25206942
47928.5  3.00000000  0.96775419  0.01798226  0.96792125 -0.25206942
47928.6  3.00000000  0.96775419  0.01798226  0.96792125 -0.25206942
47928.7  3.00000000  0.96775419  0.01798226  0.96792125 -0.25206942
47928.8  3.00000000  0.96775419  0.01798226  0.96792125 -0.25206942
47928.9  3.00000000  0.96775419  0.01798226  0.96792125 -0.25206942
47929.0  3.00000000  0.96775419  0.01798226  0.96792125 -0.25206942
47929.1  3.00000000  0.96775419  0.01798226  0.96792125 -0.25206942
47929.2  3.00000000  0.96775419  0.01798226  0.96792125 -0.25206942
47929.3  3.00000000  0.96775419  0.01798226  0.96792125 -0.25206942
47929.4  3.00000000  0.96775419  0.01798226  0.96792125 -0.25206942
47929.5  3.00000000  0.96775419  0.01798226  0.96792125 -0.25206942
47929.6  3.00000000  0.96775419  0.01798226  0.96792125 -0.25206942
47929.7  3.00000000  0.96775419  0.01798226  0.96792125 -0.25206942
47929.8  3.00000000  0.96775419  0.01798226  0.96792125 -0.25206942
47929.9  3.00000000  0.96775419  0.01798226  0.96792125 -0.25206942
47930.0  3.00000000  0.96775419  0.01798226  0.96792125 -0.25206942
47930.1  3.00000000  0.96775419  0.01798226  0.96792125 -0.25206942
47930.2  3.00000000  0.96775419  0.01798226  0.96792125 -0.25206942
47930.3  3.00000000  0.96775419  0.01798226  0.96792125 -0.25206942
47930.4  3.00000000  0.96775419  0.01798226  0.96792125 -0.25206942
47930.5  3.00000000  0.96775419  0.01798226  0.96792125 -0.25206942
47930.6  3.00000000  0.96775419  0.01798226  0.96792125 -0.25206942
47930.7  3.00000000  0.96775419  0.01798226  0.96792125 -0.25206942
47930.8  3.00000000  0.96775419  0.01798226  0.96792125 -0.25206942
47930.9  3.00000000  0.96775419  0.01798226  0.96792125 -0.25206942
47931.0  3.00000000  0.96775419  0.01798226  0.96792125 -0.25206942
47931.1  3.00000000  0.96775419  0.01798226  0.96792125 -0.25206942
47931.2  3.00000000  0.96775419  0.01798226  0.96792125 -0.25206942
47931.3  3.00000000  0.96775419  0.01798226  0.96792125 -0.25206942
47931.4  3.00000000  0.96775419  0.01798226  0.96792125 -0.25206942
47931.5  3.00000000  0.96775419  0.01798226  0.96792125 -0.25206942
47931.6  3.00000000  0.96775419  0.01798226  0.96792125 -0.25206942
47931.7  3.00000000  0.96775419  0.01798226  0.96792125 -0.25206942
47931.8  3.00000000  0.96775419  0.01798226  0.96792125 -0.25206942
47931.9  3.00000000  0.96775419  0.01798226  0.96792125 -0.25206942
47932.0  3.00000000  0.96775419  0.01798226  0.96792125 -0.25206942
47932.1  3.00000000  0.96775419  0.01798226  0.96792125 -0.25206942
47932.2  3.00000000  0.96775419  0.01798226  0.96792125 -0.25206942
47932.3  3.00000000  0.96775419  0.01798226  0.96792125 -0.25206942
47932.4  3.00000000  0.96775419  0.01798226  0.96792125 -0.25206942
47932.5  3.00000000  0.96775419  0.01798226  0.96792125 -0.25206942
47932.6  3.00000000  0.96775419  0.01798226  0.96792125 -0.25206942
47932.7  3.00000000  0.96775419  0.01798226  0.96792125 -0.25206942
47932.8  3.00000000  0.96775419  0.01798226  0.96792125 -0.25206942
47932.9  3.00000000  0.96775419  0.01798226  0.96792125 -0.25206942
47933.0  3.00000000  0.96775419  0.01798226  0.96792125 -0.25206942
47933.1  3.00000000  0.96775419  0.01798226  0.96792125 -0.25206942
47933.2  3.00000000  0.96775419  0.01798226  0.96792125 -0.25206942
47933.3  3.00000000  0.96775419  0.01798226  0.96792125 -0.25206942
47933.4  3.00000000  0.96775419  0.01798226  0.96792125 -0.25206942
47933.5  3.00000000  0.96775419  0.01798226  0.96792125 -0.25206942
47933.6  3.00000000  0.96775419  0.01798226  0.96792125 -0.25206942
47933.7  3.00000000  0.96775419  0.01798226  0.96792125 -0.25206942
47933.8  3.00000000  0.96775419  0.01798226  0.96792125 -0.25206942
47933.9  3.00000000  0.96775419  0.01798226  0.96792125 -0.25206942
47934.0  3.00000000  0.96775419  0.01798226  0.96792125 -0.25206942
47934.1  3.00000000  0.96775419  0.01798226  0.96792125 -0.25206942
47934.2  3.00000000  0.96775419  0.01798226  0.96792125 -0.25206942
47934.3  3.00000000  0.96775419  0.01798226  0.96792125 -0.25206942
47934.4  3.00000000  0.96775419  0.01798226  0.96792125 -0.25206942
47934.5  3.00000000  0.96775419  0.01798226  0.96792125 -0.25206942
47934.6  3.00000000  0.96775419  0.01798226  0.96792125 -0.25206942
47934.7  3.00000000  0.96775419  0.01798226  0.96792125 -0.25206942
47934.8  3.00000000  0.96775419  0.01798226  0.96792125 -0.25206942
47934.9  3.00000000  0.96775419  0.01798226  0.96792125 -0.25206942
47935.0  3.00000000  0.96775419  0.01798226  0.96792125 -0.25206942
47935.1  3.00000000  0.96775419  0.01798226  0.96792125 -0.25206942
47935.2  3.00000000  0.96775419  0.01798226  0.96792125 -0.25206942
47935.3  3.00000000  0.96775419  0.01798226  0.96792125 -0.25206942
47935.4  3.00000000  0.96775419  0.01798226  0.96792125 -0.25206942
47935.5  3.00000000  0.96775419  0.01798226  0.96792125 -0.25206942
47935.6  3.00000000  0.96775419  0.01798226  0.96792125 -0.25206942
47935.7  3.00000000  0.96775419  0.01798226  0.96792125 -0.25206942
47935.8  3.00000000  0.96775419  0.01798226  0.96792125 -0.25206942
47935.9  3.00000000  0.96775419  0.01798226  0.96792125 -0.25206942
47936.0  3.00000000  0.96775419  0.01798226  0.96792125 -0.25206942
47936.1  3.00000000  0.96775419  0.01798226  0.96792125 -0.25206942
47936.2  3.00000000  0.96775419  0.01798226  0.96792125 -0.25206942
47936.3  3.00000000  0.96775419  0.01798226  0.96792125 -0.25206942
47936.4  3.00000000  0.96775419  0.01798226  0.96792125 -0.25206942
47936.5  3.00000000  0.96775419  0.01798226  0.96792125 -0.25206942
47936.6  3.00000000  0.96775419  0.01798226  0.96792125 -0.25206942
47936.7  3.00000000  0.96775419  0.01798226  0.96792125 -0.25206942
47936.8  3.00000000  0.96775419  0.01798226  0.96792125 -0.25206942
47936.9  3.00000000  0.96775419  0.01798226  0.96792125 -0.25206942
47937.0  3.00000000  0.96775419  0.01798226  0.96792125 -0.25206942
47937.1  3.00000000  0.96775419  0.01798226  0.96792125 -0.25206942
47937.2  3.00000000  0.96775419  0.01798226  0.96792125 -0.25206942
47937.3  3.00000000  0.96775419  0.01798226  0.96792125 -0.25206942
47937.4  3.00000000  0.96775419  0.01798226  0.96792125 -0.25206942
47937.5  3.00000000  0.96775419  0.01798226  0.96792125 -0.25206942
47937.6  3.00000000  0.96775419  0.01798226  0.96792125 -0.25206942
47937.7  3.00000000  0.96775419  0.01798226  0.96792125 -0.25206942
47937.8  3.00000000  0.96775419  0.01798226  0.96792125 -0.25206942
47937.9  3.00000000  0.96775419  0.01798226  0.96792125 -0.25206942
47938.0  3.00000000  0.96775419  0.01798226  0.96792125 -0.25206942
47938.1  3.00000000  0.96775419  0.01798226  0.96792125 -0.25206942
47938.2  3.00000000  0.96775419  0.01798226  0.96792125 -0.25206942
47938.3  3.00000000  0.96775419  0.01798226  0.96792125 -0.25206942
47938.4  3.00000000  0.96775419  0.01798226  0.96792125 -0.25206942
47938.5  3.00000000  0.96775419  0.01798226  0.96792125 -0.25206942
47938.6  3.00000000  0.96775419  0.01798226  0.96792125 -0.25206942
47938.7  3.00000000  0.96775419  0.01798226  0.96792125 -0.25206942
47938.8  3.00000000  0.96775419  0.01798226  0.96792125 -0.25206942
47938.9  3.00000000  0.96775419  0.01798226  0.96792125 -0.25206942
47939.0  3.00000000  0.96775419  0.01798226  0.96792125 -0.25206942
47939.1  3.00000000  0.96775419  0.01798226  0.96792125 -0.25206942
47939.2  3.00000000  0.96775419  0.01798226  0.96792125 -0.25206942
47939.3  3.00000000  0.96775419  0.01798226  0.96792125 -0.25206942
47939.4  3.00000000  0.96775419  0.01798226  0.96792125 -0.25206942
47939.5  3.00000000  0.96775419  0.01798226  0.96792125 -0.25206942
47939.6  3.00000000  0.96775419  0.01798226  0.96792125 -0.25206942
47939.7  3.00000000  0.96775419  0.01798226  0.96792125 -0.25206942
47939.8  3.00000000  0.96775419  0.01798226  0.96792125 -0.25206942
47939.9  3.00000000  0.96775419  0.01798226  0.96792125 -0.25206942
47940.0  3.00000000  0.96775419  0.01798226  0.96792125 -0.25206942
47940.1  3.00000000  0.96775419  0.01798226  0.96792125 -0.25206942
47940.2  3.00000000  0.96775419  0.01798226  0.96792125 -0.25206942
47940.3  3.00000000  0.96775419  0.01798226  0.96792125 -0.25206942
47940.4  3.00000000  0.96775419  0.01798226  0.96792125 -0.25206942
47940.5  3.00000000  0.96775419  0.01798226  0.96792125 -0.25206942
47940.6  3.00000000  0.96775419  0.01798226  0.96792125 -0.25206942
47940.7  3.00000000  0.96775419  0.01798226  0.96792125 -0.25206942
47940.8  3.00000000  0.96775419  0.01798226  0.96792125 -0.25206942
47940.9  3.00000000  0.96775419  0.01798226  0.96792125 -0.25206942
47941.0  3.00000000  0.96775419  0.01798226  0.96792125 -0.25206942
47941.1  3.00000000  0.96775419  0.01798226  0.96792125 -0.25206942
47941.2  3.00000000  0.96775419  0.01798226  0.96792125 -0.25206942
47941.3  3.00000000  0.96775419  0.01798226  0.96792125 -0.25206942
47941.4  3.00000000  0.96775419  0.01798226  0.96792125 -0.25206942
47941.5  3.00000000  0.96775419  0.01798226  0.96792125 -0.25206942
47941.6  3.00000000  0.96775419  0.01798226  0.96792125 -0.25206942
47941.7  3.00000000  0.96775419  0.01798226  0.96792125 -0.25206942
47941.8  3.00000000  0.96775419  0.01798226  0.96792125 -0.25206942
47941.9  3.00000000  0.96775419  0.01798226  0.96792125 -0.25206942
47942.0  3.00000000  0.96775419  0.01798226  0.96792125 -0.25206942
47942.1  3.00000000  0.96775419  0.01798226  0.96792125 -0.25206942
47942.2  3.00000000  0.96775419  0.01798226  0.96792125 -0.25206942
47942.3  3.00000000  0.96775419  0.01798226  0.96792125 -0.25206942
47942.4  3.00000000  0.96775419  0.01798226  0.96792125 -0.25206942
47942.5  3.00000000  0.96775419  0.01798226  0.96792125 -0.25206942
47942.6  3.00000000  0.96775419  0.01798226  0.96792125 -0.25206942
47942.7  3.00000000  0.96775419  0.01798226  0.96792125 -0.25206942
47942.8  3.00000000  0.96775419  0.01798226  0.96792125 -0.25206942
47942.9  3.00000000  0.96775419  0.01798226  0.96792125 -0.25206942
47943.0  3.00000000  0.96775419  0.01798226  0.96792125 -0.25206942
47943.1  3.00000000  0.96775419  0.01798226  0.96792125 -0.25206942
47943.2  3.00000000  0.96775419  0.01798226  0.96792125 -0.25206942
47943.3  3.00000000  0.96775419  0.01798226  0.96792125 -0.25206942
47943.4  3.00000000  0.96775419  0.01798226  0.96792125 -0.25206942
47943.5  3.00000000  0.96775419  0.01798226  0.96792125 -0.25206942
47943.6  3.00000000  0.96775419  0.01798226  0.96792125 -0.25206942
47943.7  3.00000000  0.96775419  0.01798226  0.96792125 -0.25206942
47943.8  3.00000000  0.96775419  0.01798226  0.96792125 -0.25206942
47943.9  3.00000000  0.96775419  0.01798226  0.96792125 -0.25206942
47944.0  3.00000000  0.96775419  0.01798226  0.96792125 -0.25206942
47944.1  3.00000000  0.96775419  0.01798226  0.96792125 -0.25206942
47944.2  3.00000000  0.96775419  0.01798226  0.96792125 -0.25206942
47944.3  3.00000000  0.96775419  0.01798226  0.96792125 -0.25206942
47944.4  3.00000000  0.96775419  0.01798226  0.96792125 -0.25206942
47944.5  3.00000000  0.96775419  0.01798226  0.96792125 -0.25206942
47944.6  3.00000000  0.96775419  0.01798226  0.96792125 -0.25206942
47944.7  3.00000000  0.96775419  0.01798226  0.96792125 -0.25206942
47944.8  3.00000000  0.96775419  0.01798226  0.96792125 -0.25206942
47944.9  3.00000000  0.96775419  0.01798226  0.96792125 -0.25206942
47945.0  3.00000000  0.96775419  0.01798226  0.96792125 -0.25206942
47945.1  3.00000000  0.96775419  0.01798226  0.96792125 -0.25206942
47945.2  3.00000000  0.96775419  0.01798226  0.96792125 -0.25206942
47945.3  3.00000000  0.96775419  0.01798226  0.96792125 -0.25206942
47945.4  3.00000000  0.96775419  0.01798226  0.96792125 -0.25206942
47945.5  3.00000000  0.96775419  0.01798226  0.96792125 -0.25206942
47945.6  3.00000000  0.96775419  0.01798226  0.96792125 -0.25206942
47945.7  3.00000000  0.96775419  0.01798226  0.96792125 -0.25206942
47945.8  3.00000000  0.96775419  0.01798226  0.96792125 -0.25206942
47945.9  3.00000000  0.96775419  0.01798226  0.96792125 -0.25206942
47946.0  3.00000000  0.96775419  0.01798226  0.96792125 -0.25206942
47946.1  3.00000000  0.96775419  0.01798226  0.96792125 -0.25206942
47946.2  3.00000000  0.96775419  0.01798226  0.96792125 -0.25206942
47946.3  3.00000000  0.96775419  0.01798226  0.96792125 -0.25206942
47946.4  3.00000000  0.96775419  0.01798226  0.96792125 -0.25206942
47946.5  3.00000000  0.96775419  0.01798226  0.96792125 -0.25206942
47946.6  3.00000000  0.96775419  0.01798226  0.96792125 -0.25206942
47946.7  3.00000000  0.96775419  0.01798226  0.96792125 -0.25206942
47946.8  3.00000000  0.96775419  0.01798226  0.96792125 -0.25206942
47946.9  3.00000000  0.96775419  0.01798226  0.96792125 -0.25206942
47947.0  3.00000000  0.96775419  0.01798226  0.96792125 -0.25206942
47947.1  3.00000000  0.96775419  0.01798226  0.96792125 -0.25206942
47947.2  3.00000000  0.96775419  0.01798226  0.96792125 -0.25206942
47947.3  3.00000000  0.96775419  0.01798226  0.96792125 -0.25206942
47947.4  3.00000000  0.96775419  0.01798226  0.96792125 -0.25206942
47947.5  3.00000000  0.96775419  0.01798226  0.96792125 -0.25206942
47947.6  3.00000000  0.96775419  0.01798226  0.96792125 -0.25206942
47947.7  3.00000000  0.96775419  0.01798226  0.96792125 -0.25206942
47947.8  3.00000000  0.96775419  0.01798226  0.96792125 -0.25206942
47947.9  3.00000000  0.96775419  0.01798226  0.96792125 -0.25206942
47948.0  3.00000000  0.96775419  0.01798226  0.96792125 -0.25206942
47948.1  3.00000000  0.96775419  0.01798226  0.96792125 -0.25206942
47948.2  3.00000000  0.96775419  0.01798226  0.96792125 -0.25206942
47948.3  3.00000000  0.96775419  0.01798226  0.96792125 -0.25206942
47948.4  3.00000000  0.96775419  0.01798226  0.96792125 -0.25206942
47948.5  3.00000000  0.96775419  0.01798226  0.96792125 -0.25206942
47948.6  3.00000000  0.96775419  0.01798226  0.96792125 -0.25206942
47948.7  3.00000000  0.96775419  0.01798226  0.96792125 -0.25206942
47948.8  3.00000000  0.96775419  0.01798226  0.96792125 -0.25206942
47948.9  3.00000000  0.96775419  0.01798226  0.96792125 -0.25206942
47949.0  3.00000000  0.96775419  0.01798226  0.96792125 -0.25206942
47949.1  3.00000000  0.96775419  0.01798226  0.96792125 -0.25206942
47949.2  3.00000000  0.96775419  0.01798226  0.96792125 -0.25206942
47949.3  3.00000000  0.96775419  0.01798226  0.96792125 -0.25206942
47949.4  3.00000000  0.96775419  0.01798226  0.96792125 -0.25206942
47949.5  3.00000000  0.96775419  0.01798226  0.96792125 -0.25206942
47949.6  3.00000000  0.96775419  0.01798226  0.96792125 -0.25206942
47949.7  3.00000000  0.96775419  0.01798226  0.96792125 -0.25206942
47949.8  3.00000000  0.96775419  0.01798226  0.96792125 -0.25206942
47949.9  3.00000000  0.96775419  0.01798226  0.96792125 -0.25206942
47950.0  3.00000000  0.96775419  0.01798226  0.96792125 -0.25206942
47950.1  3.00000000  0.96775419  0.01798226  0.96792125 -0.25206942
47950.2  3.00000000  0.96775419  0.01798226  0.96792125 -0.25206942
47950.3  3.00000000  0.96775419  0.01798226  0.96792125 -0.25206942
47950.4  3.00000000  0.96775419  0.01798226  0.96792125 -0.25206942
47950.5  3.00000000  0.96775419  0.01798226  0.96792125 -0.25206942
47950.6  3.00000000  0.96775419  0.01798226  0.96792125 -0.25206942
47950.7  3.00000000  0.96775419  0.01798226  0.96792125 -0.25206942
47950.8  3.00000000  0.96775419  0.01798226  0.96792125 -0.25206942
47950.9  3.00000000  0.96775419  0.01798226  0.96792125 -0.25206942
47951.0  3.00000000  0.96775419  0.01798226  0.96792125 -0.25206942
47951.1  3.00000000  0.96775419  0.01798226  0.96792125 -0.25206942
47951.2  3.00000000  0.96775419  0.01798226  0.96792125 -0.25206942
47951.3  3.00000000  0.96775419  0.01798226  0.96792125 -0.25206942
47951.4  3.00000000  0.96775419  0.01798226  0.96792125 -0.25206942
47951.5  3.00000000  0.96775419  0.01798226  0.96792125 -0.25206942
47951.6  3.00000000  0.96775419  0.01798226  0.96792125 -0.25206942
47951.7  3.00000000  0.96775419  0.01798226  0.96792125 -0.25206942
47951.8  3.00000000  0.96775419  0.01798226  0.96792125 -0.25206942
47951.9  3.00000000  0.96775419  0.01798226  0.96792125 -0.25206942
47952.0  3.00000000  0.96775419  0.01798226  0.96792125 -0.25206942
47952.1  3.00000000  0.96775419  0.01798226  0.96792125 -0.25206942
47952.2  3.00000000  0.96775419  0.01798226  0.96792125 -0.25206942
47952.3  3.00000000  0.96775419  0.01798226  0.96792125 -0.25206942
47952.4  3.00000000  0.96775419  0.01798226  0.96792125 -0.25206942
47952.5  3.00000000  0.96775419  0.01798226  0.96792125 -0.25206942
47952.6  3.00000000  0.96775419  0.01798226  0.96792125 -0.25206942
47952.7  3.00000000  0.96775419  0.01798226  0.96792125 -0.25206942
47952.8  3.00000000  0.96775419  0.01798226  0.96792125 -0.25206942
47952.9  3.00000000  0.96775419  0.01798226  0.96792125 -0.25206942
47953.0  3.00000000  0.96775419  0.01798226  0.96792125 -0.25206942
47953.1  3.00000000  0.96775419  0.01798226  0.96792125 -0.25206942
47953.2  3.00000000  0.96775419  0.01798226  0.96792125 -0.25206942
47953.3  3.00000000  0.96775419  0.01798226  0.96792125 -0.25206942
47953.4  3.00000000  0.96775419  0.01798226  0.96792125 -0.25206942
47953.5  3.00000000  0.96775419  0.01798226  0.96792125 -0.25206942
47953.6  3.00000000  0.96775419  0.01798226  0.96792125 -0.25206942
47953.7  3.00000000  0.96775419  0.01798226  0.96792125 -0.25206942
47953.8  3.00000000  0.96775419  0.01798226  0.96792125 -0.25206942
47953.9  3.00000000  0.96775419  0.01798226  0.96792125 -0.25206942
47954.0  3.00000000  0.96775419  0.01798226  0.96792125 -0.25206942
47954.1  3.00000000  0.96775419  0.01798226  0.96792125 -0.25206942
47954.2  3.00000000  0.96775419  0.01798226  0.96792125 -0.25206942
47954.3  3.00000000  0.96775419  0.01798226  0.96792125 -0.25206942
47954.4  3.00000000  0.96775419  0.01798226  0.96792125 -0.25206942
47954.5  3.00000000  0.96775419  0.01798226  0.96792125 -0.25206942
47954.6  3.00000000  0.96775419  0.01798226  0.96792125 -0.25206942
47954.7  3.00000000  0.96775419  0.01798226  0.96792125 -0.25206942
47954.8  3.00000000  0.96775419  0.01798226  0.96792125 -0.25206942
47954.9  3.00000000  0.96775419  0.01798226  0.96792125 -0.25206942
47955.0  3.00000000  0.96775419  0.01798226  0.96792125 -0.25206942
47955.1  3.00000000  0.96775419  0.01798226  0.96792125 -0.25206942
47955.2  3.00000000  0.96775419  0.01798226  0.96792125 -0.25206942
47955.3  3.00000000  0.96775419  0.01798226  0.96792125 -0.25206942
47955.4  3.00000000  0.96775419  0.01798226  0.96792125 -0.25206942
47955.5  3.00000000  0.96775419  0.01798226  0.96792125 -0.25206942
47955.6  3.00000000  0.96775419  0.01798226  0.96792125 -0.25206942
47955.7  3.00000000  0.96775419  0.01798226  0.96792125 -0.25206942
47955.8  3.00000000  0.96775419  0.01798226  0.96792125 -0.25206942
47955.9  3.00000000  0.96775419  0.01798226  0.96792125 -0.25206942
47956.0  3.00000000  0.96775419  0.01798226  0.96792125 -0.25206942
47956.1  3.00000000  0.96775419  0.01798226  0.96792125 -0.25206942
47956.2  3.00000000  0.96775419  0.01798226  0.96792125 -0.25206942
47956.3  3.00000000  0.96775419  0.01798226  0.96792125 -0.25206942
47956.4  3.00000000  0.96775419  0.01798226  0.96792125 -0.25206942
47956.5  3.00000000  0.96775419  0.01798226  0.96792125 -0.25206942
47956.6  3.00000000  0.96775419  0.01798226  0.96792125 -0.25206942
47956.7  3.00000000  0.96775419  0.01798226  0.96792125 -0.25206942
47956.8  3.00000000  0.96775419  0.01798226  0.96792125 -0.25206942
47956.9  3.00000000  0.96775419  0.01798226  0.96792125 -0.25206942
47957.0  3.00000000  0.96775419  0.01798226  0.96792125 -0.25206942
47957.1  3.00000000  0.96775419  0.01798226  0.96792125 -0.25206942
47957.2  3.00000000  0.96775419  0.01798226  0.96792125 -0.25206942
47957.3  3.00000000  0.96775419  0.01798226  0.96792125 -0.25206942
47957.4  3.00000000  0.96775419  0.01798226  0.96792125 -0.25206942
47957.5  3.00000000  0.96775419  0.01798226  0.96792125 -0.25206942
47957.6  3.00000000  0.96775419  0.01798226  0.96792125 -0.25206942
47957.7  3.00000000  0.96775419  0.01798226  0.96792125 -0.25206942
47957.8  3.00000000  0.96775419  0.01798226  0.96792125 -0.25206942
47957.9  3.00000000  0.96775419  0.01798226  0.96792125 -0.25206942
47958.0  3.00000000  0.96775419  0.01798226  0.96792125 -0.25206942
47958.1  3.00000000  0.96775419  0.01798226  0.96792125 -0.25206942
47958.2  3.00000000  0.96775419  0.01798226  0.96792125 -0.25206942
47958.3  3.00000000  0.96775419  0.01798226  0.96792125 -0.25206942
47958.4  3.00000000  0.96775419  0.01798226  0.96792125 -0.25206942
47958.5  3.00000000  0.96775419  0.01798226  0.96792125 -0.25206942
47958.6  3.00000000  0.96775419  0.01798226  0.96792125 -0.25206942
47958.7  3.00000000  0.96775419  0.01798226  0.96792125 -0.25206942
47958.8  3.00000000  0.96775419  0.01798226  0.96792125 -0.25206942
47958.9  3.00000000  0.96775419  0.01798226  0.96792125 -0.25206942
47959.0  3.00000000  0.96775419  0.01798226  0.96792125 -0.25206942
47959.1  3.00000000  0.96775419  0.01798226  0.96792125 -0.25206942
47959.2  3.00000000  0.96775419  0.01798226  0.96792125 -0.25206942
47959.3  3.00000000  0.96775419  0.01798226  0.96792125 -0.25206942
47959.4  3.00000000  0.96775419  0.01798226  0.96792125 -0.25206942
47959.5  3.00000000  0.96775419  0.01798226  0.96792125 -0.25206942
47959.6  3.00000000  0.96775419  0.01798226  0.96792125 -0.25206942
47959.7  3.00000000  0.96775419  0.01798226  0.96792125 -0.25206942
47959.8  3.00000000  0.96775419  0.01798226  0.96792125 -0.25206942
47959.9  3.00000000  0.96775419  0.01798226  0.96792125 -0.25206942
47960.0  3.00000000  0.96775419  0.01798226  0.96792125 -0.25206942
47960.1  3.00000000  0.96775419  0.01798226  0.96792125 -0.25206942
47960.2  3.00000000  0.96775419  0.01798226  0.96792125 -0.25206942
47960.3  3.00000000  0.96775419  0.01798226  0.96792125 -0.25206942
47960.4  3.00000000  0.96775419  0.01798226  0.96792125 -0.25206942
47960.5  3.00000000  0.96775419  0.01798226  0.96792125 -0.25206942
47960.6  3.00000000  0.96775419  0.01798226  0.96792125 -0.25206942
47960.7  3.00000000  0.96775419  0.01798226  0.96792125 -0.25206942
47960.8  3.00000000  0.96775419  0.01798226  0.96792125 -0.25206942
47960.9  3.00000000  0.96775419  0.01798226  0.96792125 -0.25206942
47961.0  3.00000000  0.96775419  0.01798226  0.96792125 -0.25206942
47961.1  3.00000000  0.96775419  0.01798226  0.96792125 -0.25206942
47961.2  3.00000000  0.96775419  0.01798226  0.96792125 -0.25206942
47961.3  3.00000000  0.96775419  0.01798226  0.96792125 -0.25206942
47961.4  3.00000000  0.96775419  0.01798226  0.96792125 -0.25206942
47961.5  3.00000000  0.96775419  0.01798226  0.96792125 -0.25206942
47961.6  3.00000000  0.96775419  0.01798226  0.96792125 -0.25206942
47961.7  3.00000000  0.96775419  0.01798226  0.96792125 -0.25206942
47961.8  3.00000000  0.96775419  0.01798226  0.96792125 -0.25206942
47961.9  3.00000000  0.96775419  0.01798226  0.96792125 -0.25206942
47962.0  3.00000000  0.96775419  0.01798226  0.96792125 -0.25206942
47962.1  3.00000000  0.96775419  0.01798226  0.96792125 -0.25206942
47962.2  3.00000000  0.96775419  0.01798226  0.96792125 -0.25206942
47962.3  3.00000000  0.96775419  0.01798226  0.96792125 -0.25206942
47962.4  3.00000000  0.96775419  0.01798226  0.96792125 -0.25206942
47962.5  3.00000000  0.96775419  0.01798226  0.96792125 -0.25206942
47962.6  3.00000000  0.96775419  0.01798226  0.96792125 -0.25206942
47962.7  3.00000000  0.96775419  0.01798226  0.96792125 -0.25206942
47962.8  3.00000000  0.96775419  0.01798226  0.96792125 -0.25206942
47962.9  3.00000000  0.96775419  0.01798226  0.96792125 -0.25206942
47963.0  3.00000000  0.96775419  0.01798226  0.96792125 -0.25206942
47963.1  3.00000000  0.96775419  0.01798226  0.96792125 -0.25206942
47963.2  3.00000000  0.96775419  0.01798226  0.96792125 -0.25206942
47963.3  3.00000000  0.96775419  0.01798226  0.96792125 -0.25206942
47963.4  3.00000000  0.96775419  0.01798226  0.96792125 -0.25206942
47963.5  3.00000000  0.96775419  0.01798226  0.96792125 -0.25206942
47963.6  3.00000000  0.96775419  0.01798226  0.96792125 -0.25206942
47963.7  3.00000000  0.96775419  0.01798226  0.96792125 -0.25206942
47963.8  3.00000000  0.96775419  0.01798226  0.96792125 -0.25206942
47963.9  3.00000000  0.96775419  0.01798226  0.96792125 -0.25206942
47964.0  3.00000000  0.96775419  0.01798226  0.96792125 -0.25206942
47964.1  3.00000000  0.96775419  0.01798226  0.96792125 -0.25206942
47964.2  3.00000000  0.96775419  0.01798226  0.96792125 -0.25206942
47964.3  3.00000000  0.96775419  0.01798226  0.96792125 -0.25206942
47964.4  3.00000000  0.96775419  0.01798226  0.96792125 -0.25206942
47964.5  3.00000000  0.96775419  0.01798226  0.96792125 -0.25206942
47964.6  3.00000000  0.96775419  0.01798226  0.96792125 -0.25206942
47964.7  3.00000000  0.96775419  0.01798226  0.96792125 -0.25206942
47964.8  3.00000000  0.96775419  0.01798226  0.96792125 -0.25206942
47964.9  3.00000000  0.96775419  0.01798226  0.96792125 -0.25206942
47965.0  3.00000000  0.96775419  0.01798226  0.96792125 -0.25206942
47965.1  3.00000000  0.96775419  0.01798226  0.96792125 -0.25206942
47965.2  3.00000000  0.96775419  0.01798226  0.96792125 -0.25206942
47965.3  3.00000000  0.96775419  0.01798226  0.96792125 -0.25206942
47965.4  3.00000000  0.96775419  0.01798226  0.96792125 -0.25206942
47965.5  3.00000000  0.96775419  0.01798226  0.96792125 -0.25206942
47965.6  3.00000000  0.96775419  0.01798226  0.96792125 -0.25206942
47965.7  3.00000000  0.96775419  0.01798226  0.96792125 -0.25206942
47965.8  3.00000000  0.96775419  0.01798226  0.96792125 -0.25206942
47965.9  3.00000000  0.96775419  0.01798226  0.96792125 -0.25206942
47966.0  3.00000000  0.96775419  0.01798226  0.96792125 -0.25206942
47966.1  3.00000000  0.96775419  0.01798226  0.96792125 -0.25206942
47966.2  3.00000000  0.96775419  0.01798226  0.96792125 -0.25206942
47966.3  3.00000000  0.96775419  0.01798226  0.96792125 -0.25206942
47966.4  3.00000000  0.96775419  0.01798226  0.96792125 -0.25206942
47966.5  3.00000000  0.96775419  0.01798226  0.96792125 -0.25206942
