 # AA:        219117.46418138818     
 # FLEGG:     179224.99817922857     
 # AF0:     -5.33308614247767210E-002
 # CPAR:      555.55779854881382     
 # Diff:     0.12463198212018202     
 # TF:       2.19089023002066404E-007
 # H:         284.00000000000000     
 # GRAD:     0.10000000000000001     
 # HR:       3.00000000000000006E-003
 # LP:       0.55003999999955744     
 # TIME  LP  TMAB  TMDS  TMPC  TMZ
20611.4  3.00000000  0.96630027  0.04539559  0.96736600 -0.25413837
20611.5  3.00000000  0.96638197  0.04369499  0.96736930 -0.25412322
20611.6  3.00000000  0.96644453  0.04239493  0.96737395 -0.25410174
20611.7  3.00000000  0.96648460  0.04159753  0.96737936 -0.25407709
20611.8  3.00000000  0.96650135  0.04133412  0.96738481 -0.25405258
20611.9  3.00000000  0.96649603  0.04157084  0.96738964 -0.25403104
20612.0  3.00000000  0.96647170  0.04221949  0.96739342 -0.25401458
20612.1  3.00000000  0.96643281  0.04315454  0.96739583 -0.25400453
20612.2  3.00000000  0.96638497  0.04423244  0.96739672 -0.25400129
20612.3  3.00000000  0.96633452  0.04530986  0.96739619 -0.25400440
20612.4  3.00000000  0.96628766  0.04626091  0.96739440 -0.25401278
20612.5  3.00000000  0.96624983  0.04698960  0.96739173 -0.25402478
20612.6  3.00000000  0.96622482  0.04743728  0.96738859 -0.25403856
20612.7  3.00000000  0.96621429  0.04758566  0.96738537 -0.25405231
20612.8  3.00000000  0.96621790  0.04745368  0.96738249 -0.25406440
20612.9  3.00000000  0.96623343  0.04709064  0.96738027 -0.25407361
20613.0  3.00000000  0.96625738  0.04656733  0.96737885 -0.25407924
20613.1  3.00000000  0.96628575  0.04596454  0.96737836 -0.25408103
20613.2  3.00000000  0.96631460  0.04536234  0.96737875 -0.25407925
20613.3  3.00000000  0.96634047  0.04483125  0.96737984 -0.25407457
20613.4  3.00000000  0.96636086  0.04442470  0.96738145 -0.25406785
20613.5  3.00000000  0.96637417  0.04417494  0.96738330 -0.25406016
20613.6  3.00000000  0.96637979  0.04409219  0.96738514 -0.25405250
20613.7  3.00000000  0.96637805  0.04416567  0.96738676 -0.25404577
20613.8  3.00000000  0.96637001  0.04436774  0.96738798 -0.25404063
20613.9  3.00000000  0.96635731  0.04465910  0.96738870 -0.25403751
20614.0  3.00000000  0.96634194  0.04499476  0.96738890 -0.25403651
20614.1  3.00000000  0.96632599  0.04533009  0.96738862 -0.25403749
20614.2  3.00000000  0.96631141  0.04562589  0.96738796 -0.25404010
20614.3  3.00000000  0.96629978  0.04585242  0.96738705 -0.25404384
20614.4  3.00000000  0.96629214  0.04599160  0.96738603 -0.25404812
20614.5  3.00000000  0.96628894  0.04603786  0.96738503 -0.25405239
20614.6  3.00000000  0.96629003  0.04599711  0.96738418 -0.25405613
20614.7  3.00000000  0.96629474  0.04588476  0.96738355 -0.25405899
20614.8  3.00000000  0.96630206  0.04572268  0.96738318 -0.25406073
20614.9  3.00000000  0.96631078  0.04553586  0.96738309 -0.25406129
20615.0  3.00000000  0.96631972  0.04534916  0.96738325 -0.25406075
20615.1  3.00000000  0.96632779  0.04518431  0.96738360 -0.25405930
20615.2  3.00000000  0.96633417  0.04505794  0.96738408 -0.25405723
20615.3  3.00000000  0.96633834  0.04498003  0.96738462 -0.25405485
20615.4  3.00000000  0.96634009  0.04495383  0.96738514 -0.25405248
20615.5  3.00000000  0.96633951  0.04497606  0.96738560 -0.25405039
20615.6  3.00000000  0.96633696  0.04503824  0.96738594 -0.25404879
20615.7  3.00000000  0.96633297  0.04512829  0.96738616 -0.25404781
20615.8  3.00000000  0.96632818  0.04523227  0.96738622 -0.25404749
20615.9  3.00000000  0.96632323  0.04533644  0.96738616 -0.25404779
20616.0  3.00000000  0.96631873  0.04542853  0.96738598 -0.25404859
20616.1  3.00000000  0.96631515  0.04549934  0.96738573 -0.25404974
20616.2  3.00000000  0.96631279  0.04554308  0.96738544 -0.25405107
20616.3  3.00000000  0.96631179  0.04555802  0.96738514 -0.25405239
20616.4  3.00000000  0.96631211  0.04554579  0.96738488 -0.25405356
20616.5  3.00000000  0.96631353  0.04551124  0.96738467 -0.25405446
20616.6  3.00000000  0.96631577  0.04546101  0.96738455 -0.25405501
20616.7  3.00000000  0.96631844  0.04540293  0.96738449 -0.25405519
20616.8  3.00000000  0.96632121  0.04534471  0.96738453 -0.25405503
20616.9  3.00000000  0.96632372  0.04529317  0.96738462 -0.25405458
20617.0  3.00000000  0.96632572  0.04525356  0.96738476 -0.25405394
20617.1  3.00000000  0.96632704  0.04522900  0.96738493 -0.25405320
20617.2  3.00000000  0.96632760  0.04522063  0.96738511 -0.25405245
20617.3  3.00000000  0.96632745  0.04522737  0.96738526 -0.25405180
20617.4  3.00000000  0.96632666  0.04524669  0.96738538 -0.25405130
20617.5  3.00000000  0.96632543  0.04527472  0.96738546 -0.25405099
20617.6  3.00000000  0.96632393  0.04530718  0.96738548 -0.25405089
20617.7  3.00000000  0.96632239  0.04533971  0.96738547 -0.25405098
20617.8  3.00000000  0.96632097  0.04536847  0.96738541 -0.25405123
20617.9  3.00000000  0.96631985  0.04539063  0.96738532 -0.25405159
20618.0  3.00000000  0.96631911  0.04540428  0.96738522 -0.25405200
20618.1  3.00000000  0.96631878  0.04540900  0.96738512 -0.25405242
20618.2  3.00000000  0.96631888  0.04540518  0.96738504 -0.25405278
20618.3  3.00000000  0.96631931  0.04539446  0.96738497 -0.25405306
20618.4  3.00000000  0.96632001  0.04537887  0.96738493 -0.25405323
20618.5  3.00000000  0.96632084  0.04536083  0.96738492 -0.25405329
20618.6  3.00000000  0.96632171  0.04534272  0.96738493 -0.25405324
20618.7  3.00000000  0.96632250  0.04532668  0.96738497 -0.25405310
20618.8  3.00000000  0.96632313  0.04531432  0.96738502 -0.25405290
20618.9  3.00000000  0.96632354  0.04530661  0.96738507 -0.25405267
20619.0  3.00000000  0.96632372  0.04530383  0.96738512 -0.25405245
20619.1  3.00000000  0.96632368  0.04530566  0.96738517 -0.25405224
20619.2  3.00000000  0.96632345  0.04531140  0.96738521 -0.25405208
20619.3  3.00000000  0.96632307  0.04531993  0.96738523 -0.25405198
20619.4  3.00000000  0.96632261  0.04532999  0.96738523 -0.25405195
20619.5  3.00000000  0.96632212  0.04534025  0.96738523 -0.25405197
20619.6  3.00000000  0.96632167  0.04534943  0.96738521 -0.25405205
20619.7  3.00000000  0.96632131  0.04535657  0.96738518 -0.25405216
20619.8  3.00000000  0.96632107  0.04536108  0.96738515 -0.25405229
20619.9  3.00000000  0.96632096  0.04536271  0.96738512 -0.25405242
20620.0  3.00000000  0.96632099  0.04536163  0.96738510 -0.25405254
20620.1  3.00000000  0.96632112  0.04535831  0.96738508 -0.25405263
20620.2  3.00000000  0.96632134  0.04535341  0.96738507 -0.25405268
20620.3  3.00000000  0.96632160  0.04534771  0.96738506 -0.25405270
20620.4  3.00000000  0.96632188  0.04534197  0.96738507 -0.25405269
20620.5  3.00000000  0.96632213  0.04533687  0.96738507 -0.25405264
20620.6  3.00000000  0.96632233  0.04533291  0.96738509 -0.25405258
20620.7  3.00000000  0.96632246  0.04533042  0.96738510 -0.25405251
20620.8  3.00000000  0.96632252  0.04532953  0.96738512 -0.25405243
20620.9  3.00000000  0.96632250  0.04533013  0.96738514 -0.25405237
20621.0  3.00000000  0.96632243  0.04533197  0.96738515 -0.25405232
20621.1  3.00000000  0.96632231  0.04533469  0.96738515 -0.25405229
20621.2  3.00000000  0.96632216  0.04533786  0.96738516 -0.25405228
20621.3  3.00000000  0.96632201  0.04534114  0.96738516 -0.25405228
20621.4  3.00000000  0.96632186  0.04534409  0.96738515 -0.25405231
20621.5  3.00000000  0.96632175  0.04534641  0.96738514 -0.25405234
20621.6  3.00000000  0.96632167  0.04534788  0.96738513 -0.25405238
20621.7  3.00000000  0.96632163  0.04534843  0.96738512 -0.25405243
20621.8  3.00000000  0.96632164  0.04534809  0.96738511 -0.25405246
20621.9  3.00000000  0.96632168  0.04534701  0.96738511 -0.25405249
20622.0  3.00000000  0.96632175  0.04534539  0.96738510 -0.25405251
20622.1  3.00000000  0.96632184  0.04534351  0.96738510 -0.25405252
20622.2  3.00000000  0.96632193  0.04534162  0.96738510 -0.25405251
20622.3  3.00000000  0.96632201  0.04533995  0.96738511 -0.25405250
20622.4  3.00000000  0.96632208  0.04533866  0.96738511 -0.25405248
20622.5  3.00000000  0.96632212  0.04533786  0.96738512 -0.25405245
20622.6  3.00000000  0.96632214  0.04533758  0.96738512 -0.25405243
20622.7  3.00000000  0.96632214  0.04533778  0.96738513 -0.25405241
20622.8  3.00000000  0.96632211  0.04533837  0.96738513 -0.25405239
20622.9  3.00000000  0.96632207  0.04533923  0.96738513 -0.25405238
20623.0  3.00000000  0.96632203  0.04534025  0.96738513 -0.25405238
20623.1  3.00000000  0.96632198  0.04534130  0.96738513 -0.25405238
20623.2  3.00000000  0.96632193  0.04534225  0.96738513 -0.25405239
20623.3  3.00000000  0.96632189  0.04534301  0.96738513 -0.25405240
20623.4  3.00000000  0.96632186  0.04534353  0.96738513 -0.25405241
20623.5  3.00000000  0.96632185  0.04534377  0.96738512 -0.25405243
20623.6  3.00000000  0.96632185  0.04534372  0.96738512 -0.25405244
20623.7  3.00000000  0.96632186  0.04534341  0.96738512 -0.25405245
20623.8  3.00000000  0.96632188  0.04534292  0.96738512 -0.25405246
20623.9  3.00000000  0.96632191  0.04534232  0.96738512 -0.25405246
20624.0  3.00000000  0.96632194  0.04534168  0.96738512 -0.25405246
20624.1  3.00000000  0.96632197  0.04534110  0.96738512 -0.25405245
20624.2  3.00000000  0.96632199  0.04534062  0.96738512 -0.25405245
20624.3  3.00000000  0.96632201  0.04534029  0.96738512 -0.25405244
20624.4  3.00000000  0.96632202  0.04534014  0.96738512 -0.25405243
20624.5  3.00000000  0.96632202  0.04534017  0.96738512 -0.25405242
20624.6  3.00000000  0.96632201  0.04534034  0.96738513 -0.25405242
20624.7  3.00000000  0.96632200  0.04534064  0.96738513 -0.25405241
20624.8  3.00000000  0.96632198  0.04534102  0.96738513 -0.25405241
20624.9  3.00000000  0.96632196  0.04534144  0.96738513 -0.25405241
20625.0  3.00000000  0.96632194  0.04534183  0.96738513 -0.25405241
20625.1  3.00000000  0.96632193  0.04534217  0.96738512 -0.25405242
20625.2  3.00000000  0.96632192  0.04534238  0.96738512 -0.25405242
20625.3  3.00000000  0.96632191  0.04534247  0.96738512 -0.25405243
20625.4  3.00000000  0.96632191  0.04534241  0.96738512 -0.25405244
20625.5  3.00000000  0.96632192  0.04534225  0.96738512 -0.25405244
20625.6  3.00000000  0.96632193  0.04534200  0.96738512 -0.25405244
20625.7  3.00000000  0.96632194  0.04534173  0.96738512 -0.25405244
20625.8  3.00000000  0.96632196  0.04534146  0.96738512 -0.25405244
20625.9  3.00000000  0.96632197  0.04534123  0.96738512 -0.25405244
20626.0  3.00000000  0.96632198  0.04534107  0.96738512 -0.25405244
20626.1  3.00000000  0.96632198  0.04534099  0.96738512 -0.25405243
20626.2  3.00000000  0.96632198  0.04534100  0.96738512 -0.25405243
20626.3  3.00000000  0.96632198  0.04534107  0.96738512 -0.25405243
20626.4  3.00000000  0.96632197  0.04534119  0.96738512 -0.25405242
20626.5  3.00000000  0.96632197  0.04534134  0.96738512 -0.25405242
20626.6  3.00000000  0.96632196  0.04534149  0.96738512 -0.25405242
20626.7  3.00000000  0.96632195  0.04534164  0.96738512 -0.25405242
20626.8  3.00000000  0.96632195  0.04534174  0.96738512 -0.25405243
20626.9  3.00000000  0.96632194  0.04534181  0.96738512 -0.25405243
20627.0  3.00000000  0.96632194  0.04534183  0.96738512 -0.25405243
20627.1  3.00000000  0.96632194  0.04534181  0.96738512 -0.25405243
20627.2  3.00000000  0.96632194  0.04534174  0.96738512 -0.25405243
20627.3  3.00000000  0.96632195  0.04534166  0.96738512 -0.25405243
20627.4  3.00000000  0.96632195  0.04534156  0.96738512 -0.25405243
20627.5  3.00000000  0.96632196  0.04534146  0.96738512 -0.25405243
20627.6  3.00000000  0.96632196  0.04534138  0.96738512 -0.25405243
20627.7  3.00000000  0.96632196  0.04534132  0.96738512 -0.25405243
20627.8  3.00000000  0.96632197  0.04534129  0.96738512 -0.25405243
20627.9  3.00000000  0.96632197  0.04534131  0.96738512 -0.25405243
20628.0  3.00000000  0.96632196  0.04534135  0.96738512 -0.25405243
20628.1  3.00000000  0.96632196  0.04534141  0.96738512 -0.25405243
20628.2  3.00000000  0.96632196  0.04534149  0.96738512 -0.25405243
20628.3  3.00000000  0.96632195  0.04534156  0.96738512 -0.25405243
20628.4  3.00000000  0.96632195  0.04534163  0.96738512 -0.25405243
20628.5  3.00000000  0.96632195  0.04534168  0.96738512 -0.25405243
20628.6  3.00000000  0.96632195  0.04534170  0.96738512 -0.25405243
20628.7  3.00000000  0.96632195  0.04534170  0.96738512 -0.25405243
20628.8  3.00000000  0.96632195  0.04534167  0.96738512 -0.25405243
20628.9  3.00000000  0.96632195  0.04534163  0.96738512 -0.25405243
20629.0  3.00000000  0.96632195  0.04534157  0.96738512 -0.25405243
20629.1  3.00000000  0.96632196  0.04534151  0.96738512 -0.25405243
20629.2  3.00000000  0.96632196  0.04534145  0.96738512 -0.25405243
20629.3  3.00000000  0.96632196  0.04534141  0.96738512 -0.25405243
20629.4  3.00000000  0.96632196  0.04534138  0.96738512 -0.25405243
20629.5  3.00000000  0.96632196  0.04534138  0.96738512 -0.25405243
20629.6  3.00000000  0.96632196  0.04534139  0.96738512 -0.25405243
20629.7  3.00000000  0.96632196  0.04534141  0.96738512 -0.25405243
20629.8  3.00000000  0.96632196  0.04534146  0.96738512 -0.25405243
20629.9  3.00000000  0.96632196  0.04534150  0.96738512 -0.25405243
20630.0  3.00000000  0.96632195  0.04534155  0.96738512 -0.25405243
20630.1  3.00000000  0.96632195  0.04534159  0.96738512 -0.25405243
20630.2  3.00000000  0.96632195  0.04534161  0.96738512 -0.25405243
20630.3  3.00000000  0.96632195  0.04534163  0.96738512 -0.25405243
20630.4  3.00000000  0.96632195  0.04534163  0.96738512 -0.25405243
20630.5  3.00000000  0.96632195  0.04534161  0.96738512 -0.25405243
20630.6  3.00000000  0.96632195  0.04534158  0.96738512 -0.25405243
20630.7  3.00000000  0.96632195  0.04534155  0.96738512 -0.25405243
20630.8  3.00000000  0.96632196  0.04534152  0.96738512 -0.25405243
20630.9  3.00000000  0.96632196  0.04534149  0.96738512 -0.25405243
20631.0  3.00000000  0.96632196  0.04534146  0.96738512 -0.25405243
20631.1  3.00000000  0.96632196  0.04534144  0.96738512 -0.25405243
20631.2  3.00000000  0.96632196  0.04534144  0.96738512 -0.25405243
20631.3  3.00000000  0.96632196  0.04534144  0.96738512 -0.25405243
20631.4  3.00000000  0.96632196  0.04534145  0.96738512 -0.25405243
20631.5  3.00000000  0.96632196  0.04534147  0.96738512 -0.25405243
20631.6  3.00000000  0.96632196  0.04534150  0.96738512 -0.25405243
20631.7  3.00000000  0.96632195  0.04534152  0.96738512 -0.25405243
20631.8  3.00000000  0.96632195  0.04534155  0.96738512 -0.25405243
20631.9  3.00000000  0.96632195  0.04534157  0.96738512 -0.25405243
20632.0  3.00000000  0.96632195  0.04534158  0.96738512 -0.25405243
20632.1  3.00000000  0.96632195  0.04534158  0.96738512 -0.25405243
20632.2  3.00000000  0.96632195  0.04534158  0.96738512 -0.25405243
20632.3  3.00000000  0.96632195  0.04534157  0.96738512 -0.25405243
20632.4  3.00000000  0.96632195  0.04534155  0.96738512 -0.25405243
20632.5  3.00000000  0.96632196  0.04534153  0.96738512 -0.25405243
20632.6  3.00000000  0.96632196  0.04534151  0.96738512 -0.25405243
20632.7  3.00000000  0.96632196  0.04534149  0.96738512 -0.25405243
20632.8  3.00000000  0.96632196  0.04534147  0.96738512 -0.25405243
20632.9  3.00000000  0.96632196  0.04534146  0.96738512 -0.25405243
20633.0  3.00000000  0.96632196  0.04534146  0.96738512 -0.25405243
20633.1  3.00000000  0.96632196  0.04534146  0.96738512 -0.25405243
20633.2  3.00000000  0.96632196  0.04534147  0.96738512 -0.25405243
20633.3  3.00000000  0.96632196  0.04534149  0.96738512 -0.25405243
20633.4  3.00000000  0.96632196  0.04534151  0.96738512 -0.25405243
20633.5  3.00000000  0.96632196  0.04534153  0.96738512 -0.25405243
20633.6  3.00000000  0.96632196  0.04534155  0.96738512 -0.25405243
20633.7  3.00000000  0.96632195  0.04534157  0.96738512 -0.25405243
20633.8  3.00000000  0.96632195  0.04534158  0.96738512 -0.25405243
20633.9  3.00000000  0.96632195  0.04534158  0.96738512 -0.25405243
20634.0  3.00000000  0.96632195  0.04534157  0.96738512 -0.25405243
20634.1  3.00000000  0.96632195  0.04534155  0.96738512 -0.25405243
20634.2  3.00000000  0.96632195  0.04534153  0.96738512 -0.25405243
20634.3  3.00000000  0.96632195  0.04534151  0.96738512 -0.25405243
20634.4  3.00000000  0.96632195  0.04534149  0.96738512 -0.25405243
20634.5  3.00000000  0.96632196  0.04534148  0.96738512 -0.25405243
20634.6  3.00000000  0.96632196  0.04534147  0.96738512 -0.25405243
20634.7  3.00000000  0.96632196  0.04534147  0.96738512 -0.25405243
20634.8  3.00000000  0.96632196  0.04534147  0.96738512 -0.25405243
20634.9  3.00000000  0.96632196  0.04534148  0.96738512 -0.25405243
20635.0  3.00000000  0.96632196  0.04534150  0.96738512 -0.25405243
20635.1  3.00000000  0.96632196  0.04534151  0.96738512 -0.25405243
20635.2  3.00000000  0.96632196  0.04534152  0.96738512 -0.25405243
20635.3  3.00000000  0.96632196  0.04534153  0.96738512 -0.25405243
20635.4  3.00000000  0.96632195  0.04534154  0.96738512 -0.25405243
20635.5  3.00000000  0.96632195  0.04534154  0.96738512 -0.25405243
20635.6  3.00000000  0.96632195  0.04534154  0.96738512 -0.25405243
20635.7  3.00000000  0.96632195  0.04534154  0.96738512 -0.25405243
20635.8  3.00000000  0.96632195  0.04534154  0.96738512 -0.25405243
20635.9  3.00000000  0.96632195  0.04534153  0.96738512 -0.25405243
20636.0  3.00000000  0.96632195  0.04534153  0.96738512 -0.25405243
20636.1  3.00000000  0.96632195  0.04534152  0.96738512 -0.25405243
20636.2  3.00000000  0.96632196  0.04534151  0.96738512 -0.25405243
20636.3  3.00000000  0.96632196  0.04534151  0.96738512 -0.25405243
20636.4  3.00000000  0.96632196  0.04534151  0.96738512 -0.25405243
20636.5  3.00000000  0.96632196  0.04534151  0.96738512 -0.25405243
20636.6  3.00000000  0.96632196  0.04534151  0.96738512 -0.25405243
20636.7  3.00000000  0.96632196  0.04534151  0.96738512 -0.25405243
20636.8  3.00000000  0.96632196  0.04534151  0.96738512 -0.25405243
20636.9  3.00000000  0.96632196  0.04534151  0.96738512 -0.25405243
20637.0  3.00000000  0.96632196  0.04534151  0.96738512 -0.25405243
20637.1  3.00000000  0.96632196  0.04534152  0.96738512 -0.25405243
20637.2  3.00000000  0.96632196  0.04534152  0.96738512 -0.25405243
20637.3  3.00000000  0.96632196  0.04534152  0.96738512 -0.25405243
20637.4  3.00000000  0.96632196  0.04534152  0.96738512 -0.25405243
20637.5  3.00000000  0.96632196  0.04534152  0.96738512 -0.25405243
20637.6  3.00000000  0.96632196  0.04534152  0.96738512 -0.25405243
20637.7  3.00000000  0.96632196  0.04534152  0.96738512 -0.25405243
20637.8  3.00000000  0.96632196  0.04534152  0.96738512 -0.25405243
20637.9  3.00000000  0.96632196  0.04534152  0.96738512 -0.25405243
20638.0  3.00000000  0.96632196  0.04534152  0.96738512 -0.25405243
20638.1  3.00000000  0.96632196  0.04534152  0.96738512 -0.25405243
20638.2  3.00000000  0.96632196  0.04534152  0.96738512 -0.25405243
20638.3  3.00000000  0.96632196  0.04534152  0.96738512 -0.25405243
20638.4  3.00000000  0.96632196  0.04534152  0.96738512 -0.25405243
20638.5  3.00000000  0.96632196  0.04534152  0.96738512 -0.25405243
20638.6  3.00000000  0.96632196  0.04534152  0.96738512 -0.25405243
20638.7  3.00000000  0.96632196  0.04534152  0.96738512 -0.25405243
20638.8  3.00000000  0.96632196  0.04534152  0.96738512 -0.25405243
20638.9  3.00000000  0.96632196  0.04534152  0.96738512 -0.25405243
20639.0  3.00000000  0.96632196  0.04534152  0.96738512 -0.25405243
20639.1  3.00000000  0.96632196  0.04534152  0.96738512 -0.25405243
20639.2  3.00000000  0.96632196  0.04534152  0.96738512 -0.25405243
20639.3  3.00000000  0.96632196  0.04534152  0.96738512 -0.25405243
20639.4  3.00000000  0.96632196  0.04534152  0.96738512 -0.25405243
20639.5  3.00000000  0.96632196  0.04534152  0.96738512 -0.25405243
20639.6  3.00000000  0.96632196  0.04534152  0.96738512 -0.25405243
20639.7  3.00000000  0.96632196  0.04534152  0.96738512 -0.25405243
20639.8  3.00000000  0.96632196  0.04534152  0.96738512 -0.25405243
20639.9  3.00000000  0.96632196  0.04534152  0.96738512 -0.25405243
20640.0  3.00000000  0.96632196  0.04534152  0.96738512 -0.25405243
20640.1  3.00000000  0.96632196  0.04534152  0.96738512 -0.25405243
20640.2  3.00000000  0.96632196  0.04534152  0.96738512 -0.25405243
20640.3  3.00000000  0.96632196  0.04534152  0.96738512 -0.25405243
20640.4  3.00000000  0.96632196  0.04534152  0.96738512 -0.25405243
20640.5  3.00000000  0.96632196  0.04534152  0.96738512 -0.25405243
20640.6  3.00000000  0.96632196  0.04534152  0.96738512 -0.25405243
20640.7  3.00000000  0.96632196  0.04534152  0.96738512 -0.25405243
20640.8  3.00000000  0.96632196  0.04534152  0.96738512 -0.25405243
20640.9  3.00000000  0.96632196  0.04534152  0.96738512 -0.25405243
20641.0  3.00000000  0.96632196  0.04534152  0.96738512 -0.25405243
20641.1  3.00000000  0.96632196  0.04534152  0.96738512 -0.25405243
20641.2  3.00000000  0.96632196  0.04534152  0.96738512 -0.25405243
20641.3  3.00000000  0.96632196  0.04534152  0.96738512 -0.25405243
20641.4  3.00000000  0.96632196  0.04534152  0.96738512 -0.25405243
20641.5  3.00000000  0.96632196  0.04534152  0.96738512 -0.25405243
20641.6  3.00000000  0.96632196  0.04534152  0.96738512 -0.25405243
20641.7  3.00000000  0.96632196  0.04534152  0.96738512 -0.25405243
20641.8  3.00000000  0.96632196  0.04534152  0.96738512 -0.25405243
20641.9  3.00000000  0.96632196  0.04534152  0.96738512 -0.25405243
20642.0  3.00000000  0.96632196  0.04534152  0.96738512 -0.25405243
20642.1  3.00000000  0.96632196  0.04534152  0.96738512 -0.25405243
20642.2  3.00000000  0.96632196  0.04534152  0.96738512 -0.25405243
20642.3  3.00000000  0.96632196  0.04534152  0.96738512 -0.25405243
20642.4  3.00000000  0.96632196  0.04534152  0.96738512 -0.25405243
20642.5  3.00000000  0.96632196  0.04534152  0.96738512 -0.25405243
20642.6  3.00000000  0.96632196  0.04534152  0.96738512 -0.25405243
20642.7  3.00000000  0.96632196  0.04534152  0.96738512 -0.25405243
20642.8  3.00000000  0.96632196  0.04534152  0.96738512 -0.25405243
20642.9  3.00000000  0.96632196  0.04534152  0.96738512 -0.25405243
20643.0  3.00000000  0.96632196  0.04534152  0.96738512 -0.25405243
20643.1  3.00000000  0.96632196  0.04534152  0.96738512 -0.25405243
20643.2  3.00000000  0.96632196  0.04534152  0.96738512 -0.25405243
20643.3  3.00000000  0.96632196  0.04534152  0.96738512 -0.25405243
20643.4  3.00000000  0.96632196  0.04534152  0.96738512 -0.25405243
20643.5  3.00000000  0.96632196  0.04534152  0.96738512 -0.25405243
20643.6  3.00000000  0.96632196  0.04534152  0.96738512 -0.25405243
20643.7  3.00000000  0.96632196  0.04534152  0.96738512 -0.25405243
20643.8  3.00000000  0.96632196  0.04534152  0.96738512 -0.25405243
20643.9  3.00000000  0.96632196  0.04534152  0.96738512 -0.25405243
20644.0  3.00000000  0.96632196  0.04534152  0.96738512 -0.25405243
20644.1  3.00000000  0.96632196  0.04534152  0.96738512 -0.25405243
20644.2  3.00000000  0.96632196  0.04534152  0.96738512 -0.25405243
20644.3  3.00000000  0.96632196  0.04534152  0.96738512 -0.25405243
20644.4  3.00000000  0.96632196  0.04534152  0.96738512 -0.25405243
20644.5  3.00000000  0.96632196  0.04534152  0.96738512 -0.25405243
20644.6  3.00000000  0.96632196  0.04534152  0.96738512 -0.25405243
20644.7  3.00000000  0.96632196  0.04534152  0.96738512 -0.25405243
20644.8  3.00000000  0.96632196  0.04534152  0.96738512 -0.25405243
20644.9  3.00000000  0.96632196  0.04534152  0.96738512 -0.25405243
20645.0  3.00000000  0.96632196  0.04534152  0.96738512 -0.25405243
20645.1  3.00000000  0.96632196  0.04534152  0.96738512 -0.25405243
20645.2  3.00000000  0.96632196  0.04534152  0.96738512 -0.25405243
20645.3  3.00000000  0.96632196  0.04534152  0.96738512 -0.25405243
20645.4  3.00000000  0.96632196  0.04534152  0.96738512 -0.25405243
20645.5  3.00000000  0.96632196  0.04534152  0.96738512 -0.25405243
20645.6  3.00000000  0.96632196  0.04534152  0.96738512 -0.25405243
20645.7  3.00000000  0.96632196  0.04534152  0.96738512 -0.25405243
20645.8  3.00000000  0.96632196  0.04534152  0.96738512 -0.25405243
20645.9  3.00000000  0.96632196  0.04534152  0.96738512 -0.25405243
20646.0  3.00000000  0.96632196  0.04534152  0.96738512 -0.25405243
20646.1  3.00000000  0.96632196  0.04534152  0.96738512 -0.25405243
20646.2  3.00000000  0.96632196  0.04534152  0.96738512 -0.25405243
20646.3  3.00000000  0.96632196  0.04534152  0.96738512 -0.25405243
20646.4  3.00000000  0.96632196  0.04534152  0.96738512 -0.25405243
20646.5  3.00000000  0.96632196  0.04534152  0.96738512 -0.25405243
20646.6  3.00000000  0.96632196  0.04534152  0.96738512 -0.25405243
20646.7  3.00000000  0.96632196  0.04534152  0.96738512 -0.25405243
20646.8  3.00000000  0.96632196  0.04534152  0.96738512 -0.25405243
20646.9  3.00000000  0.96632196  0.04534152  0.96738512 -0.25405243
20647.0  3.00000000  0.96632196  0.04534152  0.96738512 -0.25405243
20647.1  3.00000000  0.96632196  0.04534152  0.96738512 -0.25405243
20647.2  3.00000000  0.96632196  0.04534152  0.96738512 -0.25405243
20647.3  3.00000000  0.96632196  0.04534152  0.96738512 -0.25405243
20647.4  3.00000000  0.96632196  0.04534152  0.96738512 -0.25405243
20647.5  3.00000000  0.96632196  0.04534152  0.96738512 -0.25405243
20647.6  3.00000000  0.96632196  0.04534152  0.96738512 -0.25405243
20647.7  3.00000000  0.96632196  0.04534152  0.96738512 -0.25405243
20647.8  3.00000000  0.96632196  0.04534152  0.96738512 -0.25405243
20647.9  3.00000000  0.96632196  0.04534152  0.96738512 -0.25405243
20648.0  3.00000000  0.96632196  0.04534152  0.96738512 -0.25405243
20648.1  3.00000000  0.96632196  0.04534152  0.96738512 -0.25405243
20648.2  3.00000000  0.96632196  0.04534152  0.96738512 -0.25405243
20648.3  3.00000000  0.96632196  0.04534152  0.96738512 -0.25405243
20648.4  3.00000000  0.96632196  0.04534152  0.96738512 -0.25405243
20648.5  3.00000000  0.96632196  0.04534152  0.96738512 -0.25405243
20648.6  3.00000000  0.96632196  0.04534152  0.96738512 -0.25405243
20648.7  3.00000000  0.96632196  0.04534152  0.96738512 -0.25405243
20648.8  3.00000000  0.96632196  0.04534152  0.96738512 -0.25405243
20648.9  3.00000000  0.96632196  0.04534152  0.96738512 -0.25405243
20649.0  3.00000000  0.96632196  0.04534152  0.96738512 -0.25405243
20649.1  3.00000000  0.96632196  0.04534152  0.96738512 -0.25405243
20649.2  3.00000000  0.96632196  0.04534152  0.96738512 -0.25405243
20649.3  3.00000000  0.96632196  0.04534152  0.96738512 -0.25405243
20649.4  3.00000000  0.96632196  0.04534152  0.96738512 -0.25405243
20649.5  3.00000000  0.96632196  0.04534152  0.96738512 -0.25405243
20649.6  3.00000000  0.96632196  0.04534152  0.96738512 -0.25405243
20649.7  3.00000000  0.96632196  0.04534152  0.96738512 -0.25405243
20649.8  3.00000000  0.96632196  0.04534152  0.96738512 -0.25405243
20649.9  3.00000000  0.96632196  0.04534152  0.96738512 -0.25405243
20650.0  3.00000000  0.96632196  0.04534152  0.96738512 -0.25405243
20650.1  3.00000000  0.96632196  0.04534152  0.96738512 -0.25405243
20650.2  3.00000000  0.96632196  0.04534152  0.96738512 -0.25405243
20650.3  3.00000000  0.96632196  0.04534152  0.96738512 -0.25405243
20650.4  3.00000000  0.96632196  0.04534152  0.96738512 -0.25405243
20650.5  3.00000000  0.96632196  0.04534152  0.96738512 -0.25405243
20650.6  3.00000000  0.96632196  0.04534152  0.96738512 -0.25405243
20650.7  3.00000000  0.96632196  0.04534152  0.96738512 -0.25405243
20650.8  3.00000000  0.96632196  0.04534152  0.96738512 -0.25405243
20650.9  3.00000000  0.96632196  0.04534152  0.96738512 -0.25405243
20651.0  3.00000000  0.96632196  0.04534152  0.96738512 -0.25405243
20651.1  3.00000000  0.96632196  0.04534152  0.96738512 -0.25405243
20651.2  3.00000000  0.96632196  0.04534152  0.96738512 -0.25405243
20651.3  3.00000000  0.96632196  0.04534152  0.96738512 -0.25405243
20651.4  3.00000000  0.96632196  0.04534152  0.96738512 -0.25405243
20651.5  3.00000000  0.96632196  0.04534152  0.96738512 -0.25405243
20651.6  3.00000000  0.96632196  0.04534152  0.96738512 -0.25405243
20651.7  3.00000000  0.96632196  0.04534152  0.96738512 -0.25405243
20651.8  3.00000000  0.96632196  0.04534152  0.96738512 -0.25405243
20651.9  3.00000000  0.96632196  0.04534152  0.96738512 -0.25405243
20652.0  3.00000000  0.96632196  0.04534152  0.96738512 -0.25405243
20652.1  3.00000000  0.96632196  0.04534152  0.96738512 -0.25405243
20652.2  3.00000000  0.96632196  0.04534152  0.96738512 -0.25405243
20652.3  3.00000000  0.96632196  0.04534152  0.96738512 -0.25405243
20652.4  3.00000000  0.96632196  0.04534152  0.96738512 -0.25405243
20652.5  3.00000000  0.96632196  0.04534152  0.96738512 -0.25405243
20652.6  3.00000000  0.96632196  0.04534152  0.96738512 -0.25405243
20652.7  3.00000000  0.96632196  0.04534152  0.96738512 -0.25405243
20652.8  3.00000000  0.96632196  0.04534152  0.96738512 -0.25405243
20652.9  3.00000000  0.96632196  0.04534152  0.96738512 -0.25405243
20653.0  3.00000000  0.96632196  0.04534152  0.96738512 -0.25405243
20653.1  3.00000000  0.96632196  0.04534152  0.96738512 -0.25405243
20653.2  3.00000000  0.96632196  0.04534152  0.96738512 -0.25405243
20653.3  3.00000000  0.96632196  0.04534152  0.96738512 -0.25405243
20653.4  3.00000000  0.96632196  0.04534152  0.96738512 -0.25405243
20653.5  3.00000000  0.96632196  0.04534152  0.96738512 -0.25405243
20653.6  3.00000000  0.96632196  0.04534152  0.96738512 -0.25405243
20653.7  3.00000000  0.96632196  0.04534152  0.96738512 -0.25405243
20653.8  3.00000000  0.96632196  0.04534152  0.96738512 -0.25405243
20653.9  3.00000000  0.96632196  0.04534152  0.96738512 -0.25405243
20654.0  3.00000000  0.96632196  0.04534152  0.96738512 -0.25405243
20654.1  3.00000000  0.96632196  0.04534152  0.96738512 -0.25405243
20654.2  3.00000000  0.96632196  0.04534152  0.96738512 -0.25405243
20654.3  3.00000000  0.96632196  0.04534152  0.96738512 -0.25405243
20654.4  3.00000000  0.96632196  0.04534152  0.96738512 -0.25405243
20654.5  3.00000000  0.96632196  0.04534152  0.96738512 -0.25405243
20654.6  3.00000000  0.96632196  0.04534152  0.96738512 -0.25405243
20654.7  3.00000000  0.96632196  0.04534152  0.96738512 -0.25405243
20654.8  3.00000000  0.96632196  0.04534152  0.96738512 -0.25405243
20654.9  3.00000000  0.96632196  0.04534152  0.96738512 -0.25405243
20655.0  3.00000000  0.96632196  0.04534152  0.96738512 -0.25405243
20655.1  3.00000000  0.96632196  0.04534152  0.96738512 -0.25405243
20655.2  3.00000000  0.96632196  0.04534152  0.96738512 -0.25405243
20655.3  3.00000000  0.96632196  0.04534152  0.96738512 -0.25405243
20655.4  3.00000000  0.96632196  0.04534152  0.96738512 -0.25405243
20655.5  3.00000000  0.96632196  0.04534152  0.96738512 -0.25405243
20655.6  3.00000000  0.96632196  0.04534152  0.96738512 -0.25405243
20655.7  3.00000000  0.96632196  0.04534152  0.96738512 -0.25405243
20655.8  3.00000000  0.96632196  0.04534152  0.96738512 -0.25405243
20655.9  3.00000000  0.96632196  0.04534152  0.96738512 -0.25405243
20656.0  3.00000000  0.96632196  0.04534152  0.96738512 -0.25405243
20656.1  3.00000000  0.96632196  0.04534152  0.96738512 -0.25405243
20656.2  3.00000000  0.96632196  0.04534152  0.96738512 -0.25405243
20656.3  3.00000000  0.96632196  0.04534152  0.96738512 -0.25405243
20656.4  3.00000000  0.96632196  0.04534152  0.96738512 -0.25405243
20656.5  3.00000000  0.96632196  0.04534152  0.96738512 -0.25405243
20656.6  3.00000000  0.96632196  0.04534152  0.96738512 -0.25405243
20656.7  3.00000000  0.96632196  0.04534152  0.96738512 -0.25405243
20656.8  3.00000000  0.96632196  0.04534152  0.96738512 -0.25405243
20656.9  3.00000000  0.96632196  0.04534152  0.96738512 -0.25405243
20657.0  3.00000000  0.96632196  0.04534152  0.96738512 -0.25405243
20657.1  3.00000000  0.96632196  0.04534152  0.96738512 -0.25405243
20657.2  3.00000000  0.96632196  0.04534152  0.96738512 -0.25405243
20657.3  3.00000000  0.96632196  0.04534152  0.96738512 -0.25405243
20657.4  3.00000000  0.96632196  0.04534152  0.96738512 -0.25405243
20657.5  3.00000000  0.96632196  0.04534152  0.96738512 -0.25405243
20657.6  3.00000000  0.96632196  0.04534152  0.96738512 -0.25405243
20657.7  3.00000000  0.96632196  0.04534152  0.96738512 -0.25405243
20657.8  3.00000000  0.96632196  0.04534152  0.96738512 -0.25405243
20657.9  3.00000000  0.96632196  0.04534152  0.96738512 -0.25405243
20658.0  3.00000000  0.96632196  0.04534152  0.96738512 -0.25405243
20658.1  3.00000000  0.96632196  0.04534152  0.96738512 -0.25405243
20658.2  3.00000000  0.96632196  0.04534152  0.96738512 -0.25405243
20658.3  3.00000000  0.96632196  0.04534152  0.96738512 -0.25405243
20658.4  3.00000000  0.96632196  0.04534152  0.96738512 -0.25405243
20658.5  3.00000000  0.96632196  0.04534152  0.96738512 -0.25405243
20658.6  3.00000000  0.96632196  0.04534152  0.96738512 -0.25405243
20658.7  3.00000000  0.96632196  0.04534152  0.96738512 -0.25405243
20658.8  3.00000000  0.96632196  0.04534152  0.96738512 -0.25405243
20658.9  3.00000000  0.96632196  0.04534152  0.96738512 -0.25405243
20659.0  3.00000000  0.96632196  0.04534152  0.96738512 -0.25405243
20659.1  3.00000000  0.96632196  0.04534152  0.96738512 -0.25405243
20659.2  3.00000000  0.96632196  0.04534152  0.96738512 -0.25405243
20659.3  3.00000000  0.96632196  0.04534152  0.96738512 -0.25405243
20659.4  3.00000000  0.96632196  0.04534152  0.96738512 -0.25405243
20659.5  3.00000000  0.96632196  0.04534152  0.96738512 -0.25405243
20659.6  3.00000000  0.96632196  0.04534152  0.96738512 -0.25405243
20659.7  3.00000000  0.96632196  0.04534152  0.96738512 -0.25405243
20659.8  3.00000000  0.96632196  0.04534152  0.96738512 -0.25405243
20659.9  3.00000000  0.96632196  0.04534152  0.96738512 -0.25405243
20660.0  3.00000000  0.96632196  0.04534152  0.96738512 -0.25405243
20660.1  3.00000000  0.96632196  0.04534152  0.96738512 -0.25405243
20660.2  3.00000000  0.96632196  0.04534152  0.96738512 -0.25405243
20660.3  3.00000000  0.96632196  0.04534152  0.96738512 -0.25405243
20660.4  3.00000000  0.96632196  0.04534152  0.96738512 -0.25405243
20660.5  3.00000000  0.96632196  0.04534152  0.96738512 -0.25405243
20660.6  3.00000000  0.96632196  0.04534152  0.96738512 -0.25405243
20660.7  3.00000000  0.96632196  0.04534152  0.96738512 -0.25405243
20660.8  3.00000000  0.96632196  0.04534152  0.96738512 -0.25405243
20660.9  3.00000000  0.96632196  0.04534152  0.96738512 -0.25405243
20661.0  3.00000000  0.96632196  0.04534152  0.96738512 -0.25405243
20661.1  3.00000000  0.96632196  0.04534152  0.96738512 -0.25405243
20661.2  3.00000000  0.96632196  0.04534152  0.96738512 -0.25405243
20661.3  3.00000000  0.96632196  0.04534152  0.96738512 -0.25405243
20661.4  3.00000000  0.96632196  0.04534152  0.96738512 -0.25405243
20661.5  3.00000000  0.96632196  0.04534152  0.96738512 -0.25405243
20661.6  3.00000000  0.96632196  0.04534152  0.96738512 -0.25405243
20661.7  3.00000000  0.96632196  0.04534152  0.96738512 -0.25405243
20661.8  3.00000000  0.96632196  0.04534152  0.96738512 -0.25405243
20661.9  3.00000000  0.96632196  0.04534152  0.96738512 -0.25405243
20662.0  3.00000000  0.96632196  0.04534152  0.96738512 -0.25405243
20662.1  3.00000000  0.96632196  0.04534152  0.96738512 -0.25405243
20662.2  3.00000000  0.96632196  0.04534152  0.96738512 -0.25405243
20662.3  3.00000000  0.96632196  0.04534152  0.96738512 -0.25405243
20662.4  3.00000000  0.96632196  0.04534152  0.96738512 -0.25405243
20662.5  3.00000000  0.96632196  0.04534152  0.96738512 -0.25405243
20662.6  3.00000000  0.96632196  0.04534152  0.96738512 -0.25405243
20662.7  3.00000000  0.96632196  0.04534152  0.96738512 -0.25405243
20662.8  3.00000000  0.96632196  0.04534152  0.96738512 -0.25405243
20662.9  3.00000000  0.96632196  0.04534152  0.96738512 -0.25405243
20663.0  3.00000000  0.96632196  0.04534152  0.96738512 -0.25405243
20663.1  3.00000000  0.96632196  0.04534152  0.96738512 -0.25405243
20663.2  3.00000000  0.96632196  0.04534152  0.96738512 -0.25405243
20663.3  3.00000000  0.96632196  0.04534152  0.96738512 -0.25405243
20663.4  3.00000000  0.96632196  0.04534152  0.96738512 -0.25405243
20663.5  3.00000000  0.96632196  0.04534152  0.96738512 -0.25405243
20663.6  3.00000000  0.96632196  0.04534152  0.96738512 -0.25405243
20663.7  3.00000000  0.96632196  0.04534152  0.96738512 -0.25405243
20663.8  3.00000000  0.96632196  0.04534152  0.96738512 -0.25405243
20663.9  3.00000000  0.96632196  0.04534152  0.96738512 -0.25405243
20664.0  3.00000000  0.96632196  0.04534152  0.96738512 -0.25405243
20664.1  3.00000000  0.96632196  0.04534152  0.96738512 -0.25405243
20664.2  3.00000000  0.96632196  0.04534152  0.96738512 -0.25405243
20664.3  3.00000000  0.96632196  0.04534152  0.96738512 -0.25405243
20664.4  3.00000000  0.96632196  0.04534152  0.96738512 -0.25405243
20664.5  3.00000000  0.96632196  0.04534152  0.96738512 -0.25405243
20664.6  3.00000000  0.96632196  0.04534152  0.96738512 -0.25405243
20664.7  3.00000000  0.96632196  0.04534152  0.96738512 -0.25405243
20664.8  3.00000000  0.96632196  0.04534152  0.96738512 -0.25405243
20664.9  3.00000000  0.96632196  0.04534152  0.96738512 -0.25405243
20665.0  3.00000000  0.96632196  0.04534152  0.96738512 -0.25405243
20665.1  3.00000000  0.96632196  0.04534152  0.96738512 -0.25405243
20665.2  3.00000000  0.96632196  0.04534152  0.96738512 -0.25405243
20665.3  3.00000000  0.96632196  0.04534152  0.96738512 -0.25405243
20665.4  3.00000000  0.96632196  0.04534152  0.96738512 -0.25405243
20665.5  3.00000000  0.96632196  0.04534152  0.96738512 -0.25405243
20665.6  3.00000000  0.96632196  0.04534152  0.96738512 -0.25405243
20665.7  3.00000000  0.96632196  0.04534152  0.96738512 -0.25405243
20665.8  3.00000000  0.96632196  0.04534152  0.96738512 -0.25405243
20665.9  3.00000000  0.96632196  0.04534152  0.96738512 -0.25405243
20666.0  3.00000000  0.96632196  0.04534152  0.96738512 -0.25405243
20666.1  3.00000000  0.96632196  0.04534152  0.96738512 -0.25405243
20666.2  3.00000000  0.96632196  0.04534152  0.96738512 -0.25405243
20666.3  3.00000000  0.96632196  0.04534152  0.96738512 -0.25405243
20666.4  3.00000000  0.96632196  0.04534152  0.96738512 -0.25405243
20666.5  3.00000000  0.96632196  0.04534152  0.96738512 -0.25405243
20666.6  3.00000000  0.96632196  0.04534152  0.96738512 -0.25405243
20666.7  3.00000000  0.96632196  0.04534152  0.96738512 -0.25405243
20666.8  3.00000000  0.96632196  0.04534152  0.96738512 -0.25405243
20666.9  3.00000000  0.96632196  0.04534152  0.96738512 -0.25405243
20667.0  3.00000000  0.96632196  0.04534152  0.96738512 -0.25405243
20667.1  3.00000000  0.96632196  0.04534152  0.96738512 -0.25405243
20667.2  3.00000000  0.96632196  0.04534152  0.96738512 -0.25405243
20667.3  3.00000000  0.96632196  0.04534152  0.96738512 -0.25405243
20667.4  3.00000000  0.96632196  0.04534152  0.96738512 -0.25405243
20667.5  3.00000000  0.96632196  0.04534152  0.96738512 -0.25405243
20667.6  3.00000000  0.96632196  0.04534152  0.96738512 -0.25405243
20667.7  3.00000000  0.96632196  0.04534152  0.96738512 -0.25405243
20667.8  3.00000000  0.96632196  0.04534152  0.96738512 -0.25405243
20667.9  3.00000000  0.96632196  0.04534152  0.96738512 -0.25405243
20668.0  3.00000000  0.96632196  0.04534152  0.96738512 -0.25405243
20668.1  3.00000000  0.96632196  0.04534152  0.96738512 -0.25405243
20668.2  3.00000000  0.96632196  0.04534152  0.96738512 -0.25405243
20668.3  3.00000000  0.96632196  0.04534152  0.96738512 -0.25405243
20668.4  3.00000000  0.96632196  0.04534152  0.96738512 -0.25405243
20668.5  3.00000000  0.96632196  0.04534152  0.96738512 -0.25405243
20668.6  3.00000000  0.96632196  0.04534152  0.96738512 -0.25405243
20668.7  3.00000000  0.96632196  0.04534152  0.96738512 -0.25405243
20668.8  3.00000000  0.96632196  0.04534152  0.96738512 -0.25405243
20668.9  3.00000000  0.96632196  0.04534152  0.96738512 -0.25405243
20669.0  3.00000000  0.96632196  0.04534152  0.96738512 -0.25405243
20669.1  3.00000000  0.96632196  0.04534152  0.96738512 -0.25405243
20669.2  3.00000000  0.96632196  0.04534152  0.96738512 -0.25405243
20669.3  3.00000000  0.96632196  0.04534152  0.96738512 -0.25405243
20669.4  3.00000000  0.96632196  0.04534152  0.96738512 -0.25405243
20669.5  3.00000000  0.96632196  0.04534152  0.96738512 -0.25405243
20669.6  3.00000000  0.96632196  0.04534152  0.96738512 -0.25405243
20669.7  3.00000000  0.96632196  0.04534152  0.96738512 -0.25405243
20669.8  3.00000000  0.96632196  0.04534152  0.96738512 -0.25405243
20669.9  3.00000000  0.96632196  0.04534152  0.96738512 -0.25405243
20670.0  3.00000000  0.96632196  0.04534152  0.96738512 -0.25405243
20670.1  3.00000000  0.96632196  0.04534152  0.96738512 -0.25405243
20670.2  3.00000000  0.96632196  0.04534152  0.96738512 -0.25405243
20670.3  3.00000000  0.96632196  0.04534152  0.96738512 -0.25405243
20670.4  3.00000000  0.96632196  0.04534152  0.96738512 -0.25405243
20670.5  3.00000000  0.96632196  0.04534152  0.96738512 -0.25405243
20670.6  3.00000000  0.96632196  0.04534152  0.96738512 -0.25405243
20670.7  3.00000000  0.96632196  0.04534152  0.96738512 -0.25405243
20670.8  3.00000000  0.96632196  0.04534152  0.96738512 -0.25405243
20670.9  3.00000000  0.96632196  0.04534152  0.96738512 -0.25405243
20671.0  3.00000000  0.96632196  0.04534152  0.96738512 -0.25405243
20671.1  3.00000000  0.96632196  0.04534152  0.96738512 -0.25405243
20671.2  3.00000000  0.96632196  0.04534152  0.96738512 -0.25405243
20671.3  3.00000000  0.96632196  0.04534152  0.96738512 -0.25405243
20671.4  3.00000000  0.96632196  0.04534152  0.96738512 -0.25405243
20671.5  3.00000000  0.96632196  0.04534152  0.96738512 -0.25405243
20671.6  3.00000000  0.96632196  0.04534152  0.96738512 -0.25405243
20671.7  3.00000000  0.96632196  0.04534152  0.96738512 -0.25405243
20671.8  3.00000000  0.96632196  0.04534152  0.96738512 -0.25405243
20671.9  3.00000000  0.96632196  0.04534152  0.96738512 -0.25405243
20672.0  3.00000000  0.96632196  0.04534152  0.96738512 -0.25405243
20672.1  3.00000000  0.96632196  0.04534152  0.96738512 -0.25405243
20672.2  3.00000000  0.96632196  0.04534152  0.96738512 -0.25405243
20672.3  3.00000000  0.96632196  0.04534152  0.96738512 -0.25405243
20672.4  3.00000000  0.96632196  0.04534152  0.96738512 -0.25405243
20672.5  3.00000000  0.96632196  0.04534152  0.96738512 -0.25405243
20672.6  3.00000000  0.96632196  0.04534152  0.96738512 -0.25405243
20672.7  3.00000000  0.96632196  0.04534152  0.96738512 -0.25405243
20672.8  3.00000000  0.96632196  0.04534152  0.96738512 -0.25405243
20672.9  3.00000000  0.96632196  0.04534152  0.96738512 -0.25405243
20673.0  3.00000000  0.96632196  0.04534152  0.96738512 -0.25405243
20673.1  3.00000000  0.96632196  0.04534152  0.96738512 -0.25405243
20673.2  3.00000000  0.96632196  0.04534152  0.96738512 -0.25405243
20673.3  3.00000000  0.96632196  0.04534152  0.96738512 -0.25405243
20673.4  3.00000000  0.96632196  0.04534152  0.96738512 -0.25405243
20673.5  3.00000000  0.96632196  0.04534152  0.96738512 -0.25405243
20673.6  3.00000000  0.96632196  0.04534152  0.96738512 -0.25405243
20673.7  3.00000000  0.96632196  0.04534152  0.96738512 -0.25405243
20673.8  3.00000000  0.96632196  0.04534152  0.96738512 -0.25405243
20673.9  3.00000000  0.96632196  0.04534152  0.96738512 -0.25405243
20674.0  3.00000000  0.96632196  0.04534152  0.96738512 -0.25405243
20674.1  3.00000000  0.96632196  0.04534152  0.96738512 -0.25405243
20674.2  3.00000000  0.96632196  0.04534152  0.96738512 -0.25405243
20674.3  3.00000000  0.96632196  0.04534152  0.96738512 -0.25405243
20674.4  3.00000000  0.96632196  0.04534152  0.96738512 -0.25405243
20674.5  3.00000000  0.96632196  0.04534152  0.96738512 -0.25405243
20674.6  3.00000000  0.96632196  0.04534152  0.96738512 -0.25405243
20674.7  3.00000000  0.96632196  0.04534152  0.96738512 -0.25405243
20674.8  3.00000000  0.96632196  0.04534152  0.96738512 -0.25405243
20674.9  3.00000000  0.96632196  0.04534152  0.96738512 -0.25405243
20675.0  3.00000000  0.96632196  0.04534152  0.96738512 -0.25405243
20675.1  3.00000000  0.96632196  0.04534152  0.96738512 -0.25405243
20675.2  3.00000000  0.96632196  0.04534152  0.96738512 -0.25405243
20675.3  3.00000000  0.96632196  0.04534152  0.96738512 -0.25405243
20675.4  3.00000000  0.96632196  0.04534152  0.96738512 -0.25405243
20675.5  3.00000000  0.96632196  0.04534152  0.96738512 -0.25405243
20675.6  3.00000000  0.96632196  0.04534152  0.96738512 -0.25405243
20675.7  3.00000000  0.96632196  0.04534152  0.96738512 -0.25405243
20675.8  3.00000000  0.96632196  0.04534152  0.96738512 -0.25405243
20675.9  3.00000000  0.96632196  0.04534152  0.96738512 -0.25405243
20676.0  3.00000000  0.96632196  0.04534152  0.96738512 -0.25405243
20676.1  3.00000000  0.96632196  0.04534152  0.96738512 -0.25405243
20676.2  3.00000000  0.96632196  0.04534152  0.96738512 -0.25405243
20676.3  3.00000000  0.96632196  0.04534152  0.96738512 -0.25405243
20676.4  3.00000000  0.96632196  0.04534152  0.96738512 -0.25405243
20676.5  3.00000000  0.96632196  0.04534152  0.96738512 -0.25405243
20676.6  3.00000000  0.96632196  0.04534152  0.96738512 -0.25405243
20676.7  3.00000000  0.96632196  0.04534152  0.96738512 -0.25405243
20676.8  3.00000000  0.96632196  0.04534152  0.96738512 -0.25405243
20676.9  3.00000000  0.96632196  0.04534152  0.96738512 -0.25405243
20677.0  3.00000000  0.96632196  0.04534152  0.96738512 -0.25405243
20677.1  3.00000000  0.96632196  0.04534152  0.96738512 -0.25405243
20677.2  3.00000000  0.96632196  0.04534152  0.96738512 -0.25405243
20677.3  3.00000000  0.96632196  0.04534152  0.96738512 -0.25405243
20677.4  3.00000000  0.96632196  0.04534152  0.96738512 -0.25405243
20677.5  3.00000000  0.96632196  0.04534152  0.96738512 -0.25405243
20677.6  3.00000000  0.96632196  0.04534152  0.96738512 -0.25405243
20677.7  3.00000000  0.96632196  0.04534152  0.96738512 -0.25405243
20677.8  3.00000000  0.96632196  0.04534152  0.96738512 -0.25405243
20677.9  3.00000000  0.96632196  0.04534152  0.96738512 -0.25405243
20678.0  3.00000000  0.96632196  0.04534152  0.96738512 -0.25405243
20678.1  3.00000000  0.96632196  0.04534152  0.96738512 -0.25405243
20678.2  3.00000000  0.96632196  0.04534152  0.96738512 -0.25405243
20678.3  3.00000000  0.96632196  0.04534152  0.96738512 -0.25405243
20678.4  3.00000000  0.96632196  0.04534152  0.96738512 -0.25405243
20678.5  3.00000000  0.96632196  0.04534152  0.96738512 -0.25405243
20678.6  3.00000000  0.96632196  0.04534152  0.96738512 -0.25405243
20678.7  3.00000000  0.96632196  0.04534152  0.96738512 -0.25405243
20678.8  3.00000000  0.96632196  0.04534152  0.96738512 -0.25405243
20678.9  3.00000000  0.96632196  0.04534152  0.96738512 -0.25405243
20679.0  3.00000000  0.96632196  0.04534152  0.96738512 -0.25405243
20679.1  3.00000000  0.96632196  0.04534152  0.96738512 -0.25405243
20679.2  3.00000000  0.96632196  0.04534152  0.96738512 -0.25405243
20679.3  3.00000000  0.96632196  0.04534152  0.96738512 -0.25405243
20679.4  3.00000000  0.96632196  0.04534152  0.96738512 -0.25405243
20679.5  3.00000000  0.96632196  0.04534152  0.96738512 -0.25405243
20679.6  3.00000000  0.96632196  0.04534152  0.96738512 -0.25405243
20679.7  3.00000000  0.96632196  0.04534152  0.96738512 -0.25405243
20679.8  3.00000000  0.96632196  0.04534152  0.96738512 -0.25405243
20679.9  3.00000000  0.96632196  0.04534152  0.96738512 -0.25405243
20680.0  3.00000000  0.96632196  0.04534152  0.96738512 -0.25405243
20680.1  3.00000000  0.96632196  0.04534152  0.96738512 -0.25405243
20680.2  3.00000000  0.96632196  0.04534152  0.96738512 -0.25405243
20680.3  3.00000000  0.96632196  0.04534152  0.96738512 -0.25405243
20680.4  3.00000000  0.96632196  0.04534152  0.96738512 -0.25405243
20680.5  3.00000000  0.96632196  0.04534152  0.96738512 -0.25405243
20680.6  3.00000000  0.96632196  0.04534152  0.96738512 -0.25405243
20680.7  3.00000000  0.96632196  0.04534152  0.96738512 -0.25405243
20680.8  3.00000000  0.96632196  0.04534152  0.96738512 -0.25405243
20680.9  3.00000000  0.96632196  0.04534152  0.96738512 -0.25405243
20681.0  3.00000000  0.96632196  0.04534152  0.96738512 -0.25405243
20681.1  3.00000000  0.96632196  0.04534152  0.96738512 -0.25405243
20681.2  3.00000000  0.96632196  0.04534152  0.96738512 -0.25405243
20681.3  3.00000000  0.96632196  0.04534152  0.96738512 -0.25405243
20681.4  3.00000000  0.96632196  0.04534152  0.96738512 -0.25405243
20681.5  3.00000000  0.96632196  0.04534152  0.96738512 -0.25405243
20681.6  3.00000000  0.96632196  0.04534152  0.96738512 -0.25405243
20681.7  3.00000000  0.96632196  0.04534152  0.96738512 -0.25405243
20681.8  3.00000000  0.96632196  0.04534152  0.96738512 -0.25405243
20681.9  3.00000000  0.96632196  0.04534152  0.96738512 -0.25405243
20682.0  3.00000000  0.96632196  0.04534152  0.96738512 -0.25405243
20682.1  3.00000000  0.96632196  0.04534152  0.96738512 -0.25405243
20682.2  3.00000000  0.96632196  0.04534152  0.96738512 -0.25405243
20682.3  3.00000000  0.96632196  0.04534152  0.96738512 -0.25405243
20682.4  3.00000000  0.96632196  0.04534152  0.96738512 -0.25405243
20682.5  3.00000000  0.96632196  0.04534152  0.96738512 -0.25405243
20682.6  3.00000000  0.96632196  0.04534152  0.96738512 -0.25405243
20682.7  3.00000000  0.96632196  0.04534152  0.96738512 -0.25405243
20682.8  3.00000000  0.96632196  0.04534152  0.96738512 -0.25405243
20682.9  3.00000000  0.96632196  0.04534152  0.96738512 -0.25405243
20683.0  3.00000000  0.96632196  0.04534152  0.96738512 -0.25405243
20683.1  3.00000000  0.96632196  0.04534152  0.96738512 -0.25405243
20683.2  3.00000000  0.96632196  0.04534152  0.96738512 -0.25405243
20683.3  3.00000000  0.96632196  0.04534152  0.96738512 -0.25405243
20683.4  3.00000000  0.96632196  0.04534152  0.96738512 -0.25405243
20683.5  3.00000000  0.96632196  0.04534152  0.96738512 -0.25405243
20683.6  3.00000000  0.96632196  0.04534152  0.96738512 -0.25405243
20683.7  3.00000000  0.96632196  0.04534152  0.96738512 -0.25405243
20683.8  3.00000000  0.96632196  0.04534152  0.96738512 -0.25405243
20683.9  3.00000000  0.96632196  0.04534152  0.96738512 -0.25405243
20684.0  3.00000000  0.96632196  0.04534152  0.96738512 -0.25405243
20684.1  3.00000000  0.96632196  0.04534152  0.96738512 -0.25405243
20684.2  3.00000000  0.96632196  0.04534152  0.96738512 -0.25405243
20684.3  3.00000000  0.96632196  0.04534152  0.96738512 -0.25405243
20684.4  3.00000000  0.96632196  0.04534152  0.96738512 -0.25405243
20684.5  3.00000000  0.96632196  0.04534152  0.96738512 -0.25405243
20684.6  3.00000000  0.96632196  0.04534152  0.96738512 -0.25405243
20684.7  3.00000000  0.96632196  0.04534152  0.96738512 -0.25405243
20684.8  3.00000000  0.96632196  0.04534152  0.96738512 -0.25405243
20684.9  3.00000000  0.96632196  0.04534152  0.96738512 -0.25405243
20685.0  3.00000000  0.96632196  0.04534152  0.96738512 -0.25405243
20685.1  3.00000000  0.96632196  0.04534152  0.96738512 -0.25405243
20685.2  3.00000000  0.96632196  0.04534152  0.96738512 -0.25405243
20685.3  3.00000000  0.96632196  0.04534152  0.96738512 -0.25405243
20685.4  3.00000000  0.96632196  0.04534152  0.96738512 -0.25405243
20685.5  3.00000000  0.96632196  0.04534152  0.96738512 -0.25405243
20685.6  3.00000000  0.96632196  0.04534152  0.96738512 -0.25405243
20685.7  3.00000000  0.96632196  0.04534152  0.96738512 -0.25405243
20685.8  3.00000000  0.96632196  0.04534152  0.96738512 -0.25405243
20685.9  3.00000000  0.96632196  0.04534152  0.96738512 -0.25405243
20686.0  3.00000000  0.96632196  0.04534152  0.96738512 -0.25405243
20686.1  3.00000000  0.96632196  0.04534152  0.96738512 -0.25405243
20686.2  3.00000000  0.96632196  0.04534152  0.96738512 -0.25405243
20686.3  3.00000000  0.96632196  0.04534152  0.96738512 -0.25405243
20686.4  3.00000000  0.96632196  0.04534152  0.96738512 -0.25405243
20686.5  3.00000000  0.96632196  0.04534152  0.96738512 -0.25405243
20686.6  3.00000000  0.96632196  0.04534152  0.96738512 -0.25405243
20686.7  3.00000000  0.96632196  0.04534152  0.96738512 -0.25405243
20686.8  3.00000000  0.96632196  0.04534152  0.96738512 -0.25405243
20686.9  3.00000000  0.96632196  0.04534152  0.96738512 -0.25405243
20687.0  3.00000000  0.96632196  0.04534152  0.96738512 -0.25405243
20687.1  3.00000000  0.96632196  0.04534152  0.96738512 -0.25405243
20687.2  3.00000000  0.96632196  0.04534152  0.96738512 -0.25405243
20687.3  3.00000000  0.96632196  0.04534152  0.96738512 -0.25405243
20687.4  3.00000000  0.96632196  0.04534152  0.96738512 -0.25405243
20687.5  3.00000000  0.96632196  0.04534152  0.96738512 -0.25405243
20687.6  3.00000000  0.96632196  0.04534152  0.96738512 -0.25405243
20687.7  3.00000000  0.96632196  0.04534152  0.96738512 -0.25405243
20687.8  3.00000000  0.96632196  0.04534152  0.96738512 -0.25405243
20687.9  3.00000000  0.96632196  0.04534152  0.96738512 -0.25405243
20688.0  3.00000000  0.96632196  0.04534152  0.96738512 -0.25405243
20688.1  3.00000000  0.96632196  0.04534152  0.96738512 -0.25405243
20688.2  3.00000000  0.96632196  0.04534152  0.96738512 -0.25405243
20688.3  3.00000000  0.96632196  0.04534152  0.96738512 -0.25405243
20688.4  3.00000000  0.96632196  0.04534152  0.96738512 -0.25405243
20688.5  3.00000000  0.96632196  0.04534152  0.96738512 -0.25405243
20688.6  3.00000000  0.96632196  0.04534152  0.96738512 -0.25405243
20688.7  3.00000000  0.96632196  0.04534152  0.96738512 -0.25405243
20688.8  3.00000000  0.96632196  0.04534152  0.96738512 -0.25405243
20688.9  3.00000000  0.96632196  0.04534152  0.96738512 -0.25405243
20689.0  3.00000000  0.96632196  0.04534152  0.96738512 -0.25405243
20689.1  3.00000000  0.96632196  0.04534152  0.96738512 -0.25405243
20689.2  3.00000000  0.96632196  0.04534152  0.96738512 -0.25405243
20689.3  3.00000000  0.96632196  0.04534152  0.96738512 -0.25405243
20689.4  3.00000000  0.96632196  0.04534152  0.96738512 -0.25405243
20689.5  3.00000000  0.96632196  0.04534152  0.96738512 -0.25405243
20689.6  3.00000000  0.96632196  0.04534152  0.96738512 -0.25405243
20689.7  3.00000000  0.96632196  0.04534152  0.96738512 -0.25405243
20689.8  3.00000000  0.96632196  0.04534152  0.96738512 -0.25405243
20689.9  3.00000000  0.96632196  0.04534152  0.96738512 -0.25405243
20690.0  3.00000000  0.96632196  0.04534152  0.96738512 -0.25405243
20690.1  3.00000000  0.96632196  0.04534152  0.96738512 -0.25405243
20690.2  3.00000000  0.96632196  0.04534152  0.96738512 -0.25405243
20690.3  3.00000000  0.96632196  0.04534152  0.96738512 -0.25405243
20690.4  3.00000000  0.96632196  0.04534152  0.96738512 -0.25405243
20690.5  3.00000000  0.96632196  0.04534152  0.96738512 -0.25405243
20690.6  3.00000000  0.96632196  0.04534152  0.96738512 -0.25405243
20690.7  3.00000000  0.96632196  0.04534152  0.96738512 -0.25405243
20690.8  3.00000000  0.96632196  0.04534152  0.96738512 -0.25405243
20690.9  3.00000000  0.96632196  0.04534152  0.96738512 -0.25405243
20691.0  3.00000000  0.96632196  0.04534152  0.96738512 -0.25405243
20691.1  3.00000000  0.96632196  0.04534152  0.96738512 -0.25405243
20691.2  3.00000000  0.96632196  0.04534152  0.96738512 -0.25405243
20691.3  3.00000000  0.96632196  0.04534152  0.96738512 -0.25405243
20691.4  3.00000000  0.96632196  0.04534152  0.96738512 -0.25405243
20691.5  3.00000000  0.96632196  0.04534152  0.96738512 -0.25405243
20691.6  3.00000000  0.96632196  0.04534152  0.96738512 -0.25405243
20691.7  3.00000000  0.96632196  0.04534152  0.96738512 -0.25405243
20691.8  3.00000000  0.96632196  0.04534152  0.96738512 -0.25405243
20691.9  3.00000000  0.96632196  0.04534152  0.96738512 -0.25405243
20692.0  3.00000000  0.96632196  0.04534152  0.96738512 -0.25405243
20692.1  3.00000000  0.96632196  0.04534152  0.96738512 -0.25405243
20692.2  3.00000000  0.96632196  0.04534152  0.96738512 -0.25405243
20692.3  3.00000000  0.96632196  0.04534152  0.96738512 -0.25405243
20692.4  3.00000000  0.96632196  0.04534152  0.96738512 -0.25405243
20692.5  3.00000000  0.96632196  0.04534152  0.96738512 -0.25405243
20692.6  3.00000000  0.96632196  0.04534152  0.96738512 -0.25405243
20692.7  3.00000000  0.96632196  0.04534152  0.96738512 -0.25405243
20692.8  3.00000000  0.96632196  0.04534152  0.96738512 -0.25405243
20692.9  3.00000000  0.96632196  0.04534152  0.96738512 -0.25405243
20693.0  3.00000000  0.96632196  0.04534152  0.96738512 -0.25405243
20693.1  3.00000000  0.96632196  0.04534152  0.96738512 -0.25405243
20693.2  3.00000000  0.96632196  0.04534152  0.96738512 -0.25405243
20693.3  3.00000000  0.96632196  0.04534152  0.96738512 -0.25405243
20693.4  3.00000000  0.96632196  0.04534152  0.96738512 -0.25405243
20693.5  3.00000000  0.96632196  0.04534152  0.96738512 -0.25405243
20693.6  3.00000000  0.96632196  0.04534152  0.96738512 -0.25405243
20693.7  3.00000000  0.96632196  0.04534152  0.96738512 -0.25405243
20693.8  3.00000000  0.96632196  0.04534152  0.96738512 -0.25405243
20693.9  3.00000000  0.96632196  0.04534152  0.96738512 -0.25405243
20694.0  3.00000000  0.96632196  0.04534152  0.96738512 -0.25405243
20694.1  3.00000000  0.96632196  0.04534152  0.96738512 -0.25405243
20694.2  3.00000000  0.96632196  0.04534152  0.96738512 -0.25405243
20694.3  3.00000000  0.96632196  0.04534152  0.96738512 -0.25405243
20694.4  3.00000000  0.96632196  0.04534152  0.96738512 -0.25405243
20694.5  3.00000000  0.96632196  0.04534152  0.96738512 -0.25405243
20694.6  3.00000000  0.96632196  0.04534152  0.96738512 -0.25405243
20694.7  3.00000000  0.96632196  0.04534152  0.96738512 -0.25405243
20694.8  3.00000000  0.96632196  0.04534152  0.96738512 -0.25405243
20694.9  3.00000000  0.96632196  0.04534152  0.96738512 -0.25405243
20695.0  3.00000000  0.96632196  0.04534152  0.96738512 -0.25405243
20695.1  3.00000000  0.96632196  0.04534152  0.96738512 -0.25405243
20695.2  3.00000000  0.96632196  0.04534152  0.96738512 -0.25405243
20695.3  3.00000000  0.96632196  0.04534152  0.96738512 -0.25405243
20695.4  3.00000000  0.96632196  0.04534152  0.96738512 -0.25405243
20695.5  3.00000000  0.96632196  0.04534152  0.96738512 -0.25405243
20695.6  3.00000000  0.96632196  0.04534152  0.96738512 -0.25405243
20695.7  3.00000000  0.96632196  0.04534152  0.96738512 -0.25405243
20695.8  3.00000000  0.96632196  0.04534152  0.96738512 -0.25405243
20695.9  3.00000000  0.96632196  0.04534152  0.96738512 -0.25405243
20696.0  3.00000000  0.96632196  0.04534152  0.96738512 -0.25405243
20696.1  3.00000000  0.96632196  0.04534152  0.96738512 -0.25405243
20696.2  3.00000000  0.96632196  0.04534152  0.96738512 -0.25405243
20696.3  3.00000000  0.96632196  0.04534152  0.96738512 -0.25405243
20696.4  3.00000000  0.96632196  0.04534152  0.96738512 -0.25405243
20696.5  3.00000000  0.96632196  0.04534152  0.96738512 -0.25405243
20696.6  3.00000000  0.96632196  0.04534152  0.96738512 -0.25405243
20696.7  3.00000000  0.96632196  0.04534152  0.96738512 -0.25405243
20696.8  3.00000000  0.96632196  0.04534152  0.96738512 -0.25405243
20696.9  3.00000000  0.96632196  0.04534152  0.96738512 -0.25405243
20697.0  3.00000000  0.96632196  0.04534152  0.96738512 -0.25405243
20697.1  3.00000000  0.96632196  0.04534152  0.96738512 -0.25405243
20697.2  3.00000000  0.96632196  0.04534152  0.96738512 -0.25405243
20697.3  3.00000000  0.96632196  0.04534152  0.96738512 -0.25405243
20697.4  3.00000000  0.96632196  0.04534152  0.96738512 -0.25405243
20697.5  3.00000000  0.96632196  0.04534152  0.96738512 -0.25405243
20697.6  3.00000000  0.96632196  0.04534152  0.96738512 -0.25405243
20697.7  3.00000000  0.96632196  0.04534152  0.96738512 -0.25405243
20697.8  3.00000000  0.96632196  0.04534152  0.96738512 -0.25405243
20697.9  3.00000000  0.96632196  0.04534152  0.96738512 -0.25405243
20698.0  3.00000000  0.96632196  0.04534152  0.96738512 -0.25405243
20698.1  3.00000000  0.96632196  0.04534152  0.96738512 -0.25405243
20698.2  3.00000000  0.96632196  0.04534152  0.96738512 -0.25405243
20698.3  3.00000000  0.96632196  0.04534152  0.96738512 -0.25405243
20698.4  3.00000000  0.96632196  0.04534152  0.96738512 -0.25405243
20698.5  3.00000000  0.96632196  0.04534152  0.96738512 -0.25405243
20698.6  3.00000000  0.96632196  0.04534152  0.96738512 -0.25405243
20698.7  3.00000000  0.96632196  0.04534152  0.96738512 -0.25405243
20698.8  3.00000000  0.96632196  0.04534152  0.96738512 -0.25405243
20698.9  3.00000000  0.96632196  0.04534152  0.96738512 -0.25405243
20699.0  3.00000000  0.96632196  0.04534152  0.96738512 -0.25405243
20699.1  3.00000000  0.96632196  0.04534152  0.96738512 -0.25405243
20699.2  3.00000000  0.96632196  0.04534152  0.96738512 -0.25405243
20699.3  3.00000000  0.96632196  0.04534152  0.96738512 -0.25405243
20699.4  3.00000000  0.96632196  0.04534152  0.96738512 -0.25405243
20699.5  3.00000000  0.96632196  0.04534152  0.96738512 -0.25405243
20699.6  3.00000000  0.96632196  0.04534152  0.96738512 -0.25405243
20699.7  3.00000000  0.96632196  0.04534152  0.96738512 -0.25405243
20699.8  3.00000000  0.96632196  0.04534152  0.96738512 -0.25405243
20699.9  3.00000000  0.96632196  0.04534152  0.96738512 -0.25405243
20700.0  3.00000000  0.96632196  0.04534152  0.96738512 -0.25405243
20700.1  3.00000000  0.96632196  0.04534152  0.96738512 -0.25405243
20700.2  3.00000000  0.96632196  0.04534152  0.96738512 -0.25405243
20700.3  3.00000000  0.96632196  0.04534152  0.96738512 -0.25405243
20700.4  3.00000000  0.96632196  0.04534152  0.96738512 -0.25405243
20700.5  3.00000000  0.96632196  0.04534152  0.96738512 -0.25405243
20700.6  3.00000000  0.96632196  0.04534152  0.96738512 -0.25405243
20700.7  3.00000000  0.96632196  0.04534152  0.96738512 -0.25405243
20700.8  3.00000000  0.96632196  0.04534152  0.96738512 -0.25405243
20700.9  3.00000000  0.96632196  0.04534152  0.96738512 -0.25405243
20701.0  3.00000000  0.96632196  0.04534152  0.96738512 -0.25405243
20701.1  3.00000000  0.96632196  0.04534152  0.96738512 -0.25405243
20701.2  3.00000000  0.96632196  0.04534152  0.96738512 -0.25405243
20701.3  3.00000000  0.96632196  0.04534152  0.96738512 -0.25405243
20701.4  3.00000000  0.96632196  0.04534152  0.96738512 -0.25405243
20701.5  3.00000000  0.96632196  0.04534152  0.96738512 -0.25405243
20701.6  3.00000000  0.96632196  0.04534152  0.96738512 -0.25405243
20701.7  3.00000000  0.96632196  0.04534152  0.96738512 -0.25405243
20701.8  3.00000000  0.96632196  0.04534152  0.96738512 -0.25405243
20701.9  3.00000000  0.96632196  0.04534152  0.96738512 -0.25405243
20702.0  3.00000000  0.96632196  0.04534152  0.96738512 -0.25405243
20702.1  3.00000000  0.96632196  0.04534152  0.96738512 -0.25405243
20702.2  3.00000000  0.96632196  0.04534152  0.96738512 -0.25405243
20702.3  3.00000000  0.96632196  0.04534152  0.96738512 -0.25405243
20702.4  3.00000000  0.96632196  0.04534152  0.96738512 -0.25405243
20702.5  3.00000000  0.96632196  0.04534152  0.96738512 -0.25405243
20702.6  3.00000000  0.96632196  0.04534152  0.96738512 -0.25405243
20702.7  3.00000000  0.96632196  0.04534152  0.96738512 -0.25405243
20702.8  3.00000000  0.96632196  0.04534152  0.96738512 -0.25405243
20702.9  3.00000000  0.96632196  0.04534152  0.96738512 -0.25405243
20703.0  3.00000000  0.96632196  0.04534152  0.96738512 -0.25405243
20703.1  3.00000000  0.96632196  0.04534152  0.96738512 -0.25405243
20703.2  3.00000000  0.96632196  0.04534152  0.96738512 -0.25405243
20703.3  3.00000000  0.96632196  0.04534152  0.96738512 -0.25405243
20703.4  3.00000000  0.96632196  0.04534152  0.96738512 -0.25405243
20703.5  3.00000000  0.96632196  0.04534152  0.96738512 -0.25405243
20703.6  3.00000000  0.96632196  0.04534152  0.96738512 -0.25405243
20703.7  3.00000000  0.96632196  0.04534152  0.96738512 -0.25405243
20703.8  3.00000000  0.96632196  0.04534152  0.96738512 -0.25405243
20703.9  3.00000000  0.96632196  0.04534152  0.96738512 -0.25405243
20704.0  3.00000000  0.96632196  0.04534152  0.96738512 -0.25405243
20704.1  3.00000000  0.96632196  0.04534152  0.96738512 -0.25405243
20704.2  3.00000000  0.96632196  0.04534152  0.96738512 -0.25405243
20704.3  3.00000000  0.96632196  0.04534152  0.96738512 -0.25405243
20704.4  3.00000000  0.96632196  0.04534152  0.96738512 -0.25405243
20704.5  3.00000000  0.96632196  0.04534152  0.96738512 -0.25405243
20704.6  3.00000000  0.96632196  0.04534152  0.96738512 -0.25405243
20704.7  3.00000000  0.96632196  0.04534152  0.96738512 -0.25405243
20704.8  3.00000000  0.96632196  0.04534152  0.96738512 -0.25405243
20704.9  3.00000000  0.96632196  0.04534152  0.96738512 -0.25405243
20705.0  3.00000000  0.96632196  0.04534152  0.96738512 -0.25405243
20705.1  3.00000000  0.96632196  0.04534152  0.96738512 -0.25405243
20705.2  3.00000000  0.96632196  0.04534152  0.96738512 -0.25405243
20705.3  3.00000000  0.96632196  0.04534152  0.96738512 -0.25405243
20705.4  3.00000000  0.96632196  0.04534152  0.96738512 -0.25405243
20705.5  3.00000000  0.96632196  0.04534152  0.96738512 -0.25405243
20705.6  3.00000000  0.96632196  0.04534152  0.96738512 -0.25405243
20705.7  3.00000000  0.96632196  0.04534152  0.96738512 -0.25405243
20705.8  3.00000000  0.96632196  0.04534152  0.96738512 -0.25405243
20705.9  3.00000000  0.96632196  0.04534152  0.96738512 -0.25405243
20706.0  3.00000000  0.96632196  0.04534152  0.96738512 -0.25405243
20706.1  3.00000000  0.96632196  0.04534152  0.96738512 -0.25405243
20706.2  3.00000000  0.96632196  0.04534152  0.96738512 -0.25405243
20706.3  3.00000000  0.96632196  0.04534152  0.96738512 -0.25405243
20706.4  3.00000000  0.96632196  0.04534152  0.96738512 -0.25405243
20706.5  3.00000000  0.96632196  0.04534152  0.96738512 -0.25405243
20706.6  3.00000000  0.96632196  0.04534152  0.96738512 -0.25405243
20706.7  3.00000000  0.96632196  0.04534152  0.96738512 -0.25405243
20706.8  3.00000000  0.96632196  0.04534152  0.96738512 -0.25405243
20706.9  3.00000000  0.96632196  0.04534152  0.96738512 -0.25405243
20707.0  3.00000000  0.96632196  0.04534152  0.96738512 -0.25405243
20707.1  3.00000000  0.96632196  0.04534152  0.96738512 -0.25405243
20707.2  3.00000000  0.96632196  0.04534152  0.96738512 -0.25405243
20707.3  3.00000000  0.96632196  0.04534152  0.96738512 -0.25405243
20707.4  3.00000000  0.96632196  0.04534152  0.96738512 -0.25405243
20707.5  3.00000000  0.96632196  0.04534152  0.96738512 -0.25405243
20707.6  3.00000000  0.96632196  0.04534152  0.96738512 -0.25405243
20707.7  3.00000000  0.96632196  0.04534152  0.96738512 -0.25405243
20707.8  3.00000000  0.96632196  0.04534152  0.96738512 -0.25405243
20707.9  3.00000000  0.96632196  0.04534152  0.96738512 -0.25405243
20708.0  3.00000000  0.96632196  0.04534152  0.96738512 -0.25405243
20708.1  3.00000000  0.96632196  0.04534152  0.96738512 -0.25405243
20708.2  3.00000000  0.96632196  0.04534152  0.96738512 -0.25405243
20708.3  3.00000000  0.96632196  0.04534152  0.96738512 -0.25405243
20708.4  3.00000000  0.96632196  0.04534152  0.96738512 -0.25405243
20708.5  3.00000000  0.96632196  0.04534152  0.96738512 -0.25405243
20708.6  3.00000000  0.96632196  0.04534152  0.96738512 -0.25405243
20708.7  3.00000000  0.96632196  0.04534152  0.96738512 -0.25405243
20708.8  3.00000000  0.96632196  0.04534152  0.96738512 -0.25405243
20708.9  3.00000000  0.96632196  0.04534152  0.96738512 -0.25405243
20709.0  3.00000000  0.96632196  0.04534152  0.96738512 -0.25405243
20709.1  3.00000000  0.96632196  0.04534152  0.96738512 -0.25405243
20709.2  3.00000000  0.96632196  0.04534152  0.96738512 -0.25405243
20709.3  3.00000000  0.96632196  0.04534152  0.96738512 -0.25405243
20709.4  3.00000000  0.96632196  0.04534152  0.96738512 -0.25405243
20709.5  3.00000000  0.96632196  0.04534152  0.96738512 -0.25405243
20709.6  3.00000000  0.96632196  0.04534152  0.96738512 -0.25405243
20709.7  3.00000000  0.96632196  0.04534152  0.96738512 -0.25405243
20709.8  3.00000000  0.96632196  0.04534152  0.96738512 -0.25405243
20709.9  3.00000000  0.96632196  0.04534152  0.96738512 -0.25405243
20710.0  3.00000000  0.96632196  0.04534152  0.96738512 -0.25405243
20710.1  3.00000000  0.96632196  0.04534152  0.96738512 -0.25405243
20710.2  3.00000000  0.96632196  0.04534152  0.96738512 -0.25405243
20710.3  3.00000000  0.96632196  0.04534152  0.96738512 -0.25405243
20710.4  3.00000000  0.96632196  0.04534152  0.96738512 -0.25405243
20710.5  3.00000000  0.96632196  0.04534152  0.96738512 -0.25405243
20710.6  3.00000000  0.96632196  0.04534152  0.96738512 -0.25405243
20710.7  3.00000000  0.96632196  0.04534152  0.96738512 -0.25405243
20710.8  3.00000000  0.96632196  0.04534152  0.96738512 -0.25405243
20710.9  3.00000000  0.96632196  0.04534152  0.96738512 -0.25405243
20711.0  3.00000000  0.96632196  0.04534152  0.96738512 -0.25405243
20711.1  3.00000000  0.96632196  0.04534152  0.96738512 -0.25405243
20711.2  3.00000000  0.96632196  0.04534152  0.96738512 -0.25405243
