 # AA:        319011.52470890305     
 # FLEGG:     216253.56438441607     
 # AF0:     -5.33308614247767210E-002
 # CPAR:      555.55779854881382     
 # Diff:     0.12463198212018202     
 # TF:       3.79473319220205556E-007
 # H:         284.00000000000000     
 # GRAD:     0.10000000000000001     
 # HR:       3.00000000000000006E-003
 # LP:       0.55003999999955722     
 # TIME  LP  TMAB  TMDS  TMPC  TMZ
31515.2  3.00000000  0.96755850  0.01695827  0.96770710 -0.25290650
31515.3  3.00000000  0.96758836  0.01533696  0.96770990 -0.25289193
31515.4  3.00000000  0.96760862  0.01427119  0.96771385 -0.25287097
31515.5  3.00000000  0.96761855  0.01389954  0.96771838 -0.25284741
31515.6  3.00000000  0.96761794  0.01423494  0.96772264 -0.25282541
31515.7  3.00000000  0.96760690  0.01517344  0.96772586 -0.25280859
31515.8  3.00000000  0.96758671  0.01651716  0.96772768 -0.25279930
31515.9  3.00000000  0.96756017  0.01801368  0.96772785 -0.25279862
31516.0  3.00000000  0.96753187  0.01940336  0.96772641 -0.25280609
31516.1  3.00000000  0.96750746  0.02046134  0.96772380 -0.25281985
31516.2  3.00000000  0.96749185  0.02103329  0.96772046 -0.25283721
31516.3  3.00000000  0.96748780  0.02105791  0.96771694 -0.25285507
31516.4  3.00000000  0.96749534  0.02056895  0.96771397 -0.25287031
31516.5  3.00000000  0.96751179  0.01968298  0.96771198 -0.25288059
31516.6  3.00000000  0.96753285  0.01857582  0.96771116 -0.25288460
31516.7  3.00000000  0.96755431  0.01744818  0.96771162 -0.25288207
31516.8  3.00000000  0.96757277  0.01648901  0.96771326 -0.25287384
31516.9  3.00000000  0.96758589  0.01584609  0.96771564 -0.25286173
31517.0  3.00000000  0.96759247  0.01560536  0.96771830 -0.25284804
31517.1  3.00000000  0.96759220  0.01577892  0.96772084 -0.25283511
31517.2  3.00000000  0.96758538  0.01630883  0.96772281 -0.25282507
31517.3  3.00000000  0.96757311  0.01708236  0.96772390 -0.25281940
31517.4  3.00000000  0.96755745  0.01795356  0.96772401 -0.25281873
31517.5  3.00000000  0.96754111  0.01877022  0.96772317 -0.25282284
31517.6  3.00000000  0.96752714  0.01940005  0.96772161 -0.25283070
31517.7  3.00000000  0.96751811  0.01975046  0.96771968 -0.25284073
31517.8  3.00000000  0.96751540  0.01978241  0.96771762 -0.25285116
31517.9  3.00000000  0.96751911  0.01951327  0.96771586 -0.25286018
31518.0  3.00000000  0.96752804  0.01900823  0.96771474 -0.25286632
31518.1  3.00000000  0.96753995  0.01836769  0.96771428 -0.25286886
31518.2  3.00000000  0.96755246  0.01770877  0.96771450 -0.25286763
31518.3  3.00000000  0.96756358  0.01714245  0.96771542 -0.25286300
31518.4  3.00000000  0.96757173  0.01675607  0.96771681 -0.25285603
31518.5  3.00000000  0.96757590  0.01660189  0.96771832 -0.25284808
31518.6  3.00000000  0.96757583  0.01668975  0.96771976 -0.25284051
31518.7  3.00000000  0.96757179  0.01698786  0.96772091 -0.25283453
31518.8  3.00000000  0.96756454  0.01743204  0.96772156 -0.25283107
31518.9  3.00000000  0.96755539  0.01793828  0.96772166 -0.25283051
31519.0  3.00000000  0.96754595  0.01841767  0.96772123 -0.25283275
31519.1  3.00000000  0.96753788  0.01879222  0.96772036 -0.25283723
31519.2  3.00000000  0.96753258  0.01900681  0.96771925 -0.25284303
31519.3  3.00000000  0.96753085  0.01903647  0.96771810 -0.25284909
31519.4  3.00000000  0.96753271  0.01888910  0.96771707 -0.25285441
31519.5  3.00000000  0.96753754  0.01860176  0.96771634 -0.25285813
31519.6  3.00000000  0.96754428  0.01823190  0.96771604 -0.25285974
31519.7  3.00000000  0.96755158  0.01784682  0.96771616 -0.25285912
31519.8  3.00000000  0.96755817  0.01751199  0.96771664 -0.25285654
31519.9  3.00000000  0.96756312  0.01727978  0.96771740 -0.25285256
31520.0  3.00000000  0.96756577  0.01718168  0.96771831 -0.25284792
31520.1  3.00000000  0.96756587  0.01722481  0.96771917 -0.25284347
31520.2  3.00000000  0.96756356  0.01739226  0.96771987 -0.25283993
31520.3  3.00000000  0.96755936  0.01764745  0.96772028 -0.25283781
31520.4  3.00000000  0.96755403  0.01794176  0.96772037 -0.25283739
31520.5  3.00000000  0.96754853  0.01822339  0.96772013 -0.25283861
31520.6  3.00000000  0.96754382  0.01844617  0.96771964 -0.25284115
31520.7  3.00000000  0.96754065  0.01857701  0.96771898 -0.25284450
31520.8  3.00000000  0.96753950  0.01860050  0.96771828 -0.25284805
31520.9  3.00000000  0.96754044  0.01852010  0.96771767 -0.25285119
31521.0  3.00000000  0.96754312  0.01835641  0.96771724 -0.25285341
31521.1  3.00000000  0.96754696  0.01814259  0.96771704 -0.25285443
31521.2  3.00000000  0.96755121  0.01791779  0.96771710 -0.25285414
31521.3  3.00000000  0.96755514  0.01772023  0.96771739 -0.25285269
31521.4  3.00000000  0.96755813  0.01758100  0.96771784 -0.25285040
31521.5  3.00000000  0.96755977  0.01751929  0.96771837 -0.25284771
31521.6  3.00000000  0.96755991  0.01753997  0.96771888 -0.25284510
31521.7  3.00000000  0.96755860  0.01763389  0.96771928 -0.25284300
31521.8  3.00000000  0.96755617  0.01778031  0.96771952 -0.25284172
31521.9  3.00000000  0.96755306  0.01795115  0.96771957 -0.25284142
31522.0  3.00000000  0.96754985  0.01811623  0.96771944 -0.25284208
31522.1  3.00000000  0.96754708  0.01824843  0.96771916 -0.25284352
31522.2  3.00000000  0.96754521  0.01832796  0.96771878 -0.25284545
31522.3  3.00000000  0.96754448  0.01834522  0.96771839 -0.25284752
31522.4  3.00000000  0.96754495  0.01830166  0.96771803 -0.25284937
31522.5  3.00000000  0.96754645  0.01820875  0.96771778 -0.25285070
31522.6  3.00000000  0.96754865  0.01808541  0.96771766 -0.25285133
31522.7  3.00000000  0.96755112  0.01795433  0.96771769 -0.25285121
31522.8  3.00000000  0.96755343  0.01783789  0.96771784 -0.25285040
31522.9  3.00000000  0.96755521  0.01775449  0.96771809 -0.25284909
31523.0  3.00000000  0.96755622  0.01771575  0.96771839 -0.25284753
31523.1  3.00000000  0.96755634  0.01772504  0.96771869 -0.25284600
31523.2  3.00000000  0.96755562  0.01777748  0.96771893 -0.25284476
31523.3  3.00000000  0.96755423  0.01786135  0.96771908 -0.25284398
31523.4  3.00000000  0.96755243  0.01796048  0.96771912 -0.25284377
31523.5  3.00000000  0.96755057  0.01805728  0.96771905 -0.25284412
31523.6  3.00000000  0.96754894  0.01813576  0.96771889 -0.25284494
31523.7  3.00000000  0.96754782  0.01818411  0.96771868 -0.25284605
31523.8  3.00000000  0.96754735  0.01819634  0.96771845 -0.25284726
31523.9  3.00000000  0.96754758  0.01817290  0.96771823 -0.25284835
31524.0  3.00000000  0.96754842  0.01812018  0.96771808 -0.25284914
31524.1  3.00000000  0.96754967  0.01804900  0.96771800 -0.25284954
31524.2  3.00000000  0.96755110  0.01797252  0.96771801 -0.25284949
31524.3  3.00000000  0.96755246  0.01790385  0.96771810 -0.25284904
31524.4  3.00000000  0.96755353  0.01785393  0.96771824 -0.25284829
31524.5  3.00000000  0.96755415  0.01782977  0.96771842 -0.25284739
31524.6  3.00000000  0.96755426  0.01783363  0.96771859 -0.25284649
31524.7  3.00000000  0.96755386  0.01786291  0.96771874 -0.25284575
31524.8  3.00000000  0.96755306  0.01791097  0.96771883 -0.25284528
31524.9  3.00000000  0.96755202  0.01796850  0.96771886 -0.25284514
31525.0  3.00000000  0.96755093  0.01802522  0.96771882 -0.25284533
31525.1  3.00000000  0.96754997  0.01807174  0.96771873 -0.25284579
31525.2  3.00000000  0.96754930  0.01810101  0.96771860 -0.25284643
31525.3  3.00000000  0.96754901  0.01810933  0.96771846 -0.25284713
31525.4  3.00000000  0.96754912  0.01809678  0.96771834 -0.25284778
31525.5  3.00000000  0.96754958  0.01806689  0.96771825 -0.25284825
31525.6  3.00000000  0.96755030  0.01802586  0.96771820 -0.25284849
31525.7  3.00000000  0.96755114  0.01798130  0.96771821 -0.25284848
31525.8  3.00000000  0.96755194  0.01794089  0.96771826 -0.25284823
31525.9  3.00000000  0.96755257  0.01791109  0.96771834 -0.25284780
31526.0  3.00000000  0.96755295  0.01789611  0.96771844 -0.25284728
31526.1  3.00000000  0.96755303  0.01789744  0.96771854 -0.25284675
31526.2  3.00000000  0.96755281  0.01791372  0.96771863 -0.25284632
31526.3  3.00000000  0.96755235  0.01794120  0.96771868 -0.25284603
31526.4  3.00000000  0.96755175  0.01797452  0.96771870 -0.25284594
31526.5  3.00000000  0.96755112  0.01800772  0.96771868 -0.25284604
31526.6  3.00000000  0.96755055  0.01803526  0.96771863 -0.25284630
31526.7  3.00000000  0.96755015  0.01805296  0.96771856 -0.25284667
31526.8  3.00000000  0.96754997  0.01805854  0.96771848 -0.25284708
31526.9  3.00000000  0.96755002  0.01805191  0.96771841 -0.25284745
31527.0  3.00000000  0.96755028  0.01803502  0.96771835 -0.25284774
31527.1  3.00000000  0.96755069  0.01801139  0.96771832 -0.25284789
31527.2  3.00000000  0.96755117  0.01798544  0.96771832 -0.25284789
31527.3  3.00000000  0.96755164  0.01796165  0.96771835 -0.25284775
31527.4  3.00000000  0.96755202  0.01794385  0.96771840 -0.25284751
31527.5  3.00000000  0.96755225  0.01793458  0.96771845 -0.25284720
31527.6  3.00000000  0.96755231  0.01793480  0.96771851 -0.25284690
31527.7  3.00000000  0.96755219  0.01794383  0.96771856 -0.25284664
31527.8  3.00000000  0.96755193  0.01795953  0.96771860 -0.25284647
31527.9  3.00000000  0.96755158  0.01797884  0.96771861 -0.25284641
31528.0  3.00000000  0.96755121  0.01799828  0.96771860 -0.25284646
31528.1  3.00000000  0.96755088  0.01801460  0.96771857 -0.25284660
31528.2  3.00000000  0.96755064  0.01802529  0.96771853 -0.25284682
31528.3  3.00000000  0.96755053  0.01802895  0.96771848 -0.25284706
31528.4  3.00000000  0.96755055  0.01802547  0.96771844 -0.25284728
31528.5  3.00000000  0.96755069  0.01801592  0.96771841 -0.25284745
31528.6  3.00000000  0.96755093  0.01800232  0.96771839 -0.25284754
31528.7  3.00000000  0.96755121  0.01798720  0.96771839 -0.25284754
31528.8  3.00000000  0.96755148  0.01797321  0.96771840 -0.25284747
31528.9  3.00000000  0.96755171  0.01796260  0.96771843 -0.25284733
31529.0  3.00000000  0.96755185  0.01795690  0.96771847 -0.25284715
31529.1  3.00000000  0.96755189  0.01795672  0.96771850 -0.25284697
31529.2  3.00000000  0.96755182  0.01796171  0.96771853 -0.25284682
31529.3  3.00000000  0.96755168  0.01797068  0.96771855 -0.25284672
31529.4  3.00000000  0.96755148  0.01798186  0.96771856 -0.25284668
31529.5  3.00000000  0.96755126  0.01799322  0.96771855 -0.25284670
31529.6  3.00000000  0.96755106  0.01800287  0.96771853 -0.25284679
31529.7  3.00000000  0.96755092  0.01800930  0.96771851 -0.25284691
31529.8  3.00000000  0.96755085  0.01801165  0.96771848 -0.25284705
31529.9  3.00000000  0.96755086  0.01800989  0.96771846 -0.25284718
31530.0  3.00000000  0.96755094  0.01800461  0.96771844 -0.25284728
31530.1  3.00000000  0.96755107  0.01799685  0.96771843 -0.25284733
31530.2  3.00000000  0.96755123  0.01798805  0.96771843 -0.25284734
31530.3  3.00000000  0.96755139  0.01797977  0.96771844 -0.25284730
31530.4  3.00000000  0.96755153  0.01797336  0.96771845 -0.25284722
31530.5  3.00000000  0.96755161  0.01796978  0.96771847 -0.25284712
31530.6  3.00000000  0.96755164  0.01796945  0.96771849 -0.25284701
31530.7  3.00000000  0.96755161  0.01797221  0.96771851 -0.25284692
31530.8  3.00000000  0.96755152  0.01797737  0.96771852 -0.25284686
31530.9  3.00000000  0.96755141  0.01798390  0.96771853 -0.25284683
31531.0  3.00000000  0.96755128  0.01799062  0.96771852 -0.25284685
31531.1  3.00000000  0.96755116  0.01799638  0.96771851 -0.25284690
31531.2  3.00000000  0.96755108  0.01800028  0.96771850 -0.25284697
31531.3  3.00000000  0.96755103  0.01800179  0.96771848 -0.25284705
31531.4  3.00000000  0.96755104  0.01800080  0.96771847 -0.25284713
31531.5  3.00000000  0.96755108  0.01799766  0.96771846 -0.25284719
31531.6  3.00000000  0.96755116  0.01799302  0.96771845 -0.25284722
31531.7  3.00000000  0.96755126  0.01798777  0.96771845 -0.25284723
31531.8  3.00000000  0.96755136  0.01798286  0.96771846 -0.25284720
31531.9  3.00000000  0.96755143  0.01797911  0.96771846 -0.25284715
31532.0  3.00000000  0.96755148  0.01797706  0.96771848 -0.25284709
31532.1  3.00000000  0.96755150  0.01797695  0.96771849 -0.25284703
31532.2  3.00000000  0.96755148  0.01797866  0.96771850 -0.25284698
31532.3  3.00000000  0.96755143  0.01798178  0.96771851 -0.25284694
31532.4  3.00000000  0.96755136  0.01798569  0.96771851 -0.25284692
31532.5  3.00000000  0.96755128  0.01798967  0.96771851 -0.25284693
31532.6  3.00000000  0.96755121  0.01799303  0.96771850 -0.25284696
31532.7  3.00000000  0.96755116  0.01799524  0.96771849 -0.25284701
31532.8  3.00000000  0.96755114  0.01799602  0.96771848 -0.25284706
31532.9  3.00000000  0.96755114  0.01799532  0.96771847 -0.25284710
31533.0  3.00000000  0.96755117  0.01799335  0.96771847 -0.25284714
31533.1  3.00000000  0.96755122  0.01799054  0.96771846 -0.25284715
31533.2  3.00000000  0.96755128  0.01798741  0.96771846 -0.25284716
31533.3  3.00000000  0.96755134  0.01798453  0.96771847 -0.25284714
31533.4  3.00000000  0.96755138  0.01798239  0.96771847 -0.25284711
31533.5  3.00000000  0.96755141  0.01798129  0.96771848 -0.25284707
31533.6  3.00000000  0.96755142  0.01798134  0.96771849 -0.25284704
31533.7  3.00000000  0.96755140  0.01798245  0.96771849 -0.25284701
31533.8  3.00000000  0.96755137  0.01798436  0.96771850 -0.25284698
31533.9  3.00000000  0.96755133  0.01798670  0.96771850 -0.25284698
31534.0  3.00000000  0.96755128  0.01798904  0.96771850 -0.25284698
31534.1  3.00000000  0.96755124  0.01799100  0.96771849 -0.25284700
31534.2  3.00000000  0.96755121  0.01799226  0.96771849 -0.25284703
31534.3  3.00000000  0.96755120  0.01799266  0.96771848 -0.25284706
31534.4  3.00000000  0.96755120  0.01799217  0.96771848 -0.25284709
31534.5  3.00000000  0.96755122  0.01799094  0.96771847 -0.25284711
31534.6  3.00000000  0.96755125  0.01798923  0.96771847 -0.25284712
31534.7  3.00000000  0.96755129  0.01798735  0.96771847 -0.25284712
31534.8  3.00000000  0.96755132  0.01798564  0.96771847 -0.25284711
31534.9  3.00000000  0.96755135  0.01798439  0.96771848 -0.25284709
31535.0  3.00000000  0.96755136  0.01798378  0.96771848 -0.25284706
31535.1  3.00000000  0.96755137  0.01798386  0.96771849 -0.25284704
31535.2  3.00000000  0.96755136  0.01798457  0.96771849 -0.25284702
31535.3  3.00000000  0.96755134  0.01798577  0.96771849 -0.25284701
31535.4  3.00000000  0.96755131  0.01798719  0.96771849 -0.25284701
31535.5  3.00000000  0.96755128  0.01798860  0.96771849 -0.25284701
31535.6  3.00000000  0.96755126  0.01798975  0.96771849 -0.25284702
31535.7  3.00000000  0.96755124  0.01799046  0.96771849 -0.25284704
31535.8  3.00000000  0.96755124  0.01799065  0.96771848 -0.25284706
31535.9  3.00000000  0.96755124  0.01799032  0.96771848 -0.25284707
31536.0  3.00000000  0.96755125  0.01798955  0.96771848 -0.25284709
31536.1  3.00000000  0.96755127  0.01798851  0.96771848 -0.25284709
31536.2  3.00000000  0.96755129  0.01798740  0.96771848 -0.25284709
31536.3  3.00000000  0.96755131  0.01798640  0.96771848 -0.25284708
31536.4  3.00000000  0.96755133  0.01798567  0.96771848 -0.25284707
31536.5  3.00000000  0.96755134  0.01798532  0.96771848 -0.25284706
31536.6  3.00000000  0.96755134  0.01798538  0.96771848 -0.25284705
31536.7  3.00000000  0.96755133  0.01798581  0.96771849 -0.25284704
31536.8  3.00000000  0.96755132  0.01798652  0.96771849 -0.25284703
31536.9  3.00000000  0.96755130  0.01798738  0.96771849 -0.25284703
31537.0  3.00000000  0.96755129  0.01798824  0.96771849 -0.25284703
31537.1  3.00000000  0.96755127  0.01798896  0.96771849 -0.25284704
31537.2  3.00000000  0.96755126  0.01798943  0.96771848 -0.25284705
31537.3  3.00000000  0.96755126  0.01798960  0.96771848 -0.25284706
31537.4  3.00000000  0.96755126  0.01798946  0.96771848 -0.25284707
31537.5  3.00000000  0.96755126  0.01798903  0.96771848 -0.25284708
31537.6  3.00000000  0.96755128  0.01798840  0.96771848 -0.25284708
31537.7  3.00000000  0.96755129  0.01798770  0.96771848 -0.25284708
31537.8  3.00000000  0.96755130  0.01798703  0.96771848 -0.25284708
31537.9  3.00000000  0.96755131  0.01798651  0.96771848 -0.25284707
31538.0  3.00000000  0.96755132  0.01798616  0.96771848 -0.25284706
31538.1  3.00000000  0.96755132  0.01798606  0.96771848 -0.25284705
31538.2  3.00000000  0.96755132  0.01798622  0.96771849 -0.25284705
31538.3  3.00000000  0.96755132  0.01798661  0.96771849 -0.25284704
31538.4  3.00000000  0.96755131  0.01798716  0.96771849 -0.25284704
31538.5  3.00000000  0.96755130  0.01798776  0.96771849 -0.25284704
31538.6  3.00000000  0.96755128  0.01798832  0.96771849 -0.25284704
31538.7  3.00000000  0.96755128  0.01798874  0.96771849 -0.25284705
31538.8  3.00000000  0.96755127  0.01798896  0.96771848 -0.25284705
31538.9  3.00000000  0.96755127  0.01798897  0.96771848 -0.25284706
31539.0  3.00000000  0.96755127  0.01798876  0.96771848 -0.25284707
31539.1  3.00000000  0.96755128  0.01798838  0.96771848 -0.25284707
31539.2  3.00000000  0.96755129  0.01798790  0.96771848 -0.25284707
31539.3  3.00000000  0.96755130  0.01798739  0.96771848 -0.25284707
31539.4  3.00000000  0.96755130  0.01798695  0.96771848 -0.25284707
31539.5  3.00000000  0.96755131  0.01798663  0.96771848 -0.25284706
31539.6  3.00000000  0.96755132  0.01798648  0.96771848 -0.25284706
31539.7  3.00000000  0.96755132  0.01798652  0.96771848 -0.25284705
31539.8  3.00000000  0.96755131  0.01798672  0.96771849 -0.25284705
31539.9  3.00000000  0.96755131  0.01798708  0.96771849 -0.25284704
31540.0  3.00000000  0.96755130  0.01798752  0.96771849 -0.25284704
31540.1  3.00000000  0.96755129  0.01798798  0.96771849 -0.25284704
31540.2  3.00000000  0.96755128  0.01798837  0.96771849 -0.25284705
31540.3  3.00000000  0.96755128  0.01798865  0.96771848 -0.25284705
31540.4  3.00000000  0.96755127  0.01798877  0.96771848 -0.25284706
31540.5  3.00000000  0.96755127  0.01798870  0.96771848 -0.25284706
31540.6  3.00000000  0.96755128  0.01798845  0.96771848 -0.25284707
31540.7  3.00000000  0.96755128  0.01798808  0.96771848 -0.25284707
31540.8  3.00000000  0.96755129  0.01798764  0.96771848 -0.25284707
31540.9  3.00000000  0.96755130  0.01798721  0.96771848 -0.25284707
31541.0  3.00000000  0.96755131  0.01798686  0.96771848 -0.25284706
31541.1  3.00000000  0.96755131  0.01798665  0.96771848 -0.25284706
31541.2  3.00000000  0.96755131  0.01798660  0.96771848 -0.25284705
31541.3  3.00000000  0.96755131  0.01798672  0.96771848 -0.25284705
31541.4  3.00000000  0.96755131  0.01798700  0.96771849 -0.25284704
31541.5  3.00000000  0.96755130  0.01798737  0.96771849 -0.25284704
31541.6  3.00000000  0.96755129  0.01798778  0.96771849 -0.25284704
31541.7  3.00000000  0.96755129  0.01798816  0.96771849 -0.25284704
31541.8  3.00000000  0.96755128  0.01798845  0.96771848 -0.25284705
31541.9  3.00000000  0.96755128  0.01798860  0.96771848 -0.25284705
31542.0  3.00000000  0.96755128  0.01798860  0.96771848 -0.25284706
31542.1  3.00000000  0.96755128  0.01798844  0.96771848 -0.25284706
31542.2  3.00000000  0.96755128  0.01798816  0.96771848 -0.25284707
31542.3  3.00000000  0.96755129  0.01798779  0.96771848 -0.25284707
31542.4  3.00000000  0.96755130  0.01798741  0.96771848 -0.25284707
31542.5  3.00000000  0.96755130  0.01798707  0.96771848 -0.25284707
31542.6  3.00000000  0.96755131  0.01798683  0.96771848 -0.25284706
31542.7  3.00000000  0.96755131  0.01798672  0.96771848 -0.25284706
31542.8  3.00000000  0.96755131  0.01798677  0.96771848 -0.25284705
31542.9  3.00000000  0.96755131  0.01798694  0.96771848 -0.25284705
31543.0  3.00000000  0.96755130  0.01798723  0.96771849 -0.25284704
31543.1  3.00000000  0.96755130  0.01798759  0.96771849 -0.25284704
31543.2  3.00000000  0.96755129  0.01798794  0.96771849 -0.25284704
31543.3  3.00000000  0.96755128  0.01798824  0.96771848 -0.25284705
31543.4  3.00000000  0.96755128  0.01798843  0.96771848 -0.25284705
31543.5  3.00000000  0.96755128  0.01798851  0.96771848 -0.25284706
31543.6  3.00000000  0.96755128  0.01798843  0.96771848 -0.25284706
31543.7  3.00000000  0.96755128  0.01798823  0.96771848 -0.25284706
31543.8  3.00000000  0.96755129  0.01798794  0.96771848 -0.25284707
31543.9  3.00000000  0.96755129  0.01798761  0.96771848 -0.25284707
31544.0  3.00000000  0.96755130  0.01798728  0.96771848 -0.25284707
31544.1  3.00000000  0.96755130  0.01798702  0.96771848 -0.25284706
31544.2  3.00000000  0.96755131  0.01798686  0.96771848 -0.25284706
31544.3  3.00000000  0.96755131  0.01798683  0.96771848 -0.25284705
31544.4  3.00000000  0.96755131  0.01798693  0.96771848 -0.25284705
31544.5  3.00000000  0.96755131  0.01798715  0.96771848 -0.25284705
31544.6  3.00000000  0.96755130  0.01798743  0.96771849 -0.25284705
31544.7  3.00000000  0.96755129  0.01798775  0.96771849 -0.25284705
31544.8  3.00000000  0.96755129  0.01798804  0.96771848 -0.25284705
31544.9  3.00000000  0.96755128  0.01798827  0.96771848 -0.25284705
31545.0  3.00000000  0.96755128  0.01798839  0.96771848 -0.25284705
31545.1  3.00000000  0.96755128  0.01798839  0.96771848 -0.25284706
31545.2  3.00000000  0.96755128  0.01798826  0.96771848 -0.25284706
31545.3  3.00000000  0.96755129  0.01798804  0.96771848 -0.25284707
31545.4  3.00000000  0.96755129  0.01798776  0.96771848 -0.25284707
31545.5  3.00000000  0.96755130  0.01798746  0.96771848 -0.25284707
31545.6  3.00000000  0.96755130  0.01798720  0.96771848 -0.25284706
31545.7  3.00000000  0.96755131  0.01798701  0.96771848 -0.25284706
31545.8  3.00000000  0.96755131  0.01798692  0.96771848 -0.25284706
31545.9  3.00000000  0.96755131  0.01798696  0.96771848 -0.25284705
31546.0  3.00000000  0.96755131  0.01798710  0.96771848 -0.25284705
31546.1  3.00000000  0.96755130  0.01798733  0.96771849 -0.25284705
31546.2  3.00000000  0.96755130  0.01798760  0.96771849 -0.25284705
31546.3  3.00000000  0.96755129  0.01798788  0.96771848 -0.25284705
31546.4  3.00000000  0.96755129  0.01798811  0.96771848 -0.25284705
31546.5  3.00000000  0.96755128  0.01798826  0.96771848 -0.25284705
31546.6  3.00000000  0.96755128  0.01798831  0.96771848 -0.25284706
31546.7  3.00000000  0.96755128  0.01798825  0.96771848 -0.25284706
31546.8  3.00000000  0.96755128  0.01798810  0.96771848 -0.25284706
31546.9  3.00000000  0.96755129  0.01798787  0.96771848 -0.25284706
31547.0  3.00000000  0.96755129  0.01798762  0.96771848 -0.25284706
31547.1  3.00000000  0.96755130  0.01798737  0.96771848 -0.25284706
31547.2  3.00000000  0.96755130  0.01798718  0.96771848 -0.25284706
31547.3  3.00000000  0.96755130  0.01798707  0.96771848 -0.25284706
31547.4  3.00000000  0.96755131  0.01798705  0.96771848 -0.25284705
31547.5  3.00000000  0.96755130  0.01798712  0.96771848 -0.25284705
31547.6  3.00000000  0.96755130  0.01798727  0.96771848 -0.25284705
31547.7  3.00000000  0.96755130  0.01798748  0.96771848 -0.25284705
31547.8  3.00000000  0.96755129  0.01798770  0.96771848 -0.25284705
31547.9  3.00000000  0.96755129  0.01798791  0.96771848 -0.25284705
31548.0  3.00000000  0.96755129  0.01798807  0.96771848 -0.25284705
31548.1  3.00000000  0.96755128  0.01798815  0.96771848 -0.25284705
31548.2  3.00000000  0.96755128  0.01798816  0.96771848 -0.25284706
31548.3  3.00000000  0.96755129  0.01798808  0.96771848 -0.25284706
31548.4  3.00000000  0.96755129  0.01798793  0.96771848 -0.25284706
31548.5  3.00000000  0.96755129  0.01798774  0.96771848 -0.25284706
31548.6  3.00000000  0.96755130  0.01798754  0.96771848 -0.25284706
31548.7  3.00000000  0.96755130  0.01798737  0.96771848 -0.25284706
31548.8  3.00000000  0.96755130  0.01798724  0.96771848 -0.25284706
31548.9  3.00000000  0.96755130  0.01798718  0.96771848 -0.25284706
31549.0  3.00000000  0.96755130  0.01798719  0.96771848 -0.25284705
31549.1  3.00000000  0.96755130  0.01798727  0.96771848 -0.25284705
31549.2  3.00000000  0.96755130  0.01798741  0.96771848 -0.25284705
31549.3  3.00000000  0.96755130  0.01798758  0.96771848 -0.25284705
31549.4  3.00000000  0.96755129  0.01798776  0.96771848 -0.25284705
31549.5  3.00000000  0.96755129  0.01798791  0.96771848 -0.25284705
31549.6  3.00000000  0.96755129  0.01798801  0.96771848 -0.25284705
31549.7  3.00000000  0.96755129  0.01798806  0.96771848 -0.25284706
31549.8  3.00000000  0.96755129  0.01798803  0.96771848 -0.25284706
31549.9  3.00000000  0.96755129  0.01798795  0.96771848 -0.25284706
31550.0  3.00000000  0.96755129  0.01798781  0.96771848 -0.25284706
31550.1  3.00000000  0.96755129  0.01798766  0.96771848 -0.25284706
31550.2  3.00000000  0.96755130  0.01798750  0.96771848 -0.25284706
31550.3  3.00000000  0.96755130  0.01798738  0.96771848 -0.25284706
31550.4  3.00000000  0.96755130  0.01798729  0.96771848 -0.25284706
31550.5  3.00000000  0.96755130  0.01798727  0.96771848 -0.25284706
31550.6  3.00000000  0.96755130  0.01798730  0.96771848 -0.25284705
31550.7  3.00000000  0.96755130  0.01798739  0.96771848 -0.25284705
31550.8  3.00000000  0.96755130  0.01798751  0.96771848 -0.25284705
31550.9  3.00000000  0.96755130  0.01798765  0.96771848 -0.25284705
31551.0  3.00000000  0.96755129  0.01798779  0.96771848 -0.25284705
31551.1  3.00000000  0.96755129  0.01798789  0.96771848 -0.25284705
31551.2  3.00000000  0.96755129  0.01798796  0.96771848 -0.25284705
31551.3  3.00000000  0.96755129  0.01798797  0.96771848 -0.25284706
31551.4  3.00000000  0.96755129  0.01798792  0.96771848 -0.25284706
31551.5  3.00000000  0.96755129  0.01798785  0.96771848 -0.25284706
31551.6  3.00000000  0.96755129  0.01798773  0.96771848 -0.25284706
31551.7  3.00000000  0.96755129  0.01798762  0.96771848 -0.25284706
31551.8  3.00000000  0.96755130  0.01798751  0.96771848 -0.25284706
31551.9  3.00000000  0.96755130  0.01798742  0.96771848 -0.25284706
31552.0  3.00000000  0.96755130  0.01798737  0.96771848 -0.25284706
31552.1  3.00000000  0.96755130  0.01798736  0.96771848 -0.25284706
31552.2  3.00000000  0.96755130  0.01798739  0.96771848 -0.25284705
31552.3  3.00000000  0.96755130  0.01798746  0.96771848 -0.25284705
31552.4  3.00000000  0.96755130  0.01798755  0.96771848 -0.25284705
31552.5  3.00000000  0.96755129  0.01798764  0.96771848 -0.25284705
31552.6  3.00000000  0.96755129  0.01798774  0.96771848 -0.25284705
31552.7  3.00000000  0.96755129  0.01798782  0.96771848 -0.25284705
31552.8  3.00000000  0.96755129  0.01798787  0.96771848 -0.25284705
31552.9  3.00000000  0.96755129  0.01798788  0.96771848 -0.25284706
31553.0  3.00000000  0.96755129  0.01798786  0.96771848 -0.25284706
31553.1  3.00000000  0.96755129  0.01798780  0.96771848 -0.25284706
31553.2  3.00000000  0.96755129  0.01798773  0.96771848 -0.25284706
31553.3  3.00000000  0.96755129  0.01798764  0.96771848 -0.25284706
31553.4  3.00000000  0.96755130  0.01798756  0.96771848 -0.25284706
31553.5  3.00000000  0.96755130  0.01798749  0.96771848 -0.25284706
31553.6  3.00000000  0.96755130  0.01798744  0.96771848 -0.25284706
31553.7  3.00000000  0.96755130  0.01798742  0.96771848 -0.25284706
31553.8  3.00000000  0.96755130  0.01798744  0.96771848 -0.25284705
31553.9  3.00000000  0.96755130  0.01798748  0.96771848 -0.25284705
31554.0  3.00000000  0.96755130  0.01798755  0.96771848 -0.25284705
31554.1  3.00000000  0.96755130  0.01798763  0.96771848 -0.25284705
31554.2  3.00000000  0.96755129  0.01798771  0.96771848 -0.25284705
31554.3  3.00000000  0.96755129  0.01798778  0.96771848 -0.25284705
31554.4  3.00000000  0.96755129  0.01798782  0.96771848 -0.25284705
31554.5  3.00000000  0.96755129  0.01798784  0.96771848 -0.25284706
31554.6  3.00000000  0.96755129  0.01798783  0.96771848 -0.25284706
31554.7  3.00000000  0.96755129  0.01798780  0.96771848 -0.25284706
31554.8  3.00000000  0.96755129  0.01798774  0.96771848 -0.25284706
31554.9  3.00000000  0.96755129  0.01798768  0.96771848 -0.25284706
31555.0  3.00000000  0.96755129  0.01798761  0.96771848 -0.25284706
31555.1  3.00000000  0.96755130  0.01798754  0.96771848 -0.25284706
31555.2  3.00000000  0.96755130  0.01798750  0.96771848 -0.25284706
31555.3  3.00000000  0.96755130  0.01798747  0.96771848 -0.25284706
31555.4  3.00000000  0.96755130  0.01798747  0.96771848 -0.25284706
31555.5  3.00000000  0.96755130  0.01798749  0.96771848 -0.25284705
31555.6  3.00000000  0.96755130  0.01798752  0.96771848 -0.25284705
31555.7  3.00000000  0.96755130  0.01798758  0.96771848 -0.25284705
31555.8  3.00000000  0.96755130  0.01798764  0.96771848 -0.25284705
31555.9  3.00000000  0.96755129  0.01798770  0.96771848 -0.25284705
31556.0  3.00000000  0.96755129  0.01798776  0.96771848 -0.25284705
31556.1  3.00000000  0.96755129  0.01798780  0.96771848 -0.25284705
31556.2  3.00000000  0.96755129  0.01798783  0.96771848 -0.25284706
31556.3  3.00000000  0.96755129  0.01798783  0.96771848 -0.25284706
31556.4  3.00000000  0.96755129  0.01798782  0.96771848 -0.25284706
31556.5  3.00000000  0.96755129  0.01798777  0.96771848 -0.25284706
31556.6  3.00000000  0.96755129  0.01798772  0.96771848 -0.25284706
31556.7  3.00000000  0.96755129  0.01798765  0.96771848 -0.25284706
31556.8  3.00000000  0.96755129  0.01798758  0.96771848 -0.25284706
31556.9  3.00000000  0.96755130  0.01798751  0.96771848 -0.25284706
31557.0  3.00000000  0.96755130  0.01798746  0.96771848 -0.25284706
31557.1  3.00000000  0.96755130  0.01798742  0.96771848 -0.25284706
31557.2  3.00000000  0.96755130  0.01798741  0.96771848 -0.25284706
31557.3  3.00000000  0.96755130  0.01798743  0.96771848 -0.25284705
31557.4  3.00000000  0.96755130  0.01798747  0.96771848 -0.25284705
31557.5  3.00000000  0.96755130  0.01798753  0.96771848 -0.25284705
31557.6  3.00000000  0.96755130  0.01798762  0.96771848 -0.25284705
31557.7  3.00000000  0.96755129  0.01798769  0.96771848 -0.25284705
31557.8  3.00000000  0.96755129  0.01798777  0.96771848 -0.25284705
31557.9  3.00000000  0.96755129  0.01798783  0.96771848 -0.25284705
31558.0  3.00000000  0.96755129  0.01798787  0.96771848 -0.25284706
31558.1  3.00000000  0.96755129  0.01798788  0.96771848 -0.25284706
31558.2  3.00000000  0.96755129  0.01798786  0.96771848 -0.25284706
31558.3  3.00000000  0.96755129  0.01798782  0.96771848 -0.25284706
31558.4  3.00000000  0.96755129  0.01798775  0.96771848 -0.25284706
31558.5  3.00000000  0.96755129  0.01798767  0.96771848 -0.25284706
31558.6  3.00000000  0.96755129  0.01798758  0.96771848 -0.25284706
31558.7  3.00000000  0.96755130  0.01798750  0.96771848 -0.25284706
31558.8  3.00000000  0.96755130  0.01798743  0.96771848 -0.25284706
31558.9  3.00000000  0.96755130  0.01798738  0.96771848 -0.25284706
31559.0  3.00000000  0.96755130  0.01798736  0.96771848 -0.25284706
31559.1  3.00000000  0.96755130  0.01798737  0.96771848 -0.25284705
31559.2  3.00000000  0.96755130  0.01798742  0.96771848 -0.25284705
31559.3  3.00000000  0.96755130  0.01798750  0.96771848 -0.25284705
31559.4  3.00000000  0.96755130  0.01798759  0.96771848 -0.25284705
31559.5  3.00000000  0.96755129  0.01798769  0.96771848 -0.25284705
31559.6  3.00000000  0.96755129  0.01798779  0.96771848 -0.25284705
31559.7  3.00000000  0.96755129  0.01798786  0.96771848 -0.25284705
31559.8  3.00000000  0.96755129  0.01798791  0.96771848 -0.25284705
31559.9  3.00000000  0.96755129  0.01798793  0.96771848 -0.25284706
31560.0  3.00000000  0.96755129  0.01798792  0.96771848 -0.25284706
31560.1  3.00000000  0.96755129  0.01798787  0.96771848 -0.25284706
31560.2  3.00000000  0.96755129  0.01798780  0.96771848 -0.25284706
31560.3  3.00000000  0.96755129  0.01798770  0.96771848 -0.25284706
31560.4  3.00000000  0.96755130  0.01798757  0.96771848 -0.25284706
31560.5  3.00000000  0.96755130  0.01798747  0.96771848 -0.25284706
31560.6  3.00000000  0.96755130  0.01798741  0.96771848 -0.25284706
31560.7  3.00000000  0.96755130  0.01798738  0.96771848 -0.25284706
31560.8  3.00000000  0.96755130  0.01798739  0.96771848 -0.25284705
31560.9  3.00000000  0.96755130  0.01798744  0.96771848 -0.25284705
31561.0  3.00000000  0.96755130  0.01798750  0.96771848 -0.25284705
31561.1  3.00000000  0.96755130  0.01798759  0.96771848 -0.25284705
31561.2  3.00000000  0.96755129  0.01798766  0.96771848 -0.25284705
31561.3  3.00000000  0.96755129  0.01798774  0.96771848 -0.25284705
31561.4  3.00000000  0.96755129  0.01798779  0.96771848 -0.25284705
31561.5  3.00000000  0.96755129  0.01798782  0.96771848 -0.25284706
31561.6  3.00000000  0.96755129  0.01798782  0.96771848 -0.25284706
31561.7  3.00000000  0.96755129  0.01798780  0.96771848 -0.25284706
31561.8  3.00000000  0.96755129  0.01798777  0.96771848 -0.25284706
31561.9  3.00000000  0.96755129  0.01798772  0.96771848 -0.25284706
31562.0  3.00000000  0.96755129  0.01798767  0.96771848 -0.25284706
31562.1  3.00000000  0.96755129  0.01798762  0.96771848 -0.25284706
31562.2  3.00000000  0.96755130  0.01798758  0.96771848 -0.25284706
31562.3  3.00000000  0.96755130  0.01798755  0.96771848 -0.25284706
31562.4  3.00000000  0.96755130  0.01798754  0.96771848 -0.25284706
31562.5  3.00000000  0.96755130  0.01798753  0.96771848 -0.25284706
31562.6  3.00000000  0.96755130  0.01798754  0.96771848 -0.25284706
31562.7  3.00000000  0.96755130  0.01798757  0.96771848 -0.25284705
31562.8  3.00000000  0.96755130  0.01798759  0.96771848 -0.25284705
31562.9  3.00000000  0.96755129  0.01798763  0.96771848 -0.25284705
31563.0  3.00000000  0.96755129  0.01798766  0.96771848 -0.25284705
31563.1  3.00000000  0.96755129  0.01798769  0.96771848 -0.25284705
31563.2  3.00000000  0.96755129  0.01798771  0.96771848 -0.25284706
31563.3  3.00000000  0.96755129  0.01798772  0.96771848 -0.25284706
31563.4  3.00000000  0.96755129  0.01798772  0.96771848 -0.25284706
31563.5  3.00000000  0.96755129  0.01798771  0.96771848 -0.25284706
31563.6  3.00000000  0.96755129  0.01798770  0.96771848 -0.25284706
31563.7  3.00000000  0.96755129  0.01798768  0.96771848 -0.25284706
31563.8  3.00000000  0.96755129  0.01798765  0.96771848 -0.25284706
31563.9  3.00000000  0.96755129  0.01798763  0.96771848 -0.25284706
31564.0  3.00000000  0.96755129  0.01798762  0.96771848 -0.25284706
31564.1  3.00000000  0.96755129  0.01798760  0.96771848 -0.25284706
31564.2  3.00000000  0.96755130  0.01798759  0.96771848 -0.25284706
31564.3  3.00000000  0.96755130  0.01798758  0.96771848 -0.25284706
31564.4  3.00000000  0.96755130  0.01798758  0.96771848 -0.25284706
31564.5  3.00000000  0.96755130  0.01798758  0.96771848 -0.25284706
31564.6  3.00000000  0.96755130  0.01798759  0.96771848 -0.25284706
31564.7  3.00000000  0.96755130  0.01798760  0.96771848 -0.25284706
31564.8  3.00000000  0.96755130  0.01798760  0.96771848 -0.25284706
31564.9  3.00000000  0.96755130  0.01798761  0.96771848 -0.25284706
31565.0  3.00000000  0.96755129  0.01798763  0.96771848 -0.25284706
31565.1  3.00000000  0.96755129  0.01798764  0.96771848 -0.25284706
31565.2  3.00000000  0.96755129  0.01798766  0.96771848 -0.25284706
31565.3  3.00000000  0.96755129  0.01798766  0.96771848 -0.25284706
31565.4  3.00000000  0.96755129  0.01798766  0.96771848 -0.25284706
31565.5  3.00000000  0.96755129  0.01798767  0.96771848 -0.25284706
31565.6  3.00000000  0.96755129  0.01798767  0.96771848 -0.25284706
31565.7  3.00000000  0.96755129  0.01798766  0.96771848 -0.25284706
31565.8  3.00000000  0.96755129  0.01798766  0.96771848 -0.25284706
31565.9  3.00000000  0.96755129  0.01798766  0.96771848 -0.25284706
31566.0  3.00000000  0.96755129  0.01798765  0.96771848 -0.25284706
31566.1  3.00000000  0.96755129  0.01798765  0.96771848 -0.25284706
31566.2  3.00000000  0.96755129  0.01798765  0.96771848 -0.25284706
31566.3  3.00000000  0.96755129  0.01798764  0.96771848 -0.25284706
31566.4  3.00000000  0.96755129  0.01798764  0.96771848 -0.25284706
31566.5  3.00000000  0.96755129  0.01798764  0.96771848 -0.25284706
31566.6  3.00000000  0.96755129  0.01798764  0.96771848 -0.25284706
31566.7  3.00000000  0.96755129  0.01798764  0.96771848 -0.25284706
31566.8  3.00000000  0.96755129  0.01798764  0.96771848 -0.25284706
31566.9  3.00000000  0.96755129  0.01798764  0.96771848 -0.25284706
31567.0  3.00000000  0.96755129  0.01798764  0.96771848 -0.25284706
31567.1  3.00000000  0.96755129  0.01798764  0.96771848 -0.25284706
31567.2  3.00000000  0.96755129  0.01798764  0.96771848 -0.25284706
31567.3  3.00000000  0.96755129  0.01798764  0.96771848 -0.25284706
31567.4  3.00000000  0.96755129  0.01798764  0.96771848 -0.25284706
31567.5  3.00000000  0.96755129  0.01798764  0.96771848 -0.25284706
31567.6  3.00000000  0.96755129  0.01798764  0.96771848 -0.25284706
31567.7  3.00000000  0.96755129  0.01798764  0.96771848 -0.25284706
31567.8  3.00000000  0.96755129  0.01798764  0.96771848 -0.25284706
31567.9  3.00000000  0.96755129  0.01798764  0.96771848 -0.25284706
31568.0  3.00000000  0.96755129  0.01798764  0.96771848 -0.25284706
31568.1  3.00000000  0.96755129  0.01798764  0.96771848 -0.25284706
31568.2  3.00000000  0.96755129  0.01798764  0.96771848 -0.25284706
31568.3  3.00000000  0.96755129  0.01798764  0.96771848 -0.25284706
31568.4  3.00000000  0.96755129  0.01798764  0.96771848 -0.25284706
31568.5  3.00000000  0.96755129  0.01798764  0.96771848 -0.25284706
31568.6  3.00000000  0.96755129  0.01798764  0.96771848 -0.25284706
31568.7  3.00000000  0.96755129  0.01798764  0.96771848 -0.25284706
31568.8  3.00000000  0.96755129  0.01798764  0.96771848 -0.25284706
31568.9  3.00000000  0.96755129  0.01798764  0.96771848 -0.25284706
31569.0  3.00000000  0.96755129  0.01798764  0.96771848 -0.25284706
31569.1  3.00000000  0.96755129  0.01798764  0.96771848 -0.25284706
31569.2  3.00000000  0.96755129  0.01798764  0.96771848 -0.25284706
31569.3  3.00000000  0.96755129  0.01798764  0.96771848 -0.25284706
31569.4  3.00000000  0.96755129  0.01798764  0.96771848 -0.25284706
31569.5  3.00000000  0.96755129  0.01798764  0.96771848 -0.25284706
31569.6  3.00000000  0.96755129  0.01798764  0.96771848 -0.25284706
31569.7  3.00000000  0.96755129  0.01798764  0.96771848 -0.25284706
31569.8  3.00000000  0.96755129  0.01798764  0.96771848 -0.25284706
31569.9  3.00000000  0.96755129  0.01798764  0.96771848 -0.25284706
31570.0  3.00000000  0.96755129  0.01798764  0.96771848 -0.25284706
31570.1  3.00000000  0.96755129  0.01798764  0.96771848 -0.25284706
31570.2  3.00000000  0.96755129  0.01798764  0.96771848 -0.25284706
31570.3  3.00000000  0.96755129  0.01798764  0.96771848 -0.25284706
31570.4  3.00000000  0.96755129  0.01798764  0.96771848 -0.25284706
31570.5  3.00000000  0.96755129  0.01798764  0.96771848 -0.25284706
31570.6  3.00000000  0.96755129  0.01798764  0.96771848 -0.25284706
31570.7  3.00000000  0.96755129  0.01798764  0.96771848 -0.25284706
31570.8  3.00000000  0.96755129  0.01798764  0.96771848 -0.25284706
31570.9  3.00000000  0.96755129  0.01798764  0.96771848 -0.25284706
31571.0  3.00000000  0.96755129  0.01798764  0.96771848 -0.25284706
31571.1  3.00000000  0.96755129  0.01798764  0.96771848 -0.25284706
31571.2  3.00000000  0.96755129  0.01798764  0.96771848 -0.25284706
31571.3  3.00000000  0.96755129  0.01798764  0.96771848 -0.25284706
31571.4  3.00000000  0.96755129  0.01798764  0.96771848 -0.25284706
31571.5  3.00000000  0.96755129  0.01798764  0.96771848 -0.25284706
31571.6  3.00000000  0.96755129  0.01798764  0.96771848 -0.25284706
31571.7  3.00000000  0.96755129  0.01798764  0.96771848 -0.25284706
31571.8  3.00000000  0.96755129  0.01798764  0.96771848 -0.25284706
31571.9  3.00000000  0.96755129  0.01798764  0.96771848 -0.25284706
31572.0  3.00000000  0.96755129  0.01798764  0.96771848 -0.25284706
31572.1  3.00000000  0.96755129  0.01798764  0.96771848 -0.25284706
31572.2  3.00000000  0.96755129  0.01798764  0.96771848 -0.25284706
31572.3  3.00000000  0.96755129  0.01798764  0.96771848 -0.25284706
31572.4  3.00000000  0.96755129  0.01798764  0.96771848 -0.25284706
31572.5  3.00000000  0.96755129  0.01798764  0.96771848 -0.25284706
31572.6  3.00000000  0.96755129  0.01798764  0.96771848 -0.25284706
31572.7  3.00000000  0.96755129  0.01798764  0.96771848 -0.25284706
31572.8  3.00000000  0.96755129  0.01798764  0.96771848 -0.25284706
31572.9  3.00000000  0.96755129  0.01798764  0.96771848 -0.25284706
31573.0  3.00000000  0.96755129  0.01798764  0.96771848 -0.25284706
31573.1  3.00000000  0.96755129  0.01798764  0.96771848 -0.25284706
31573.2  3.00000000  0.96755129  0.01798764  0.96771848 -0.25284706
31573.3  3.00000000  0.96755129  0.01798764  0.96771848 -0.25284706
31573.4  3.00000000  0.96755129  0.01798764  0.96771848 -0.25284706
31573.5  3.00000000  0.96755129  0.01798764  0.96771848 -0.25284706
31573.6  3.00000000  0.96755129  0.01798764  0.96771848 -0.25284706
31573.7  3.00000000  0.96755129  0.01798764  0.96771848 -0.25284706
31573.8  3.00000000  0.96755129  0.01798764  0.96771848 -0.25284706
31573.9  3.00000000  0.96755129  0.01798764  0.96771848 -0.25284706
31574.0  3.00000000  0.96755129  0.01798764  0.96771848 -0.25284706
31574.1  3.00000000  0.96755129  0.01798764  0.96771848 -0.25284706
31574.2  3.00000000  0.96755129  0.01798764  0.96771848 -0.25284706
31574.3  3.00000000  0.96755129  0.01798764  0.96771848 -0.25284706
31574.4  3.00000000  0.96755129  0.01798764  0.96771848 -0.25284706
31574.5  3.00000000  0.96755129  0.01798764  0.96771848 -0.25284706
31574.6  3.00000000  0.96755129  0.01798764  0.96771848 -0.25284706
31574.7  3.00000000  0.96755129  0.01798764  0.96771848 -0.25284706
31574.8  3.00000000  0.96755129  0.01798764  0.96771848 -0.25284706
31574.9  3.00000000  0.96755129  0.01798764  0.96771848 -0.25284706
31575.0  3.00000000  0.96755129  0.01798764  0.96771848 -0.25284706
31575.1  3.00000000  0.96755129  0.01798764  0.96771848 -0.25284706
31575.2  3.00000000  0.96755129  0.01798764  0.96771848 -0.25284706
31575.3  3.00000000  0.96755129  0.01798764  0.96771848 -0.25284706
31575.4  3.00000000  0.96755129  0.01798764  0.96771848 -0.25284706
31575.5  3.00000000  0.96755129  0.01798764  0.96771848 -0.25284706
31575.6  3.00000000  0.96755129  0.01798764  0.96771848 -0.25284706
31575.7  3.00000000  0.96755129  0.01798764  0.96771848 -0.25284706
31575.8  3.00000000  0.96755129  0.01798764  0.96771848 -0.25284706
31575.9  3.00000000  0.96755129  0.01798764  0.96771848 -0.25284706
31576.0  3.00000000  0.96755129  0.01798764  0.96771848 -0.25284706
31576.1  3.00000000  0.96755129  0.01798764  0.96771848 -0.25284706
31576.2  3.00000000  0.96755129  0.01798764  0.96771848 -0.25284706
31576.3  3.00000000  0.96755129  0.01798764  0.96771848 -0.25284706
31576.4  3.00000000  0.96755129  0.01798764  0.96771848 -0.25284706
31576.5  3.00000000  0.96755129  0.01798764  0.96771848 -0.25284706
31576.6  3.00000000  0.96755129  0.01798764  0.96771848 -0.25284706
31576.7  3.00000000  0.96755129  0.01798764  0.96771848 -0.25284706
31576.8  3.00000000  0.96755129  0.01798764  0.96771848 -0.25284706
31576.9  3.00000000  0.96755129  0.01798764  0.96771848 -0.25284706
31577.0  3.00000000  0.96755129  0.01798764  0.96771848 -0.25284706
31577.1  3.00000000  0.96755129  0.01798764  0.96771848 -0.25284706
31577.2  3.00000000  0.96755129  0.01798764  0.96771848 -0.25284706
31577.3  3.00000000  0.96755129  0.01798764  0.96771848 -0.25284706
31577.4  3.00000000  0.96755129  0.01798764  0.96771848 -0.25284706
31577.5  3.00000000  0.96755129  0.01798764  0.96771848 -0.25284706
31577.6  3.00000000  0.96755129  0.01798764  0.96771848 -0.25284706
31577.7  3.00000000  0.96755129  0.01798764  0.96771848 -0.25284706
31577.8  3.00000000  0.96755129  0.01798764  0.96771848 -0.25284706
31577.9  3.00000000  0.96755129  0.01798764  0.96771848 -0.25284706
31578.0  3.00000000  0.96755129  0.01798764  0.96771848 -0.25284706
31578.1  3.00000000  0.96755129  0.01798764  0.96771848 -0.25284706
31578.2  3.00000000  0.96755129  0.01798764  0.96771848 -0.25284706
31578.3  3.00000000  0.96755129  0.01798764  0.96771848 -0.25284706
31578.4  3.00000000  0.96755129  0.01798764  0.96771848 -0.25284706
31578.5  3.00000000  0.96755129  0.01798764  0.96771848 -0.25284706
31578.6  3.00000000  0.96755129  0.01798764  0.96771848 -0.25284706
31578.7  3.00000000  0.96755129  0.01798764  0.96771848 -0.25284706
31578.8  3.00000000  0.96755129  0.01798764  0.96771848 -0.25284706
31578.9  3.00000000  0.96755129  0.01798764  0.96771848 -0.25284706
31579.0  3.00000000  0.96755129  0.01798764  0.96771848 -0.25284706
31579.1  3.00000000  0.96755129  0.01798764  0.96771848 -0.25284706
31579.2  3.00000000  0.96755129  0.01798764  0.96771848 -0.25284706
31579.3  3.00000000  0.96755129  0.01798764  0.96771848 -0.25284706
31579.4  3.00000000  0.96755129  0.01798764  0.96771848 -0.25284706
31579.5  3.00000000  0.96755129  0.01798764  0.96771848 -0.25284706
31579.6  3.00000000  0.96755129  0.01798764  0.96771848 -0.25284706
31579.7  3.00000000  0.96755129  0.01798764  0.96771848 -0.25284706
31579.8  3.00000000  0.96755129  0.01798764  0.96771848 -0.25284706
31579.9  3.00000000  0.96755129  0.01798764  0.96771848 -0.25284706
31580.0  3.00000000  0.96755129  0.01798764  0.96771848 -0.25284706
31580.1  3.00000000  0.96755129  0.01798764  0.96771848 -0.25284706
31580.2  3.00000000  0.96755129  0.01798764  0.96771848 -0.25284706
31580.3  3.00000000  0.96755129  0.01798764  0.96771848 -0.25284706
31580.4  3.00000000  0.96755129  0.01798764  0.96771848 -0.25284706
31580.5  3.00000000  0.96755129  0.01798764  0.96771848 -0.25284706
31580.6  3.00000000  0.96755129  0.01798764  0.96771848 -0.25284706
31580.7  3.00000000  0.96755129  0.01798764  0.96771848 -0.25284706
31580.8  3.00000000  0.96755129  0.01798764  0.96771848 -0.25284706
31580.9  3.00000000  0.96755129  0.01798764  0.96771848 -0.25284706
31581.0  3.00000000  0.96755129  0.01798764  0.96771848 -0.25284706
31581.1  3.00000000  0.96755129  0.01798764  0.96771848 -0.25284706
31581.2  3.00000000  0.96755129  0.01798764  0.96771848 -0.25284706
31581.3  3.00000000  0.96755129  0.01798764  0.96771848 -0.25284706
31581.4  3.00000000  0.96755129  0.01798764  0.96771848 -0.25284706
31581.5  3.00000000  0.96755129  0.01798764  0.96771848 -0.25284706
31581.6  3.00000000  0.96755129  0.01798764  0.96771848 -0.25284706
31581.7  3.00000000  0.96755129  0.01798764  0.96771848 -0.25284706
31581.8  3.00000000  0.96755129  0.01798764  0.96771848 -0.25284706
31581.9  3.00000000  0.96755129  0.01798764  0.96771848 -0.25284706
31582.0  3.00000000  0.96755129  0.01798764  0.96771848 -0.25284706
31582.1  3.00000000  0.96755129  0.01798764  0.96771848 -0.25284706
31582.2  3.00000000  0.96755129  0.01798764  0.96771848 -0.25284706
31582.3  3.00000000  0.96755129  0.01798764  0.96771848 -0.25284706
31582.4  3.00000000  0.96755129  0.01798764  0.96771848 -0.25284706
31582.5  3.00000000  0.96755129  0.01798764  0.96771848 -0.25284706
31582.6  3.00000000  0.96755129  0.01798764  0.96771848 -0.25284706
31582.7  3.00000000  0.96755129  0.01798764  0.96771848 -0.25284706
31582.8  3.00000000  0.96755129  0.01798764  0.96771848 -0.25284706
31582.9  3.00000000  0.96755129  0.01798764  0.96771848 -0.25284706
31583.0  3.00000000  0.96755129  0.01798764  0.96771848 -0.25284706
31583.1  3.00000000  0.96755129  0.01798764  0.96771848 -0.25284706
31583.2  3.00000000  0.96755129  0.01798764  0.96771848 -0.25284706
31583.3  3.00000000  0.96755129  0.01798764  0.96771848 -0.25284706
31583.4  3.00000000  0.96755129  0.01798764  0.96771848 -0.25284706
31583.5  3.00000000  0.96755129  0.01798764  0.96771848 -0.25284706
31583.6  3.00000000  0.96755129  0.01798764  0.96771848 -0.25284706
31583.7  3.00000000  0.96755129  0.01798764  0.96771848 -0.25284706
31583.8  3.00000000  0.96755129  0.01798764  0.96771848 -0.25284706
31583.9  3.00000000  0.96755129  0.01798764  0.96771848 -0.25284706
31584.0  3.00000000  0.96755129  0.01798764  0.96771848 -0.25284706
31584.1  3.00000000  0.96755129  0.01798764  0.96771848 -0.25284706
31584.2  3.00000000  0.96755129  0.01798764  0.96771848 -0.25284706
31584.3  3.00000000  0.96755129  0.01798764  0.96771848 -0.25284706
31584.4  3.00000000  0.96755129  0.01798764  0.96771848 -0.25284706
31584.5  3.00000000  0.96755129  0.01798764  0.96771848 -0.25284706
31584.6  3.00000000  0.96755129  0.01798764  0.96771848 -0.25284706
31584.7  3.00000000  0.96755129  0.01798764  0.96771848 -0.25284706
31584.8  3.00000000  0.96755129  0.01798764  0.96771848 -0.25284706
31584.9  3.00000000  0.96755129  0.01798764  0.96771848 -0.25284706
31585.0  3.00000000  0.96755129  0.01798764  0.96771848 -0.25284706
31585.1  3.00000000  0.96755129  0.01798764  0.96771848 -0.25284706
31585.2  3.00000000  0.96755129  0.01798764  0.96771848 -0.25284706
31585.3  3.00000000  0.96755129  0.01798764  0.96771848 -0.25284706
31585.4  3.00000000  0.96755129  0.01798764  0.96771848 -0.25284706
31585.5  3.00000000  0.96755129  0.01798764  0.96771848 -0.25284706
31585.6  3.00000000  0.96755129  0.01798764  0.96771848 -0.25284706
31585.7  3.00000000  0.96755129  0.01798764  0.96771848 -0.25284706
31585.8  3.00000000  0.96755129  0.01798764  0.96771848 -0.25284706
31585.9  3.00000000  0.96755129  0.01798764  0.96771848 -0.25284706
31586.0  3.00000000  0.96755129  0.01798764  0.96771848 -0.25284706
31586.1  3.00000000  0.96755129  0.01798764  0.96771848 -0.25284706
31586.2  3.00000000  0.96755129  0.01798764  0.96771848 -0.25284706
31586.3  3.00000000  0.96755129  0.01798764  0.96771848 -0.25284706
31586.4  3.00000000  0.96755129  0.01798764  0.96771848 -0.25284706
31586.5  3.00000000  0.96755129  0.01798764  0.96771848 -0.25284706
31586.6  3.00000000  0.96755129  0.01798764  0.96771848 -0.25284706
31586.7  3.00000000  0.96755129  0.01798764  0.96771848 -0.25284706
31586.8  3.00000000  0.96755129  0.01798764  0.96771848 -0.25284706
31586.9  3.00000000  0.96755129  0.01798764  0.96771848 -0.25284706
31587.0  3.00000000  0.96755129  0.01798764  0.96771848 -0.25284706
31587.1  3.00000000  0.96755129  0.01798764  0.96771848 -0.25284706
31587.2  3.00000000  0.96755129  0.01798764  0.96771848 -0.25284706
31587.3  3.00000000  0.96755129  0.01798764  0.96771848 -0.25284706
31587.4  3.00000000  0.96755129  0.01798764  0.96771848 -0.25284706
31587.5  3.00000000  0.96755129  0.01798764  0.96771848 -0.25284706
31587.6  3.00000000  0.96755129  0.01798764  0.96771848 -0.25284706
31587.7  3.00000000  0.96755129  0.01798764  0.96771848 -0.25284706
31587.8  3.00000000  0.96755129  0.01798764  0.96771848 -0.25284706
31587.9  3.00000000  0.96755129  0.01798764  0.96771848 -0.25284706
31588.0  3.00000000  0.96755129  0.01798764  0.96771848 -0.25284706
31588.1  3.00000000  0.96755129  0.01798764  0.96771848 -0.25284706
31588.2  3.00000000  0.96755129  0.01798764  0.96771848 -0.25284706
31588.3  3.00000000  0.96755129  0.01798764  0.96771848 -0.25284706
31588.4  3.00000000  0.96755129  0.01798764  0.96771848 -0.25284706
31588.5  3.00000000  0.96755129  0.01798764  0.96771848 -0.25284706
31588.6  3.00000000  0.96755129  0.01798764  0.96771848 -0.25284706
31588.7  3.00000000  0.96755129  0.01798764  0.96771848 -0.25284706
31588.8  3.00000000  0.96755129  0.01798764  0.96771848 -0.25284706
31588.9  3.00000000  0.96755129  0.01798764  0.96771848 -0.25284706
31589.0  3.00000000  0.96755129  0.01798764  0.96771848 -0.25284706
31589.1  3.00000000  0.96755129  0.01798764  0.96771848 -0.25284706
31589.2  3.00000000  0.96755129  0.01798764  0.96771848 -0.25284706
31589.3  3.00000000  0.96755129  0.01798764  0.96771848 -0.25284706
31589.4  3.00000000  0.96755129  0.01798764  0.96771848 -0.25284706
31589.5  3.00000000  0.96755129  0.01798764  0.96771848 -0.25284706
31589.6  3.00000000  0.96755129  0.01798764  0.96771848 -0.25284706
31589.7  3.00000000  0.96755129  0.01798764  0.96771848 -0.25284706
31589.8  3.00000000  0.96755129  0.01798764  0.96771848 -0.25284706
31589.9  3.00000000  0.96755129  0.01798764  0.96771848 -0.25284706
31590.0  3.00000000  0.96755129  0.01798764  0.96771848 -0.25284706
31590.1  3.00000000  0.96755129  0.01798764  0.96771848 -0.25284706
31590.2  3.00000000  0.96755129  0.01798764  0.96771848 -0.25284706
31590.3  3.00000000  0.96755129  0.01798764  0.96771848 -0.25284706
31590.4  3.00000000  0.96755129  0.01798764  0.96771848 -0.25284706
31590.5  3.00000000  0.96755129  0.01798764  0.96771848 -0.25284706
31590.6  3.00000000  0.96755129  0.01798764  0.96771848 -0.25284706
31590.7  3.00000000  0.96755129  0.01798764  0.96771848 -0.25284706
31590.8  3.00000000  0.96755129  0.01798764  0.96771848 -0.25284706
31590.9  3.00000000  0.96755129  0.01798764  0.96771848 -0.25284706
31591.0  3.00000000  0.96755129  0.01798764  0.96771848 -0.25284706
31591.1  3.00000000  0.96755129  0.01798764  0.96771848 -0.25284706
31591.2  3.00000000  0.96755129  0.01798764  0.96771848 -0.25284706
31591.3  3.00000000  0.96755129  0.01798764  0.96771848 -0.25284706
31591.4  3.00000000  0.96755129  0.01798764  0.96771848 -0.25284706
31591.5  3.00000000  0.96755129  0.01798764  0.96771848 -0.25284706
31591.6  3.00000000  0.96755129  0.01798764  0.96771848 -0.25284706
31591.7  3.00000000  0.96755129  0.01798764  0.96771848 -0.25284706
31591.8  3.00000000  0.96755129  0.01798764  0.96771848 -0.25284706
31591.9  3.00000000  0.96755129  0.01798764  0.96771848 -0.25284706
31592.0  3.00000000  0.96755129  0.01798764  0.96771848 -0.25284706
31592.1  3.00000000  0.96755129  0.01798764  0.96771848 -0.25284706
31592.2  3.00000000  0.96755129  0.01798764  0.96771848 -0.25284706
31592.3  3.00000000  0.96755129  0.01798764  0.96771848 -0.25284706
31592.4  3.00000000  0.96755129  0.01798764  0.96771848 -0.25284706
31592.5  3.00000000  0.96755129  0.01798764  0.96771848 -0.25284706
31592.6  3.00000000  0.96755129  0.01798764  0.96771848 -0.25284706
31592.7  3.00000000  0.96755129  0.01798764  0.96771848 -0.25284706
31592.8  3.00000000  0.96755129  0.01798764  0.96771848 -0.25284706
31592.9  3.00000000  0.96755129  0.01798764  0.96771848 -0.25284706
31593.0  3.00000000  0.96755129  0.01798764  0.96771848 -0.25284706
31593.1  3.00000000  0.96755129  0.01798764  0.96771848 -0.25284706
31593.2  3.00000000  0.96755129  0.01798764  0.96771848 -0.25284706
31593.3  3.00000000  0.96755129  0.01798764  0.96771848 -0.25284706
31593.4  3.00000000  0.96755129  0.01798764  0.96771848 -0.25284706
31593.5  3.00000000  0.96755129  0.01798764  0.96771848 -0.25284706
31593.6  3.00000000  0.96755129  0.01798764  0.96771848 -0.25284706
31593.7  3.00000000  0.96755129  0.01798764  0.96771848 -0.25284706
31593.8  3.00000000  0.96755129  0.01798764  0.96771848 -0.25284706
31593.9  3.00000000  0.96755129  0.01798764  0.96771848 -0.25284706
31594.0  3.00000000  0.96755129  0.01798764  0.96771848 -0.25284706
31594.1  3.00000000  0.96755129  0.01798764  0.96771848 -0.25284706
31594.2  3.00000000  0.96755129  0.01798764  0.96771848 -0.25284706
31594.3  3.00000000  0.96755129  0.01798764  0.96771848 -0.25284706
31594.4  3.00000000  0.96755129  0.01798764  0.96771848 -0.25284706
31594.5  3.00000000  0.96755129  0.01798764  0.96771848 -0.25284706
31594.6  3.00000000  0.96755129  0.01798764  0.96771848 -0.25284706
31594.7  3.00000000  0.96755129  0.01798764  0.96771848 -0.25284706
31594.8  3.00000000  0.96755129  0.01798764  0.96771848 -0.25284706
31594.9  3.00000000  0.96755129  0.01798764  0.96771848 -0.25284706
31595.0  3.00000000  0.96755129  0.01798764  0.96771848 -0.25284706
31595.1  3.00000000  0.96755129  0.01798764  0.96771848 -0.25284706
31595.2  3.00000000  0.96755129  0.01798764  0.96771848 -0.25284706
31595.3  3.00000000  0.96755129  0.01798764  0.96771848 -0.25284706
31595.4  3.00000000  0.96755129  0.01798764  0.96771848 -0.25284706
31595.5  3.00000000  0.96755129  0.01798764  0.96771848 -0.25284706
31595.6  3.00000000  0.96755129  0.01798764  0.96771848 -0.25284706
31595.7  3.00000000  0.96755129  0.01798764  0.96771848 -0.25284706
31595.8  3.00000000  0.96755129  0.01798764  0.96771848 -0.25284706
31595.9  3.00000000  0.96755129  0.01798764  0.96771848 -0.25284706
31596.0  3.00000000  0.96755129  0.01798764  0.96771848 -0.25284706
31596.1  3.00000000  0.96755129  0.01798764  0.96771848 -0.25284706
31596.2  3.00000000  0.96755129  0.01798764  0.96771848 -0.25284706
31596.3  3.00000000  0.96755129  0.01798764  0.96771848 -0.25284706
31596.4  3.00000000  0.96755129  0.01798764  0.96771848 -0.25284706
31596.5  3.00000000  0.96755129  0.01798764  0.96771848 -0.25284706
31596.6  3.00000000  0.96755129  0.01798764  0.96771848 -0.25284706
31596.7  3.00000000  0.96755129  0.01798764  0.96771848 -0.25284706
31596.8  3.00000000  0.96755129  0.01798764  0.96771848 -0.25284706
31596.9  3.00000000  0.96755129  0.01798764  0.96771848 -0.25284706
31597.0  3.00000000  0.96755129  0.01798764  0.96771848 -0.25284706
31597.1  3.00000000  0.96755129  0.01798764  0.96771848 -0.25284706
31597.2  3.00000000  0.96755129  0.01798764  0.96771848 -0.25284706
31597.3  3.00000000  0.96755129  0.01798764  0.96771848 -0.25284706
31597.4  3.00000000  0.96755129  0.01798764  0.96771848 -0.25284706
31597.5  3.00000000  0.96755129  0.01798764  0.96771848 -0.25284706
31597.6  3.00000000  0.96755129  0.01798764  0.96771848 -0.25284706
31597.7  3.00000000  0.96755129  0.01798764  0.96771848 -0.25284706
31597.8  3.00000000  0.96755129  0.01798764  0.96771848 -0.25284706
31597.9  3.00000000  0.96755129  0.01798764  0.96771848 -0.25284706
31598.0  3.00000000  0.96755129  0.01798764  0.96771848 -0.25284706
31598.1  3.00000000  0.96755129  0.01798764  0.96771848 -0.25284706
31598.2  3.00000000  0.96755129  0.01798764  0.96771848 -0.25284706
31598.3  3.00000000  0.96755129  0.01798764  0.96771848 -0.25284706
31598.4  3.00000000  0.96755129  0.01798764  0.96771848 -0.25284706
31598.5  3.00000000  0.96755129  0.01798764  0.96771848 -0.25284706
31598.6  3.00000000  0.96755129  0.01798764  0.96771848 -0.25284706
31598.7  3.00000000  0.96755129  0.01798764  0.96771848 -0.25284706
31598.8  3.00000000  0.96755129  0.01798764  0.96771848 -0.25284706
31598.9  3.00000000  0.96755129  0.01798764  0.96771848 -0.25284706
31599.0  3.00000000  0.96755129  0.01798764  0.96771848 -0.25284706
31599.1  3.00000000  0.96755129  0.01798764  0.96771848 -0.25284706
31599.2  3.00000000  0.96755129  0.01798764  0.96771848 -0.25284706
31599.3  3.00000000  0.96755129  0.01798764  0.96771848 -0.25284706
31599.4  3.00000000  0.96755129  0.01798764  0.96771848 -0.25284706
31599.5  3.00000000  0.96755129  0.01798764  0.96771848 -0.25284706
31599.6  3.00000000  0.96755129  0.01798764  0.96771848 -0.25284706
31599.7  3.00000000  0.96755129  0.01798764  0.96771848 -0.25284706
31599.8  3.00000000  0.96755129  0.01798764  0.96771848 -0.25284706
31599.9  3.00000000  0.96755129  0.01798764  0.96771848 -0.25284706
31600.0  3.00000000  0.96755129  0.01798764  0.96771848 -0.25284706
31600.1  3.00000000  0.96755129  0.01798764  0.96771848 -0.25284706
31600.2  3.00000000  0.96755129  0.01798764  0.96771848 -0.25284706
31600.3  3.00000000  0.96755129  0.01798764  0.96771848 -0.25284706
31600.4  3.00000000  0.96755129  0.01798764  0.96771848 -0.25284706
31600.5  3.00000000  0.96755129  0.01798764  0.96771848 -0.25284706
31600.6  3.00000000  0.96755129  0.01798764  0.96771848 -0.25284706
31600.7  3.00000000  0.96755129  0.01798764  0.96771848 -0.25284706
31600.8  3.00000000  0.96755129  0.01798764  0.96771848 -0.25284706
31600.9  3.00000000  0.96755129  0.01798764  0.96771848 -0.25284706
31601.0  3.00000000  0.96755129  0.01798764  0.96771848 -0.25284706
31601.1  3.00000000  0.96755129  0.01798764  0.96771848 -0.25284706
31601.2  3.00000000  0.96755129  0.01798764  0.96771848 -0.25284706
31601.3  3.00000000  0.96755129  0.01798764  0.96771848 -0.25284706
31601.4  3.00000000  0.96755129  0.01798764  0.96771848 -0.25284706
31601.5  3.00000000  0.96755129  0.01798764  0.96771848 -0.25284706
31601.6  3.00000000  0.96755129  0.01798764  0.96771848 -0.25284706
31601.7  3.00000000  0.96755129  0.01798764  0.96771848 -0.25284706
31601.8  3.00000000  0.96755129  0.01798764  0.96771848 -0.25284706
31601.9  3.00000000  0.96755129  0.01798764  0.96771848 -0.25284706
31602.0  3.00000000  0.96755129  0.01798764  0.96771848 -0.25284706
31602.1  3.00000000  0.96755129  0.01798764  0.96771848 -0.25284706
31602.2  3.00000000  0.96755129  0.01798764  0.96771848 -0.25284706
31602.3  3.00000000  0.96755129  0.01798764  0.96771848 -0.25284706
31602.4  3.00000000  0.96755129  0.01798764  0.96771848 -0.25284706
31602.5  3.00000000  0.96755129  0.01798764  0.96771848 -0.25284706
31602.6  3.00000000  0.96755129  0.01798764  0.96771848 -0.25284706
31602.7  3.00000000  0.96755129  0.01798764  0.96771848 -0.25284706
31602.8  3.00000000  0.96755129  0.01798764  0.96771848 -0.25284706
31602.9  3.00000000  0.96755129  0.01798764  0.96771848 -0.25284706
31603.0  3.00000000  0.96755129  0.01798764  0.96771848 -0.25284706
31603.1  3.00000000  0.96755129  0.01798764  0.96771848 -0.25284706
31603.2  3.00000000  0.96755129  0.01798764  0.96771848 -0.25284706
31603.3  3.00000000  0.96755129  0.01798764  0.96771848 -0.25284706
31603.4  3.00000000  0.96755129  0.01798764  0.96771848 -0.25284706
31603.5  3.00000000  0.96755129  0.01798764  0.96771848 -0.25284706
31603.6  3.00000000  0.96755129  0.01798764  0.96771848 -0.25284706
31603.7  3.00000000  0.96755129  0.01798764  0.96771848 -0.25284706
31603.8  3.00000000  0.96755129  0.01798764  0.96771848 -0.25284706
31603.9  3.00000000  0.96755129  0.01798764  0.96771848 -0.25284706
31604.0  3.00000000  0.96755129  0.01798764  0.96771848 -0.25284706
31604.1  3.00000000  0.96755129  0.01798764  0.96771848 -0.25284706
31604.2  3.00000000  0.96755129  0.01798764  0.96771848 -0.25284706
31604.3  3.00000000  0.96755129  0.01798764  0.96771848 -0.25284706
31604.4  3.00000000  0.96755129  0.01798764  0.96771848 -0.25284706
31604.5  3.00000000  0.96755129  0.01798764  0.96771848 -0.25284706
31604.6  3.00000000  0.96755129  0.01798764  0.96771848 -0.25284706
31604.7  3.00000000  0.96755129  0.01798764  0.96771848 -0.25284706
31604.8  3.00000000  0.96755129  0.01798764  0.96771848 -0.25284706
31604.9  3.00000000  0.96755129  0.01798764  0.96771848 -0.25284706
31605.0  3.00000000  0.96755129  0.01798764  0.96771848 -0.25284706
31605.1  3.00000000  0.96755129  0.01798764  0.96771848 -0.25284706
31605.2  3.00000000  0.96755129  0.01798764  0.96771848 -0.25284706
31605.3  3.00000000  0.96755129  0.01798764  0.96771848 -0.25284706
31605.4  3.00000000  0.96755129  0.01798764  0.96771848 -0.25284706
31605.5  3.00000000  0.96755129  0.01798764  0.96771848 -0.25284706
31605.6  3.00000000  0.96755129  0.01798764  0.96771848 -0.25284706
31605.7  3.00000000  0.96755129  0.01798764  0.96771848 -0.25284706
31605.8  3.00000000  0.96755129  0.01798764  0.96771848 -0.25284706
31605.9  3.00000000  0.96755129  0.01798764  0.96771848 -0.25284706
31606.0  3.00000000  0.96755129  0.01798764  0.96771848 -0.25284706
31606.1  3.00000000  0.96755129  0.01798764  0.96771848 -0.25284706
31606.2  3.00000000  0.96755129  0.01798764  0.96771848 -0.25284706
31606.3  3.00000000  0.96755129  0.01798764  0.96771848 -0.25284706
31606.4  3.00000000  0.96755129  0.01798764  0.96771848 -0.25284706
31606.5  3.00000000  0.96755129  0.01798764  0.96771848 -0.25284706
31606.6  3.00000000  0.96755129  0.01798764  0.96771848 -0.25284706
31606.7  3.00000000  0.96755129  0.01798764  0.96771848 -0.25284706
31606.8  3.00000000  0.96755129  0.01798764  0.96771848 -0.25284706
31606.9  3.00000000  0.96755129  0.01798764  0.96771848 -0.25284706
31607.0  3.00000000  0.96755129  0.01798764  0.96771848 -0.25284706
31607.1  3.00000000  0.96755129  0.01798764  0.96771848 -0.25284706
31607.2  3.00000000  0.96755129  0.01798764  0.96771848 -0.25284706
31607.3  3.00000000  0.96755129  0.01798764  0.96771848 -0.25284706
31607.4  3.00000000  0.96755129  0.01798764  0.96771848 -0.25284706
31607.5  3.00000000  0.96755129  0.01798764  0.96771848 -0.25284706
31607.6  3.00000000  0.96755129  0.01798764  0.96771848 -0.25284706
31607.7  3.00000000  0.96755129  0.01798764  0.96771848 -0.25284706
31607.8  3.00000000  0.96755129  0.01798764  0.96771848 -0.25284706
31607.9  3.00000000  0.96755129  0.01798764  0.96771848 -0.25284706
31608.0  3.00000000  0.96755129  0.01798764  0.96771848 -0.25284706
31608.1  3.00000000  0.96755129  0.01798764  0.96771848 -0.25284706
31608.2  3.00000000  0.96755129  0.01798764  0.96771848 -0.25284706
31608.3  3.00000000  0.96755129  0.01798764  0.96771848 -0.25284706
31608.4  3.00000000  0.96755129  0.01798764  0.96771848 -0.25284706
31608.5  3.00000000  0.96755129  0.01798764  0.96771848 -0.25284706
31608.6  3.00000000  0.96755129  0.01798764  0.96771848 -0.25284706
31608.7  3.00000000  0.96755129  0.01798764  0.96771848 -0.25284706
31608.8  3.00000000  0.96755129  0.01798764  0.96771848 -0.25284706
31608.9  3.00000000  0.96755129  0.01798764  0.96771848 -0.25284706
31609.0  3.00000000  0.96755129  0.01798764  0.96771848 -0.25284706
31609.1  3.00000000  0.96755129  0.01798764  0.96771848 -0.25284706
31609.2  3.00000000  0.96755129  0.01798764  0.96771848 -0.25284706
31609.3  3.00000000  0.96755129  0.01798764  0.96771848 -0.25284706
31609.4  3.00000000  0.96755129  0.01798764  0.96771848 -0.25284706
31609.5  3.00000000  0.96755129  0.01798764  0.96771848 -0.25284706
31609.6  3.00000000  0.96755129  0.01798764  0.96771848 -0.25284706
31609.7  3.00000000  0.96755129  0.01798764  0.96771848 -0.25284706
31609.8  3.00000000  0.96755129  0.01798764  0.96771848 -0.25284706
31609.9  3.00000000  0.96755129  0.01798764  0.96771848 -0.25284706
31610.0  3.00000000  0.96755129  0.01798764  0.96771848 -0.25284706
31610.1  3.00000000  0.96755129  0.01798764  0.96771848 -0.25284706
31610.2  3.00000000  0.96755129  0.01798764  0.96771848 -0.25284706
31610.3  3.00000000  0.96755129  0.01798764  0.96771848 -0.25284706
31610.4  3.00000000  0.96755129  0.01798764  0.96771848 -0.25284706
31610.5  3.00000000  0.96755129  0.01798764  0.96771848 -0.25284706
31610.6  3.00000000  0.96755129  0.01798764  0.96771848 -0.25284706
31610.7  3.00000000  0.96755129  0.01798764  0.96771848 -0.25284706
31610.8  3.00000000  0.96755129  0.01798764  0.96771848 -0.25284706
31610.9  3.00000000  0.96755129  0.01798764  0.96771848 -0.25284706
31611.0  3.00000000  0.96755129  0.01798764  0.96771848 -0.25284706
31611.1  3.00000000  0.96755129  0.01798764  0.96771848 -0.25284706
31611.2  3.00000000  0.96755129  0.01798764  0.96771848 -0.25284706
31611.3  3.00000000  0.96755129  0.01798764  0.96771848 -0.25284706
31611.4  3.00000000  0.96755129  0.01798764  0.96771848 -0.25284706
31611.5  3.00000000  0.96755129  0.01798764  0.96771848 -0.25284706
31611.6  3.00000000  0.96755129  0.01798764  0.96771848 -0.25284706
31611.7  3.00000000  0.96755129  0.01798764  0.96771848 -0.25284706
31611.8  3.00000000  0.96755129  0.01798764  0.96771848 -0.25284706
31611.9  3.00000000  0.96755129  0.01798764  0.96771848 -0.25284706
31612.0  3.00000000  0.96755129  0.01798764  0.96771848 -0.25284706
31612.1  3.00000000  0.96755129  0.01798764  0.96771848 -0.25284706
31612.2  3.00000000  0.96755129  0.01798764  0.96771848 -0.25284706
31612.3  3.00000000  0.96755129  0.01798764  0.96771848 -0.25284706
31612.4  3.00000000  0.96755129  0.01798764  0.96771848 -0.25284706
31612.5  3.00000000  0.96755129  0.01798764  0.96771848 -0.25284706
31612.6  3.00000000  0.96755129  0.01798764  0.96771848 -0.25284706
31612.7  3.00000000  0.96755129  0.01798764  0.96771848 -0.25284706
31612.8  3.00000000  0.96755129  0.01798764  0.96771848 -0.25284706
31612.9  3.00000000  0.96755129  0.01798764  0.96771848 -0.25284706
31613.0  3.00000000  0.96755129  0.01798764  0.96771848 -0.25284706
31613.1  3.00000000  0.96755129  0.01798764  0.96771848 -0.25284706
31613.2  3.00000000  0.96755129  0.01798764  0.96771848 -0.25284706
31613.3  3.00000000  0.96755129  0.01798764  0.96771848 -0.25284706
31613.4  3.00000000  0.96755129  0.01798764  0.96771848 -0.25284706
31613.5  3.00000000  0.96755129  0.01798764  0.96771848 -0.25284706
31613.6  3.00000000  0.96755129  0.01798764  0.96771848 -0.25284706
31613.7  3.00000000  0.96755129  0.01798764  0.96771848 -0.25284706
31613.8  3.00000000  0.96755129  0.01798764  0.96771848 -0.25284706
31613.9  3.00000000  0.96755129  0.01798764  0.96771848 -0.25284706
31614.0  3.00000000  0.96755129  0.01798764  0.96771848 -0.25284706
31614.1  3.00000000  0.96755129  0.01798764  0.96771848 -0.25284706
31614.2  3.00000000  0.96755129  0.01798764  0.96771848 -0.25284706
31614.3  3.00000000  0.96755129  0.01798764  0.96771848 -0.25284706
31614.4  3.00000000  0.96755129  0.01798764  0.96771848 -0.25284706
31614.5  3.00000000  0.96755129  0.01798764  0.96771848 -0.25284706
31614.6  3.00000000  0.96755129  0.01798764  0.96771848 -0.25284706
31614.7  3.00000000  0.96755129  0.01798764  0.96771848 -0.25284706
31614.8  3.00000000  0.96755129  0.01798764  0.96771848 -0.25284706
31614.9  3.00000000  0.96755129  0.01798764  0.96771848 -0.25284706
31615.0  3.00000000  0.96755129  0.01798764  0.96771848 -0.25284706
