 # AA:        367250.02967137686     
 # FLEGG:     232028.32655413673     
 # AF0:     -5.33308614247767210E-002
 # CPAR:      555.55779854881382     
 # Diff:     0.12463198212018202     
 # TF:       3.79473319220205556E-007
 # H:         284.00000000000000     
 # GRAD:     0.10000000000000001     
 # HR:       3.00000000000000006E-003
 # LP:       0.55000000000630678     
 # TIME  LP  TMAB  TMDS  TMPC  TMZ
36965.9  3.00000000  0.96769610  0.01425335  0.96780106 -0.25254915
36966.0  3.00000000  0.96771983  0.01275540  0.96780389 -0.25253378
36966.1  3.00000000  0.96773442  0.01189999  0.96780759 -0.25251305
36966.2  3.00000000  0.96773954  0.01180449  0.96781153 -0.25249112
36966.3  3.00000000  0.96773514  0.01243406  0.96781502 -0.25247215
36966.4  3.00000000  0.96772145  0.01362145  0.96781731 -0.25245959
36966.5  3.00000000  0.96770020  0.01510638  0.96781810 -0.25245532
36966.6  3.00000000  0.96767518  0.01658880  0.96781736 -0.25245959
36966.7  3.00000000  0.96765173  0.01779028  0.96781525 -0.25247107
36966.8  3.00000000  0.96763545  0.01850382  0.96781236 -0.25248703
36966.9  3.00000000  0.96762998  0.01862711  0.96780926 -0.25250419
36967.0  3.00000000  0.96763569  0.01817762  0.96780641 -0.25251932
36967.1  3.00000000  0.96765022  0.01727980  0.96780449 -0.25252961
36967.2  3.00000000  0.96766940  0.01613180  0.96780386 -0.25253340
36967.3  3.00000000  0.96768862  0.01496674  0.96780435 -0.25253058
36967.4  3.00000000  0.96770448  0.01400651  0.96780584 -0.25252210
36967.5  3.00000000  0.96771517  0.01341685  0.96780818 -0.25250979
36967.6  3.00000000  0.96771957  0.01328209  0.96781072 -0.25249633
36967.7  3.00000000  0.96771730  0.01359798  0.96781283 -0.25248444
36967.8  3.00000000  0.96770906  0.01427496  0.96781435 -0.25247609
36967.9  3.00000000  0.96769629  0.01515974  0.96781503 -0.25247260
36968.0  3.00000000  0.96768121  0.01607217  0.96781467 -0.25247440
36968.1  3.00000000  0.96766696  0.01683919  0.96781347 -0.25248076
36968.2  3.00000000  0.96765662  0.01732581  0.96781172 -0.25249015
36968.3  3.00000000  0.96765225  0.01746001  0.96780976 -0.25250064
36968.4  3.00000000  0.96765451  0.01724042  0.96780808 -0.25251009
36968.5  3.00000000  0.96766228  0.01673156  0.96780692 -0.25251683
36968.6  3.00000000  0.96767323  0.01604976  0.96780632 -0.25251989
36968.7  3.00000000  0.96768497  0.01533595  0.96780649 -0.25251884
36968.8  3.00000000  0.96769541  0.01472534  0.96780744 -0.25251409
36968.9  3.00000000  0.96770275  0.01432523  0.96780878 -0.25250690
36969.0  3.00000000  0.96770605  0.01419756  0.96781020 -0.25249882
36969.1  3.00000000  0.96770519  0.01434773  0.96781154 -0.25249132
36969.2  3.00000000  0.96770049  0.01472784  0.96781256 -0.25248580
36969.3  3.00000000  0.96769284  0.01525113  0.96781301 -0.25248320
36969.4  3.00000000  0.96768376  0.01580973  0.96781290 -0.25248379
36969.5  3.00000000  0.96767508  0.01629586  0.96781228 -0.25248723
36969.6  3.00000000  0.96766851  0.01662315  0.96781128 -0.25249271
36969.7  3.00000000  0.96766534  0.01674094  0.96781014 -0.25249903
36969.8  3.00000000  0.96766600  0.01664097  0.96780908 -0.25250495
36969.9  3.00000000  0.96767002  0.01635703  0.96780825 -0.25250941
36970.0  3.00000000  0.96767630  0.01595531  0.96780783 -0.25251164
36970.1  3.00000000  0.96768346  0.01551905  0.96780790 -0.25251137
36970.2  3.00000000  0.96769004  0.01513255  0.96780835 -0.25250884
36970.3  3.00000000  0.96769492  0.01486549  0.96780909 -0.25250469
36970.4  3.00000000  0.96769743  0.01475990  0.96780999 -0.25249978
36970.5  3.00000000  0.96769732  0.01482438  0.96781087 -0.25249509
36970.6  3.00000000  0.96769472  0.01503538  0.96781152 -0.25249151
36970.7  3.00000000  0.96769023  0.01534342  0.96781186 -0.25248962
36970.8  3.00000000  0.96768477  0.01568379  0.96781186 -0.25248966
36970.9  3.00000000  0.96767942  0.01599027  0.96781152 -0.25249150
36971.0  3.00000000  0.96767522  0.01620754  0.96781094 -0.25249467
36971.1  3.00000000  0.96767296  0.01630072  0.96781024 -0.25249847
36971.2  3.00000000  0.96767294  0.01626073  0.96780956 -0.25250217
36971.3  3.00000000  0.96767502  0.01610428  0.96780902 -0.25250505
36971.4  3.00000000  0.96767864  0.01586867  0.96780874 -0.25250664
36971.5  3.00000000  0.96768293  0.01560366  0.96780873 -0.25250673
36971.6  3.00000000  0.96768706  0.01536094  0.96780897 -0.25250540
36971.7  3.00000000  0.96769030  0.01518476  0.96780943 -0.25250299
36971.8  3.00000000  0.96769211  0.01510359  0.96780997 -0.25250005
36971.9  3.00000000  0.96769227  0.01512648  0.96781049 -0.25249715
36972.0  3.00000000  0.96769089  0.01524187  0.96781092 -0.25249483
36972.1  3.00000000  0.96768828  0.01542171  0.96781116 -0.25249350
36972.2  3.00000000  0.96768498  0.01562803  0.96781117 -0.25249334
36972.3  3.00000000  0.96768170  0.01581997  0.96781101 -0.25249428
36972.4  3.00000000  0.96767902  0.01596246  0.96781066 -0.25249611
36972.5  3.00000000  0.96767745  0.01603223  0.96781025 -0.25249839
36972.6  3.00000000  0.96767723  0.01602085  0.96780984 -0.25250066
36972.7  3.00000000  0.96767828  0.01593616  0.96780950 -0.25250252
36972.8  3.00000000  0.96768034  0.01579909  0.96780931 -0.25250362
36972.9  3.00000000  0.96768291  0.01563873  0.96780927 -0.25250383
36973.0  3.00000000  0.96768545  0.01548723  0.96780937 -0.25250317
36973.1  3.00000000  0.96768755  0.01537239  0.96780965 -0.25250178
36973.2  3.00000000  0.96768884  0.01531276  0.96780999 -0.25250000
36973.3  3.00000000  0.96768907  0.01531630  0.96781027 -0.25249824
36973.4  3.00000000  0.96768834  0.01537842  0.96781052 -0.25249677
36973.5  3.00000000  0.96768688  0.01548279  0.96781073 -0.25249582
36973.6  3.00000000  0.96768494  0.01560679  0.96781078 -0.25249560
36973.7  3.00000000  0.96768289  0.01572636  0.96781067 -0.25249610
36973.8  3.00000000  0.96768119  0.01581920  0.96781048 -0.25249713
36973.9  3.00000000  0.96768013  0.01586934  0.96781024 -0.25249848
36974.0  3.00000000  0.96767985  0.01587042  0.96780999 -0.25249988
36974.1  3.00000000  0.96768037  0.01582561  0.96780977 -0.25250106
36974.2  3.00000000  0.96768152  0.01574635  0.96780963 -0.25250182
36974.3  3.00000000  0.96768304  0.01565006  0.96780958 -0.25250205
36974.4  3.00000000  0.96768462  0.01555597  0.96780965 -0.25250171
36974.5  3.00000000  0.96768597  0.01548144  0.96780980 -0.25250093
36974.6  3.00000000  0.96768682  0.01543930  0.96780998 -0.25249989
36974.7  3.00000000  0.96768708  0.01543543  0.96781018 -0.25249880
36974.8  3.00000000  0.96768675  0.01546774  0.96781036 -0.25249784
36974.9  3.00000000  0.96768591  0.01552765  0.96781048 -0.25249722
36975.0  3.00000000  0.96768473  0.01560219  0.96781050 -0.25249703
36975.1  3.00000000  0.96768350  0.01567630  0.96781047 -0.25249725
36975.2  3.00000000  0.96768243  0.01573594  0.96781036 -0.25249782
36975.3  3.00000000  0.96768170  0.01577098  0.96781021 -0.25249863
36975.4  3.00000000  0.96768145  0.01577652  0.96781005 -0.25249949
36975.5  3.00000000  0.96768169  0.01575346  0.96780992 -0.25250024
36975.6  3.00000000  0.96768234  0.01570814  0.96780982 -0.25250075
36975.7  3.00000000  0.96768324  0.01565059  0.96780979 -0.25250093
36975.8  3.00000000  0.96768421  0.01559244  0.96780982 -0.25250078
36975.9  3.00000000  0.96768506  0.01554468  0.96780990 -0.25250035
36976.0  3.00000000  0.96768563  0.01551565  0.96781001 -0.25249974
36976.1  3.00000000  0.96768586  0.01550945  0.96781014 -0.25249906
36976.2  3.00000000  0.96768571  0.01552567  0.96781025 -0.25249847
36976.3  3.00000000  0.96768523  0.01555982  0.96781032 -0.25249806
36976.4  3.00000000  0.96768454  0.01560423  0.96781035 -0.25249789
36976.5  3.00000000  0.96768379  0.01564981  0.96781033 -0.25249798
36976.6  3.00000000  0.96768311  0.01568793  0.96781027 -0.25249831
36976.7  3.00000000  0.96768264  0.01571195  0.96781018 -0.25249878
36976.8  3.00000000  0.96768244  0.01571829  0.96781009 -0.25249930
36976.9  3.00000000  0.96768254  0.01570696  0.96781000 -0.25249977
36977.0  3.00000000  0.96768289  0.01568131  0.96780994 -0.25250011
36977.1  3.00000000  0.96768342  0.01564712  0.96780992 -0.25250025
36977.2  3.00000000  0.96768401  0.01561140  0.96780993 -0.25250020
36977.3  3.00000000  0.96768454  0.01558099  0.96780997 -0.25249996
36977.4  3.00000000  0.96768493  0.01556124  0.96781004 -0.25249960
36977.5  3.00000000  0.96768510  0.01555513  0.96781011 -0.25249919
36977.6  3.00000000  0.96768504  0.01556290  0.96781018 -0.25249882
36977.7  3.00000000  0.96768478  0.01558214  0.96781023 -0.25249855
36977.8  3.00000000  0.96768438  0.01560843  0.96781025 -0.25249842
36977.9  3.00000000  0.96768392  0.01563637  0.96781025 -0.25249845
36978.0  3.00000000  0.96768350  0.01566059  0.96781021 -0.25249863
36978.1  3.00000000  0.96768319  0.01567677  0.96781016 -0.25249890
36978.2  3.00000000  0.96768304  0.01568243  0.96781011 -0.25249922
36978.3  3.00000000  0.96768307  0.01567721  0.96781005 -0.25249951
36978.4  3.00000000  0.96768326  0.01566283  0.96781001 -0.25249973
36978.5  3.00000000  0.96768357  0.01564263  0.96780999 -0.25249984
36978.6  3.00000000  0.96768392  0.01562080  0.96780999 -0.25249983
36978.7  3.00000000  0.96768426  0.01560157  0.96781002 -0.25249970
36978.8  3.00000000  0.96768451  0.01558836  0.96781006 -0.25249949
36978.9  3.00000000  0.96768464  0.01558325  0.96781010 -0.25249924
36979.0  3.00000000  0.96768463  0.01558655  0.96781014 -0.25249901
36979.1  3.00000000  0.96768449  0.01559703  0.96781018 -0.25249883
36979.2  3.00000000  0.96768426  0.01561233  0.96781019 -0.25249874
36979.3  3.00000000  0.96768398  0.01562941  0.96781019 -0.25249874
36979.4  3.00000000  0.96768372  0.01564486  0.96781018 -0.25249883
36979.5  3.00000000  0.96768351  0.01565587  0.96781015 -0.25249899
36979.6  3.00000000  0.96768340  0.01566060  0.96781011 -0.25249918
36979.7  3.00000000  0.96768340  0.01565858  0.96781008 -0.25249937
36979.8  3.00000000  0.96768350  0.01565063  0.96781005 -0.25249952
36979.9  3.00000000  0.96768368  0.01563868  0.96781004 -0.25249960
36980.0  3.00000000  0.96768389  0.01562525  0.96781004 -0.25249960
36980.1  3.00000000  0.96768410  0.01561300  0.96781005 -0.25249953
36980.2  3.00000000  0.96768427  0.01560417  0.96781007 -0.25249941
36980.3  3.00000000  0.96768436  0.01560018  0.96781010 -0.25249926
36980.4  3.00000000  0.96768437  0.01560149  0.96781013 -0.25249911
36980.5  3.00000000  0.96768429  0.01560749  0.96781015 -0.25249900
36980.6  3.00000000  0.96768415  0.01561671  0.96781016 -0.25249893
36980.7  3.00000000  0.96768399  0.01562720  0.96781016 -0.25249892
36980.8  3.00000000  0.96768382  0.01563688  0.96781015 -0.25249897
36980.9  3.00000000  0.96768369  0.01564398  0.96781013 -0.25249907
36981.0  3.00000000  0.96768361  0.01564731  0.96781011 -0.25249919
36981.1  3.00000000  0.96768360  0.01564651  0.96781009 -0.25249930
36981.2  3.00000000  0.96768366  0.01564199  0.96781007 -0.25249939
36981.3  3.00000000  0.96768377  0.01563488  0.96781006 -0.25249945
36981.4  3.00000000  0.96768390  0.01562668  0.96781006 -0.25249945
36981.5  3.00000000  0.96768403  0.01561903  0.96781007 -0.25249942
36981.6  3.00000000  0.96768413  0.01561334  0.96781008 -0.25249934
36981.7  3.00000000  0.96768419  0.01561056  0.96781010 -0.25249925
36981.8  3.00000000  0.96768420  0.01561102  0.96781012 -0.25249916
36981.9  3.00000000  0.96768416  0.01561442  0.96781013 -0.25249909
36982.0  3.00000000  0.96768408  0.01561991  0.96781014 -0.25249905
36982.1  3.00000000  0.96768398  0.01562630  0.96781014 -0.25249904
36982.2  3.00000000  0.96768388  0.01563234  0.96781013 -0.25249906
36982.3  3.00000000  0.96768379  0.01563690  0.96781012 -0.25249912
36982.4  3.00000000  0.96768374  0.01563919  0.96781011 -0.25249919
36982.5  3.00000000  0.96768373  0.01563897  0.96781010 -0.25249926
36982.6  3.00000000  0.96768376  0.01563643  0.96781009 -0.25249932
36982.7  3.00000000  0.96768383  0.01563219  0.96781008 -0.25249936
36982.8  3.00000000  0.96768391  0.01562726  0.96781008 -0.25249936
36982.9  3.00000000  0.96768398  0.01562259  0.96781008 -0.25249934
36983.0  3.00000000  0.96768405  0.01561921  0.96781009 -0.25249930
36983.1  3.00000000  0.96768408  0.01561740  0.96781010 -0.25249925
36983.2  3.00000000  0.96768409  0.01561737  0.96781011 -0.25249920
36983.3  3.00000000  0.96768408  0.01561900  0.96781012 -0.25249915
36983.4  3.00000000  0.96768403  0.01562189  0.96781012 -0.25249912
36983.5  3.00000000  0.96768398  0.01562547  0.96781013 -0.25249911
36983.6  3.00000000  0.96768392  0.01562908  0.96781012 -0.25249912
36983.7  3.00000000  0.96768386  0.01563209  0.96781012 -0.25249915
36983.8  3.00000000  0.96768383  0.01563392  0.96781011 -0.25249919
36983.9  3.00000000  0.96768381  0.01563428  0.96781010 -0.25249923
36984.0  3.00000000  0.96768383  0.01563318  0.96781010 -0.25249927
36984.1  3.00000000  0.96768386  0.01563087  0.96781009 -0.25249930
36984.2  3.00000000  0.96768390  0.01562785  0.96781009 -0.25249931
36984.3  3.00000000  0.96768396  0.01562480  0.96781009 -0.25249930
36984.4  3.00000000  0.96768400  0.01562233  0.96781009 -0.25249928
36984.5  3.00000000  0.96768403  0.01562088  0.96781010 -0.25249925
36984.6  3.00000000  0.96768404  0.01562063  0.96781011 -0.25249921
36984.7  3.00000000  0.96768403  0.01562155  0.96781011 -0.25249918
36984.8  3.00000000  0.96768400  0.01562338  0.96781012 -0.25249916
36984.9  3.00000000  0.96768397  0.01562570  0.96781012 -0.25249915
36985.0  3.00000000  0.96768393  0.01562805  0.96781012 -0.25249916
36985.1  3.00000000  0.96768390  0.01562999  0.96781011 -0.25249917
36985.2  3.00000000  0.96768387  0.01563117  0.96781011 -0.25249920
36985.3  3.00000000  0.96768386  0.01563140  0.96781010 -0.25249923
36985.4  3.00000000  0.96768387  0.01563074  0.96781010 -0.25249925
36985.5  3.00000000  0.96768389  0.01562935  0.96781010 -0.25249927
36985.6  3.00000000  0.96768392  0.01562753  0.96781010 -0.25249928
36985.7  3.00000000  0.96768395  0.01562567  0.96781010 -0.25249927
36985.8  3.00000000  0.96768397  0.01562411  0.96781010 -0.25249926
36985.9  3.00000000  0.96768399  0.01562312  0.96781010 -0.25249924
36986.0  3.00000000  0.96768400  0.01562287  0.96781011 -0.25249922
36986.1  3.00000000  0.96768400  0.01562334  0.96781011 -0.25249920
36986.2  3.00000000  0.96768398  0.01562441  0.96781011 -0.25249918
36986.3  3.00000000  0.96768396  0.01562583  0.96781011 -0.25249918
36986.4  3.00000000  0.96768394  0.01562732  0.96781011 -0.25249918
36986.5  3.00000000  0.96768391  0.01562860  0.96781011 -0.25249919
36986.6  3.00000000  0.96768390  0.01562944  0.96781011 -0.25249920
36986.7  3.00000000  0.96768389  0.01562971  0.96781011 -0.25249922
36986.8  3.00000000  0.96768389  0.01562939  0.96781010 -0.25249924
36986.9  3.00000000  0.96768390  0.01562857  0.96781010 -0.25249925
36987.0  3.00000000  0.96768392  0.01562745  0.96781010 -0.25249926
36987.1  3.00000000  0.96768394  0.01562624  0.96781010 -0.25249925
36987.2  3.00000000  0.96768396  0.01562519  0.96781010 -0.25249925
36987.3  3.00000000  0.96768397  0.01562449  0.96781010 -0.25249923
36987.4  3.00000000  0.96768398  0.01562424  0.96781011 -0.25249922
36987.5  3.00000000  0.96768398  0.01562447  0.96781011 -0.25249921
36987.6  3.00000000  0.96768397  0.01562510  0.96781011 -0.25249920
36987.7  3.00000000  0.96768396  0.01562599  0.96781011 -0.25249919
36987.8  3.00000000  0.96768394  0.01562694  0.96781011 -0.25249919
36987.9  3.00000000  0.96768393  0.01562778  0.96781011 -0.25249920
36988.0  3.00000000  0.96768391  0.01562837  0.96781011 -0.25249921
36988.1  3.00000000  0.96768391  0.01562860  0.96781011 -0.25249922
36988.2  3.00000000  0.96768391  0.01562846  0.96781010 -0.25249923
36988.3  3.00000000  0.96768391  0.01562800  0.96781010 -0.25249924
36988.4  3.00000000  0.96768393  0.01562732  0.96781010 -0.25249924
36988.5  3.00000000  0.96768394  0.01562654  0.96781010 -0.25249924
36988.6  3.00000000  0.96768395  0.01562584  0.96781010 -0.25249924
36988.7  3.00000000  0.96768396  0.01562531  0.96781010 -0.25249923
36988.8  3.00000000  0.96768396  0.01562509  0.96781010 -0.25249922
36988.9  3.00000000  0.96768396  0.01562521  0.96781011 -0.25249921
36989.0  3.00000000  0.96768396  0.01562556  0.96781011 -0.25249921
36989.1  3.00000000  0.96768395  0.01562605  0.96781011 -0.25249920
36989.2  3.00000000  0.96768394  0.01562661  0.96781011 -0.25249920
36989.3  3.00000000  0.96768393  0.01562714  0.96781011 -0.25249921
36989.4  3.00000000  0.96768393  0.01562757  0.96781011 -0.25249921
36989.5  3.00000000  0.96768392  0.01562783  0.96781011 -0.25249922
36989.6  3.00000000  0.96768392  0.01562786  0.96781010 -0.25249922
36989.7  3.00000000  0.96768392  0.01562769  0.96781010 -0.25249923
36989.8  3.00000000  0.96768393  0.01562733  0.96781010 -0.25249923
36989.9  3.00000000  0.96768393  0.01562685  0.96781010 -0.25249924
36990.0  3.00000000  0.96768394  0.01562636  0.96781010 -0.25249923
36990.1  3.00000000  0.96768395  0.01562594  0.96781010 -0.25249923
36990.2  3.00000000  0.96768396  0.01562565  0.96781010 -0.25249923
36990.3  3.00000000  0.96768396  0.01562555  0.96781011 -0.25249922
36990.4  3.00000000  0.96768396  0.01562565  0.96781011 -0.25249921
36990.5  3.00000000  0.96768395  0.01562593  0.96781011 -0.25249921
36990.6  3.00000000  0.96768395  0.01562632  0.96781011 -0.25249921
36990.7  3.00000000  0.96768394  0.01562677  0.96781011 -0.25249921
36990.8  3.00000000  0.96768393  0.01562719  0.96781011 -0.25249921
36990.9  3.00000000  0.96768393  0.01562750  0.96781011 -0.25249921
36991.0  3.00000000  0.96768392  0.01562766  0.96781011 -0.25249922
36991.1  3.00000000  0.96768392  0.01562763  0.96781010 -0.25249922
36991.2  3.00000000  0.96768393  0.01562744  0.96781010 -0.25249923
36991.3  3.00000000  0.96768393  0.01562711  0.96781010 -0.25249923
36991.4  3.00000000  0.96768394  0.01562670  0.96781010 -0.25249923
36991.5  3.00000000  0.96768394  0.01562631  0.96781010 -0.25249923
36991.6  3.00000000  0.96768395  0.01562598  0.96781010 -0.25249923
36991.7  3.00000000  0.96768395  0.01562579  0.96781010 -0.25249922
36991.8  3.00000000  0.96768395  0.01562575  0.96781011 -0.25249922
36991.9  3.00000000  0.96768395  0.01562588  0.96781011 -0.25249921
36992.0  3.00000000  0.96768395  0.01562614  0.96781011 -0.25249921
36992.1  3.00000000  0.96768394  0.01562649  0.96781011 -0.25249921
36992.2  3.00000000  0.96768394  0.01562686  0.96781011 -0.25249921
36992.3  3.00000000  0.96768393  0.01562718  0.96781011 -0.25249921
36992.4  3.00000000  0.96768393  0.01562741  0.96781011 -0.25249922
36992.5  3.00000000  0.96768393  0.01562749  0.96781011 -0.25249922
36992.6  3.00000000  0.96768393  0.01562743  0.96781010 -0.25249923
36992.7  3.00000000  0.96768393  0.01562723  0.96781010 -0.25249923
36992.8  3.00000000  0.96768393  0.01562694  0.96781010 -0.25249923
36992.9  3.00000000  0.96768394  0.01562660  0.96781010 -0.25249923
36993.0  3.00000000  0.96768394  0.01562629  0.96781010 -0.25249923
36993.1  3.00000000  0.96768395  0.01562604  0.96781010 -0.25249923
36993.2  3.00000000  0.96768395  0.01562592  0.96781011 -0.25249922
36993.3  3.00000000  0.96768395  0.01562592  0.96781011 -0.25249922
36993.4  3.00000000  0.96768395  0.01562605  0.96781011 -0.25249921
36993.5  3.00000000  0.96768395  0.01562627  0.96781011 -0.25249921
36993.6  3.00000000  0.96768394  0.01562656  0.96781011 -0.25249921
36993.7  3.00000000  0.96768394  0.01562685  0.96781011 -0.25249921
36993.8  3.00000000  0.96768393  0.01562711  0.96781011 -0.25249921
36993.9  3.00000000  0.96768393  0.01562728  0.96781011 -0.25249922
36994.0  3.00000000  0.96768393  0.01562735  0.96781011 -0.25249922
36994.1  3.00000000  0.96768393  0.01562730  0.96781010 -0.25249922
36994.2  3.00000000  0.96768393  0.01562715  0.96781010 -0.25249923
36994.3  3.00000000  0.96768393  0.01562691  0.96781010 -0.25249923
36994.4  3.00000000  0.96768394  0.01562663  0.96781010 -0.25249923
36994.5  3.00000000  0.96768394  0.01562634  0.96781010 -0.25249923
36994.6  3.00000000  0.96768395  0.01562609  0.96781010 -0.25249923
36994.7  3.00000000  0.96768395  0.01562593  0.96781010 -0.25249922
36994.8  3.00000000  0.96768395  0.01562588  0.96781011 -0.25249922
36994.9  3.00000000  0.96768395  0.01562596  0.96781011 -0.25249922
36995.0  3.00000000  0.96768395  0.01562616  0.96781011 -0.25249921
36995.1  3.00000000  0.96768394  0.01562646  0.96781011 -0.25249921
36995.2  3.00000000  0.96768394  0.01562677  0.96781011 -0.25249921
36995.3  3.00000000  0.96768394  0.01562705  0.96781011 -0.25249921
36995.4  3.00000000  0.96768393  0.01562724  0.96781011 -0.25249922
36995.5  3.00000000  0.96768393  0.01562733  0.96781011 -0.25249922
36995.6  3.00000000  0.96768393  0.01562731  0.96781010 -0.25249922
36995.7  3.00000000  0.96768393  0.01562719  0.96781010 -0.25249923
36995.8  3.00000000  0.96768393  0.01562700  0.96781010 -0.25249923
36995.9  3.00000000  0.96768394  0.01562678  0.96781010 -0.25249923
36996.0  3.00000000  0.96768394  0.01562657  0.96781010 -0.25249923
36996.1  3.00000000  0.96768394  0.01562639  0.96781010 -0.25249923
36996.2  3.00000000  0.96768395  0.01562628  0.96781010 -0.25249922
36996.3  3.00000000  0.96768395  0.01562623  0.96781011 -0.25249922
36996.4  3.00000000  0.96768395  0.01562626  0.96781011 -0.25249922
36996.5  3.00000000  0.96768395  0.01562633  0.96781011 -0.25249922
36996.6  3.00000000  0.96768394  0.01562646  0.96781011 -0.25249922
36996.7  3.00000000  0.96768394  0.01562659  0.96781011 -0.25249922
36996.8  3.00000000  0.96768394  0.01562672  0.96781011 -0.25249922
36996.9  3.00000000  0.96768394  0.01562682  0.96781011 -0.25249922
36997.0  3.00000000  0.96768394  0.01562689  0.96781011 -0.25249922
36997.1  3.00000000  0.96768394  0.01562692  0.96781011 -0.25249922
36997.2  3.00000000  0.96768394  0.01562690  0.96781011 -0.25249922
36997.3  3.00000000  0.96768394  0.01562685  0.96781011 -0.25249922
36997.4  3.00000000  0.96768394  0.01562678  0.96781010 -0.25249922
36997.5  3.00000000  0.96768394  0.01562670  0.96781010 -0.25249922
36997.6  3.00000000  0.96768394  0.01562662  0.96781010 -0.25249922
36997.7  3.00000000  0.96768394  0.01562656  0.96781011 -0.25249922
36997.8  3.00000000  0.96768394  0.01562652  0.96781011 -0.25249922
36997.9  3.00000000  0.96768394  0.01562651  0.96781011 -0.25249922
36998.0  3.00000000  0.96768394  0.01562651  0.96781011 -0.25249922
36998.1  3.00000000  0.96768394  0.01562654  0.96781011 -0.25249922
36998.2  3.00000000  0.96768394  0.01562657  0.96781011 -0.25249922
36998.3  3.00000000  0.96768394  0.01562662  0.96781011 -0.25249922
36998.4  3.00000000  0.96768394  0.01562666  0.96781011 -0.25249922
36998.5  3.00000000  0.96768394  0.01562670  0.96781011 -0.25249922
36998.6  3.00000000  0.96768394  0.01562673  0.96781011 -0.25249922
36998.7  3.00000000  0.96768394  0.01562675  0.96781011 -0.25249922
36998.8  3.00000000  0.96768394  0.01562676  0.96781011 -0.25249922
36998.9  3.00000000  0.96768394  0.01562675  0.96781011 -0.25249922
36999.0  3.00000000  0.96768394  0.01562674  0.96781011 -0.25249922
36999.1  3.00000000  0.96768394  0.01562671  0.96781011 -0.25249922
36999.2  3.00000000  0.96768394  0.01562668  0.96781011 -0.25249922
36999.3  3.00000000  0.96768394  0.01562667  0.96781011 -0.25249922
36999.4  3.00000000  0.96768394  0.01562665  0.96781011 -0.25249922
36999.5  3.00000000  0.96768394  0.01562664  0.96781011 -0.25249922
36999.6  3.00000000  0.96768394  0.01562663  0.96781011 -0.25249922
36999.7  3.00000000  0.96768394  0.01562663  0.96781011 -0.25249922
36999.8  3.00000000  0.96768394  0.01562664  0.96781011 -0.25249922
36999.9  3.00000000  0.96768394  0.01562664  0.96781011 -0.25249922
37000.0  3.00000000  0.96768394  0.01562665  0.96781011 -0.25249922
37000.1  3.00000000  0.96768394  0.01562666  0.96781011 -0.25249922
37000.2  3.00000000  0.96768394  0.01562666  0.96781011 -0.25249922
37000.3  3.00000000  0.96768394  0.01562666  0.96781011 -0.25249922
37000.4  3.00000000  0.96768394  0.01562666  0.96781011 -0.25249922
37000.5  3.00000000  0.96768394  0.01562666  0.96781011 -0.25249922
37000.6  3.00000000  0.96768394  0.01562666  0.96781011 -0.25249922
37000.7  3.00000000  0.96768394  0.01562666  0.96781011 -0.25249922
37000.8  3.00000000  0.96768394  0.01562666  0.96781011 -0.25249922
37000.9  3.00000000  0.96768394  0.01562666  0.96781011 -0.25249922
37001.0  3.00000000  0.96768394  0.01562666  0.96781011 -0.25249922
37001.1  3.00000000  0.96768394  0.01562666  0.96781011 -0.25249922
37001.2  3.00000000  0.96768394  0.01562666  0.96781011 -0.25249922
37001.3  3.00000000  0.96768394  0.01562666  0.96781011 -0.25249922
37001.4  3.00000000  0.96768394  0.01562666  0.96781011 -0.25249922
37001.5  3.00000000  0.96768394  0.01562666  0.96781011 -0.25249922
37001.6  3.00000000  0.96768394  0.01562666  0.96781011 -0.25249922
37001.7  3.00000000  0.96768394  0.01562666  0.96781011 -0.25249922
37001.8  3.00000000  0.96768394  0.01562666  0.96781011 -0.25249922
37001.9  3.00000000  0.96768394  0.01562666  0.96781011 -0.25249922
37002.0  3.00000000  0.96768394  0.01562666  0.96781011 -0.25249922
37002.1  3.00000000  0.96768394  0.01562666  0.96781011 -0.25249922
37002.2  3.00000000  0.96768394  0.01562666  0.96781011 -0.25249922
37002.3  3.00000000  0.96768394  0.01562666  0.96781011 -0.25249922
37002.4  3.00000000  0.96768394  0.01562666  0.96781011 -0.25249922
37002.5  3.00000000  0.96768394  0.01562666  0.96781011 -0.25249922
37002.6  3.00000000  0.96768394  0.01562666  0.96781011 -0.25249922
37002.7  3.00000000  0.96768394  0.01562666  0.96781011 -0.25249922
37002.8  3.00000000  0.96768394  0.01562666  0.96781011 -0.25249922
37002.9  3.00000000  0.96768394  0.01562666  0.96781011 -0.25249922
37003.0  3.00000000  0.96768394  0.01562666  0.96781011 -0.25249922
37003.1  3.00000000  0.96768394  0.01562666  0.96781011 -0.25249922
37003.2  3.00000000  0.96768394  0.01562666  0.96781011 -0.25249922
37003.3  3.00000000  0.96768394  0.01562666  0.96781011 -0.25249922
37003.4  3.00000000  0.96768394  0.01562666  0.96781011 -0.25249922
37003.5  3.00000000  0.96768394  0.01562666  0.96781011 -0.25249922
37003.6  3.00000000  0.96768394  0.01562666  0.96781011 -0.25249922
37003.7  3.00000000  0.96768394  0.01562666  0.96781011 -0.25249922
37003.8  3.00000000  0.96768394  0.01562666  0.96781011 -0.25249922
37003.9  3.00000000  0.96768394  0.01562666  0.96781011 -0.25249922
37004.0  3.00000000  0.96768394  0.01562666  0.96781011 -0.25249922
37004.1  3.00000000  0.96768394  0.01562666  0.96781011 -0.25249922
37004.2  3.00000000  0.96768394  0.01562666  0.96781011 -0.25249922
37004.3  3.00000000  0.96768394  0.01562666  0.96781011 -0.25249922
37004.4  3.00000000  0.96768394  0.01562666  0.96781011 -0.25249922
37004.5  3.00000000  0.96768394  0.01562666  0.96781011 -0.25249922
37004.6  3.00000000  0.96768394  0.01562666  0.96781011 -0.25249922
37004.7  3.00000000  0.96768394  0.01562666  0.96781011 -0.25249922
37004.8  3.00000000  0.96768394  0.01562666  0.96781011 -0.25249922
37004.9  3.00000000  0.96768394  0.01562666  0.96781011 -0.25249922
37005.0  3.00000000  0.96768394  0.01562666  0.96781011 -0.25249922
37005.1  3.00000000  0.96768394  0.01562666  0.96781011 -0.25249922
37005.2  3.00000000  0.96768394  0.01562666  0.96781011 -0.25249922
37005.3  3.00000000  0.96768394  0.01562666  0.96781011 -0.25249922
37005.4  3.00000000  0.96768394  0.01562666  0.96781011 -0.25249922
37005.5  3.00000000  0.96768394  0.01562666  0.96781011 -0.25249922
37005.6  3.00000000  0.96768394  0.01562666  0.96781011 -0.25249922
37005.7  3.00000000  0.96768394  0.01562666  0.96781011 -0.25249922
37005.8  3.00000000  0.96768394  0.01562666  0.96781011 -0.25249922
37005.9  3.00000000  0.96768394  0.01562666  0.96781011 -0.25249922
37006.0  3.00000000  0.96768394  0.01562666  0.96781011 -0.25249922
37006.1  3.00000000  0.96768394  0.01562666  0.96781011 -0.25249922
37006.2  3.00000000  0.96768394  0.01562666  0.96781011 -0.25249922
37006.3  3.00000000  0.96768394  0.01562666  0.96781011 -0.25249922
37006.4  3.00000000  0.96768394  0.01562666  0.96781011 -0.25249922
37006.5  3.00000000  0.96768394  0.01562666  0.96781011 -0.25249922
37006.6  3.00000000  0.96768394  0.01562666  0.96781011 -0.25249922
37006.7  3.00000000  0.96768394  0.01562666  0.96781011 -0.25249922
37006.8  3.00000000  0.96768394  0.01562666  0.96781011 -0.25249922
37006.9  3.00000000  0.96768394  0.01562666  0.96781011 -0.25249922
37007.0  3.00000000  0.96768394  0.01562666  0.96781011 -0.25249922
37007.1  3.00000000  0.96768394  0.01562666  0.96781011 -0.25249922
37007.2  3.00000000  0.96768394  0.01562666  0.96781011 -0.25249922
37007.3  3.00000000  0.96768394  0.01562666  0.96781011 -0.25249922
37007.4  3.00000000  0.96768394  0.01562666  0.96781011 -0.25249922
37007.5  3.00000000  0.96768394  0.01562666  0.96781011 -0.25249922
37007.6  3.00000000  0.96768394  0.01562666  0.96781011 -0.25249922
37007.7  3.00000000  0.96768394  0.01562666  0.96781011 -0.25249922
37007.8  3.00000000  0.96768394  0.01562666  0.96781011 -0.25249922
37007.9  3.00000000  0.96768394  0.01562666  0.96781011 -0.25249922
37008.0  3.00000000  0.96768394  0.01562666  0.96781011 -0.25249922
37008.1  3.00000000  0.96768394  0.01562666  0.96781011 -0.25249922
37008.2  3.00000000  0.96768394  0.01562666  0.96781011 -0.25249922
37008.3  3.00000000  0.96768394  0.01562666  0.96781011 -0.25249922
37008.4  3.00000000  0.96768394  0.01562666  0.96781011 -0.25249922
37008.5  3.00000000  0.96768394  0.01562666  0.96781011 -0.25249922
37008.6  3.00000000  0.96768394  0.01562666  0.96781011 -0.25249922
37008.7  3.00000000  0.96768394  0.01562666  0.96781011 -0.25249922
37008.8  3.00000000  0.96768394  0.01562666  0.96781011 -0.25249922
37008.9  3.00000000  0.96768394  0.01562666  0.96781011 -0.25249922
37009.0  3.00000000  0.96768394  0.01562666  0.96781011 -0.25249922
37009.1  3.00000000  0.96768394  0.01562666  0.96781011 -0.25249922
37009.2  3.00000000  0.96768394  0.01562666  0.96781011 -0.25249922
37009.3  3.00000000  0.96768394  0.01562666  0.96781011 -0.25249922
37009.4  3.00000000  0.96768394  0.01562666  0.96781011 -0.25249922
37009.5  3.00000000  0.96768394  0.01562666  0.96781011 -0.25249922
37009.6  3.00000000  0.96768394  0.01562666  0.96781011 -0.25249922
37009.7  3.00000000  0.96768394  0.01562666  0.96781011 -0.25249922
37009.8  3.00000000  0.96768394  0.01562666  0.96781011 -0.25249922
37009.9  3.00000000  0.96768394  0.01562666  0.96781011 -0.25249922
37010.0  3.00000000  0.96768394  0.01562666  0.96781011 -0.25249922
37010.1  3.00000000  0.96768394  0.01562666  0.96781011 -0.25249922
37010.2  3.00000000  0.96768394  0.01562666  0.96781011 -0.25249922
37010.3  3.00000000  0.96768394  0.01562666  0.96781011 -0.25249922
37010.4  3.00000000  0.96768394  0.01562666  0.96781011 -0.25249922
37010.5  3.00000000  0.96768394  0.01562666  0.96781011 -0.25249922
37010.6  3.00000000  0.96768394  0.01562666  0.96781011 -0.25249922
37010.7  3.00000000  0.96768394  0.01562666  0.96781011 -0.25249922
37010.8  3.00000000  0.96768394  0.01562666  0.96781011 -0.25249922
37010.9  3.00000000  0.96768394  0.01562666  0.96781011 -0.25249922
37011.0  3.00000000  0.96768394  0.01562666  0.96781011 -0.25249922
37011.1  3.00000000  0.96768394  0.01562666  0.96781011 -0.25249922
37011.2  3.00000000  0.96768394  0.01562666  0.96781011 -0.25249922
37011.3  3.00000000  0.96768394  0.01562666  0.96781011 -0.25249922
37011.4  3.00000000  0.96768394  0.01562666  0.96781011 -0.25249922
37011.5  3.00000000  0.96768394  0.01562666  0.96781011 -0.25249922
37011.6  3.00000000  0.96768394  0.01562666  0.96781011 -0.25249922
37011.7  3.00000000  0.96768394  0.01562666  0.96781011 -0.25249922
37011.8  3.00000000  0.96768394  0.01562666  0.96781011 -0.25249922
37011.9  3.00000000  0.96768394  0.01562666  0.96781011 -0.25249922
37012.0  3.00000000  0.96768394  0.01562666  0.96781011 -0.25249922
37012.1  3.00000000  0.96768394  0.01562666  0.96781011 -0.25249922
37012.2  3.00000000  0.96768394  0.01562666  0.96781011 -0.25249922
37012.3  3.00000000  0.96768394  0.01562666  0.96781011 -0.25249922
37012.4  3.00000000  0.96768394  0.01562666  0.96781011 -0.25249922
37012.5  3.00000000  0.96768394  0.01562666  0.96781011 -0.25249922
37012.6  3.00000000  0.96768394  0.01562666  0.96781011 -0.25249922
37012.7  3.00000000  0.96768394  0.01562666  0.96781011 -0.25249922
37012.8  3.00000000  0.96768394  0.01562666  0.96781011 -0.25249922
37012.9  3.00000000  0.96768394  0.01562666  0.96781011 -0.25249922
37013.0  3.00000000  0.96768394  0.01562666  0.96781011 -0.25249922
37013.1  3.00000000  0.96768394  0.01562666  0.96781011 -0.25249922
37013.2  3.00000000  0.96768394  0.01562666  0.96781011 -0.25249922
37013.3  3.00000000  0.96768394  0.01562666  0.96781011 -0.25249922
37013.4  3.00000000  0.96768394  0.01562666  0.96781011 -0.25249922
37013.5  3.00000000  0.96768394  0.01562666  0.96781011 -0.25249922
37013.6  3.00000000  0.96768394  0.01562666  0.96781011 -0.25249922
37013.7  3.00000000  0.96768394  0.01562666  0.96781011 -0.25249922
37013.8  3.00000000  0.96768394  0.01562666  0.96781011 -0.25249922
37013.9  3.00000000  0.96768394  0.01562666  0.96781011 -0.25249922
37014.0  3.00000000  0.96768394  0.01562666  0.96781011 -0.25249922
37014.1  3.00000000  0.96768394  0.01562666  0.96781011 -0.25249922
37014.2  3.00000000  0.96768394  0.01562666  0.96781011 -0.25249922
37014.3  3.00000000  0.96768394  0.01562666  0.96781011 -0.25249922
37014.4  3.00000000  0.96768394  0.01562666  0.96781011 -0.25249922
37014.5  3.00000000  0.96768394  0.01562666  0.96781011 -0.25249922
37014.6  3.00000000  0.96768394  0.01562666  0.96781011 -0.25249922
37014.7  3.00000000  0.96768394  0.01562666  0.96781011 -0.25249922
37014.8  3.00000000  0.96768394  0.01562666  0.96781011 -0.25249922
37014.9  3.00000000  0.96768394  0.01562666  0.96781011 -0.25249922
37015.0  3.00000000  0.96768394  0.01562666  0.96781011 -0.25249922
37015.1  3.00000000  0.96768394  0.01562666  0.96781011 -0.25249922
37015.2  3.00000000  0.96768394  0.01562666  0.96781011 -0.25249922
37015.3  3.00000000  0.96768394  0.01562666  0.96781011 -0.25249922
37015.4  3.00000000  0.96768394  0.01562666  0.96781011 -0.25249922
37015.5  3.00000000  0.96768394  0.01562666  0.96781011 -0.25249922
37015.6  3.00000000  0.96768394  0.01562666  0.96781011 -0.25249922
37015.7  3.00000000  0.96768394  0.01562666  0.96781011 -0.25249922
37015.8  3.00000000  0.96768394  0.01562666  0.96781011 -0.25249922
37015.9  3.00000000  0.96768394  0.01562666  0.96781011 -0.25249922
37016.0  3.00000000  0.96768394  0.01562666  0.96781011 -0.25249922
37016.1  3.00000000  0.96768394  0.01562666  0.96781011 -0.25249922
37016.2  3.00000000  0.96768394  0.01562666  0.96781011 -0.25249922
37016.3  3.00000000  0.96768394  0.01562666  0.96781011 -0.25249922
37016.4  3.00000000  0.96768394  0.01562666  0.96781011 -0.25249922
37016.5  3.00000000  0.96768394  0.01562666  0.96781011 -0.25249922
37016.6  3.00000000  0.96768394  0.01562666  0.96781011 -0.25249922
37016.7  3.00000000  0.96768394  0.01562666  0.96781011 -0.25249922
37016.8  3.00000000  0.96768394  0.01562666  0.96781011 -0.25249922
37016.9  3.00000000  0.96768394  0.01562666  0.96781011 -0.25249922
37017.0  3.00000000  0.96768394  0.01562666  0.96781011 -0.25249922
37017.1  3.00000000  0.96768394  0.01562666  0.96781011 -0.25249922
37017.2  3.00000000  0.96768394  0.01562666  0.96781011 -0.25249922
37017.3  3.00000000  0.96768394  0.01562666  0.96781011 -0.25249922
37017.4  3.00000000  0.96768394  0.01562666  0.96781011 -0.25249922
37017.5  3.00000000  0.96768394  0.01562666  0.96781011 -0.25249922
37017.6  3.00000000  0.96768394  0.01562666  0.96781011 -0.25249922
37017.7  3.00000000  0.96768394  0.01562666  0.96781011 -0.25249922
37017.8  3.00000000  0.96768394  0.01562666  0.96781011 -0.25249922
37017.9  3.00000000  0.96768394  0.01562666  0.96781011 -0.25249922
37018.0  3.00000000  0.96768394  0.01562666  0.96781011 -0.25249922
37018.1  3.00000000  0.96768394  0.01562666  0.96781011 -0.25249922
37018.2  3.00000000  0.96768394  0.01562666  0.96781011 -0.25249922
37018.3  3.00000000  0.96768394  0.01562666  0.96781011 -0.25249922
37018.4  3.00000000  0.96768394  0.01562666  0.96781011 -0.25249922
37018.5  3.00000000  0.96768394  0.01562666  0.96781011 -0.25249922
37018.6  3.00000000  0.96768394  0.01562666  0.96781011 -0.25249922
37018.7  3.00000000  0.96768394  0.01562666  0.96781011 -0.25249922
37018.8  3.00000000  0.96768394  0.01562666  0.96781011 -0.25249922
37018.9  3.00000000  0.96768394  0.01562666  0.96781011 -0.25249922
37019.0  3.00000000  0.96768394  0.01562666  0.96781011 -0.25249922
37019.1  3.00000000  0.96768394  0.01562666  0.96781011 -0.25249922
37019.2  3.00000000  0.96768394  0.01562666  0.96781011 -0.25249922
37019.3  3.00000000  0.96768394  0.01562666  0.96781011 -0.25249922
37019.4  3.00000000  0.96768394  0.01562666  0.96781011 -0.25249922
37019.5  3.00000000  0.96768394  0.01562666  0.96781011 -0.25249922
37019.6  3.00000000  0.96768394  0.01562666  0.96781011 -0.25249922
37019.7  3.00000000  0.96768394  0.01562666  0.96781011 -0.25249922
37019.8  3.00000000  0.96768394  0.01562666  0.96781011 -0.25249922
37019.9  3.00000000  0.96768394  0.01562666  0.96781011 -0.25249922
37020.0  3.00000000  0.96768394  0.01562666  0.96781011 -0.25249922
37020.1  3.00000000  0.96768394  0.01562666  0.96781011 -0.25249922
37020.2  3.00000000  0.96768394  0.01562666  0.96781011 -0.25249922
37020.3  3.00000000  0.96768394  0.01562666  0.96781011 -0.25249922
37020.4  3.00000000  0.96768394  0.01562666  0.96781011 -0.25249922
37020.5  3.00000000  0.96768394  0.01562666  0.96781011 -0.25249922
37020.6  3.00000000  0.96768394  0.01562666  0.96781011 -0.25249922
37020.7  3.00000000  0.96768394  0.01562666  0.96781011 -0.25249922
37020.8  3.00000000  0.96768394  0.01562666  0.96781011 -0.25249922
37020.9  3.00000000  0.96768394  0.01562666  0.96781011 -0.25249922
37021.0  3.00000000  0.96768394  0.01562666  0.96781011 -0.25249922
37021.1  3.00000000  0.96768394  0.01562666  0.96781011 -0.25249922
37021.2  3.00000000  0.96768394  0.01562666  0.96781011 -0.25249922
37021.3  3.00000000  0.96768394  0.01562666  0.96781011 -0.25249922
37021.4  3.00000000  0.96768394  0.01562666  0.96781011 -0.25249922
37021.5  3.00000000  0.96768394  0.01562666  0.96781011 -0.25249922
37021.6  3.00000000  0.96768394  0.01562666  0.96781011 -0.25249922
37021.7  3.00000000  0.96768394  0.01562666  0.96781011 -0.25249922
37021.8  3.00000000  0.96768394  0.01562666  0.96781011 -0.25249922
37021.9  3.00000000  0.96768394  0.01562666  0.96781011 -0.25249922
37022.0  3.00000000  0.96768394  0.01562666  0.96781011 -0.25249922
37022.1  3.00000000  0.96768394  0.01562666  0.96781011 -0.25249922
37022.2  3.00000000  0.96768394  0.01562666  0.96781011 -0.25249922
37022.3  3.00000000  0.96768394  0.01562666  0.96781011 -0.25249922
37022.4  3.00000000  0.96768394  0.01562666  0.96781011 -0.25249922
37022.5  3.00000000  0.96768394  0.01562666  0.96781011 -0.25249922
37022.6  3.00000000  0.96768394  0.01562666  0.96781011 -0.25249922
37022.7  3.00000000  0.96768394  0.01562666  0.96781011 -0.25249922
37022.8  3.00000000  0.96768394  0.01562666  0.96781011 -0.25249922
37022.9  3.00000000  0.96768394  0.01562666  0.96781011 -0.25249922
37023.0  3.00000000  0.96768394  0.01562666  0.96781011 -0.25249922
37023.1  3.00000000  0.96768394  0.01562666  0.96781011 -0.25249922
37023.2  3.00000000  0.96768394  0.01562666  0.96781011 -0.25249922
37023.3  3.00000000  0.96768394  0.01562666  0.96781011 -0.25249922
37023.4  3.00000000  0.96768394  0.01562666  0.96781011 -0.25249922
37023.5  3.00000000  0.96768394  0.01562666  0.96781011 -0.25249922
37023.6  3.00000000  0.96768394  0.01562666  0.96781011 -0.25249922
37023.7  3.00000000  0.96768394  0.01562666  0.96781011 -0.25249922
37023.8  3.00000000  0.96768394  0.01562666  0.96781011 -0.25249922
37023.9  3.00000000  0.96768394  0.01562666  0.96781011 -0.25249922
37024.0  3.00000000  0.96768394  0.01562666  0.96781011 -0.25249922
37024.1  3.00000000  0.96768394  0.01562666  0.96781011 -0.25249922
37024.2  3.00000000  0.96768394  0.01562666  0.96781011 -0.25249922
37024.3  3.00000000  0.96768394  0.01562666  0.96781011 -0.25249922
37024.4  3.00000000  0.96768394  0.01562666  0.96781011 -0.25249922
37024.5  3.00000000  0.96768394  0.01562666  0.96781011 -0.25249922
37024.6  3.00000000  0.96768394  0.01562666  0.96781011 -0.25249922
37024.7  3.00000000  0.96768394  0.01562666  0.96781011 -0.25249922
37024.8  3.00000000  0.96768394  0.01562666  0.96781011 -0.25249922
37024.9  3.00000000  0.96768394  0.01562666  0.96781011 -0.25249922
37025.0  3.00000000  0.96768394  0.01562666  0.96781011 -0.25249922
37025.1  3.00000000  0.96768394  0.01562666  0.96781011 -0.25249922
37025.2  3.00000000  0.96768394  0.01562666  0.96781011 -0.25249922
37025.3  3.00000000  0.96768394  0.01562666  0.96781011 -0.25249922
37025.4  3.00000000  0.96768394  0.01562666  0.96781011 -0.25249922
37025.5  3.00000000  0.96768394  0.01562666  0.96781011 -0.25249922
37025.6  3.00000000  0.96768394  0.01562666  0.96781011 -0.25249922
37025.7  3.00000000  0.96768394  0.01562666  0.96781011 -0.25249922
37025.8  3.00000000  0.96768394  0.01562666  0.96781011 -0.25249922
37025.9  3.00000000  0.96768394  0.01562666  0.96781011 -0.25249922
37026.0  3.00000000  0.96768394  0.01562666  0.96781011 -0.25249922
37026.1  3.00000000  0.96768394  0.01562666  0.96781011 -0.25249922
37026.2  3.00000000  0.96768394  0.01562666  0.96781011 -0.25249922
37026.3  3.00000000  0.96768394  0.01562666  0.96781011 -0.25249922
37026.4  3.00000000  0.96768394  0.01562666  0.96781011 -0.25249922
37026.5  3.00000000  0.96768394  0.01562666  0.96781011 -0.25249922
37026.6  3.00000000  0.96768394  0.01562666  0.96781011 -0.25249922
37026.7  3.00000000  0.96768394  0.01562666  0.96781011 -0.25249922
37026.8  3.00000000  0.96768394  0.01562666  0.96781011 -0.25249922
37026.9  3.00000000  0.96768394  0.01562666  0.96781011 -0.25249922
37027.0  3.00000000  0.96768394  0.01562666  0.96781011 -0.25249922
37027.1  3.00000000  0.96768394  0.01562666  0.96781011 -0.25249922
37027.2  3.00000000  0.96768394  0.01562666  0.96781011 -0.25249922
37027.3  3.00000000  0.96768394  0.01562666  0.96781011 -0.25249922
37027.4  3.00000000  0.96768394  0.01562666  0.96781011 -0.25249922
37027.5  3.00000000  0.96768394  0.01562666  0.96781011 -0.25249922
37027.6  3.00000000  0.96768394  0.01562666  0.96781011 -0.25249922
37027.7  3.00000000  0.96768394  0.01562666  0.96781011 -0.25249922
37027.8  3.00000000  0.96768394  0.01562666  0.96781011 -0.25249922
37027.9  3.00000000  0.96768394  0.01562666  0.96781011 -0.25249922
37028.0  3.00000000  0.96768394  0.01562666  0.96781011 -0.25249922
37028.1  3.00000000  0.96768394  0.01562666  0.96781011 -0.25249922
37028.2  3.00000000  0.96768394  0.01562666  0.96781011 -0.25249922
37028.3  3.00000000  0.96768394  0.01562666  0.96781011 -0.25249922
37028.4  3.00000000  0.96768394  0.01562666  0.96781011 -0.25249922
37028.5  3.00000000  0.96768394  0.01562666  0.96781011 -0.25249922
37028.6  3.00000000  0.96768394  0.01562666  0.96781011 -0.25249922
37028.7  3.00000000  0.96768394  0.01562666  0.96781011 -0.25249922
37028.8  3.00000000  0.96768394  0.01562666  0.96781011 -0.25249922
37028.9  3.00000000  0.96768394  0.01562666  0.96781011 -0.25249922
37029.0  3.00000000  0.96768394  0.01562666  0.96781011 -0.25249922
37029.1  3.00000000  0.96768394  0.01562666  0.96781011 -0.25249922
37029.2  3.00000000  0.96768394  0.01562666  0.96781011 -0.25249922
37029.3  3.00000000  0.96768394  0.01562666  0.96781011 -0.25249922
37029.4  3.00000000  0.96768394  0.01562666  0.96781011 -0.25249922
37029.5  3.00000000  0.96768394  0.01562666  0.96781011 -0.25249922
37029.6  3.00000000  0.96768394  0.01562666  0.96781011 -0.25249922
37029.7  3.00000000  0.96768394  0.01562666  0.96781011 -0.25249922
37029.8  3.00000000  0.96768394  0.01562666  0.96781011 -0.25249922
37029.9  3.00000000  0.96768394  0.01562666  0.96781011 -0.25249922
37030.0  3.00000000  0.96768394  0.01562666  0.96781011 -0.25249922
37030.1  3.00000000  0.96768394  0.01562666  0.96781011 -0.25249922
37030.2  3.00000000  0.96768394  0.01562666  0.96781011 -0.25249922
37030.3  3.00000000  0.96768394  0.01562666  0.96781011 -0.25249922
37030.4  3.00000000  0.96768394  0.01562666  0.96781011 -0.25249922
37030.5  3.00000000  0.96768394  0.01562666  0.96781011 -0.25249922
37030.6  3.00000000  0.96768394  0.01562666  0.96781011 -0.25249922
37030.7  3.00000000  0.96768394  0.01562666  0.96781011 -0.25249922
37030.8  3.00000000  0.96768394  0.01562666  0.96781011 -0.25249922
37030.9  3.00000000  0.96768394  0.01562666  0.96781011 -0.25249922
37031.0  3.00000000  0.96768394  0.01562666  0.96781011 -0.25249922
37031.1  3.00000000  0.96768394  0.01562666  0.96781011 -0.25249922
37031.2  3.00000000  0.96768394  0.01562666  0.96781011 -0.25249922
37031.3  3.00000000  0.96768394  0.01562666  0.96781011 -0.25249922
37031.4  3.00000000  0.96768394  0.01562666  0.96781011 -0.25249922
37031.5  3.00000000  0.96768394  0.01562666  0.96781011 -0.25249922
37031.6  3.00000000  0.96768394  0.01562666  0.96781011 -0.25249922
37031.7  3.00000000  0.96768394  0.01562666  0.96781011 -0.25249922
37031.8  3.00000000  0.96768394  0.01562666  0.96781011 -0.25249922
37031.9  3.00000000  0.96768394  0.01562666  0.96781011 -0.25249922
37032.0  3.00000000  0.96768394  0.01562666  0.96781011 -0.25249922
37032.1  3.00000000  0.96768394  0.01562666  0.96781011 -0.25249922
37032.2  3.00000000  0.96768394  0.01562666  0.96781011 -0.25249922
37032.3  3.00000000  0.96768394  0.01562666  0.96781011 -0.25249922
37032.4  3.00000000  0.96768394  0.01562666  0.96781011 -0.25249922
37032.5  3.00000000  0.96768394  0.01562666  0.96781011 -0.25249922
37032.6  3.00000000  0.96768394  0.01562666  0.96781011 -0.25249922
37032.7  3.00000000  0.96768394  0.01562666  0.96781011 -0.25249922
37032.8  3.00000000  0.96768394  0.01562666  0.96781011 -0.25249922
37032.9  3.00000000  0.96768394  0.01562666  0.96781011 -0.25249922
37033.0  3.00000000  0.96768394  0.01562666  0.96781011 -0.25249922
37033.1  3.00000000  0.96768394  0.01562666  0.96781011 -0.25249922
37033.2  3.00000000  0.96768394  0.01562666  0.96781011 -0.25249922
37033.3  3.00000000  0.96768394  0.01562666  0.96781011 -0.25249922
37033.4  3.00000000  0.96768394  0.01562666  0.96781011 -0.25249922
37033.5  3.00000000  0.96768394  0.01562666  0.96781011 -0.25249922
37033.6  3.00000000  0.96768394  0.01562666  0.96781011 -0.25249922
37033.7  3.00000000  0.96768394  0.01562666  0.96781011 -0.25249922
37033.8  3.00000000  0.96768394  0.01562666  0.96781011 -0.25249922
37033.9  3.00000000  0.96768394  0.01562666  0.96781011 -0.25249922
37034.0  3.00000000  0.96768394  0.01562666  0.96781011 -0.25249922
37034.1  3.00000000  0.96768394  0.01562666  0.96781011 -0.25249922
37034.2  3.00000000  0.96768394  0.01562666  0.96781011 -0.25249922
37034.3  3.00000000  0.96768394  0.01562666  0.96781011 -0.25249922
37034.4  3.00000000  0.96768394  0.01562666  0.96781011 -0.25249922
37034.5  3.00000000  0.96768394  0.01562666  0.96781011 -0.25249922
37034.6  3.00000000  0.96768394  0.01562666  0.96781011 -0.25249922
37034.7  3.00000000  0.96768394  0.01562666  0.96781011 -0.25249922
37034.8  3.00000000  0.96768394  0.01562666  0.96781011 -0.25249922
37034.9  3.00000000  0.96768394  0.01562666  0.96781011 -0.25249922
37035.0  3.00000000  0.96768394  0.01562666  0.96781011 -0.25249922
37035.1  3.00000000  0.96768394  0.01562666  0.96781011 -0.25249922
37035.2  3.00000000  0.96768394  0.01562666  0.96781011 -0.25249922
37035.3  3.00000000  0.96768394  0.01562666  0.96781011 -0.25249922
37035.4  3.00000000  0.96768394  0.01562666  0.96781011 -0.25249922
37035.5  3.00000000  0.96768394  0.01562666  0.96781011 -0.25249922
37035.6  3.00000000  0.96768394  0.01562666  0.96781011 -0.25249922
37035.7  3.00000000  0.96768394  0.01562666  0.96781011 -0.25249922
37035.8  3.00000000  0.96768394  0.01562666  0.96781011 -0.25249922
37035.9  3.00000000  0.96768394  0.01562666  0.96781011 -0.25249922
37036.0  3.00000000  0.96768394  0.01562666  0.96781011 -0.25249922
37036.1  3.00000000  0.96768394  0.01562666  0.96781011 -0.25249922
37036.2  3.00000000  0.96768394  0.01562666  0.96781011 -0.25249922
37036.3  3.00000000  0.96768394  0.01562666  0.96781011 -0.25249922
37036.4  3.00000000  0.96768394  0.01562666  0.96781011 -0.25249922
37036.5  3.00000000  0.96768394  0.01562666  0.96781011 -0.25249922
37036.6  3.00000000  0.96768394  0.01562666  0.96781011 -0.25249922
37036.7  3.00000000  0.96768394  0.01562666  0.96781011 -0.25249922
37036.8  3.00000000  0.96768394  0.01562666  0.96781011 -0.25249922
37036.9  3.00000000  0.96768394  0.01562666  0.96781011 -0.25249922
37037.0  3.00000000  0.96768394  0.01562666  0.96781011 -0.25249922
37037.1  3.00000000  0.96768394  0.01562666  0.96781011 -0.25249922
37037.2  3.00000000  0.96768394  0.01562666  0.96781011 -0.25249922
37037.3  3.00000000  0.96768394  0.01562666  0.96781011 -0.25249922
37037.4  3.00000000  0.96768394  0.01562666  0.96781011 -0.25249922
37037.5  3.00000000  0.96768394  0.01562666  0.96781011 -0.25249922
37037.6  3.00000000  0.96768394  0.01562666  0.96781011 -0.25249922
37037.7  3.00000000  0.96768394  0.01562666  0.96781011 -0.25249922
37037.8  3.00000000  0.96768394  0.01562666  0.96781011 -0.25249922
37037.9  3.00000000  0.96768394  0.01562666  0.96781011 -0.25249922
37038.0  3.00000000  0.96768394  0.01562666  0.96781011 -0.25249922
37038.1  3.00000000  0.96768394  0.01562666  0.96781011 -0.25249922
37038.2  3.00000000  0.96768394  0.01562666  0.96781011 -0.25249922
37038.3  3.00000000  0.96768394  0.01562666  0.96781011 -0.25249922
37038.4  3.00000000  0.96768394  0.01562666  0.96781011 -0.25249922
37038.5  3.00000000  0.96768394  0.01562666  0.96781011 -0.25249922
37038.6  3.00000000  0.96768394  0.01562666  0.96781011 -0.25249922
37038.7  3.00000000  0.96768394  0.01562666  0.96781011 -0.25249922
37038.8  3.00000000  0.96768394  0.01562666  0.96781011 -0.25249922
37038.9  3.00000000  0.96768394  0.01562666  0.96781011 -0.25249922
37039.0  3.00000000  0.96768394  0.01562666  0.96781011 -0.25249922
37039.1  3.00000000  0.96768394  0.01562666  0.96781011 -0.25249922
37039.2  3.00000000  0.96768394  0.01562666  0.96781011 -0.25249922
37039.3  3.00000000  0.96768394  0.01562666  0.96781011 -0.25249922
37039.4  3.00000000  0.96768394  0.01562666  0.96781011 -0.25249922
37039.5  3.00000000  0.96768394  0.01562666  0.96781011 -0.25249922
37039.6  3.00000000  0.96768394  0.01562666  0.96781011 -0.25249922
37039.7  3.00000000  0.96768394  0.01562666  0.96781011 -0.25249922
37039.8  3.00000000  0.96768394  0.01562666  0.96781011 -0.25249922
37039.9  3.00000000  0.96768394  0.01562666  0.96781011 -0.25249922
37040.0  3.00000000  0.96768394  0.01562666  0.96781011 -0.25249922
37040.1  3.00000000  0.96768394  0.01562666  0.96781011 -0.25249922
37040.2  3.00000000  0.96768394  0.01562666  0.96781011 -0.25249922
37040.3  3.00000000  0.96768394  0.01562666  0.96781011 -0.25249922
37040.4  3.00000000  0.96768394  0.01562666  0.96781011 -0.25249922
37040.5  3.00000000  0.96768394  0.01562666  0.96781011 -0.25249922
37040.6  3.00000000  0.96768394  0.01562666  0.96781011 -0.25249922
37040.7  3.00000000  0.96768394  0.01562666  0.96781011 -0.25249922
37040.8  3.00000000  0.96768394  0.01562666  0.96781011 -0.25249922
37040.9  3.00000000  0.96768394  0.01562666  0.96781011 -0.25249922
37041.0  3.00000000  0.96768394  0.01562666  0.96781011 -0.25249922
37041.1  3.00000000  0.96768394  0.01562666  0.96781011 -0.25249922
37041.2  3.00000000  0.96768394  0.01562666  0.96781011 -0.25249922
37041.3  3.00000000  0.96768394  0.01562666  0.96781011 -0.25249922
37041.4  3.00000000  0.96768394  0.01562666  0.96781011 -0.25249922
37041.5  3.00000000  0.96768394  0.01562666  0.96781011 -0.25249922
37041.6  3.00000000  0.96768394  0.01562666  0.96781011 -0.25249922
37041.7  3.00000000  0.96768394  0.01562666  0.96781011 -0.25249922
37041.8  3.00000000  0.96768394  0.01562666  0.96781011 -0.25249922
37041.9  3.00000000  0.96768394  0.01562666  0.96781011 -0.25249922
37042.0  3.00000000  0.96768394  0.01562666  0.96781011 -0.25249922
37042.1  3.00000000  0.96768394  0.01562666  0.96781011 -0.25249922
37042.2  3.00000000  0.96768394  0.01562666  0.96781011 -0.25249922
37042.3  3.00000000  0.96768394  0.01562666  0.96781011 -0.25249922
37042.4  3.00000000  0.96768394  0.01562666  0.96781011 -0.25249922
37042.5  3.00000000  0.96768394  0.01562666  0.96781011 -0.25249922
37042.6  3.00000000  0.96768394  0.01562666  0.96781011 -0.25249922
37042.7  3.00000000  0.96768394  0.01562666  0.96781011 -0.25249922
37042.8  3.00000000  0.96768394  0.01562666  0.96781011 -0.25249922
37042.9  3.00000000  0.96768394  0.01562666  0.96781011 -0.25249922
37043.0  3.00000000  0.96768394  0.01562666  0.96781011 -0.25249922
37043.1  3.00000000  0.96768394  0.01562666  0.96781011 -0.25249922
37043.2  3.00000000  0.96768394  0.01562666  0.96781011 -0.25249922
37043.3  3.00000000  0.96768394  0.01562666  0.96781011 -0.25249922
37043.4  3.00000000  0.96768394  0.01562666  0.96781011 -0.25249922
37043.5  3.00000000  0.96768394  0.01562666  0.96781011 -0.25249922
37043.6  3.00000000  0.96768394  0.01562666  0.96781011 -0.25249922
37043.7  3.00000000  0.96768394  0.01562666  0.96781011 -0.25249922
37043.8  3.00000000  0.96768394  0.01562666  0.96781011 -0.25249922
37043.9  3.00000000  0.96768394  0.01562666  0.96781011 -0.25249922
37044.0  3.00000000  0.96768394  0.01562666  0.96781011 -0.25249922
37044.1  3.00000000  0.96768394  0.01562666  0.96781011 -0.25249922
37044.2  3.00000000  0.96768394  0.01562666  0.96781011 -0.25249922
37044.3  3.00000000  0.96768394  0.01562666  0.96781011 -0.25249922
37044.4  3.00000000  0.96768394  0.01562666  0.96781011 -0.25249922
37044.5  3.00000000  0.96768394  0.01562666  0.96781011 -0.25249922
37044.6  3.00000000  0.96768394  0.01562666  0.96781011 -0.25249922
37044.7  3.00000000  0.96768394  0.01562666  0.96781011 -0.25249922
37044.8  3.00000000  0.96768394  0.01562666  0.96781011 -0.25249922
37044.9  3.00000000  0.96768394  0.01562666  0.96781011 -0.25249922
37045.0  3.00000000  0.96768394  0.01562666  0.96781011 -0.25249922
37045.1  3.00000000  0.96768394  0.01562666  0.96781011 -0.25249922
37045.2  3.00000000  0.96768394  0.01562666  0.96781011 -0.25249922
37045.3  3.00000000  0.96768394  0.01562666  0.96781011 -0.25249922
37045.4  3.00000000  0.96768394  0.01562666  0.96781011 -0.25249922
37045.5  3.00000000  0.96768394  0.01562666  0.96781011 -0.25249922
37045.6  3.00000000  0.96768394  0.01562666  0.96781011 -0.25249922
37045.7  3.00000000  0.96768394  0.01562666  0.96781011 -0.25249922
37045.8  3.00000000  0.96768394  0.01562666  0.96781011 -0.25249922
37045.9  3.00000000  0.96768394  0.01562666  0.96781011 -0.25249922
37046.0  3.00000000  0.96768394  0.01562666  0.96781011 -0.25249922
37046.1  3.00000000  0.96768394  0.01562666  0.96781011 -0.25249922
37046.2  3.00000000  0.96768394  0.01562666  0.96781011 -0.25249922
37046.3  3.00000000  0.96768394  0.01562666  0.96781011 -0.25249922
37046.4  3.00000000  0.96768394  0.01562666  0.96781011 -0.25249922
37046.5  3.00000000  0.96768394  0.01562666  0.96781011 -0.25249922
37046.6  3.00000000  0.96768394  0.01562666  0.96781011 -0.25249922
37046.7  3.00000000  0.96768394  0.01562666  0.96781011 -0.25249922
37046.8  3.00000000  0.96768394  0.01562666  0.96781011 -0.25249922
37046.9  3.00000000  0.96768394  0.01562666  0.96781011 -0.25249922
37047.0  3.00000000  0.96768394  0.01562666  0.96781011 -0.25249922
37047.1  3.00000000  0.96768394  0.01562666  0.96781011 -0.25249922
37047.2  3.00000000  0.96768394  0.01562666  0.96781011 -0.25249922
37047.3  3.00000000  0.96768394  0.01562666  0.96781011 -0.25249922
37047.4  3.00000000  0.96768394  0.01562666  0.96781011 -0.25249922
37047.5  3.00000000  0.96768394  0.01562666  0.96781011 -0.25249922
37047.6  3.00000000  0.96768394  0.01562666  0.96781011 -0.25249922
37047.7  3.00000000  0.96768394  0.01562666  0.96781011 -0.25249922
37047.8  3.00000000  0.96768394  0.01562666  0.96781011 -0.25249922
37047.9  3.00000000  0.96768394  0.01562666  0.96781011 -0.25249922
37048.0  3.00000000  0.96768394  0.01562666  0.96781011 -0.25249922
37048.1  3.00000000  0.96768394  0.01562666  0.96781011 -0.25249922
37048.2  3.00000000  0.96768394  0.01562666  0.96781011 -0.25249922
37048.3  3.00000000  0.96768394  0.01562666  0.96781011 -0.25249922
37048.4  3.00000000  0.96768394  0.01562666  0.96781011 -0.25249922
37048.5  3.00000000  0.96768394  0.01562666  0.96781011 -0.25249922
37048.6  3.00000000  0.96768394  0.01562666  0.96781011 -0.25249922
37048.7  3.00000000  0.96768394  0.01562666  0.96781011 -0.25249922
37048.8  3.00000000  0.96768394  0.01562666  0.96781011 -0.25249922
37048.9  3.00000000  0.96768394  0.01562666  0.96781011 -0.25249922
37049.0  3.00000000  0.96768394  0.01562666  0.96781011 -0.25249922
37049.1  3.00000000  0.96768394  0.01562666  0.96781011 -0.25249922
37049.2  3.00000000  0.96768394  0.01562666  0.96781011 -0.25249922
37049.3  3.00000000  0.96768394  0.01562666  0.96781011 -0.25249922
37049.4  3.00000000  0.96768394  0.01562666  0.96781011 -0.25249922
37049.5  3.00000000  0.96768394  0.01562666  0.96781011 -0.25249922
37049.6  3.00000000  0.96768394  0.01562666  0.96781011 -0.25249922
37049.7  3.00000000  0.96768394  0.01562666  0.96781011 -0.25249922
37049.8  3.00000000  0.96768394  0.01562666  0.96781011 -0.25249922
37049.9  3.00000000  0.96768394  0.01562666  0.96781011 -0.25249922
37050.0  3.00000000  0.96768394  0.01562666  0.96781011 -0.25249922
37050.1  3.00000000  0.96768394  0.01562666  0.96781011 -0.25249922
37050.2  3.00000000  0.96768394  0.01562666  0.96781011 -0.25249922
37050.3  3.00000000  0.96768394  0.01562666  0.96781011 -0.25249922
37050.4  3.00000000  0.96768394  0.01562666  0.96781011 -0.25249922
37050.5  3.00000000  0.96768394  0.01562666  0.96781011 -0.25249922
37050.6  3.00000000  0.96768394  0.01562666  0.96781011 -0.25249922
37050.7  3.00000000  0.96768394  0.01562666  0.96781011 -0.25249922
37050.8  3.00000000  0.96768394  0.01562666  0.96781011 -0.25249922
37050.9  3.00000000  0.96768394  0.01562666  0.96781011 -0.25249922
37051.0  3.00000000  0.96768394  0.01562666  0.96781011 -0.25249922
37051.1  3.00000000  0.96768394  0.01562666  0.96781011 -0.25249922
37051.2  3.00000000  0.96768394  0.01562666  0.96781011 -0.25249922
37051.3  3.00000000  0.96768394  0.01562666  0.96781011 -0.25249922
37051.4  3.00000000  0.96768394  0.01562666  0.96781011 -0.25249922
37051.5  3.00000000  0.96768394  0.01562666  0.96781011 -0.25249922
37051.6  3.00000000  0.96768394  0.01562666  0.96781011 -0.25249922
37051.7  3.00000000  0.96768394  0.01562666  0.96781011 -0.25249922
37051.8  3.00000000  0.96768394  0.01562666  0.96781011 -0.25249922
37051.9  3.00000000  0.96768394  0.01562666  0.96781011 -0.25249922
37052.0  3.00000000  0.96768394  0.01562666  0.96781011 -0.25249922
37052.1  3.00000000  0.96768394  0.01562666  0.96781011 -0.25249922
37052.2  3.00000000  0.96768394  0.01562666  0.96781011 -0.25249922
37052.3  3.00000000  0.96768394  0.01562666  0.96781011 -0.25249922
37052.4  3.00000000  0.96768394  0.01562666  0.96781011 -0.25249922
37052.5  3.00000000  0.96768394  0.01562666  0.96781011 -0.25249922
37052.6  3.00000000  0.96768394  0.01562666  0.96781011 -0.25249922
37052.7  3.00000000  0.96768394  0.01562666  0.96781011 -0.25249922
37052.8  3.00000000  0.96768394  0.01562666  0.96781011 -0.25249922
37052.9  3.00000000  0.96768394  0.01562666  0.96781011 -0.25249922
37053.0  3.00000000  0.96768394  0.01562666  0.96781011 -0.25249922
37053.1  3.00000000  0.96768394  0.01562666  0.96781011 -0.25249922
37053.2  3.00000000  0.96768394  0.01562666  0.96781011 -0.25249922
37053.3  3.00000000  0.96768394  0.01562666  0.96781011 -0.25249922
37053.4  3.00000000  0.96768394  0.01562666  0.96781011 -0.25249922
37053.5  3.00000000  0.96768394  0.01562666  0.96781011 -0.25249922
37053.6  3.00000000  0.96768394  0.01562666  0.96781011 -0.25249922
37053.7  3.00000000  0.96768394  0.01562666  0.96781011 -0.25249922
37053.8  3.00000000  0.96768394  0.01562666  0.96781011 -0.25249922
37053.9  3.00000000  0.96768394  0.01562666  0.96781011 -0.25249922
37054.0  3.00000000  0.96768394  0.01562666  0.96781011 -0.25249922
37054.1  3.00000000  0.96768394  0.01562666  0.96781011 -0.25249922
37054.2  3.00000000  0.96768394  0.01562666  0.96781011 -0.25249922
37054.3  3.00000000  0.96768394  0.01562666  0.96781011 -0.25249922
37054.4  3.00000000  0.96768394  0.01562666  0.96781011 -0.25249922
37054.5  3.00000000  0.96768394  0.01562666  0.96781011 -0.25249922
37054.6  3.00000000  0.96768394  0.01562666  0.96781011 -0.25249922
37054.7  3.00000000  0.96768394  0.01562666  0.96781011 -0.25249922
37054.8  3.00000000  0.96768394  0.01562666  0.96781011 -0.25249922
37054.9  3.00000000  0.96768394  0.01562666  0.96781011 -0.25249922
37055.0  3.00000000  0.96768394  0.01562666  0.96781011 -0.25249922
37055.1  3.00000000  0.96768394  0.01562666  0.96781011 -0.25249922
37055.2  3.00000000  0.96768394  0.01562666  0.96781011 -0.25249922
37055.3  3.00000000  0.96768394  0.01562666  0.96781011 -0.25249922
37055.4  3.00000000  0.96768394  0.01562666  0.96781011 -0.25249922
37055.5  3.00000000  0.96768394  0.01562666  0.96781011 -0.25249922
37055.6  3.00000000  0.96768394  0.01562666  0.96781011 -0.25249922
37055.7  3.00000000  0.96768394  0.01562666  0.96781011 -0.25249922
37055.8  3.00000000  0.96768394  0.01562666  0.96781011 -0.25249922
37055.9  3.00000000  0.96768394  0.01562666  0.96781011 -0.25249922
37056.0  3.00000000  0.96768394  0.01562666  0.96781011 -0.25249922
37056.1  3.00000000  0.96768394  0.01562666  0.96781011 -0.25249922
37056.2  3.00000000  0.96768394  0.01562666  0.96781011 -0.25249922
37056.3  3.00000000  0.96768394  0.01562666  0.96781011 -0.25249922
37056.4  3.00000000  0.96768394  0.01562666  0.96781011 -0.25249922
37056.5  3.00000000  0.96768394  0.01562666  0.96781011 -0.25249922
37056.6  3.00000000  0.96768394  0.01562666  0.96781011 -0.25249922
37056.7  3.00000000  0.96768394  0.01562666  0.96781011 -0.25249922
37056.8  3.00000000  0.96768394  0.01562666  0.96781011 -0.25249922
37056.9  3.00000000  0.96768394  0.01562666  0.96781011 -0.25249922
37057.0  3.00000000  0.96768394  0.01562666  0.96781011 -0.25249922
37057.1  3.00000000  0.96768394  0.01562666  0.96781011 -0.25249922
37057.2  3.00000000  0.96768394  0.01562666  0.96781011 -0.25249922
37057.3  3.00000000  0.96768394  0.01562666  0.96781011 -0.25249922
37057.4  3.00000000  0.96768394  0.01562666  0.96781011 -0.25249922
37057.5  3.00000000  0.96768394  0.01562666  0.96781011 -0.25249922
37057.6  3.00000000  0.96768394  0.01562666  0.96781011 -0.25249922
37057.7  3.00000000  0.96768394  0.01562666  0.96781011 -0.25249922
37057.8  3.00000000  0.96768394  0.01562666  0.96781011 -0.25249922
37057.9  3.00000000  0.96768394  0.01562666  0.96781011 -0.25249922
37058.0  3.00000000  0.96768394  0.01562666  0.96781011 -0.25249922
37058.1  3.00000000  0.96768394  0.01562666  0.96781011 -0.25249922
37058.2  3.00000000  0.96768394  0.01562666  0.96781011 -0.25249922
37058.3  3.00000000  0.96768394  0.01562666  0.96781011 -0.25249922
37058.4  3.00000000  0.96768394  0.01562666  0.96781011 -0.25249922
37058.5  3.00000000  0.96768394  0.01562666  0.96781011 -0.25249922
37058.6  3.00000000  0.96768394  0.01562666  0.96781011 -0.25249922
37058.7  3.00000000  0.96768394  0.01562666  0.96781011 -0.25249922
37058.8  3.00000000  0.96768394  0.01562666  0.96781011 -0.25249922
37058.9  3.00000000  0.96768394  0.01562666  0.96781011 -0.25249922
37059.0  3.00000000  0.96768394  0.01562666  0.96781011 -0.25249922
37059.1  3.00000000  0.96768394  0.01562666  0.96781011 -0.25249922
37059.2  3.00000000  0.96768394  0.01562666  0.96781011 -0.25249922
37059.3  3.00000000  0.96768394  0.01562666  0.96781011 -0.25249922
37059.4  3.00000000  0.96768394  0.01562666  0.96781011 -0.25249922
37059.5  3.00000000  0.96768394  0.01562666  0.96781011 -0.25249922
37059.6  3.00000000  0.96768394  0.01562666  0.96781011 -0.25249922
37059.7  3.00000000  0.96768394  0.01562666  0.96781011 -0.25249922
37059.8  3.00000000  0.96768394  0.01562666  0.96781011 -0.25249922
37059.9  3.00000000  0.96768394  0.01562666  0.96781011 -0.25249922
37060.0  3.00000000  0.96768394  0.01562666  0.96781011 -0.25249922
37060.1  3.00000000  0.96768394  0.01562666  0.96781011 -0.25249922
37060.2  3.00000000  0.96768394  0.01562666  0.96781011 -0.25249922
37060.3  3.00000000  0.96768394  0.01562666  0.96781011 -0.25249922
37060.4  3.00000000  0.96768394  0.01562666  0.96781011 -0.25249922
37060.5  3.00000000  0.96768394  0.01562666  0.96781011 -0.25249922
37060.6  3.00000000  0.96768394  0.01562666  0.96781011 -0.25249922
37060.7  3.00000000  0.96768394  0.01562666  0.96781011 -0.25249922
37060.8  3.00000000  0.96768394  0.01562666  0.96781011 -0.25249922
37060.9  3.00000000  0.96768394  0.01562666  0.96781011 -0.25249922
37061.0  3.00000000  0.96768394  0.01562666  0.96781011 -0.25249922
37061.1  3.00000000  0.96768394  0.01562666  0.96781011 -0.25249922
37061.2  3.00000000  0.96768394  0.01562666  0.96781011 -0.25249922
37061.3  3.00000000  0.96768394  0.01562666  0.96781011 -0.25249922
37061.4  3.00000000  0.96768394  0.01562666  0.96781011 -0.25249922
37061.5  3.00000000  0.96768394  0.01562666  0.96781011 -0.25249922
37061.6  3.00000000  0.96768394  0.01562666  0.96781011 -0.25249922
37061.7  3.00000000  0.96768394  0.01562666  0.96781011 -0.25249922
37061.8  3.00000000  0.96768394  0.01562666  0.96781011 -0.25249922
37061.9  3.00000000  0.96768394  0.01562666  0.96781011 -0.25249922
37062.0  3.00000000  0.96768394  0.01562666  0.96781011 -0.25249922
37062.1  3.00000000  0.96768394  0.01562666  0.96781011 -0.25249922
37062.2  3.00000000  0.96768394  0.01562666  0.96781011 -0.25249922
37062.3  3.00000000  0.96768394  0.01562666  0.96781011 -0.25249922
37062.4  3.00000000  0.96768394  0.01562666  0.96781011 -0.25249922
37062.5  3.00000000  0.96768394  0.01562666  0.96781011 -0.25249922
37062.6  3.00000000  0.96768394  0.01562666  0.96781011 -0.25249922
37062.7  3.00000000  0.96768394  0.01562666  0.96781011 -0.25249922
37062.8  3.00000000  0.96768394  0.01562666  0.96781011 -0.25249922
37062.9  3.00000000  0.96768394  0.01562666  0.96781011 -0.25249922
37063.0  3.00000000  0.96768394  0.01562666  0.96781011 -0.25249922
37063.1  3.00000000  0.96768394  0.01562666  0.96781011 -0.25249922
37063.2  3.00000000  0.96768394  0.01562666  0.96781011 -0.25249922
37063.3  3.00000000  0.96768394  0.01562666  0.96781011 -0.25249922
37063.4  3.00000000  0.96768394  0.01562666  0.96781011 -0.25249922
37063.5  3.00000000  0.96768394  0.01562666  0.96781011 -0.25249922
37063.6  3.00000000  0.96768394  0.01562666  0.96781011 -0.25249922
37063.7  3.00000000  0.96768394  0.01562666  0.96781011 -0.25249922
37063.8  3.00000000  0.96768394  0.01562666  0.96781011 -0.25249922
37063.9  3.00000000  0.96768394  0.01562666  0.96781011 -0.25249922
37064.0  3.00000000  0.96768394  0.01562666  0.96781011 -0.25249922
37064.1  3.00000000  0.96768394  0.01562666  0.96781011 -0.25249922
37064.2  3.00000000  0.96768394  0.01562666  0.96781011 -0.25249922
37064.3  3.00000000  0.96768394  0.01562666  0.96781011 -0.25249922
37064.4  3.00000000  0.96768394  0.01562666  0.96781011 -0.25249922
37064.5  3.00000000  0.96768394  0.01562666  0.96781011 -0.25249922
37064.6  3.00000000  0.96768394  0.01562666  0.96781011 -0.25249922
37064.7  3.00000000  0.96768394  0.01562666  0.96781011 -0.25249922
37064.8  3.00000000  0.96768394  0.01562666  0.96781011 -0.25249922
37064.9  3.00000000  0.96768394  0.01562666  0.96781011 -0.25249922
37065.0  3.00000000  0.96768394  0.01562666  0.96781011 -0.25249922
37065.1  3.00000000  0.96768394  0.01562666  0.96781011 -0.25249922
37065.2  3.00000000  0.96768394  0.01562666  0.96781011 -0.25249922
37065.3  3.00000000  0.96768394  0.01562666  0.96781011 -0.25249922
37065.4  3.00000000  0.96768394  0.01562666  0.96781011 -0.25249922
37065.5  3.00000000  0.96768394  0.01562666  0.96781011 -0.25249922
