 # AA:        120019.02243261988     
 # FLEGG:     132643.24273798766     
 # AF0:     -5.33308614247767210E-002
 # CPAR:      555.55779854881382     
 # Diff:     0.12463198212018202     
 # TF:       2.68328157299974766E-007
 # H:         284.00000000000000     
 # GRAD:     0.10000000000000001     
 # HR:       3.00000000000000006E-003
 # LP:       0.73004000842238270     
 # TIME  LP  TMAB  TMDS  TMPC  TMZ
10382.6  4.00000000  0.95654504  0.13289522  0.96573265 -0.26031451
10382.7  4.00000000  0.95676654  0.13133267  0.96573831 -0.26029173
10382.8  4.00000000  0.95694574  0.13007125  0.96574514 -0.26026444
10382.9  4.00000000  0.95707795  0.12915039  0.96575257 -0.26023504
10383.0  4.00000000  0.95716209  0.12858165  0.96576007 -0.26020578
10383.1  4.00000000  0.95720006  0.12835194  0.96576714 -0.26017854
10383.2  4.00000000  0.95719621  0.12842786  0.96577342 -0.26015481
10383.3  4.00000000  0.95715676  0.12876067  0.96577863 -0.26013564
10383.4  4.00000000  0.95708913  0.12929180  0.96578257 -0.26012164
10383.5  4.00000000  0.95700149  0.12995802  0.96578514 -0.26011300
10383.6  4.00000000  0.95690221  0.13069616  0.96578637 -0.26010951
10383.7  4.00000000  0.95679928  0.13144735  0.96578635 -0.26011068
10383.8  4.00000000  0.95669994  0.13216024  0.96578523 -0.26011577
10383.9  4.00000000  0.95661025  0.13279332  0.96578323 -0.26012388
10384.0  4.00000000  0.95653485  0.13331625  0.96578059 -0.26013405
10384.1  4.00000000  0.95647680  0.13371029  0.96577757 -0.26014532
10384.2  4.00000000  0.95643757  0.13396788  0.96577442 -0.26015677
10384.3  4.00000000  0.95641717  0.13409153  0.96577137 -0.26016763
10384.4  4.00000000  0.95641427  0.13409235  0.96576861 -0.26017727
10384.5  4.00000000  0.95642656  0.13398790  0.96576629 -0.26018522
10384.6  4.00000000  0.95645105  0.13380017  0.96576451 -0.26019120
10384.7  4.00000000  0.95648433  0.13355349  0.96576332 -0.26019510
10384.8  4.00000000  0.95652291  0.13327256  0.96576273 -0.26019696
10384.9  4.00000000  0.95656346  0.13298085  0.96576269 -0.26019695
10385.0  4.00000000  0.95660302  0.13269919  0.96576312 -0.26019534
10385.1  4.00000000  0.95663911  0.13244470  0.96576394 -0.26019246
10385.2  4.00000000  0.95666988  0.13223022  0.96576503 -0.26018869
10385.3  4.00000000  0.95669408  0.13206414  0.96576628 -0.26018441
10385.4  4.00000000  0.95671107  0.13195044  0.96576757 -0.26017998
10385.5  4.00000000  0.95672079  0.13188907  0.96576881 -0.26017570
10385.6  4.00000000  0.95672364  0.13187651  0.96576992 -0.26017183
10385.7  4.00000000  0.95672043  0.13190657  0.96577084 -0.26016858
10385.8  4.00000000  0.95671223  0.13197111  0.96577154 -0.26016607
10385.9  4.00000000  0.95670031  0.13206090  0.96577200 -0.26016435
10386.0  4.00000000  0.95668597  0.13216640  0.96577223 -0.26016343
10386.1  4.00000000  0.95667050  0.13227840  0.96577224 -0.26016325
10386.2  4.00000000  0.95665509  0.13238858  0.96577208 -0.26016371
10386.3  4.00000000  0.95664074  0.13248995  0.96577177 -0.26016470
10386.4  4.00000000  0.95662825  0.13257713  0.96577136 -0.26016606
10386.5  4.00000000  0.95661818  0.13264641  0.96577089 -0.26016767
10386.6  4.00000000  0.95661084  0.13269583  0.96577041 -0.26016937
10386.7  4.00000000  0.95660633  0.13272500  0.96576995 -0.26017104
10386.8  4.00000000  0.95660454  0.13273491  0.96576954 -0.26017258
10386.9  4.00000000  0.95660519  0.13272770  0.96576919 -0.26017390
10387.0  4.00000000  0.95660789  0.13270629  0.96576892 -0.26017495
10387.1  4.00000000  0.95661217  0.13267414  0.96576874 -0.26017570
10387.2  4.00000000  0.95661750  0.13263492  0.96576864 -0.26017614
10387.3  4.00000000  0.95662340  0.13259220  0.96576862 -0.26017629
10387.4  4.00000000  0.95662939  0.13254931  0.96576866 -0.26017618
10387.5  4.00000000  0.95663506  0.13250908  0.96576876 -0.26017585
10387.6  4.00000000  0.95664008  0.13247378  0.96576889 -0.26017536
10387.7  4.00000000  0.95664423  0.13244500  0.96576905 -0.26017477
10387.8  4.00000000  0.95664735  0.13242371  0.96576922 -0.26017412
10387.9  4.00000000  0.95664938  0.13241023  0.96576939 -0.26017347
10388.0  4.00000000  0.95665036  0.13240432  0.96576954 -0.26017286
10388.1  4.00000000  0.95665036  0.13240528  0.96576968 -0.26017232
10388.2  4.00000000  0.95664954  0.13241207  0.96576979 -0.26017188
10388.3  4.00000000  0.95664805  0.13242340  0.96576987 -0.26017156
10388.4  4.00000000  0.95664610  0.13243789  0.96576993 -0.26017136
10388.5  4.00000000  0.95664388  0.13245412  0.96576995 -0.26017127
10388.6  4.00000000  0.95664157  0.13247077  0.96576995 -0.26017128
10388.7  4.00000000  0.95663934  0.13248669  0.96576993 -0.26017139
10388.8  4.00000000  0.95663732  0.13250094  0.96576988 -0.26017156
10388.9  4.00000000  0.95663562  0.13251282  0.96576983 -0.26017178
10389.0  4.00000000  0.95663430  0.13252188  0.96576977 -0.26017203
10389.1  4.00000000  0.95663340  0.13252794  0.96576970 -0.26017228
10389.2  4.00000000  0.95663291  0.13253102  0.96576964 -0.26017252
10389.3  4.00000000  0.95663280  0.13253136  0.96576958 -0.26017274
10389.4  4.00000000  0.95663303  0.13252931  0.96576953 -0.26017292
10389.5  4.00000000  0.95663354  0.13252537  0.96576949 -0.26017306
10389.6  4.00000000  0.95663425  0.13252005  0.96576946 -0.26017315
10389.7  4.00000000  0.95663509  0.13251391  0.96576945 -0.26017319
10389.8  4.00000000  0.95663597  0.13250747  0.96576944 -0.26017320
10389.9  4.00000000  0.95663685  0.13250119  0.96576945 -0.26017317
10390.0  4.00000000  0.95663766  0.13249548  0.96576946 -0.26017311
10390.1  4.00000000  0.95663835  0.13249063  0.96576949 -0.26017303
10390.2  4.00000000  0.95663890  0.13248683  0.96576951 -0.26017293
10390.3  4.00000000  0.95663930  0.13248418  0.96576954 -0.26017283
10390.4  4.00000000  0.95663953  0.13248270  0.96576957 -0.26017274
10390.5  4.00000000  0.95663961  0.13248231  0.96576959 -0.26017265
10390.6  4.00000000  0.95663955  0.13248288  0.96576961 -0.26017258
10390.7  4.00000000  0.95663938  0.13248424  0.96576963 -0.26017252
10390.8  4.00000000  0.95663912  0.13248618  0.96576964 -0.26017248
10390.9  4.00000000  0.95663881  0.13248849  0.96576965 -0.26017246
10391.0  4.00000000  0.95663847  0.13249096  0.96576965 -0.26017245
10391.1  4.00000000  0.95663813  0.13249340  0.96576965 -0.26017246
10391.2  4.00000000  0.95663781  0.13249566  0.96576964 -0.26017248
10391.3  4.00000000  0.95663753  0.13249762  0.96576963 -0.26017251
10391.4  4.00000000  0.95663730  0.13249918  0.96576962 -0.26017255
10391.5  4.00000000  0.95663714  0.13250031  0.96576961 -0.26017258
10391.6  4.00000000  0.95663703  0.13250099  0.96576960 -0.26017262
10391.7  4.00000000  0.95663699  0.13250124  0.96576959 -0.26017266
10391.8  4.00000000  0.95663700  0.13250111  0.96576958 -0.26017269
10391.9  4.00000000  0.95663705  0.13250066  0.96576958 -0.26017271
10392.0  4.00000000  0.95663714  0.13249996  0.96576957 -0.26017273
10392.1  4.00000000  0.95663726  0.13249910  0.96576957 -0.26017274
10392.2  4.00000000  0.95663739  0.13249817  0.96576957 -0.26017274
10392.3  4.00000000  0.95663752  0.13249722  0.96576957 -0.26017274
10392.4  4.00000000  0.95663765  0.13249633  0.96576957 -0.26017273
10392.5  4.00000000  0.95663776  0.13249555  0.96576957 -0.26017272
10392.6  4.00000000  0.95663785  0.13249491  0.96576958 -0.26017271
10392.7  4.00000000  0.95663792  0.13249443  0.96576958 -0.26017269
10392.8  4.00000000  0.95663797  0.13249413  0.96576959 -0.26017268
10392.9  4.00000000  0.95663799  0.13249399  0.96576959 -0.26017267
10393.0  4.00000000  0.95663799  0.13249401  0.96576959 -0.26017265
10393.1  4.00000000  0.95663797  0.13249415  0.96576959 -0.26017264
10393.2  4.00000000  0.95663794  0.13249440  0.96576960 -0.26017264
10393.3  4.00000000  0.95663790  0.13249471  0.96576960 -0.26017263
10393.4  4.00000000  0.95663785  0.13249506  0.96576960 -0.26017263
10393.5  4.00000000  0.95663780  0.13249543  0.96576960 -0.26017263
10393.6  4.00000000  0.95663775  0.13249578  0.96576960 -0.26017263
10393.7  4.00000000  0.95663771  0.13249609  0.96576960 -0.26017264
10393.8  4.00000000  0.95663767  0.13249635  0.96576960 -0.26017264
10393.9  4.00000000  0.95663764  0.13249655  0.96576959 -0.26017265
10394.0  4.00000000  0.95663762  0.13249668  0.96576959 -0.26017265
10394.1  4.00000000  0.95663761  0.13249675  0.96576959 -0.26017266
10394.2  4.00000000  0.95663761  0.13249676  0.96576959 -0.26017266
10394.3  4.00000000  0.95663761  0.13249672  0.96576959 -0.26017267
10394.4  4.00000000  0.95663762  0.13249664  0.96576959 -0.26017267
10394.5  4.00000000  0.95663764  0.13249652  0.96576959 -0.26017267
10394.6  4.00000000  0.95663765  0.13249639  0.96576959 -0.26017267
10394.7  4.00000000  0.95663767  0.13249625  0.96576959 -0.26017267
10394.8  4.00000000  0.95663769  0.13249611  0.96576959 -0.26017267
10394.9  4.00000000  0.95663771  0.13249599  0.96576959 -0.26017267
10395.0  4.00000000  0.95663773  0.13249588  0.96576959 -0.26017267
10395.1  4.00000000  0.95663774  0.13249580  0.96576959 -0.26017267
10395.2  4.00000000  0.95663775  0.13249574  0.96576959 -0.26017266
10395.3  4.00000000  0.95663775  0.13249571  0.96576959 -0.26017266
10395.4  4.00000000  0.95663775  0.13249570  0.96576959 -0.26017266
10395.5  4.00000000  0.95663775  0.13249571  0.96576959 -0.26017266
10395.6  4.00000000  0.95663775  0.13249574  0.96576959 -0.26017266
10395.7  4.00000000  0.95663774  0.13249578  0.96576959 -0.26017266
10395.8  4.00000000  0.95663774  0.13249583  0.96576959 -0.26017266
10395.9  4.00000000  0.95663773  0.13249588  0.96576959 -0.26017266
10396.0  4.00000000  0.95663772  0.13249594  0.96576959 -0.26017266
10396.1  4.00000000  0.95663771  0.13249598  0.96576959 -0.26017266
10396.2  4.00000000  0.95663771  0.13249603  0.96576959 -0.26017266
10396.3  4.00000000  0.95663770  0.13249606  0.96576959 -0.26017266
10396.4  4.00000000  0.95663770  0.13249609  0.96576959 -0.26017266
10396.5  4.00000000  0.95663770  0.13249610  0.96576959 -0.26017266
10396.6  4.00000000  0.95663770  0.13249611  0.96576959 -0.26017266
10396.7  4.00000000  0.95663770  0.13249611  0.96576959 -0.26017266
10396.8  4.00000000  0.95663770  0.13249610  0.96576959 -0.26017266
10396.9  4.00000000  0.95663770  0.13249608  0.96576959 -0.26017266
10397.0  4.00000000  0.95663770  0.13249606  0.96576959 -0.26017266
10397.1  4.00000000  0.95663771  0.13249604  0.96576959 -0.26017266
10397.2  4.00000000  0.95663771  0.13249602  0.96576959 -0.26017266
10397.3  4.00000000  0.95663771  0.13249600  0.96576959 -0.26017266
10397.4  4.00000000  0.95663771  0.13249598  0.96576959 -0.26017266
10397.5  4.00000000  0.95663772  0.13249596  0.96576959 -0.26017266
10397.6  4.00000000  0.95663772  0.13249594  0.96576959 -0.26017266
10397.7  4.00000000  0.95663772  0.13249593  0.96576959 -0.26017266
10397.8  4.00000000  0.95663772  0.13249592  0.96576959 -0.26017266
10397.9  4.00000000  0.95663772  0.13249592  0.96576959 -0.26017266
10398.0  4.00000000  0.95663772  0.13249592  0.96576959 -0.26017266
10398.1  4.00000000  0.95663772  0.13249593  0.96576959 -0.26017266
10398.2  4.00000000  0.95663772  0.13249594  0.96576959 -0.26017266
10398.3  4.00000000  0.95663772  0.13249595  0.96576959 -0.26017266
10398.4  4.00000000  0.95663772  0.13249596  0.96576959 -0.26017266
10398.5  4.00000000  0.95663772  0.13249597  0.96576959 -0.26017266
10398.6  4.00000000  0.95663771  0.13249599  0.96576959 -0.26017266
10398.7  4.00000000  0.95663771  0.13249600  0.96576959 -0.26017266
10398.8  4.00000000  0.95663771  0.13249601  0.96576959 -0.26017266
10398.9  4.00000000  0.95663771  0.13249602  0.96576959 -0.26017266
10399.0  4.00000000  0.95663771  0.13249603  0.96576959 -0.26017266
10399.1  4.00000000  0.95663771  0.13249604  0.96576959 -0.26017266
10399.2  4.00000000  0.95663771  0.13249604  0.96576959 -0.26017266
10399.3  4.00000000  0.95663771  0.13249605  0.96576959 -0.26017266
10399.4  4.00000000  0.95663771  0.13249605  0.96576959 -0.26017266
10399.5  4.00000000  0.95663771  0.13249604  0.96576959 -0.26017266
10399.6  4.00000000  0.95663771  0.13249604  0.96576959 -0.26017266
10399.7  4.00000000  0.95663771  0.13249603  0.96576959 -0.26017266
10399.8  4.00000000  0.95663771  0.13249603  0.96576959 -0.26017266
10399.9  4.00000000  0.95663771  0.13249602  0.96576959 -0.26017266
10400.0  4.00000000  0.95663771  0.13249601  0.96576959 -0.26017266
10400.1  4.00000000  0.95663771  0.13249600  0.96576959 -0.26017266
10400.2  4.00000000  0.95663771  0.13249599  0.96576959 -0.26017266
10400.3  4.00000000  0.95663771  0.13249598  0.96576959 -0.26017266
10400.4  4.00000000  0.95663771  0.13249598  0.96576959 -0.26017266
10400.5  4.00000000  0.95663772  0.13249597  0.96576959 -0.26017266
10400.6  4.00000000  0.95663772  0.13249597  0.96576959 -0.26017266
10400.7  4.00000000  0.95663772  0.13249596  0.96576959 -0.26017266
10400.8  4.00000000  0.95663772  0.13249596  0.96576959 -0.26017266
10400.9  4.00000000  0.95663772  0.13249596  0.96576959 -0.26017266
10401.0  4.00000000  0.95663772  0.13249596  0.96576959 -0.26017266
10401.1  4.00000000  0.95663772  0.13249596  0.96576959 -0.26017266
10401.2  4.00000000  0.95663772  0.13249596  0.96576959 -0.26017266
10401.3  4.00000000  0.95663772  0.13249597  0.96576959 -0.26017266
10401.4  4.00000000  0.95663772  0.13249597  0.96576959 -0.26017266
10401.5  4.00000000  0.95663772  0.13249598  0.96576959 -0.26017266
10401.6  4.00000000  0.95663771  0.13249598  0.96576959 -0.26017266
10401.7  4.00000000  0.95663771  0.13249599  0.96576959 -0.26017266
10401.8  4.00000000  0.95663771  0.13249599  0.96576959 -0.26017266
10401.9  4.00000000  0.95663771  0.13249600  0.96576959 -0.26017266
10402.0  4.00000000  0.95663771  0.13249600  0.96576959 -0.26017266
10402.1  4.00000000  0.95663771  0.13249600  0.96576959 -0.26017266
10402.2  4.00000000  0.95663771  0.13249601  0.96576959 -0.26017266
10402.3  4.00000000  0.95663771  0.13249601  0.96576959 -0.26017266
10402.4  4.00000000  0.95663771  0.13249601  0.96576959 -0.26017266
10402.5  4.00000000  0.95663771  0.13249601  0.96576959 -0.26017266
10402.6  4.00000000  0.95663771  0.13249601  0.96576959 -0.26017266
10402.7  4.00000000  0.95663771  0.13249601  0.96576959 -0.26017266
10402.8  4.00000000  0.95663771  0.13249602  0.96576959 -0.26017266
10402.9  4.00000000  0.95663771  0.13249602  0.96576959 -0.26017266
10403.0  4.00000000  0.95663771  0.13249602  0.96576959 -0.26017266
10403.1  4.00000000  0.95663771  0.13249602  0.96576959 -0.26017266
10403.2  4.00000000  0.95663771  0.13249601  0.96576959 -0.26017266
10403.3  4.00000000  0.95663771  0.13249601  0.96576959 -0.26017266
10403.4  4.00000000  0.95663771  0.13249601  0.96576959 -0.26017266
10403.5  4.00000000  0.95663771  0.13249601  0.96576959 -0.26017266
10403.6  4.00000000  0.95663771  0.13249601  0.96576959 -0.26017266
10403.7  4.00000000  0.95663771  0.13249601  0.96576959 -0.26017266
10403.8  4.00000000  0.95663771  0.13249600  0.96576959 -0.26017266
10403.9  4.00000000  0.95663771  0.13249600  0.96576959 -0.26017266
10404.0  4.00000000  0.95663771  0.13249600  0.96576959 -0.26017266
10404.1  4.00000000  0.95663771  0.13249600  0.96576959 -0.26017266
10404.2  4.00000000  0.95663771  0.13249600  0.96576959 -0.26017266
10404.3  4.00000000  0.95663771  0.13249600  0.96576959 -0.26017266
10404.4  4.00000000  0.95663771  0.13249600  0.96576959 -0.26017266
10404.5  4.00000000  0.95663771  0.13249599  0.96576959 -0.26017266
10404.6  4.00000000  0.95663771  0.13249599  0.96576959 -0.26017266
10404.7  4.00000000  0.95663771  0.13249599  0.96576959 -0.26017266
10404.8  4.00000000  0.95663771  0.13249599  0.96576959 -0.26017266
10404.9  4.00000000  0.95663771  0.13249598  0.96576959 -0.26017266
10405.0  4.00000000  0.95663771  0.13249598  0.96576959 -0.26017266
10405.1  4.00000000  0.95663771  0.13249599  0.96576959 -0.26017266
10405.2  4.00000000  0.95663771  0.13249599  0.96576959 -0.26017266
10405.3  4.00000000  0.95663771  0.13249599  0.96576959 -0.26017266
10405.4  4.00000000  0.95663771  0.13249599  0.96576959 -0.26017266
10405.5  4.00000000  0.95663771  0.13249599  0.96576959 -0.26017266
10405.6  4.00000000  0.95663771  0.13249599  0.96576959 -0.26017266
10405.7  4.00000000  0.95663771  0.13249599  0.96576959 -0.26017266
10405.8  4.00000000  0.95663771  0.13249599  0.96576959 -0.26017266
10405.9  4.00000000  0.95663771  0.13249599  0.96576959 -0.26017266
10406.0  4.00000000  0.95663771  0.13249599  0.96576959 -0.26017266
10406.1  4.00000000  0.95663771  0.13249599  0.96576959 -0.26017266
10406.2  4.00000000  0.95663771  0.13249599  0.96576959 -0.26017266
10406.3  4.00000000  0.95663771  0.13249599  0.96576959 -0.26017266
10406.4  4.00000000  0.95663771  0.13249599  0.96576959 -0.26017266
10406.5  4.00000000  0.95663771  0.13249599  0.96576959 -0.26017266
10406.6  4.00000000  0.95663771  0.13249599  0.96576959 -0.26017266
10406.7  4.00000000  0.95663771  0.13249599  0.96576959 -0.26017266
10406.8  4.00000000  0.95663771  0.13249599  0.96576959 -0.26017266
10406.9  4.00000000  0.95663771  0.13249599  0.96576959 -0.26017266
10407.0  4.00000000  0.95663771  0.13249599  0.96576959 -0.26017266
10407.1  4.00000000  0.95663771  0.13249599  0.96576959 -0.26017266
10407.2  4.00000000  0.95663771  0.13249599  0.96576959 -0.26017266
10407.3  4.00000000  0.95663771  0.13249599  0.96576959 -0.26017266
10407.4  4.00000000  0.95663771  0.13249599  0.96576959 -0.26017266
10407.5  4.00000000  0.95663771  0.13249599  0.96576959 -0.26017266
10407.6  4.00000000  0.95663771  0.13249599  0.96576959 -0.26017266
10407.7  4.00000000  0.95663771  0.13249599  0.96576959 -0.26017266
10407.8  4.00000000  0.95663771  0.13249599  0.96576959 -0.26017266
10407.9  4.00000000  0.95663771  0.13249599  0.96576959 -0.26017266
10408.0  4.00000000  0.95663771  0.13249599  0.96576959 -0.26017266
10408.1  4.00000000  0.95663771  0.13249599  0.96576959 -0.26017266
10408.2  4.00000000  0.95663771  0.13249599  0.96576959 -0.26017266
10408.3  4.00000000  0.95663771  0.13249599  0.96576959 -0.26017266
10408.4  4.00000000  0.95663771  0.13249599  0.96576959 -0.26017266
10408.5  4.00000000  0.95663771  0.13249599  0.96576959 -0.26017266
10408.6  4.00000000  0.95663771  0.13249599  0.96576959 -0.26017266
10408.7  4.00000000  0.95663771  0.13249599  0.96576959 -0.26017266
10408.8  4.00000000  0.95663771  0.13249599  0.96576959 -0.26017266
10408.9  4.00000000  0.95663771  0.13249599  0.96576959 -0.26017266
10409.0  4.00000000  0.95663771  0.13249599  0.96576959 -0.26017266
10409.1  4.00000000  0.95663771  0.13249599  0.96576959 -0.26017266
10409.2  4.00000000  0.95663771  0.13249599  0.96576959 -0.26017266
10409.3  4.00000000  0.95663771  0.13249599  0.96576959 -0.26017266
10409.4  4.00000000  0.95663771  0.13249599  0.96576959 -0.26017266
10409.5  4.00000000  0.95663771  0.13249599  0.96576959 -0.26017266
10409.6  4.00000000  0.95663771  0.13249599  0.96576959 -0.26017266
10409.7  4.00000000  0.95663771  0.13249599  0.96576959 -0.26017266
10409.8  4.00000000  0.95663771  0.13249599  0.96576959 -0.26017266
10409.9  4.00000000  0.95663771  0.13249599  0.96576959 -0.26017266
10410.0  4.00000000  0.95663771  0.13249599  0.96576959 -0.26017266
10410.1  4.00000000  0.95663771  0.13249599  0.96576959 -0.26017266
10410.2  4.00000000  0.95663771  0.13249599  0.96576959 -0.26017266
10410.3  4.00000000  0.95663771  0.13249599  0.96576959 -0.26017266
10410.4  4.00000000  0.95663771  0.13249599  0.96576959 -0.26017266
10410.5  4.00000000  0.95663771  0.13249599  0.96576959 -0.26017266
10410.6  4.00000000  0.95663771  0.13249599  0.96576959 -0.26017266
10410.7  4.00000000  0.95663771  0.13249599  0.96576959 -0.26017266
10410.8  4.00000000  0.95663771  0.13249599  0.96576959 -0.26017266
10410.9  4.00000000  0.95663771  0.13249599  0.96576959 -0.26017266
10411.0  4.00000000  0.95663771  0.13249599  0.96576959 -0.26017266
10411.1  4.00000000  0.95663771  0.13249599  0.96576959 -0.26017266
10411.2  4.00000000  0.95663771  0.13249599  0.96576959 -0.26017266
10411.3  4.00000000  0.95663771  0.13249599  0.96576959 -0.26017266
10411.4  4.00000000  0.95663771  0.13249599  0.96576959 -0.26017266
10411.5  4.00000000  0.95663771  0.13249599  0.96576959 -0.26017266
10411.6  4.00000000  0.95663771  0.13249599  0.96576959 -0.26017266
10411.7  4.00000000  0.95663771  0.13249599  0.96576959 -0.26017266
10411.8  4.00000000  0.95663771  0.13249599  0.96576959 -0.26017266
10411.9  4.00000000  0.95663771  0.13249599  0.96576959 -0.26017266
10412.0  4.00000000  0.95663771  0.13249599  0.96576959 -0.26017266
10412.1  4.00000000  0.95663771  0.13249599  0.96576959 -0.26017266
10412.2  4.00000000  0.95663771  0.13249599  0.96576959 -0.26017266
10412.3  4.00000000  0.95663771  0.13249599  0.96576959 -0.26017266
10412.4  4.00000000  0.95663771  0.13249599  0.96576959 -0.26017266
10412.5  4.00000000  0.95663771  0.13249599  0.96576959 -0.26017266
10412.6  4.00000000  0.95663771  0.13249599  0.96576959 -0.26017266
10412.7  4.00000000  0.95663771  0.13249599  0.96576959 -0.26017266
10412.8  4.00000000  0.95663771  0.13249599  0.96576959 -0.26017266
10412.9  4.00000000  0.95663771  0.13249599  0.96576959 -0.26017266
10413.0  4.00000000  0.95663771  0.13249599  0.96576959 -0.26017266
10413.1  4.00000000  0.95663771  0.13249599  0.96576959 -0.26017266
10413.2  4.00000000  0.95663771  0.13249599  0.96576959 -0.26017266
10413.3  4.00000000  0.95663771  0.13249599  0.96576959 -0.26017266
10413.4  4.00000000  0.95663771  0.13249599  0.96576959 -0.26017266
10413.5  4.00000000  0.95663771  0.13249599  0.96576959 -0.26017266
10413.6  4.00000000  0.95663771  0.13249599  0.96576959 -0.26017266
10413.7  4.00000000  0.95663771  0.13249599  0.96576959 -0.26017266
10413.8  4.00000000  0.95663771  0.13249599  0.96576959 -0.26017266
10413.9  4.00000000  0.95663771  0.13249599  0.96576959 -0.26017266
10414.0  4.00000000  0.95663771  0.13249599  0.96576959 -0.26017266
10414.1  4.00000000  0.95663771  0.13249599  0.96576959 -0.26017266
10414.2  4.00000000  0.95663771  0.13249599  0.96576959 -0.26017266
10414.3  4.00000000  0.95663771  0.13249599  0.96576959 -0.26017266
10414.4  4.00000000  0.95663771  0.13249599  0.96576959 -0.26017266
10414.5  4.00000000  0.95663771  0.13249599  0.96576959 -0.26017266
10414.6  4.00000000  0.95663771  0.13249599  0.96576959 -0.26017266
10414.7  4.00000000  0.95663771  0.13249599  0.96576959 -0.26017266
10414.8  4.00000000  0.95663771  0.13249599  0.96576959 -0.26017266
10414.9  4.00000000  0.95663771  0.13249599  0.96576959 -0.26017266
10415.0  4.00000000  0.95663771  0.13249599  0.96576959 -0.26017266
10415.1  4.00000000  0.95663771  0.13249599  0.96576959 -0.26017266
10415.2  4.00000000  0.95663771  0.13249599  0.96576959 -0.26017266
10415.3  4.00000000  0.95663771  0.13249599  0.96576959 -0.26017266
10415.4  4.00000000  0.95663771  0.13249599  0.96576959 -0.26017266
10415.5  4.00000000  0.95663771  0.13249599  0.96576959 -0.26017266
10415.6  4.00000000  0.95663771  0.13249599  0.96576959 -0.26017266
10415.7  4.00000000  0.95663771  0.13249599  0.96576959 -0.26017266
10415.8  4.00000000  0.95663771  0.13249599  0.96576959 -0.26017266
10415.9  4.00000000  0.95663771  0.13249599  0.96576959 -0.26017266
10416.0  4.00000000  0.95663771  0.13249599  0.96576959 -0.26017266
10416.1  4.00000000  0.95663771  0.13249599  0.96576959 -0.26017266
10416.2  4.00000000  0.95663771  0.13249599  0.96576959 -0.26017266
10416.3  4.00000000  0.95663771  0.13249599  0.96576959 -0.26017266
10416.4  4.00000000  0.95663771  0.13249599  0.96576959 -0.26017266
10416.5  4.00000000  0.95663771  0.13249599  0.96576959 -0.26017266
10416.6  4.00000000  0.95663771  0.13249599  0.96576959 -0.26017266
10416.7  4.00000000  0.95663771  0.13249599  0.96576959 -0.26017266
10416.8  4.00000000  0.95663771  0.13249599  0.96576959 -0.26017266
10416.9  4.00000000  0.95663771  0.13249599  0.96576959 -0.26017266
10417.0  4.00000000  0.95663771  0.13249599  0.96576959 -0.26017266
10417.1  4.00000000  0.95663771  0.13249599  0.96576959 -0.26017266
10417.2  4.00000000  0.95663771  0.13249599  0.96576959 -0.26017266
10417.3  4.00000000  0.95663771  0.13249599  0.96576959 -0.26017266
10417.4  4.00000000  0.95663771  0.13249599  0.96576959 -0.26017266
10417.5  4.00000000  0.95663771  0.13249599  0.96576959 -0.26017266
10417.6  4.00000000  0.95663771  0.13249599  0.96576959 -0.26017266
10417.7  4.00000000  0.95663771  0.13249599  0.96576959 -0.26017266
10417.8  4.00000000  0.95663771  0.13249599  0.96576959 -0.26017266
10417.9  4.00000000  0.95663771  0.13249599  0.96576959 -0.26017266
10418.0  4.00000000  0.95663771  0.13249599  0.96576959 -0.26017266
10418.1  4.00000000  0.95663771  0.13249599  0.96576959 -0.26017266
10418.2  4.00000000  0.95663771  0.13249599  0.96576959 -0.26017266
10418.3  4.00000000  0.95663771  0.13249599  0.96576959 -0.26017266
10418.4  4.00000000  0.95663771  0.13249599  0.96576959 -0.26017266
10418.5  4.00000000  0.95663771  0.13249599  0.96576959 -0.26017266
10418.6  4.00000000  0.95663771  0.13249599  0.96576959 -0.26017266
10418.7  4.00000000  0.95663771  0.13249599  0.96576959 -0.26017266
10418.8  4.00000000  0.95663771  0.13249599  0.96576959 -0.26017266
10418.9  4.00000000  0.95663771  0.13249599  0.96576959 -0.26017266
10419.0  4.00000000  0.95663771  0.13249599  0.96576959 -0.26017266
10419.1  4.00000000  0.95663771  0.13249599  0.96576959 -0.26017266
10419.2  4.00000000  0.95663771  0.13249599  0.96576959 -0.26017266
10419.3  4.00000000  0.95663771  0.13249599  0.96576959 -0.26017266
10419.4  4.00000000  0.95663771  0.13249599  0.96576959 -0.26017266
10419.5  4.00000000  0.95663771  0.13249599  0.96576959 -0.26017266
10419.6  4.00000000  0.95663771  0.13249599  0.96576959 -0.26017266
10419.7  4.00000000  0.95663771  0.13249599  0.96576959 -0.26017266
10419.8  4.00000000  0.95663771  0.13249599  0.96576959 -0.26017266
10419.9  4.00000000  0.95663771  0.13249599  0.96576959 -0.26017266
10420.0  4.00000000  0.95663771  0.13249599  0.96576959 -0.26017266
10420.1  4.00000000  0.95663771  0.13249599  0.96576959 -0.26017266
10420.2  4.00000000  0.95663771  0.13249599  0.96576959 -0.26017266
10420.3  4.00000000  0.95663771  0.13249599  0.96576959 -0.26017266
10420.4  4.00000000  0.95663771  0.13249599  0.96576959 -0.26017266
10420.5  4.00000000  0.95663771  0.13249599  0.96576959 -0.26017266
10420.6  4.00000000  0.95663771  0.13249599  0.96576959 -0.26017266
10420.7  4.00000000  0.95663771  0.13249599  0.96576959 -0.26017266
10420.8  4.00000000  0.95663771  0.13249599  0.96576959 -0.26017266
10420.9  4.00000000  0.95663771  0.13249599  0.96576959 -0.26017266
10421.0  4.00000000  0.95663771  0.13249599  0.96576959 -0.26017266
10421.1  4.00000000  0.95663771  0.13249599  0.96576959 -0.26017266
10421.2  4.00000000  0.95663771  0.13249599  0.96576959 -0.26017266
10421.3  4.00000000  0.95663771  0.13249599  0.96576959 -0.26017266
10421.4  4.00000000  0.95663771  0.13249599  0.96576959 -0.26017266
10421.5  4.00000000  0.95663771  0.13249599  0.96576959 -0.26017266
10421.6  4.00000000  0.95663771  0.13249599  0.96576959 -0.26017266
10421.7  4.00000000  0.95663771  0.13249599  0.96576959 -0.26017266
10421.8  4.00000000  0.95663771  0.13249599  0.96576959 -0.26017266
10421.9  4.00000000  0.95663771  0.13249599  0.96576959 -0.26017266
10422.0  4.00000000  0.95663771  0.13249599  0.96576959 -0.26017266
10422.1  4.00000000  0.95663771  0.13249599  0.96576959 -0.26017266
10422.2  4.00000000  0.95663771  0.13249599  0.96576959 -0.26017266
10422.3  4.00000000  0.95663771  0.13249599  0.96576959 -0.26017266
10422.4  4.00000000  0.95663771  0.13249599  0.96576959 -0.26017266
10422.5  4.00000000  0.95663771  0.13249599  0.96576959 -0.26017266
10422.6  4.00000000  0.95663771  0.13249599  0.96576959 -0.26017266
10422.7  4.00000000  0.95663771  0.13249599  0.96576959 -0.26017266
10422.8  4.00000000  0.95663771  0.13249599  0.96576959 -0.26017266
10422.9  4.00000000  0.95663771  0.13249599  0.96576959 -0.26017266
10423.0  4.00000000  0.95663771  0.13249599  0.96576959 -0.26017266
10423.1  4.00000000  0.95663771  0.13249599  0.96576959 -0.26017266
10423.2  4.00000000  0.95663771  0.13249599  0.96576959 -0.26017266
10423.3  4.00000000  0.95663771  0.13249599  0.96576959 -0.26017266
10423.4  4.00000000  0.95663771  0.13249599  0.96576959 -0.26017266
10423.5  4.00000000  0.95663771  0.13249599  0.96576959 -0.26017266
10423.6  4.00000000  0.95663771  0.13249599  0.96576959 -0.26017266
10423.7  4.00000000  0.95663771  0.13249599  0.96576959 -0.26017266
10423.8  4.00000000  0.95663771  0.13249599  0.96576959 -0.26017266
10423.9  4.00000000  0.95663771  0.13249599  0.96576959 -0.26017266
10424.0  4.00000000  0.95663771  0.13249599  0.96576959 -0.26017266
10424.1  4.00000000  0.95663771  0.13249599  0.96576959 -0.26017266
10424.2  4.00000000  0.95663771  0.13249599  0.96576959 -0.26017266
10424.3  4.00000000  0.95663771  0.13249599  0.96576959 -0.26017266
10424.4  4.00000000  0.95663771  0.13249599  0.96576959 -0.26017266
10424.5  4.00000000  0.95663771  0.13249599  0.96576959 -0.26017266
10424.6  4.00000000  0.95663771  0.13249599  0.96576959 -0.26017266
10424.7  4.00000000  0.95663771  0.13249599  0.96576959 -0.26017266
10424.8  4.00000000  0.95663771  0.13249599  0.96576959 -0.26017266
10424.9  4.00000000  0.95663771  0.13249599  0.96576959 -0.26017266
10425.0  4.00000000  0.95663771  0.13249599  0.96576959 -0.26017266
10425.1  4.00000000  0.95663771  0.13249599  0.96576959 -0.26017266
10425.2  4.00000000  0.95663771  0.13249599  0.96576959 -0.26017266
10425.3  4.00000000  0.95663771  0.13249599  0.96576959 -0.26017266
10425.4  4.00000000  0.95663771  0.13249599  0.96576959 -0.26017266
10425.5  4.00000000  0.95663771  0.13249599  0.96576959 -0.26017266
10425.6  4.00000000  0.95663771  0.13249599  0.96576959 -0.26017266
10425.7  4.00000000  0.95663771  0.13249599  0.96576959 -0.26017266
10425.8  4.00000000  0.95663771  0.13249599  0.96576959 -0.26017266
10425.9  4.00000000  0.95663771  0.13249599  0.96576959 -0.26017266
10426.0  4.00000000  0.95663771  0.13249599  0.96576959 -0.26017266
10426.1  4.00000000  0.95663771  0.13249599  0.96576959 -0.26017266
10426.2  4.00000000  0.95663771  0.13249599  0.96576959 -0.26017266
10426.3  4.00000000  0.95663771  0.13249599  0.96576959 -0.26017266
10426.4  4.00000000  0.95663771  0.13249599  0.96576959 -0.26017266
10426.5  4.00000000  0.95663771  0.13249599  0.96576959 -0.26017266
10426.6  4.00000000  0.95663771  0.13249599  0.96576959 -0.26017266
10426.7  4.00000000  0.95663771  0.13249599  0.96576959 -0.26017266
10426.8  4.00000000  0.95663771  0.13249599  0.96576959 -0.26017266
10426.9  4.00000000  0.95663771  0.13249599  0.96576959 -0.26017266
10427.0  4.00000000  0.95663771  0.13249599  0.96576959 -0.26017266
10427.1  4.00000000  0.95663771  0.13249599  0.96576959 -0.26017266
10427.2  4.00000000  0.95663771  0.13249599  0.96576959 -0.26017266
10427.3  4.00000000  0.95663771  0.13249599  0.96576959 -0.26017266
10427.4  4.00000000  0.95663771  0.13249599  0.96576959 -0.26017266
10427.5  4.00000000  0.95663771  0.13249599  0.96576959 -0.26017266
10427.6  4.00000000  0.95663771  0.13249599  0.96576959 -0.26017266
10427.7  4.00000000  0.95663771  0.13249599  0.96576959 -0.26017266
10427.8  4.00000000  0.95663771  0.13249599  0.96576959 -0.26017266
10427.9  4.00000000  0.95663771  0.13249599  0.96576959 -0.26017266
10428.0  4.00000000  0.95663771  0.13249599  0.96576959 -0.26017266
10428.1  4.00000000  0.95663771  0.13249599  0.96576959 -0.26017266
10428.2  4.00000000  0.95663771  0.13249599  0.96576959 -0.26017266
10428.3  4.00000000  0.95663771  0.13249599  0.96576959 -0.26017266
10428.4  4.00000000  0.95663771  0.13249599  0.96576959 -0.26017266
10428.5  4.00000000  0.95663771  0.13249599  0.96576959 -0.26017266
10428.6  4.00000000  0.95663771  0.13249599  0.96576959 -0.26017266
10428.7  4.00000000  0.95663771  0.13249599  0.96576959 -0.26017266
10428.8  4.00000000  0.95663771  0.13249599  0.96576959 -0.26017266
10428.9  4.00000000  0.95663771  0.13249599  0.96576959 -0.26017266
10429.0  4.00000000  0.95663771  0.13249599  0.96576959 -0.26017266
10429.1  4.00000000  0.95663771  0.13249599  0.96576959 -0.26017266
10429.2  4.00000000  0.95663771  0.13249599  0.96576959 -0.26017266
10429.3  4.00000000  0.95663771  0.13249599  0.96576959 -0.26017266
10429.4  4.00000000  0.95663771  0.13249599  0.96576959 -0.26017266
10429.5  4.00000000  0.95663771  0.13249599  0.96576959 -0.26017266
10429.6  4.00000000  0.95663771  0.13249599  0.96576959 -0.26017266
10429.7  4.00000000  0.95663771  0.13249599  0.96576959 -0.26017266
10429.8  4.00000000  0.95663771  0.13249599  0.96576959 -0.26017266
10429.9  4.00000000  0.95663771  0.13249599  0.96576959 -0.26017266
10430.0  4.00000000  0.95663771  0.13249599  0.96576959 -0.26017266
10430.1  4.00000000  0.95663771  0.13249599  0.96576959 -0.26017266
10430.2  4.00000000  0.95663771  0.13249599  0.96576959 -0.26017266
10430.3  4.00000000  0.95663771  0.13249599  0.96576959 -0.26017266
10430.4  4.00000000  0.95663771  0.13249599  0.96576959 -0.26017266
10430.5  4.00000000  0.95663771  0.13249599  0.96576959 -0.26017266
10430.6  4.00000000  0.95663771  0.13249599  0.96576959 -0.26017266
10430.7  4.00000000  0.95663771  0.13249599  0.96576959 -0.26017266
10430.8  4.00000000  0.95663771  0.13249599  0.96576959 -0.26017266
10430.9  4.00000000  0.95663771  0.13249599  0.96576959 -0.26017266
10431.0  4.00000000  0.95663771  0.13249599  0.96576959 -0.26017266
10431.1  4.00000000  0.95663771  0.13249599  0.96576959 -0.26017266
10431.2  4.00000000  0.95663771  0.13249599  0.96576959 -0.26017266
10431.3  4.00000000  0.95663771  0.13249599  0.96576959 -0.26017266
10431.4  4.00000000  0.95663771  0.13249599  0.96576959 -0.26017266
10431.5  4.00000000  0.95663771  0.13249599  0.96576959 -0.26017266
10431.6  4.00000000  0.95663771  0.13249599  0.96576959 -0.26017266
10431.7  4.00000000  0.95663771  0.13249599  0.96576959 -0.26017266
10431.8  4.00000000  0.95663771  0.13249599  0.96576959 -0.26017266
10431.9  4.00000000  0.95663771  0.13249599  0.96576959 -0.26017266
10432.0  4.00000000  0.95663771  0.13249599  0.96576959 -0.26017266
10432.1  4.00000000  0.95663771  0.13249599  0.96576959 -0.26017266
10432.2  4.00000000  0.95663771  0.13249599  0.96576959 -0.26017266
10432.3  4.00000000  0.95663771  0.13249599  0.96576959 -0.26017266
10432.4  4.00000000  0.95663771  0.13249599  0.96576959 -0.26017266
10432.5  4.00000000  0.95663771  0.13249599  0.96576959 -0.26017266
10432.6  4.00000000  0.95663771  0.13249599  0.96576959 -0.26017266
10432.7  4.00000000  0.95663771  0.13249599  0.96576959 -0.26017266
10432.8  4.00000000  0.95663771  0.13249599  0.96576959 -0.26017266
10432.9  4.00000000  0.95663771  0.13249599  0.96576959 -0.26017266
10433.0  4.00000000  0.95663771  0.13249599  0.96576959 -0.26017266
10433.1  4.00000000  0.95663771  0.13249599  0.96576959 -0.26017266
10433.2  4.00000000  0.95663771  0.13249599  0.96576959 -0.26017266
10433.3  4.00000000  0.95663771  0.13249599  0.96576959 -0.26017266
10433.4  4.00000000  0.95663771  0.13249599  0.96576959 -0.26017266
10433.5  4.00000000  0.95663771  0.13249599  0.96576959 -0.26017266
10433.6  4.00000000  0.95663771  0.13249599  0.96576959 -0.26017266
10433.7  4.00000000  0.95663771  0.13249599  0.96576959 -0.26017266
10433.8  4.00000000  0.95663771  0.13249599  0.96576959 -0.26017266
10433.9  4.00000000  0.95663771  0.13249599  0.96576959 -0.26017266
10434.0  4.00000000  0.95663771  0.13249599  0.96576959 -0.26017266
10434.1  4.00000000  0.95663771  0.13249599  0.96576959 -0.26017266
10434.2  4.00000000  0.95663771  0.13249599  0.96576959 -0.26017266
10434.3  4.00000000  0.95663771  0.13249599  0.96576959 -0.26017266
10434.4  4.00000000  0.95663771  0.13249599  0.96576959 -0.26017266
10434.5  4.00000000  0.95663771  0.13249599  0.96576959 -0.26017266
10434.6  4.00000000  0.95663771  0.13249599  0.96576959 -0.26017266
10434.7  4.00000000  0.95663771  0.13249599  0.96576959 -0.26017266
10434.8  4.00000000  0.95663771  0.13249599  0.96576959 -0.26017266
10434.9  4.00000000  0.95663771  0.13249599  0.96576959 -0.26017266
10435.0  4.00000000  0.95663771  0.13249599  0.96576959 -0.26017266
10435.1  4.00000000  0.95663771  0.13249599  0.96576959 -0.26017266
10435.2  4.00000000  0.95663771  0.13249599  0.96576959 -0.26017266
10435.3  4.00000000  0.95663771  0.13249599  0.96576959 -0.26017266
10435.4  4.00000000  0.95663771  0.13249599  0.96576959 -0.26017266
10435.5  4.00000000  0.95663771  0.13249599  0.96576959 -0.26017266
10435.6  4.00000000  0.95663771  0.13249599  0.96576959 -0.26017266
10435.7  4.00000000  0.95663771  0.13249599  0.96576959 -0.26017266
10435.8  4.00000000  0.95663771  0.13249599  0.96576959 -0.26017266
10435.9  4.00000000  0.95663771  0.13249599  0.96576959 -0.26017266
10436.0  4.00000000  0.95663771  0.13249599  0.96576959 -0.26017266
10436.1  4.00000000  0.95663771  0.13249599  0.96576959 -0.26017266
10436.2  4.00000000  0.95663771  0.13249599  0.96576959 -0.26017266
10436.3  4.00000000  0.95663771  0.13249599  0.96576959 -0.26017266
10436.4  4.00000000  0.95663771  0.13249599  0.96576959 -0.26017266
10436.5  4.00000000  0.95663771  0.13249599  0.96576959 -0.26017266
10436.6  4.00000000  0.95663771  0.13249599  0.96576959 -0.26017266
10436.7  4.00000000  0.95663771  0.13249599  0.96576959 -0.26017266
10436.8  4.00000000  0.95663771  0.13249599  0.96576959 -0.26017266
10436.9  4.00000000  0.95663771  0.13249599  0.96576959 -0.26017266
10437.0  4.00000000  0.95663771  0.13249599  0.96576959 -0.26017266
10437.1  4.00000000  0.95663771  0.13249599  0.96576959 -0.26017266
10437.2  4.00000000  0.95663771  0.13249599  0.96576959 -0.26017266
10437.3  4.00000000  0.95663771  0.13249599  0.96576959 -0.26017266
10437.4  4.00000000  0.95663771  0.13249599  0.96576959 -0.26017266
10437.5  4.00000000  0.95663771  0.13249599  0.96576959 -0.26017266
10437.6  4.00000000  0.95663771  0.13249599  0.96576959 -0.26017266
10437.7  4.00000000  0.95663771  0.13249599  0.96576959 -0.26017266
10437.8  4.00000000  0.95663771  0.13249599  0.96576959 -0.26017266
10437.9  4.00000000  0.95663771  0.13249599  0.96576959 -0.26017266
10438.0  4.00000000  0.95663771  0.13249599  0.96576959 -0.26017266
10438.1  4.00000000  0.95663771  0.13249599  0.96576959 -0.26017266
10438.2  4.00000000  0.95663771  0.13249599  0.96576959 -0.26017266
10438.3  4.00000000  0.95663771  0.13249599  0.96576959 -0.26017266
10438.4  4.00000000  0.95663771  0.13249599  0.96576959 -0.26017266
10438.5  4.00000000  0.95663771  0.13249599  0.96576959 -0.26017266
10438.6  4.00000000  0.95663771  0.13249599  0.96576959 -0.26017266
10438.7  4.00000000  0.95663771  0.13249599  0.96576959 -0.26017266
10438.8  4.00000000  0.95663771  0.13249599  0.96576959 -0.26017266
10438.9  4.00000000  0.95663771  0.13249599  0.96576959 -0.26017266
10439.0  4.00000000  0.95663771  0.13249599  0.96576959 -0.26017266
10439.1  4.00000000  0.95663771  0.13249599  0.96576959 -0.26017266
10439.2  4.00000000  0.95663771  0.13249599  0.96576959 -0.26017266
10439.3  4.00000000  0.95663771  0.13249599  0.96576959 -0.26017266
10439.4  4.00000000  0.95663771  0.13249599  0.96576959 -0.26017266
10439.5  4.00000000  0.95663771  0.13249599  0.96576959 -0.26017266
10439.6  4.00000000  0.95663771  0.13249599  0.96576959 -0.26017266
10439.7  4.00000000  0.95663771  0.13249599  0.96576959 -0.26017266
10439.8  4.00000000  0.95663771  0.13249599  0.96576959 -0.26017266
10439.9  4.00000000  0.95663771  0.13249599  0.96576959 -0.26017266
10440.0  4.00000000  0.95663771  0.13249599  0.96576959 -0.26017266
10440.1  4.00000000  0.95663771  0.13249599  0.96576959 -0.26017266
10440.2  4.00000000  0.95663771  0.13249599  0.96576959 -0.26017266
10440.3  4.00000000  0.95663771  0.13249599  0.96576959 -0.26017266
10440.4  4.00000000  0.95663771  0.13249599  0.96576959 -0.26017266
10440.5  4.00000000  0.95663771  0.13249599  0.96576959 -0.26017266
10440.6  4.00000000  0.95663771  0.13249599  0.96576959 -0.26017266
10440.7  4.00000000  0.95663771  0.13249599  0.96576959 -0.26017266
10440.8  4.00000000  0.95663771  0.13249599  0.96576959 -0.26017266
10440.9  4.00000000  0.95663771  0.13249599  0.96576959 -0.26017266
10441.0  4.00000000  0.95663771  0.13249599  0.96576959 -0.26017266
10441.1  4.00000000  0.95663771  0.13249599  0.96576959 -0.26017266
10441.2  4.00000000  0.95663771  0.13249599  0.96576959 -0.26017266
10441.3  4.00000000  0.95663771  0.13249599  0.96576959 -0.26017266
10441.4  4.00000000  0.95663771  0.13249599  0.96576959 -0.26017266
10441.5  4.00000000  0.95663771  0.13249599  0.96576959 -0.26017266
10441.6  4.00000000  0.95663771  0.13249599  0.96576959 -0.26017266
10441.7  4.00000000  0.95663771  0.13249599  0.96576959 -0.26017266
10441.8  4.00000000  0.95663771  0.13249599  0.96576959 -0.26017266
10441.9  4.00000000  0.95663771  0.13249599  0.96576959 -0.26017266
10442.0  4.00000000  0.95663771  0.13249599  0.96576959 -0.26017266
10442.1  4.00000000  0.95663771  0.13249599  0.96576959 -0.26017266
10442.2  4.00000000  0.95663771  0.13249599  0.96576959 -0.26017266
10442.3  4.00000000  0.95663771  0.13249599  0.96576959 -0.26017266
10442.4  4.00000000  0.95663771  0.13249599  0.96576959 -0.26017266
10442.5  4.00000000  0.95663771  0.13249599  0.96576959 -0.26017266
10442.6  4.00000000  0.95663771  0.13249599  0.96576959 -0.26017266
10442.7  4.00000000  0.95663771  0.13249599  0.96576959 -0.26017266
10442.8  4.00000000  0.95663771  0.13249599  0.96576959 -0.26017266
10442.9  4.00000000  0.95663771  0.13249599  0.96576959 -0.26017266
10443.0  4.00000000  0.95663771  0.13249599  0.96576959 -0.26017266
10443.1  4.00000000  0.95663771  0.13249599  0.96576959 -0.26017266
10443.2  4.00000000  0.95663771  0.13249599  0.96576959 -0.26017266
10443.3  4.00000000  0.95663771  0.13249599  0.96576959 -0.26017266
10443.4  4.00000000  0.95663771  0.13249599  0.96576959 -0.26017266
10443.5  4.00000000  0.95663771  0.13249599  0.96576959 -0.26017266
10443.6  4.00000000  0.95663771  0.13249599  0.96576959 -0.26017266
10443.7  4.00000000  0.95663771  0.13249599  0.96576959 -0.26017266
10443.8  4.00000000  0.95663771  0.13249599  0.96576959 -0.26017266
10443.9  4.00000000  0.95663771  0.13249599  0.96576959 -0.26017266
10444.0  4.00000000  0.95663771  0.13249599  0.96576959 -0.26017266
10444.1  4.00000000  0.95663771  0.13249599  0.96576959 -0.26017266
10444.2  4.00000000  0.95663771  0.13249599  0.96576959 -0.26017266
10444.3  4.00000000  0.95663771  0.13249599  0.96576959 -0.26017266
10444.4  4.00000000  0.95663771  0.13249599  0.96576959 -0.26017266
10444.5  4.00000000  0.95663771  0.13249599  0.96576959 -0.26017266
10444.6  4.00000000  0.95663771  0.13249599  0.96576959 -0.26017266
10444.7  4.00000000  0.95663771  0.13249599  0.96576959 -0.26017266
10444.8  4.00000000  0.95663771  0.13249599  0.96576959 -0.26017266
10444.9  4.00000000  0.95663771  0.13249599  0.96576959 -0.26017266
10445.0  4.00000000  0.95663771  0.13249599  0.96576959 -0.26017266
10445.1  4.00000000  0.95663771  0.13249599  0.96576959 -0.26017266
10445.2  4.00000000  0.95663771  0.13249599  0.96576959 -0.26017266
10445.3  4.00000000  0.95663771  0.13249599  0.96576959 -0.26017266
10445.4  4.00000000  0.95663771  0.13249599  0.96576959 -0.26017266
10445.5  4.00000000  0.95663771  0.13249599  0.96576959 -0.26017266
10445.6  4.00000000  0.95663771  0.13249599  0.96576959 -0.26017266
10445.7  4.00000000  0.95663771  0.13249599  0.96576959 -0.26017266
10445.8  4.00000000  0.95663771  0.13249599  0.96576959 -0.26017266
10445.9  4.00000000  0.95663771  0.13249599  0.96576959 -0.26017266
10446.0  4.00000000  0.95663771  0.13249599  0.96576959 -0.26017266
10446.1  4.00000000  0.95663771  0.13249599  0.96576959 -0.26017266
10446.2  4.00000000  0.95663771  0.13249599  0.96576959 -0.26017266
10446.3  4.00000000  0.95663771  0.13249599  0.96576959 -0.26017266
10446.4  4.00000000  0.95663771  0.13249599  0.96576959 -0.26017266
10446.5  4.00000000  0.95663771  0.13249599  0.96576959 -0.26017266
10446.6  4.00000000  0.95663771  0.13249599  0.96576959 -0.26017266
10446.7  4.00000000  0.95663771  0.13249599  0.96576959 -0.26017266
10446.8  4.00000000  0.95663771  0.13249599  0.96576959 -0.26017266
10446.9  4.00000000  0.95663771  0.13249599  0.96576959 -0.26017266
10447.0  4.00000000  0.95663771  0.13249599  0.96576959 -0.26017266
10447.1  4.00000000  0.95663771  0.13249599  0.96576959 -0.26017266
10447.2  4.00000000  0.95663771  0.13249599  0.96576959 -0.26017266
10447.3  4.00000000  0.95663771  0.13249599  0.96576959 -0.26017266
10447.4  4.00000000  0.95663771  0.13249599  0.96576959 -0.26017266
10447.5  4.00000000  0.95663771  0.13249599  0.96576959 -0.26017266
10447.6  4.00000000  0.95663771  0.13249599  0.96576959 -0.26017266
10447.7  4.00000000  0.95663771  0.13249599  0.96576959 -0.26017266
10447.8  4.00000000  0.95663771  0.13249599  0.96576959 -0.26017266
10447.9  4.00000000  0.95663771  0.13249599  0.96576959 -0.26017266
10448.0  4.00000000  0.95663771  0.13249599  0.96576959 -0.26017266
10448.1  4.00000000  0.95663771  0.13249599  0.96576959 -0.26017266
10448.2  4.00000000  0.95663771  0.13249599  0.96576959 -0.26017266
10448.3  4.00000000  0.95663771  0.13249599  0.96576959 -0.26017266
10448.4  4.00000000  0.95663771  0.13249599  0.96576959 -0.26017266
10448.5  4.00000000  0.95663771  0.13249599  0.96576959 -0.26017266
10448.6  4.00000000  0.95663771  0.13249599  0.96576959 -0.26017266
10448.7  4.00000000  0.95663771  0.13249599  0.96576959 -0.26017266
10448.8  4.00000000  0.95663771  0.13249599  0.96576959 -0.26017266
10448.9  4.00000000  0.95663771  0.13249599  0.96576959 -0.26017266
10449.0  4.00000000  0.95663771  0.13249599  0.96576959 -0.26017266
10449.1  4.00000000  0.95663771  0.13249599  0.96576959 -0.26017266
10449.2  4.00000000  0.95663771  0.13249599  0.96576959 -0.26017266
10449.3  4.00000000  0.95663771  0.13249599  0.96576959 -0.26017266
10449.4  4.00000000  0.95663771  0.13249599  0.96576959 -0.26017266
10449.5  4.00000000  0.95663771  0.13249599  0.96576959 -0.26017266
10449.6  4.00000000  0.95663771  0.13249599  0.96576959 -0.26017266
10449.7  4.00000000  0.95663771  0.13249599  0.96576959 -0.26017266
10449.8  4.00000000  0.95663771  0.13249599  0.96576959 -0.26017266
10449.9  4.00000000  0.95663771  0.13249599  0.96576959 -0.26017266
10450.0  4.00000000  0.95663771  0.13249599  0.96576959 -0.26017266
10450.1  4.00000000  0.95663771  0.13249599  0.96576959 -0.26017266
10450.2  4.00000000  0.95663771  0.13249599  0.96576959 -0.26017266
10450.3  4.00000000  0.95663771  0.13249599  0.96576959 -0.26017266
10450.4  4.00000000  0.95663771  0.13249599  0.96576959 -0.26017266
10450.5  4.00000000  0.95663771  0.13249599  0.96576959 -0.26017266
10450.6  4.00000000  0.95663771  0.13249599  0.96576959 -0.26017266
10450.7  4.00000000  0.95663771  0.13249599  0.96576959 -0.26017266
10450.8  4.00000000  0.95663771  0.13249599  0.96576959 -0.26017266
10450.9  4.00000000  0.95663771  0.13249599  0.96576959 -0.26017266
10451.0  4.00000000  0.95663771  0.13249599  0.96576959 -0.26017266
10451.1  4.00000000  0.95663771  0.13249599  0.96576959 -0.26017266
10451.2  4.00000000  0.95663771  0.13249599  0.96576959 -0.26017266
10451.3  4.00000000  0.95663771  0.13249599  0.96576959 -0.26017266
10451.4  4.00000000  0.95663771  0.13249599  0.96576959 -0.26017266
10451.5  4.00000000  0.95663771  0.13249599  0.96576959 -0.26017266
10451.6  4.00000000  0.95663771  0.13249599  0.96576959 -0.26017266
10451.7  4.00000000  0.95663771  0.13249599  0.96576959 -0.26017266
10451.8  4.00000000  0.95663771  0.13249599  0.96576959 -0.26017266
10451.9  4.00000000  0.95663771  0.13249599  0.96576959 -0.26017266
10452.0  4.00000000  0.95663771  0.13249599  0.96576959 -0.26017266
10452.1  4.00000000  0.95663771  0.13249599  0.96576959 -0.26017266
10452.2  4.00000000  0.95663771  0.13249599  0.96576959 -0.26017266
10452.3  4.00000000  0.95663771  0.13249599  0.96576959 -0.26017266
10452.4  4.00000000  0.95663771  0.13249599  0.96576959 -0.26017266
10452.5  4.00000000  0.95663771  0.13249599  0.96576959 -0.26017266
10452.6  4.00000000  0.95663771  0.13249599  0.96576959 -0.26017266
10452.7  4.00000000  0.95663771  0.13249599  0.96576959 -0.26017266
10452.8  4.00000000  0.95663771  0.13249599  0.96576959 -0.26017266
10452.9  4.00000000  0.95663771  0.13249599  0.96576959 -0.26017266
10453.0  4.00000000  0.95663771  0.13249599  0.96576959 -0.26017266
10453.1  4.00000000  0.95663771  0.13249599  0.96576959 -0.26017266
10453.2  4.00000000  0.95663771  0.13249599  0.96576959 -0.26017266
10453.3  4.00000000  0.95663771  0.13249599  0.96576959 -0.26017266
10453.4  4.00000000  0.95663771  0.13249599  0.96576959 -0.26017266
10453.5  4.00000000  0.95663771  0.13249599  0.96576959 -0.26017266
10453.6  4.00000000  0.95663771  0.13249599  0.96576959 -0.26017266
10453.7  4.00000000  0.95663771  0.13249599  0.96576959 -0.26017266
10453.8  4.00000000  0.95663771  0.13249599  0.96576959 -0.26017266
10453.9  4.00000000  0.95663771  0.13249599  0.96576959 -0.26017266
10454.0  4.00000000  0.95663771  0.13249599  0.96576959 -0.26017266
10454.1  4.00000000  0.95663771  0.13249599  0.96576959 -0.26017266
10454.2  4.00000000  0.95663771  0.13249599  0.96576959 -0.26017266
10454.3  4.00000000  0.95663771  0.13249599  0.96576959 -0.26017266
10454.4  4.00000000  0.95663771  0.13249599  0.96576959 -0.26017266
10454.5  4.00000000  0.95663771  0.13249599  0.96576959 -0.26017266
10454.6  4.00000000  0.95663771  0.13249599  0.96576959 -0.26017266
10454.7  4.00000000  0.95663771  0.13249599  0.96576959 -0.26017266
10454.8  4.00000000  0.95663771  0.13249599  0.96576959 -0.26017266
10454.9  4.00000000  0.95663771  0.13249599  0.96576959 -0.26017266
10455.0  4.00000000  0.95663771  0.13249599  0.96576959 -0.26017266
10455.1  4.00000000  0.95663771  0.13249599  0.96576959 -0.26017266
10455.2  4.00000000  0.95663771  0.13249599  0.96576959 -0.26017266
10455.3  4.00000000  0.95663771  0.13249599  0.96576959 -0.26017266
10455.4  4.00000000  0.95663771  0.13249599  0.96576959 -0.26017266
10455.5  4.00000000  0.95663771  0.13249599  0.96576959 -0.26017266
10455.6  4.00000000  0.95663771  0.13249599  0.96576959 -0.26017266
10455.7  4.00000000  0.95663771  0.13249599  0.96576959 -0.26017266
10455.8  4.00000000  0.95663771  0.13249599  0.96576959 -0.26017266
10455.9  4.00000000  0.95663771  0.13249599  0.96576959 -0.26017266
10456.0  4.00000000  0.95663771  0.13249599  0.96576959 -0.26017266
10456.1  4.00000000  0.95663771  0.13249599  0.96576959 -0.26017266
10456.2  4.00000000  0.95663771  0.13249599  0.96576959 -0.26017266
10456.3  4.00000000  0.95663771  0.13249599  0.96576959 -0.26017266
10456.4  4.00000000  0.95663771  0.13249599  0.96576959 -0.26017266
10456.5  4.00000000  0.95663771  0.13249599  0.96576959 -0.26017266
10456.6  4.00000000  0.95663771  0.13249599  0.96576959 -0.26017266
10456.7  4.00000000  0.95663771  0.13249599  0.96576959 -0.26017266
10456.8  4.00000000  0.95663771  0.13249599  0.96576959 -0.26017266
10456.9  4.00000000  0.95663771  0.13249599  0.96576959 -0.26017266
10457.0  4.00000000  0.95663771  0.13249599  0.96576959 -0.26017266
10457.1  4.00000000  0.95663771  0.13249599  0.96576959 -0.26017266
10457.2  4.00000000  0.95663771  0.13249599  0.96576959 -0.26017266
10457.3  4.00000000  0.95663771  0.13249599  0.96576959 -0.26017266
10457.4  4.00000000  0.95663771  0.13249599  0.96576959 -0.26017266
10457.5  4.00000000  0.95663771  0.13249599  0.96576959 -0.26017266
10457.6  4.00000000  0.95663771  0.13249599  0.96576959 -0.26017266
10457.7  4.00000000  0.95663771  0.13249599  0.96576959 -0.26017266
10457.8  4.00000000  0.95663771  0.13249599  0.96576959 -0.26017266
10457.9  4.00000000  0.95663771  0.13249599  0.96576959 -0.26017266
10458.0  4.00000000  0.95663771  0.13249599  0.96576959 -0.26017266
10458.1  4.00000000  0.95663771  0.13249599  0.96576959 -0.26017266
10458.2  4.00000000  0.95663771  0.13249599  0.96576959 -0.26017266
10458.3  4.00000000  0.95663771  0.13249599  0.96576959 -0.26017266
10458.4  4.00000000  0.95663771  0.13249599  0.96576959 -0.26017266
10458.5  4.00000000  0.95663771  0.13249599  0.96576959 -0.26017266
10458.6  4.00000000  0.95663771  0.13249599  0.96576959 -0.26017266
10458.7  4.00000000  0.95663771  0.13249599  0.96576959 -0.26017266
10458.8  4.00000000  0.95663771  0.13249599  0.96576959 -0.26017266
10458.9  4.00000000  0.95663771  0.13249599  0.96576959 -0.26017266
10459.0  4.00000000  0.95663771  0.13249599  0.96576959 -0.26017266
10459.1  4.00000000  0.95663771  0.13249599  0.96576959 -0.26017266
10459.2  4.00000000  0.95663771  0.13249599  0.96576959 -0.26017266
10459.3  4.00000000  0.95663771  0.13249599  0.96576959 -0.26017266
10459.4  4.00000000  0.95663771  0.13249599  0.96576959 -0.26017266
10459.5  4.00000000  0.95663771  0.13249599  0.96576959 -0.26017266
10459.6  4.00000000  0.95663771  0.13249599  0.96576959 -0.26017266
10459.7  4.00000000  0.95663771  0.13249599  0.96576959 -0.26017266
10459.8  4.00000000  0.95663771  0.13249599  0.96576959 -0.26017266
10459.9  4.00000000  0.95663771  0.13249599  0.96576959 -0.26017266
10460.0  4.00000000  0.95663771  0.13249599  0.96576959 -0.26017266
10460.1  4.00000000  0.95663771  0.13249599  0.96576959 -0.26017266
10460.2  4.00000000  0.95663771  0.13249599  0.96576959 -0.26017266
10460.3  4.00000000  0.95663771  0.13249599  0.96576959 -0.26017266
10460.4  4.00000000  0.95663771  0.13249599  0.96576959 -0.26017266
10460.5  4.00000000  0.95663771  0.13249599  0.96576959 -0.26017266
10460.6  4.00000000  0.95663771  0.13249599  0.96576959 -0.26017266
10460.7  4.00000000  0.95663771  0.13249599  0.96576959 -0.26017266
10460.8  4.00000000  0.95663771  0.13249599  0.96576959 -0.26017266
10460.9  4.00000000  0.95663771  0.13249599  0.96576959 -0.26017266
10461.0  4.00000000  0.95663771  0.13249599  0.96576959 -0.26017266
10461.1  4.00000000  0.95663771  0.13249599  0.96576959 -0.26017266
10461.2  4.00000000  0.95663771  0.13249599  0.96576959 -0.26017266
10461.3  4.00000000  0.95663771  0.13249599  0.96576959 -0.26017266
10461.4  4.00000000  0.95663771  0.13249599  0.96576959 -0.26017266
10461.5  4.00000000  0.95663771  0.13249599  0.96576959 -0.26017266
10461.6  4.00000000  0.95663771  0.13249599  0.96576959 -0.26017266
10461.7  4.00000000  0.95663771  0.13249599  0.96576959 -0.26017266
10461.8  4.00000000  0.95663771  0.13249599  0.96576959 -0.26017266
10461.9  4.00000000  0.95663771  0.13249599  0.96576959 -0.26017266
10462.0  4.00000000  0.95663771  0.13249599  0.96576959 -0.26017266
10462.1  4.00000000  0.95663771  0.13249599  0.96576959 -0.26017266
10462.2  4.00000000  0.95663771  0.13249599  0.96576959 -0.26017266
10462.3  4.00000000  0.95663771  0.13249599  0.96576959 -0.26017266
10462.4  4.00000000  0.95663771  0.13249599  0.96576959 -0.26017266
10462.5  4.00000000  0.95663771  0.13249599  0.96576959 -0.26017266
10462.6  4.00000000  0.95663771  0.13249599  0.96576959 -0.26017266
10462.7  4.00000000  0.95663771  0.13249599  0.96576959 -0.26017266
10462.8  4.00000000  0.95663771  0.13249599  0.96576959 -0.26017266
10462.9  4.00000000  0.95663771  0.13249599  0.96576959 -0.26017266
10463.0  4.00000000  0.95663771  0.13249599  0.96576959 -0.26017266
10463.1  4.00000000  0.95663771  0.13249599  0.96576959 -0.26017266
10463.2  4.00000000  0.95663771  0.13249599  0.96576959 -0.26017266
10463.3  4.00000000  0.95663771  0.13249599  0.96576959 -0.26017266
10463.4  4.00000000  0.95663771  0.13249599  0.96576959 -0.26017266
10463.5  4.00000000  0.95663771  0.13249599  0.96576959 -0.26017266
10463.6  4.00000000  0.95663771  0.13249599  0.96576959 -0.26017266
10463.7  4.00000000  0.95663771  0.13249599  0.96576959 -0.26017266
10463.8  4.00000000  0.95663771  0.13249599  0.96576959 -0.26017266
10463.9  4.00000000  0.95663771  0.13249599  0.96576959 -0.26017266
10464.0  4.00000000  0.95663771  0.13249599  0.96576959 -0.26017266
10464.1  4.00000000  0.95663771  0.13249599  0.96576959 -0.26017266
10464.2  4.00000000  0.95663771  0.13249599  0.96576959 -0.26017266
10464.3  4.00000000  0.95663771  0.13249599  0.96576959 -0.26017266
10464.4  4.00000000  0.95663771  0.13249599  0.96576959 -0.26017266
10464.5  4.00000000  0.95663771  0.13249599  0.96576959 -0.26017266
10464.6  4.00000000  0.95663771  0.13249599  0.96576959 -0.26017266
10464.7  4.00000000  0.95663771  0.13249599  0.96576959 -0.26017266
10464.8  4.00000000  0.95663771  0.13249599  0.96576959 -0.26017266
10464.9  4.00000000  0.95663771  0.13249599  0.96576959 -0.26017266
10465.0  4.00000000  0.95663771  0.13249599  0.96576959 -0.26017266
10465.1  4.00000000  0.95663771  0.13249599  0.96576959 -0.26017266
10465.2  4.00000000  0.95663771  0.13249599  0.96576959 -0.26017266
10465.3  4.00000000  0.95663771  0.13249599  0.96576959 -0.26017266
10465.4  4.00000000  0.95663771  0.13249599  0.96576959 -0.26017266
10465.5  4.00000000  0.95663771  0.13249599  0.96576959 -0.26017266
10465.6  4.00000000  0.95663771  0.13249599  0.96576959 -0.26017266
10465.7  4.00000000  0.95663771  0.13249599  0.96576959 -0.26017266
10465.8  4.00000000  0.95663771  0.13249599  0.96576959 -0.26017266
10465.9  4.00000000  0.95663771  0.13249599  0.96576959 -0.26017266
10466.0  4.00000000  0.95663771  0.13249599  0.96576959 -0.26017266
10466.1  4.00000000  0.95663771  0.13249599  0.96576959 -0.26017266
10466.2  4.00000000  0.95663771  0.13249599  0.96576959 -0.26017266
10466.3  4.00000000  0.95663771  0.13249599  0.96576959 -0.26017266
10466.4  4.00000000  0.95663771  0.13249599  0.96576959 -0.26017266
10466.5  4.00000000  0.95663771  0.13249599  0.96576959 -0.26017266
10466.6  4.00000000  0.95663771  0.13249599  0.96576959 -0.26017266
10466.7  4.00000000  0.95663771  0.13249599  0.96576959 -0.26017266
10466.8  4.00000000  0.95663771  0.13249599  0.96576959 -0.26017266
10466.9  4.00000000  0.95663771  0.13249599  0.96576959 -0.26017266
10467.0  4.00000000  0.95663771  0.13249599  0.96576959 -0.26017266
10467.1  4.00000000  0.95663771  0.13249599  0.96576959 -0.26017266
10467.2  4.00000000  0.95663771  0.13249599  0.96576959 -0.26017266
10467.3  4.00000000  0.95663771  0.13249599  0.96576959 -0.26017266
10467.4  4.00000000  0.95663771  0.13249599  0.96576959 -0.26017266
10467.5  4.00000000  0.95663771  0.13249599  0.96576959 -0.26017266
10467.6  4.00000000  0.95663771  0.13249599  0.96576959 -0.26017266
10467.7  4.00000000  0.95663771  0.13249599  0.96576959 -0.26017266
10467.8  4.00000000  0.95663771  0.13249599  0.96576959 -0.26017266
10467.9  4.00000000  0.95663771  0.13249599  0.96576959 -0.26017266
10468.0  4.00000000  0.95663771  0.13249599  0.96576959 -0.26017266
10468.1  4.00000000  0.95663771  0.13249599  0.96576959 -0.26017266
10468.2  4.00000000  0.95663771  0.13249599  0.96576959 -0.26017266
10468.3  4.00000000  0.95663771  0.13249599  0.96576959 -0.26017266
10468.4  4.00000000  0.95663771  0.13249599  0.96576959 -0.26017266
10468.5  4.00000000  0.95663771  0.13249599  0.96576959 -0.26017266
10468.6  4.00000000  0.95663771  0.13249599  0.96576959 -0.26017266
10468.7  4.00000000  0.95663771  0.13249599  0.96576959 -0.26017266
10468.8  4.00000000  0.95663771  0.13249599  0.96576959 -0.26017266
10468.9  4.00000000  0.95663771  0.13249599  0.96576959 -0.26017266
10469.0  4.00000000  0.95663771  0.13249599  0.96576959 -0.26017266
10469.1  4.00000000  0.95663771  0.13249599  0.96576959 -0.26017266
10469.2  4.00000000  0.95663771  0.13249599  0.96576959 -0.26017266
10469.3  4.00000000  0.95663771  0.13249599  0.96576959 -0.26017266
10469.4  4.00000000  0.95663771  0.13249599  0.96576959 -0.26017266
10469.5  4.00000000  0.95663771  0.13249599  0.96576959 -0.26017266
10469.6  4.00000000  0.95663771  0.13249599  0.96576959 -0.26017266
10469.7  4.00000000  0.95663771  0.13249599  0.96576959 -0.26017266
10469.8  4.00000000  0.95663771  0.13249599  0.96576959 -0.26017266
10469.9  4.00000000  0.95663771  0.13249599  0.96576959 -0.26017266
10470.0  4.00000000  0.95663771  0.13249599  0.96576959 -0.26017266
10470.1  4.00000000  0.95663771  0.13249599  0.96576959 -0.26017266
10470.2  4.00000000  0.95663771  0.13249599  0.96576959 -0.26017266
10470.3  4.00000000  0.95663771  0.13249599  0.96576959 -0.26017266
10470.4  4.00000000  0.95663771  0.13249599  0.96576959 -0.26017266
10470.5  4.00000000  0.95663771  0.13249599  0.96576959 -0.26017266
10470.6  4.00000000  0.95663771  0.13249599  0.96576959 -0.26017266
10470.7  4.00000000  0.95663771  0.13249599  0.96576959 -0.26017266
10470.8  4.00000000  0.95663771  0.13249599  0.96576959 -0.26017266
10470.9  4.00000000  0.95663771  0.13249599  0.96576959 -0.26017266
10471.0  4.00000000  0.95663771  0.13249599  0.96576959 -0.26017266
10471.1  4.00000000  0.95663771  0.13249599  0.96576959 -0.26017266
10471.2  4.00000000  0.95663771  0.13249599  0.96576959 -0.26017266
10471.3  4.00000000  0.95663771  0.13249599  0.96576959 -0.26017266
10471.4  4.00000000  0.95663771  0.13249599  0.96576959 -0.26017266
10471.5  4.00000000  0.95663771  0.13249599  0.96576959 -0.26017266
10471.6  4.00000000  0.95663771  0.13249599  0.96576959 -0.26017266
10471.7  4.00000000  0.95663771  0.13249599  0.96576959 -0.26017266
10471.8  4.00000000  0.95663771  0.13249599  0.96576959 -0.26017266
10471.9  4.00000000  0.95663771  0.13249599  0.96576959 -0.26017266
10472.0  4.00000000  0.95663771  0.13249599  0.96576959 -0.26017266
10472.1  4.00000000  0.95663771  0.13249599  0.96576959 -0.26017266
10472.2  4.00000000  0.95663771  0.13249599  0.96576959 -0.26017266
10472.3  4.00000000  0.95663771  0.13249599  0.96576959 -0.26017266
10472.4  4.00000000  0.95663771  0.13249599  0.96576959 -0.26017266
10472.5  4.00000000  0.95663771  0.13249599  0.96576959 -0.26017266
10472.6  4.00000000  0.95663771  0.13249599  0.96576959 -0.26017266
10472.7  4.00000000  0.95663771  0.13249599  0.96576959 -0.26017266
10472.8  4.00000000  0.95663771  0.13249599  0.96576959 -0.26017266
10472.9  4.00000000  0.95663771  0.13249599  0.96576959 -0.26017266
10473.0  4.00000000  0.95663771  0.13249599  0.96576959 -0.26017266
10473.1  4.00000000  0.95663771  0.13249599  0.96576959 -0.26017266
10473.2  4.00000000  0.95663771  0.13249599  0.96576959 -0.26017266
10473.3  4.00000000  0.95663771  0.13249599  0.96576959 -0.26017266
10473.4  4.00000000  0.95663771  0.13249599  0.96576959 -0.26017266
10473.5  4.00000000  0.95663771  0.13249599  0.96576959 -0.26017266
10473.6  4.00000000  0.95663771  0.13249599  0.96576959 -0.26017266
10473.7  4.00000000  0.95663771  0.13249599  0.96576959 -0.26017266
10473.8  4.00000000  0.95663771  0.13249599  0.96576959 -0.26017266
10473.9  4.00000000  0.95663771  0.13249599  0.96576959 -0.26017266
10474.0  4.00000000  0.95663771  0.13249599  0.96576959 -0.26017266
10474.1  4.00000000  0.95663771  0.13249599  0.96576959 -0.26017266
10474.2  4.00000000  0.95663771  0.13249599  0.96576959 -0.26017266
10474.3  4.00000000  0.95663771  0.13249599  0.96576959 -0.26017266
10474.4  4.00000000  0.95663771  0.13249599  0.96576959 -0.26017266
10474.5  4.00000000  0.95663771  0.13249599  0.96576959 -0.26017266
10474.6  4.00000000  0.95663771  0.13249599  0.96576959 -0.26017266
10474.7  4.00000000  0.95663771  0.13249599  0.96576959 -0.26017266
10474.8  4.00000000  0.95663771  0.13249599  0.96576959 -0.26017266
10474.9  4.00000000  0.95663771  0.13249599  0.96576959 -0.26017266
10475.0  4.00000000  0.95663771  0.13249599  0.96576959 -0.26017266
10475.1  4.00000000  0.95663771  0.13249599  0.96576959 -0.26017266
10475.2  4.00000000  0.95663771  0.13249599  0.96576959 -0.26017266
10475.3  4.00000000  0.95663771  0.13249599  0.96576959 -0.26017266
10475.4  4.00000000  0.95663771  0.13249599  0.96576959 -0.26017266
10475.5  4.00000000  0.95663771  0.13249599  0.96576959 -0.26017266
10475.6  4.00000000  0.95663771  0.13249599  0.96576959 -0.26017266
10475.7  4.00000000  0.95663771  0.13249599  0.96576959 -0.26017266
10475.8  4.00000000  0.95663771  0.13249599  0.96576959 -0.26017266
10475.9  4.00000000  0.95663771  0.13249599  0.96576959 -0.26017266
10476.0  4.00000000  0.95663771  0.13249599  0.96576959 -0.26017266
10476.1  4.00000000  0.95663771  0.13249599  0.96576959 -0.26017266
10476.2  4.00000000  0.95663771  0.13249599  0.96576959 -0.26017266
10476.3  4.00000000  0.95663771  0.13249599  0.96576959 -0.26017266
10476.4  4.00000000  0.95663771  0.13249599  0.96576959 -0.26017266
10476.5  4.00000000  0.95663771  0.13249599  0.96576959 -0.26017266
10476.6  4.00000000  0.95663771  0.13249599  0.96576959 -0.26017266
10476.7  4.00000000  0.95663771  0.13249599  0.96576959 -0.26017266
10476.8  4.00000000  0.95663771  0.13249599  0.96576959 -0.26017266
10476.9  4.00000000  0.95663771  0.13249599  0.96576959 -0.26017266
10477.0  4.00000000  0.95663771  0.13249599  0.96576959 -0.26017266
10477.1  4.00000000  0.95663771  0.13249599  0.96576959 -0.26017266
10477.2  4.00000000  0.95663771  0.13249599  0.96576959 -0.26017266
10477.3  4.00000000  0.95663771  0.13249599  0.96576959 -0.26017266
10477.4  4.00000000  0.95663771  0.13249599  0.96576959 -0.26017266
10477.5  4.00000000  0.95663771  0.13249599  0.96576959 -0.26017266
10477.6  4.00000000  0.95663771  0.13249599  0.96576959 -0.26017266
10477.7  4.00000000  0.95663771  0.13249599  0.96576959 -0.26017266
10477.8  4.00000000  0.95663771  0.13249599  0.96576959 -0.26017266
10477.9  4.00000000  0.95663771  0.13249599  0.96576959 -0.26017266
10478.0  4.00000000  0.95663771  0.13249599  0.96576959 -0.26017266
10478.1  4.00000000  0.95663771  0.13249599  0.96576959 -0.26017266
10478.2  4.00000000  0.95663771  0.13249599  0.96576959 -0.26017266
10478.3  4.00000000  0.95663771  0.13249599  0.96576959 -0.26017266
10478.4  4.00000000  0.95663771  0.13249599  0.96576959 -0.26017266
10478.5  4.00000000  0.95663771  0.13249599  0.96576959 -0.26017266
10478.6  4.00000000  0.95663771  0.13249599  0.96576959 -0.26017266
10478.7  4.00000000  0.95663771  0.13249599  0.96576959 -0.26017266
10478.8  4.00000000  0.95663771  0.13249599  0.96576959 -0.26017266
10478.9  4.00000000  0.95663771  0.13249599  0.96576959 -0.26017266
10479.0  4.00000000  0.95663771  0.13249599  0.96576959 -0.26017266
10479.1  4.00000000  0.95663771  0.13249599  0.96576959 -0.26017266
10479.2  4.00000000  0.95663771  0.13249599  0.96576959 -0.26017266
10479.3  4.00000000  0.95663771  0.13249599  0.96576959 -0.26017266
10479.4  4.00000000  0.95663771  0.13249599  0.96576959 -0.26017266
10479.5  4.00000000  0.95663771  0.13249599  0.96576959 -0.26017266
10479.6  4.00000000  0.95663771  0.13249599  0.96576959 -0.26017266
10479.7  4.00000000  0.95663771  0.13249599  0.96576959 -0.26017266
10479.8  4.00000000  0.95663771  0.13249599  0.96576959 -0.26017266
10479.9  4.00000000  0.95663771  0.13249599  0.96576959 -0.26017266
10480.0  4.00000000  0.95663771  0.13249599  0.96576959 -0.26017266
10480.1  4.00000000  0.95663771  0.13249599  0.96576959 -0.26017266
10480.2  4.00000000  0.95663771  0.13249599  0.96576959 -0.26017266
10480.3  4.00000000  0.95663771  0.13249599  0.96576959 -0.26017266
10480.4  4.00000000  0.95663771  0.13249599  0.96576959 -0.26017266
10480.5  4.00000000  0.95663771  0.13249599  0.96576959 -0.26017266
10480.6  4.00000000  0.95663771  0.13249599  0.96576959 -0.26017266
10480.7  4.00000000  0.95663771  0.13249599  0.96576959 -0.26017266
10480.8  4.00000000  0.95663771  0.13249599  0.96576959 -0.26017266
10480.9  4.00000000  0.95663771  0.13249599  0.96576959 -0.26017266
10481.0  4.00000000  0.95663771  0.13249599  0.96576959 -0.26017266
10481.1  4.00000000  0.95663771  0.13249599  0.96576959 -0.26017266
10481.2  4.00000000  0.95663771  0.13249599  0.96576959 -0.26017266
10481.3  4.00000000  0.95663771  0.13249599  0.96576959 -0.26017266
10481.4  4.00000000  0.95663771  0.13249599  0.96576959 -0.26017266
10481.5  4.00000000  0.95663771  0.13249599  0.96576959 -0.26017266
10481.6  4.00000000  0.95663771  0.13249599  0.96576959 -0.26017266
