 # AA:        219117.46418138818     
 # FLEGG:     179224.99817922857     
 # AF0:     -5.33308614247767210E-002
 # CPAR:      555.55779854881382     
 # Diff:     0.12463198212018202     
 # TF:       2.19089023002066404E-007
 # H:         284.00000000000000     
 # GRAD:     0.10000000000000001     
 # HR:       3.00000000000000006E-003
 # LP:       0.91003999999955698     
 # TIME  LP  TMAB  TMDS  TMPC  TMZ
21962.6  5.00000000  0.95510485  0.14871478  0.96661335 -0.25742861
21962.7  5.00000000  0.95535432  0.14712712  0.96661692 -0.25741265
21962.8  5.00000000  0.95554305  0.14592610  0.96662141 -0.25739278
21962.9  5.00000000  0.95566421  0.14516238  0.96662619 -0.25737200
21963.0  5.00000000  0.95571947  0.14482823  0.96663071 -0.25735276
21963.1  5.00000000  0.95571694  0.14487057  0.96663455 -0.25733684
21963.2  5.00000000  0.95566894  0.14520611  0.96663744 -0.25732531
21963.3  5.00000000  0.95559001  0.14573676  0.96663926 -0.25731850
21963.4  5.00000000  0.95549499  0.14636343  0.96664002 -0.25731619
21963.5  5.00000000  0.95539751  0.14699714  0.96663983 -0.25731769
21963.6  5.00000000  0.95530877  0.14756659  0.96663890 -0.25732204
21963.7  5.00000000  0.95523677  0.14802256  0.96663745 -0.25732817
21963.8  5.00000000  0.95518605  0.14833845  0.96663576 -0.25733504
21963.9  5.00000000  0.95515786  0.14850875  0.96663405 -0.25734172
21964.0  5.00000000  0.95515066  0.14854514  0.96663253 -0.25734753
21964.1  5.00000000  0.95516088  0.14847163  0.96663133 -0.25735200
21964.2  5.00000000  0.95518373  0.14831933  0.96663053 -0.25735492
21964.3  5.00000000  0.95521402  0.14812151  0.96663013 -0.25735630
21964.4  5.00000000  0.95524686  0.14790951  0.96663011 -0.25735630
21964.5  5.00000000  0.95527807  0.14770962  0.96663040 -0.25735521
21964.6  5.00000000  0.95530457  0.14754135  0.96663089 -0.25735339
21964.7  5.00000000  0.95532441  0.14741671  0.96663148 -0.25735118
21964.8  5.00000000  0.95533683  0.14734018  0.96663208 -0.25734891
21964.9  5.00000000  0.95534202  0.14731007  0.96663263 -0.25734685
21965.0  5.00000000  0.95534094  0.14731998  0.96663306 -0.25734518
21965.1  5.00000000  0.95533500  0.14736040  0.96663336 -0.25734399
21965.2  5.00000000  0.95532589  0.14742046  0.96663351 -0.25734333
21965.3  5.00000000  0.95531527  0.14748941  0.96663354 -0.25734314
21965.4  5.00000000  0.95530463  0.14755781  0.96663346 -0.25734336
21965.5  5.00000000  0.95529515  0.14761825  0.96663332 -0.25734387
21965.6  5.00000000  0.95528762  0.14766577  0.96663313 -0.25734456
21965.7  5.00000000  0.95528247  0.14769785  0.96663294 -0.25734530
21965.8  5.00000000  0.95527975  0.14771424  0.96663276 -0.25734602
21965.9  5.00000000  0.95527927  0.14771641  0.96663262 -0.25734663
21966.0  5.00000000  0.95528059  0.14770718  0.96663251 -0.25734709
21966.1  5.00000000  0.95528319  0.14768996  0.96663245 -0.25734738
21966.2  5.00000000  0.95528654  0.14766814  0.96663243 -0.25734751
21966.3  5.00000000  0.95529010  0.14764516  0.96663244 -0.25734750
21966.4  5.00000000  0.95529343  0.14762381  0.96663247 -0.25734737
21966.5  5.00000000  0.95529623  0.14760607  0.96663252 -0.25734716
21966.6  5.00000000  0.95529828  0.14759315  0.96663258 -0.25734692
21966.7  5.00000000  0.95529953  0.14758545  0.96663263 -0.25734668
21966.8  5.00000000  0.95530000  0.14758269  0.96663268 -0.25734646
21966.9  5.00000000  0.95529982  0.14758411  0.96663272 -0.25734628
21967.0  5.00000000  0.95529914  0.14758872  0.96663275 -0.25734616
21967.1  5.00000000  0.95529813  0.14759539  0.96663277 -0.25734609
21967.2  5.00000000  0.95529695  0.14760302  0.96663277 -0.25734608
21967.3  5.00000000  0.95529579  0.14761052  0.96663277 -0.25734610
21967.4  5.00000000  0.95529476  0.14761708  0.96663276 -0.25734616
21967.5  5.00000000  0.95529396  0.14762216  0.96663274 -0.25734624
21967.6  5.00000000  0.95529343  0.14762548  0.96663272 -0.25734632
21967.7  5.00000000  0.95529317  0.14762705  0.96663270 -0.25734640
21967.8  5.00000000  0.95529314  0.14762708  0.96663268 -0.25734647
21967.9  5.00000000  0.95529331  0.14762590  0.96663267 -0.25734651
21968.0  5.00000000  0.95529362  0.14762389  0.96663266 -0.25734654
21968.1  5.00000000  0.95529399  0.14762144  0.96663266 -0.25734656
21968.2  5.00000000  0.95529438  0.14761891  0.96663266 -0.25734655
21968.3  5.00000000  0.95529475  0.14761659  0.96663266 -0.25734654
21968.4  5.00000000  0.95529505  0.14761468  0.96663267 -0.25734651
21968.5  5.00000000  0.95529526  0.14761333  0.96663268 -0.25734649
21968.6  5.00000000  0.95529539  0.14761257  0.96663268 -0.25734646
21968.7  5.00000000  0.95529542  0.14761238  0.96663269 -0.25734643
21968.8  5.00000000  0.95529539  0.14761265  0.96663270 -0.25734642
21968.9  5.00000000  0.95529530  0.14761325  0.96663270 -0.25734640
21969.0  5.00000000  0.95529517  0.14761406  0.96663270 -0.25734640
21969.1  5.00000000  0.95529504  0.14761493  0.96663270 -0.25734640
21969.2  5.00000000  0.95529491  0.14761577  0.96663270 -0.25734640
21969.3  5.00000000  0.95529479  0.14761648  0.96663270 -0.25734641
21969.4  5.00000000  0.95529471  0.14761702  0.96663269 -0.25734642
21969.5  5.00000000  0.95529465  0.14761736  0.96663269 -0.25734643
21969.6  5.00000000  0.95529463  0.14761749  0.96663269 -0.25734644
21969.7  5.00000000  0.95529464  0.14761745  0.96663269 -0.25734644
21969.8  5.00000000  0.95529466  0.14761728  0.96663269 -0.25734645
21969.9  5.00000000  0.95529470  0.14761702  0.96663269 -0.25734645
21970.0  5.00000000  0.95529475  0.14761672  0.96663269 -0.25734645
21970.1  5.00000000  0.95529479  0.14761641  0.96663269 -0.25734645
21970.2  5.00000000  0.95529484  0.14761612  0.96663269 -0.25734645
21970.3  5.00000000  0.95529488  0.14761588  0.96663269 -0.25734645
21970.4  5.00000000  0.95529491  0.14761570  0.96663269 -0.25734644
21970.5  5.00000000  0.95529493  0.14761558  0.96663269 -0.25734644
21970.6  5.00000000  0.95529493  0.14761555  0.96663269 -0.25734644
21970.7  5.00000000  0.95529493  0.14761560  0.96663269 -0.25734643
21970.8  5.00000000  0.95529491  0.14761570  0.96663269 -0.25734643
21970.9  5.00000000  0.95529489  0.14761584  0.96663269 -0.25734643
21971.0  5.00000000  0.95529486  0.14761600  0.96663269 -0.25734643
21971.1  5.00000000  0.95529484  0.14761614  0.96663269 -0.25734643
21971.2  5.00000000  0.95529482  0.14761627  0.96663269 -0.25734643
21971.3  5.00000000  0.95529480  0.14761638  0.96663269 -0.25734643
21971.4  5.00000000  0.95529479  0.14761643  0.96663269 -0.25734644
21971.5  5.00000000  0.95529479  0.14761644  0.96663269 -0.25734644
21971.6  5.00000000  0.95529480  0.14761642  0.96663269 -0.25734644
21971.7  5.00000000  0.95529480  0.14761637  0.96663269 -0.25734644
21971.8  5.00000000  0.95529481  0.14761630  0.96663269 -0.25734644
21971.9  5.00000000  0.95529483  0.14761623  0.96663269 -0.25734644
21972.0  5.00000000  0.95529484  0.14761615  0.96663269 -0.25734644
21972.1  5.00000000  0.95529485  0.14761608  0.96663269 -0.25734644
21972.2  5.00000000  0.95529486  0.14761602  0.96663269 -0.25734644
21972.3  5.00000000  0.95529486  0.14761598  0.96663269 -0.25734644
21972.4  5.00000000  0.95529487  0.14761597  0.96663269 -0.25734644
21972.5  5.00000000  0.95529487  0.14761597  0.96663269 -0.25734644
21972.6  5.00000000  0.95529486  0.14761599  0.96663269 -0.25734644
21972.7  5.00000000  0.95529486  0.14761601  0.96663269 -0.25734644
21972.8  5.00000000  0.95529486  0.14761604  0.96663269 -0.25734644
21972.9  5.00000000  0.95529485  0.14761607  0.96663269 -0.25734644
21973.0  5.00000000  0.95529485  0.14761610  0.96663269 -0.25734644
21973.1  5.00000000  0.95529484  0.14761613  0.96663269 -0.25734644
21973.2  5.00000000  0.95529484  0.14761616  0.96663269 -0.25734644
21973.3  5.00000000  0.95529483  0.14761618  0.96663269 -0.25734644
21973.4  5.00000000  0.95529483  0.14761619  0.96663269 -0.25734644
21973.5  5.00000000  0.95529483  0.14761620  0.96663269 -0.25734644
21973.6  5.00000000  0.95529483  0.14761620  0.96663269 -0.25734644
21973.7  5.00000000  0.95529483  0.14761619  0.96663269 -0.25734644
21973.8  5.00000000  0.95529483  0.14761618  0.96663269 -0.25734644
21973.9  5.00000000  0.95529483  0.14761618  0.96663269 -0.25734644
21974.0  5.00000000  0.95529483  0.14761618  0.96663269 -0.25734644
21974.1  5.00000000  0.95529484  0.14761617  0.96663269 -0.25734644
21974.2  5.00000000  0.95529484  0.14761616  0.96663269 -0.25734644
21974.3  5.00000000  0.95529484  0.14761615  0.96663269 -0.25734644
21974.4  5.00000000  0.95529484  0.14761614  0.96663269 -0.25734644
21974.5  5.00000000  0.95529484  0.14761613  0.96663269 -0.25734644
21974.6  5.00000000  0.95529484  0.14761612  0.96663269 -0.25734644
21974.7  5.00000000  0.95529484  0.14761612  0.96663269 -0.25734644
21974.8  5.00000000  0.95529484  0.14761611  0.96663269 -0.25734644
21974.9  5.00000000  0.95529484  0.14761611  0.96663269 -0.25734644
21975.0  5.00000000  0.95529485  0.14761611  0.96663269 -0.25734644
21975.1  5.00000000  0.95529485  0.14761610  0.96663269 -0.25734644
21975.2  5.00000000  0.95529485  0.14761610  0.96663269 -0.25734644
21975.3  5.00000000  0.95529485  0.14761610  0.96663269 -0.25734644
21975.4  5.00000000  0.95529485  0.14761610  0.96663269 -0.25734644
21975.5  5.00000000  0.95529485  0.14761611  0.96663269 -0.25734644
21975.6  5.00000000  0.95529484  0.14761611  0.96663269 -0.25734644
21975.7  5.00000000  0.95529484  0.14761611  0.96663269 -0.25734644
21975.8  5.00000000  0.95529484  0.14761611  0.96663269 -0.25734644
21975.9  5.00000000  0.95529484  0.14761612  0.96663269 -0.25734644
21976.0  5.00000000  0.95529484  0.14761612  0.96663269 -0.25734644
21976.1  5.00000000  0.95529484  0.14761612  0.96663269 -0.25734644
21976.2  5.00000000  0.95529484  0.14761612  0.96663269 -0.25734644
21976.3  5.00000000  0.95529484  0.14761613  0.96663269 -0.25734644
21976.4  5.00000000  0.95529484  0.14761613  0.96663269 -0.25734644
21976.5  5.00000000  0.95529484  0.14761613  0.96663269 -0.25734644
21976.6  5.00000000  0.95529484  0.14761613  0.96663269 -0.25734644
21976.7  5.00000000  0.95529484  0.14761613  0.96663269 -0.25734644
21976.8  5.00000000  0.95529484  0.14761613  0.96663269 -0.25734644
21976.9  5.00000000  0.95529484  0.14761613  0.96663269 -0.25734644
21977.0  5.00000000  0.95529484  0.14761613  0.96663269 -0.25734644
21977.1  5.00000000  0.95529484  0.14761613  0.96663269 -0.25734644
21977.2  5.00000000  0.95529484  0.14761613  0.96663269 -0.25734644
21977.3  5.00000000  0.95529484  0.14761613  0.96663269 -0.25734644
21977.4  5.00000000  0.95529484  0.14761613  0.96663269 -0.25734644
21977.5  5.00000000  0.95529484  0.14761613  0.96663269 -0.25734644
21977.6  5.00000000  0.95529484  0.14761613  0.96663269 -0.25734644
21977.7  5.00000000  0.95529484  0.14761613  0.96663269 -0.25734644
21977.8  5.00000000  0.95529484  0.14761613  0.96663269 -0.25734644
21977.9  5.00000000  0.95529484  0.14761613  0.96663269 -0.25734644
21978.0  5.00000000  0.95529484  0.14761613  0.96663269 -0.25734644
21978.1  5.00000000  0.95529484  0.14761613  0.96663269 -0.25734644
21978.2  5.00000000  0.95529484  0.14761613  0.96663269 -0.25734644
21978.3  5.00000000  0.95529484  0.14761613  0.96663269 -0.25734644
21978.4  5.00000000  0.95529484  0.14761613  0.96663269 -0.25734644
21978.5  5.00000000  0.95529484  0.14761613  0.96663269 -0.25734644
21978.6  5.00000000  0.95529484  0.14761613  0.96663269 -0.25734644
21978.7  5.00000000  0.95529484  0.14761613  0.96663269 -0.25734644
21978.8  5.00000000  0.95529484  0.14761613  0.96663269 -0.25734644
21978.9  5.00000000  0.95529484  0.14761613  0.96663269 -0.25734644
21979.0  5.00000000  0.95529484  0.14761613  0.96663269 -0.25734644
21979.1  5.00000000  0.95529484  0.14761613  0.96663269 -0.25734644
21979.2  5.00000000  0.95529484  0.14761613  0.96663269 -0.25734644
21979.3  5.00000000  0.95529484  0.14761613  0.96663269 -0.25734644
21979.4  5.00000000  0.95529484  0.14761613  0.96663269 -0.25734644
21979.5  5.00000000  0.95529484  0.14761613  0.96663269 -0.25734644
21979.6  5.00000000  0.95529484  0.14761613  0.96663269 -0.25734644
21979.7  5.00000000  0.95529484  0.14761613  0.96663269 -0.25734644
21979.8  5.00000000  0.95529484  0.14761613  0.96663269 -0.25734644
21979.9  5.00000000  0.95529484  0.14761613  0.96663269 -0.25734644
21980.0  5.00000000  0.95529484  0.14761613  0.96663269 -0.25734644
21980.1  5.00000000  0.95529484  0.14761613  0.96663269 -0.25734644
21980.2  5.00000000  0.95529484  0.14761613  0.96663269 -0.25734644
21980.3  5.00000000  0.95529484  0.14761613  0.96663269 -0.25734644
21980.4  5.00000000  0.95529484  0.14761613  0.96663269 -0.25734644
21980.5  5.00000000  0.95529484  0.14761613  0.96663269 -0.25734644
21980.6  5.00000000  0.95529484  0.14761613  0.96663269 -0.25734644
21980.7  5.00000000  0.95529484  0.14761613  0.96663269 -0.25734644
21980.8  5.00000000  0.95529484  0.14761613  0.96663269 -0.25734644
21980.9  5.00000000  0.95529484  0.14761613  0.96663269 -0.25734644
21981.0  5.00000000  0.95529484  0.14761613  0.96663269 -0.25734644
21981.1  5.00000000  0.95529484  0.14761613  0.96663269 -0.25734644
21981.2  5.00000000  0.95529484  0.14761613  0.96663269 -0.25734644
21981.3  5.00000000  0.95529484  0.14761613  0.96663269 -0.25734644
21981.4  5.00000000  0.95529484  0.14761613  0.96663269 -0.25734644
21981.5  5.00000000  0.95529484  0.14761613  0.96663269 -0.25734644
21981.6  5.00000000  0.95529484  0.14761613  0.96663269 -0.25734644
21981.7  5.00000000  0.95529484  0.14761613  0.96663269 -0.25734644
21981.8  5.00000000  0.95529484  0.14761613  0.96663269 -0.25734644
21981.9  5.00000000  0.95529484  0.14761613  0.96663269 -0.25734644
21982.0  5.00000000  0.95529484  0.14761613  0.96663269 -0.25734644
21982.1  5.00000000  0.95529484  0.14761613  0.96663269 -0.25734644
21982.2  5.00000000  0.95529484  0.14761613  0.96663269 -0.25734644
21982.3  5.00000000  0.95529484  0.14761613  0.96663269 -0.25734644
21982.4  5.00000000  0.95529484  0.14761613  0.96663269 -0.25734644
21982.5  5.00000000  0.95529484  0.14761613  0.96663269 -0.25734644
21982.6  5.00000000  0.95529484  0.14761613  0.96663269 -0.25734644
21982.7  5.00000000  0.95529484  0.14761613  0.96663269 -0.25734644
21982.8  5.00000000  0.95529484  0.14761613  0.96663269 -0.25734644
21982.9  5.00000000  0.95529484  0.14761613  0.96663269 -0.25734644
21983.0  5.00000000  0.95529484  0.14761613  0.96663269 -0.25734644
21983.1  5.00000000  0.95529484  0.14761613  0.96663269 -0.25734644
21983.2  5.00000000  0.95529484  0.14761613  0.96663269 -0.25734644
21983.3  5.00000000  0.95529484  0.14761613  0.96663269 -0.25734644
21983.4  5.00000000  0.95529484  0.14761613  0.96663269 -0.25734644
21983.5  5.00000000  0.95529484  0.14761613  0.96663269 -0.25734644
21983.6  5.00000000  0.95529484  0.14761613  0.96663269 -0.25734644
21983.7  5.00000000  0.95529484  0.14761613  0.96663269 -0.25734644
21983.8  5.00000000  0.95529484  0.14761613  0.96663269 -0.25734644
21983.9  5.00000000  0.95529484  0.14761613  0.96663269 -0.25734644
21984.0  5.00000000  0.95529484  0.14761613  0.96663269 -0.25734644
21984.1  5.00000000  0.95529484  0.14761613  0.96663269 -0.25734644
21984.2  5.00000000  0.95529484  0.14761613  0.96663269 -0.25734644
21984.3  5.00000000  0.95529484  0.14761613  0.96663269 -0.25734644
21984.4  5.00000000  0.95529484  0.14761613  0.96663269 -0.25734644
21984.5  5.00000000  0.95529484  0.14761613  0.96663269 -0.25734644
21984.6  5.00000000  0.95529484  0.14761613  0.96663269 -0.25734644
21984.7  5.00000000  0.95529484  0.14761613  0.96663269 -0.25734644
21984.8  5.00000000  0.95529484  0.14761613  0.96663269 -0.25734644
21984.9  5.00000000  0.95529484  0.14761613  0.96663269 -0.25734644
21985.0  5.00000000  0.95529484  0.14761613  0.96663269 -0.25734644
21985.1  5.00000000  0.95529484  0.14761613  0.96663269 -0.25734644
21985.2  5.00000000  0.95529484  0.14761613  0.96663269 -0.25734644
21985.3  5.00000000  0.95529484  0.14761613  0.96663269 -0.25734644
21985.4  5.00000000  0.95529484  0.14761613  0.96663269 -0.25734644
21985.5  5.00000000  0.95529484  0.14761613  0.96663269 -0.25734644
21985.6  5.00000000  0.95529484  0.14761613  0.96663269 -0.25734644
21985.7  5.00000000  0.95529484  0.14761613  0.96663269 -0.25734644
21985.8  5.00000000  0.95529484  0.14761613  0.96663269 -0.25734644
21985.9  5.00000000  0.95529484  0.14761613  0.96663269 -0.25734644
21986.0  5.00000000  0.95529484  0.14761613  0.96663269 -0.25734644
21986.1  5.00000000  0.95529484  0.14761613  0.96663269 -0.25734644
21986.2  5.00000000  0.95529484  0.14761613  0.96663269 -0.25734644
21986.3  5.00000000  0.95529484  0.14761613  0.96663269 -0.25734644
21986.4  5.00000000  0.95529484  0.14761613  0.96663269 -0.25734644
21986.5  5.00000000  0.95529484  0.14761613  0.96663269 -0.25734644
21986.6  5.00000000  0.95529484  0.14761613  0.96663269 -0.25734644
21986.7  5.00000000  0.95529484  0.14761613  0.96663269 -0.25734644
21986.8  5.00000000  0.95529484  0.14761613  0.96663269 -0.25734644
21986.9  5.00000000  0.95529484  0.14761613  0.96663269 -0.25734644
21987.0  5.00000000  0.95529484  0.14761613  0.96663269 -0.25734644
21987.1  5.00000000  0.95529484  0.14761613  0.96663269 -0.25734644
21987.2  5.00000000  0.95529484  0.14761613  0.96663269 -0.25734644
21987.3  5.00000000  0.95529484  0.14761613  0.96663269 -0.25734644
21987.4  5.00000000  0.95529484  0.14761613  0.96663269 -0.25734644
21987.5  5.00000000  0.95529484  0.14761613  0.96663269 -0.25734644
21987.6  5.00000000  0.95529484  0.14761613  0.96663269 -0.25734644
21987.7  5.00000000  0.95529484  0.14761613  0.96663269 -0.25734644
21987.8  5.00000000  0.95529484  0.14761613  0.96663269 -0.25734644
21987.9  5.00000000  0.95529484  0.14761613  0.96663269 -0.25734644
21988.0  5.00000000  0.95529484  0.14761613  0.96663269 -0.25734644
21988.1  5.00000000  0.95529484  0.14761613  0.96663269 -0.25734644
21988.2  5.00000000  0.95529484  0.14761613  0.96663269 -0.25734644
21988.3  5.00000000  0.95529484  0.14761613  0.96663269 -0.25734644
21988.4  5.00000000  0.95529484  0.14761613  0.96663269 -0.25734644
21988.5  5.00000000  0.95529484  0.14761613  0.96663269 -0.25734644
21988.6  5.00000000  0.95529484  0.14761613  0.96663269 -0.25734644
21988.7  5.00000000  0.95529484  0.14761613  0.96663269 -0.25734644
21988.8  5.00000000  0.95529484  0.14761613  0.96663269 -0.25734644
21988.9  5.00000000  0.95529484  0.14761613  0.96663269 -0.25734644
21989.0  5.00000000  0.95529484  0.14761613  0.96663269 -0.25734644
21989.1  5.00000000  0.95529484  0.14761613  0.96663269 -0.25734644
21989.2  5.00000000  0.95529484  0.14761613  0.96663269 -0.25734644
21989.3  5.00000000  0.95529484  0.14761613  0.96663269 -0.25734644
21989.4  5.00000000  0.95529484  0.14761613  0.96663269 -0.25734644
21989.5  5.00000000  0.95529484  0.14761613  0.96663269 -0.25734644
21989.6  5.00000000  0.95529484  0.14761613  0.96663269 -0.25734644
21989.7  5.00000000  0.95529484  0.14761613  0.96663269 -0.25734644
21989.8  5.00000000  0.95529484  0.14761613  0.96663269 -0.25734644
21989.9  5.00000000  0.95529484  0.14761613  0.96663269 -0.25734644
21990.0  5.00000000  0.95529484  0.14761613  0.96663269 -0.25734644
21990.1  5.00000000  0.95529484  0.14761613  0.96663269 -0.25734644
21990.2  5.00000000  0.95529484  0.14761613  0.96663269 -0.25734644
21990.3  5.00000000  0.95529484  0.14761613  0.96663269 -0.25734644
21990.4  5.00000000  0.95529484  0.14761613  0.96663269 -0.25734644
21990.5  5.00000000  0.95529484  0.14761613  0.96663269 -0.25734644
21990.6  5.00000000  0.95529484  0.14761613  0.96663269 -0.25734644
21990.7  5.00000000  0.95529484  0.14761613  0.96663269 -0.25734644
21990.8  5.00000000  0.95529484  0.14761613  0.96663269 -0.25734644
21990.9  5.00000000  0.95529484  0.14761613  0.96663269 -0.25734644
21991.0  5.00000000  0.95529484  0.14761613  0.96663269 -0.25734644
21991.1  5.00000000  0.95529484  0.14761613  0.96663269 -0.25734644
21991.2  5.00000000  0.95529484  0.14761613  0.96663269 -0.25734644
21991.3  5.00000000  0.95529484  0.14761613  0.96663269 -0.25734644
21991.4  5.00000000  0.95529484  0.14761613  0.96663269 -0.25734644
21991.5  5.00000000  0.95529484  0.14761613  0.96663269 -0.25734644
21991.6  5.00000000  0.95529484  0.14761613  0.96663269 -0.25734644
21991.7  5.00000000  0.95529484  0.14761613  0.96663269 -0.25734644
21991.8  5.00000000  0.95529484  0.14761613  0.96663269 -0.25734644
21991.9  5.00000000  0.95529484  0.14761613  0.96663269 -0.25734644
21992.0  5.00000000  0.95529484  0.14761613  0.96663269 -0.25734644
21992.1  5.00000000  0.95529484  0.14761613  0.96663269 -0.25734644
21992.2  5.00000000  0.95529484  0.14761613  0.96663269 -0.25734644
21992.3  5.00000000  0.95529484  0.14761613  0.96663269 -0.25734644
21992.4  5.00000000  0.95529484  0.14761613  0.96663269 -0.25734644
21992.5  5.00000000  0.95529484  0.14761613  0.96663269 -0.25734644
21992.6  5.00000000  0.95529484  0.14761613  0.96663269 -0.25734644
21992.7  5.00000000  0.95529484  0.14761613  0.96663269 -0.25734644
21992.8  5.00000000  0.95529484  0.14761613  0.96663269 -0.25734644
21992.9  5.00000000  0.95529484  0.14761613  0.96663269 -0.25734644
21993.0  5.00000000  0.95529484  0.14761613  0.96663269 -0.25734644
21993.1  5.00000000  0.95529484  0.14761613  0.96663269 -0.25734644
21993.2  5.00000000  0.95529484  0.14761613  0.96663269 -0.25734644
21993.3  5.00000000  0.95529484  0.14761613  0.96663269 -0.25734644
21993.4  5.00000000  0.95529484  0.14761613  0.96663269 -0.25734644
21993.5  5.00000000  0.95529484  0.14761613  0.96663269 -0.25734644
21993.6  5.00000000  0.95529484  0.14761613  0.96663269 -0.25734644
21993.7  5.00000000  0.95529484  0.14761613  0.96663269 -0.25734644
21993.8  5.00000000  0.95529484  0.14761613  0.96663269 -0.25734644
21993.9  5.00000000  0.95529484  0.14761613  0.96663269 -0.25734644
21994.0  5.00000000  0.95529484  0.14761613  0.96663269 -0.25734644
21994.1  5.00000000  0.95529484  0.14761613  0.96663269 -0.25734644
21994.2  5.00000000  0.95529484  0.14761613  0.96663269 -0.25734644
21994.3  5.00000000  0.95529484  0.14761613  0.96663269 -0.25734644
21994.4  5.00000000  0.95529484  0.14761613  0.96663269 -0.25734644
21994.5  5.00000000  0.95529484  0.14761613  0.96663269 -0.25734644
21994.6  5.00000000  0.95529484  0.14761613  0.96663269 -0.25734644
21994.7  5.00000000  0.95529484  0.14761613  0.96663269 -0.25734644
21994.8  5.00000000  0.95529484  0.14761613  0.96663269 -0.25734644
21994.9  5.00000000  0.95529484  0.14761613  0.96663269 -0.25734644
21995.0  5.00000000  0.95529484  0.14761613  0.96663269 -0.25734644
21995.1  5.00000000  0.95529484  0.14761613  0.96663269 -0.25734644
21995.2  5.00000000  0.95529484  0.14761613  0.96663269 -0.25734644
21995.3  5.00000000  0.95529484  0.14761613  0.96663269 -0.25734644
21995.4  5.00000000  0.95529484  0.14761613  0.96663269 -0.25734644
21995.5  5.00000000  0.95529484  0.14761613  0.96663269 -0.25734644
21995.6  5.00000000  0.95529484  0.14761613  0.96663269 -0.25734644
21995.7  5.00000000  0.95529484  0.14761613  0.96663269 -0.25734644
21995.8  5.00000000  0.95529484  0.14761613  0.96663269 -0.25734644
21995.9  5.00000000  0.95529484  0.14761613  0.96663269 -0.25734644
21996.0  5.00000000  0.95529484  0.14761613  0.96663269 -0.25734644
21996.1  5.00000000  0.95529484  0.14761613  0.96663269 -0.25734644
21996.2  5.00000000  0.95529484  0.14761613  0.96663269 -0.25734644
21996.3  5.00000000  0.95529484  0.14761613  0.96663269 -0.25734644
21996.4  5.00000000  0.95529484  0.14761613  0.96663269 -0.25734644
21996.5  5.00000000  0.95529484  0.14761613  0.96663269 -0.25734644
21996.6  5.00000000  0.95529484  0.14761613  0.96663269 -0.25734644
21996.7  5.00000000  0.95529484  0.14761613  0.96663269 -0.25734644
21996.8  5.00000000  0.95529484  0.14761613  0.96663269 -0.25734644
21996.9  5.00000000  0.95529484  0.14761613  0.96663269 -0.25734644
21997.0  5.00000000  0.95529484  0.14761613  0.96663269 -0.25734644
21997.1  5.00000000  0.95529484  0.14761613  0.96663269 -0.25734644
21997.2  5.00000000  0.95529484  0.14761613  0.96663269 -0.25734644
21997.3  5.00000000  0.95529484  0.14761613  0.96663269 -0.25734644
21997.4  5.00000000  0.95529484  0.14761613  0.96663269 -0.25734644
21997.5  5.00000000  0.95529484  0.14761613  0.96663269 -0.25734644
21997.6  5.00000000  0.95529484  0.14761613  0.96663269 -0.25734644
21997.7  5.00000000  0.95529484  0.14761613  0.96663269 -0.25734644
21997.8  5.00000000  0.95529484  0.14761613  0.96663269 -0.25734644
21997.9  5.00000000  0.95529484  0.14761613  0.96663269 -0.25734644
21998.0  5.00000000  0.95529484  0.14761613  0.96663269 -0.25734644
21998.1  5.00000000  0.95529484  0.14761613  0.96663269 -0.25734644
21998.2  5.00000000  0.95529484  0.14761613  0.96663269 -0.25734644
21998.3  5.00000000  0.95529484  0.14761613  0.96663269 -0.25734644
21998.4  5.00000000  0.95529484  0.14761613  0.96663269 -0.25734644
21998.5  5.00000000  0.95529484  0.14761613  0.96663269 -0.25734644
21998.6  5.00000000  0.95529484  0.14761613  0.96663269 -0.25734644
21998.7  5.00000000  0.95529484  0.14761613  0.96663269 -0.25734644
21998.8  5.00000000  0.95529484  0.14761613  0.96663269 -0.25734644
21998.9  5.00000000  0.95529484  0.14761613  0.96663269 -0.25734644
21999.0  5.00000000  0.95529484  0.14761613  0.96663269 -0.25734644
21999.1  5.00000000  0.95529484  0.14761613  0.96663269 -0.25734644
21999.2  5.00000000  0.95529484  0.14761613  0.96663269 -0.25734644
21999.3  5.00000000  0.95529484  0.14761613  0.96663269 -0.25734644
21999.4  5.00000000  0.95529484  0.14761613  0.96663269 -0.25734644
21999.5  5.00000000  0.95529484  0.14761613  0.96663269 -0.25734644
21999.6  5.00000000  0.95529484  0.14761613  0.96663269 -0.25734644
21999.7  5.00000000  0.95529484  0.14761613  0.96663269 -0.25734644
21999.8  5.00000000  0.95529484  0.14761613  0.96663269 -0.25734644
21999.9  5.00000000  0.95529484  0.14761613  0.96663269 -0.25734644
22000.0  5.00000000  0.95529484  0.14761613  0.96663269 -0.25734644
22000.1  5.00000000  0.95529484  0.14761613  0.96663269 -0.25734644
22000.2  5.00000000  0.95529484  0.14761613  0.96663269 -0.25734644
22000.3  5.00000000  0.95529484  0.14761613  0.96663269 -0.25734644
22000.4  5.00000000  0.95529484  0.14761613  0.96663269 -0.25734644
22000.5  5.00000000  0.95529484  0.14761613  0.96663269 -0.25734644
22000.6  5.00000000  0.95529484  0.14761613  0.96663269 -0.25734644
22000.7  5.00000000  0.95529484  0.14761613  0.96663269 -0.25734644
22000.8  5.00000000  0.95529484  0.14761613  0.96663269 -0.25734644
22000.9  5.00000000  0.95529484  0.14761613  0.96663269 -0.25734644
22001.0  5.00000000  0.95529484  0.14761613  0.96663269 -0.25734644
22001.1  5.00000000  0.95529484  0.14761613  0.96663269 -0.25734644
22001.2  5.00000000  0.95529484  0.14761613  0.96663269 -0.25734644
22001.3  5.00000000  0.95529484  0.14761613  0.96663269 -0.25734644
22001.4  5.00000000  0.95529484  0.14761613  0.96663269 -0.25734644
22001.5  5.00000000  0.95529484  0.14761613  0.96663269 -0.25734644
22001.6  5.00000000  0.95529484  0.14761613  0.96663269 -0.25734644
22001.7  5.00000000  0.95529484  0.14761613  0.96663269 -0.25734644
22001.8  5.00000000  0.95529484  0.14761613  0.96663269 -0.25734644
22001.9  5.00000000  0.95529484  0.14761613  0.96663269 -0.25734644
22002.0  5.00000000  0.95529484  0.14761613  0.96663269 -0.25734644
22002.1  5.00000000  0.95529484  0.14761613  0.96663269 -0.25734644
22002.2  5.00000000  0.95529484  0.14761613  0.96663269 -0.25734644
22002.3  5.00000000  0.95529484  0.14761613  0.96663269 -0.25734644
22002.4  5.00000000  0.95529484  0.14761613  0.96663269 -0.25734644
22002.5  5.00000000  0.95529484  0.14761613  0.96663269 -0.25734644
22002.6  5.00000000  0.95529484  0.14761613  0.96663269 -0.25734644
22002.7  5.00000000  0.95529484  0.14761613  0.96663269 -0.25734644
22002.8  5.00000000  0.95529484  0.14761613  0.96663269 -0.25734644
22002.9  5.00000000  0.95529484  0.14761613  0.96663269 -0.25734644
22003.0  5.00000000  0.95529484  0.14761613  0.96663269 -0.25734644
22003.1  5.00000000  0.95529484  0.14761613  0.96663269 -0.25734644
22003.2  5.00000000  0.95529484  0.14761613  0.96663269 -0.25734644
22003.3  5.00000000  0.95529484  0.14761613  0.96663269 -0.25734644
22003.4  5.00000000  0.95529484  0.14761613  0.96663269 -0.25734644
22003.5  5.00000000  0.95529484  0.14761613  0.96663269 -0.25734644
22003.6  5.00000000  0.95529484  0.14761613  0.96663269 -0.25734644
22003.7  5.00000000  0.95529484  0.14761613  0.96663269 -0.25734644
22003.8  5.00000000  0.95529484  0.14761613  0.96663269 -0.25734644
22003.9  5.00000000  0.95529484  0.14761613  0.96663269 -0.25734644
22004.0  5.00000000  0.95529484  0.14761613  0.96663269 -0.25734644
22004.1  5.00000000  0.95529484  0.14761613  0.96663269 -0.25734644
22004.2  5.00000000  0.95529484  0.14761613  0.96663269 -0.25734644
22004.3  5.00000000  0.95529484  0.14761613  0.96663269 -0.25734644
22004.4  5.00000000  0.95529484  0.14761613  0.96663269 -0.25734644
22004.5  5.00000000  0.95529484  0.14761613  0.96663269 -0.25734644
22004.6  5.00000000  0.95529484  0.14761613  0.96663269 -0.25734644
22004.7  5.00000000  0.95529484  0.14761613  0.96663269 -0.25734644
22004.8  5.00000000  0.95529484  0.14761613  0.96663269 -0.25734644
22004.9  5.00000000  0.95529484  0.14761613  0.96663269 -0.25734644
22005.0  5.00000000  0.95529484  0.14761613  0.96663269 -0.25734644
22005.1  5.00000000  0.95529484  0.14761613  0.96663269 -0.25734644
22005.2  5.00000000  0.95529484  0.14761613  0.96663269 -0.25734644
22005.3  5.00000000  0.95529484  0.14761613  0.96663269 -0.25734644
22005.4  5.00000000  0.95529484  0.14761613  0.96663269 -0.25734644
22005.5  5.00000000  0.95529484  0.14761613  0.96663269 -0.25734644
22005.6  5.00000000  0.95529484  0.14761613  0.96663269 -0.25734644
22005.7  5.00000000  0.95529484  0.14761613  0.96663269 -0.25734644
22005.8  5.00000000  0.95529484  0.14761613  0.96663269 -0.25734644
22005.9  5.00000000  0.95529484  0.14761613  0.96663269 -0.25734644
22006.0  5.00000000  0.95529484  0.14761613  0.96663269 -0.25734644
22006.1  5.00000000  0.95529484  0.14761613  0.96663269 -0.25734644
22006.2  5.00000000  0.95529484  0.14761613  0.96663269 -0.25734644
22006.3  5.00000000  0.95529484  0.14761613  0.96663269 -0.25734644
22006.4  5.00000000  0.95529484  0.14761613  0.96663269 -0.25734644
22006.5  5.00000000  0.95529484  0.14761613  0.96663269 -0.25734644
22006.6  5.00000000  0.95529484  0.14761613  0.96663269 -0.25734644
22006.7  5.00000000  0.95529484  0.14761613  0.96663269 -0.25734644
22006.8  5.00000000  0.95529484  0.14761613  0.96663269 -0.25734644
22006.9  5.00000000  0.95529484  0.14761613  0.96663269 -0.25734644
22007.0  5.00000000  0.95529484  0.14761613  0.96663269 -0.25734644
22007.1  5.00000000  0.95529484  0.14761613  0.96663269 -0.25734644
22007.2  5.00000000  0.95529484  0.14761613  0.96663269 -0.25734644
22007.3  5.00000000  0.95529484  0.14761613  0.96663269 -0.25734644
22007.4  5.00000000  0.95529484  0.14761613  0.96663269 -0.25734644
22007.5  5.00000000  0.95529484  0.14761613  0.96663269 -0.25734644
22007.6  5.00000000  0.95529484  0.14761613  0.96663269 -0.25734644
22007.7  5.00000000  0.95529484  0.14761613  0.96663269 -0.25734644
22007.8  5.00000000  0.95529484  0.14761613  0.96663269 -0.25734644
22007.9  5.00000000  0.95529484  0.14761613  0.96663269 -0.25734644
22008.0  5.00000000  0.95529484  0.14761613  0.96663269 -0.25734644
22008.1  5.00000000  0.95529484  0.14761613  0.96663269 -0.25734644
22008.2  5.00000000  0.95529484  0.14761613  0.96663269 -0.25734644
22008.3  5.00000000  0.95529484  0.14761613  0.96663269 -0.25734644
22008.4  5.00000000  0.95529484  0.14761613  0.96663269 -0.25734644
22008.5  5.00000000  0.95529484  0.14761613  0.96663269 -0.25734644
22008.6  5.00000000  0.95529484  0.14761613  0.96663269 -0.25734644
22008.7  5.00000000  0.95529484  0.14761613  0.96663269 -0.25734644
22008.8  5.00000000  0.95529484  0.14761613  0.96663269 -0.25734644
22008.9  5.00000000  0.95529484  0.14761613  0.96663269 -0.25734644
22009.0  5.00000000  0.95529484  0.14761613  0.96663269 -0.25734644
22009.1  5.00000000  0.95529484  0.14761613  0.96663269 -0.25734644
22009.2  5.00000000  0.95529484  0.14761613  0.96663269 -0.25734644
22009.3  5.00000000  0.95529484  0.14761613  0.96663269 -0.25734644
22009.4  5.00000000  0.95529484  0.14761613  0.96663269 -0.25734644
22009.5  5.00000000  0.95529484  0.14761613  0.96663269 -0.25734644
22009.6  5.00000000  0.95529484  0.14761613  0.96663269 -0.25734644
22009.7  5.00000000  0.95529484  0.14761613  0.96663269 -0.25734644
22009.8  5.00000000  0.95529484  0.14761613  0.96663269 -0.25734644
22009.9  5.00000000  0.95529484  0.14761613  0.96663269 -0.25734644
22010.0  5.00000000  0.95529484  0.14761613  0.96663269 -0.25734644
22010.1  5.00000000  0.95529484  0.14761613  0.96663269 -0.25734644
22010.2  5.00000000  0.95529484  0.14761613  0.96663269 -0.25734644
22010.3  5.00000000  0.95529484  0.14761613  0.96663269 -0.25734644
22010.4  5.00000000  0.95529484  0.14761613  0.96663269 -0.25734644
22010.5  5.00000000  0.95529484  0.14761613  0.96663269 -0.25734644
22010.6  5.00000000  0.95529484  0.14761613  0.96663269 -0.25734644
22010.7  5.00000000  0.95529484  0.14761613  0.96663269 -0.25734644
22010.8  5.00000000  0.95529484  0.14761613  0.96663269 -0.25734644
22010.9  5.00000000  0.95529484  0.14761613  0.96663269 -0.25734644
22011.0  5.00000000  0.95529484  0.14761613  0.96663269 -0.25734644
22011.1  5.00000000  0.95529484  0.14761613  0.96663269 -0.25734644
22011.2  5.00000000  0.95529484  0.14761613  0.96663269 -0.25734644
22011.3  5.00000000  0.95529484  0.14761613  0.96663269 -0.25734644
22011.4  5.00000000  0.95529484  0.14761613  0.96663269 -0.25734644
22011.5  5.00000000  0.95529484  0.14761613  0.96663269 -0.25734644
22011.6  5.00000000  0.95529484  0.14761613  0.96663269 -0.25734644
22011.7  5.00000000  0.95529484  0.14761613  0.96663269 -0.25734644
22011.8  5.00000000  0.95529484  0.14761613  0.96663269 -0.25734644
22011.9  5.00000000  0.95529484  0.14761613  0.96663269 -0.25734644
22012.0  5.00000000  0.95529484  0.14761613  0.96663269 -0.25734644
22012.1  5.00000000  0.95529484  0.14761613  0.96663269 -0.25734644
22012.2  5.00000000  0.95529484  0.14761613  0.96663269 -0.25734644
22012.3  5.00000000  0.95529484  0.14761613  0.96663269 -0.25734644
22012.4  5.00000000  0.95529484  0.14761613  0.96663269 -0.25734644
22012.5  5.00000000  0.95529484  0.14761613  0.96663269 -0.25734644
22012.6  5.00000000  0.95529484  0.14761613  0.96663269 -0.25734644
22012.7  5.00000000  0.95529484  0.14761613  0.96663269 -0.25734644
22012.8  5.00000000  0.95529484  0.14761613  0.96663269 -0.25734644
22012.9  5.00000000  0.95529484  0.14761613  0.96663269 -0.25734644
22013.0  5.00000000  0.95529484  0.14761613  0.96663269 -0.25734644
22013.1  5.00000000  0.95529484  0.14761613  0.96663269 -0.25734644
22013.2  5.00000000  0.95529484  0.14761613  0.96663269 -0.25734644
22013.3  5.00000000  0.95529484  0.14761613  0.96663269 -0.25734644
22013.4  5.00000000  0.95529484  0.14761613  0.96663269 -0.25734644
22013.5  5.00000000  0.95529484  0.14761613  0.96663269 -0.25734644
22013.6  5.00000000  0.95529484  0.14761613  0.96663269 -0.25734644
22013.7  5.00000000  0.95529484  0.14761613  0.96663269 -0.25734644
22013.8  5.00000000  0.95529484  0.14761613  0.96663269 -0.25734644
22013.9  5.00000000  0.95529484  0.14761613  0.96663269 -0.25734644
22014.0  5.00000000  0.95529484  0.14761613  0.96663269 -0.25734644
22014.1  5.00000000  0.95529484  0.14761613  0.96663269 -0.25734644
22014.2  5.00000000  0.95529484  0.14761613  0.96663269 -0.25734644
22014.3  5.00000000  0.95529484  0.14761613  0.96663269 -0.25734644
22014.4  5.00000000  0.95529484  0.14761613  0.96663269 -0.25734644
22014.5  5.00000000  0.95529484  0.14761613  0.96663269 -0.25734644
22014.6  5.00000000  0.95529484  0.14761613  0.96663269 -0.25734644
22014.7  5.00000000  0.95529484  0.14761613  0.96663269 -0.25734644
22014.8  5.00000000  0.95529484  0.14761613  0.96663269 -0.25734644
22014.9  5.00000000  0.95529484  0.14761613  0.96663269 -0.25734644
22015.0  5.00000000  0.95529484  0.14761613  0.96663269 -0.25734644
22015.1  5.00000000  0.95529484  0.14761613  0.96663269 -0.25734644
22015.2  5.00000000  0.95529484  0.14761613  0.96663269 -0.25734644
22015.3  5.00000000  0.95529484  0.14761613  0.96663269 -0.25734644
22015.4  5.00000000  0.95529484  0.14761613  0.96663269 -0.25734644
22015.5  5.00000000  0.95529484  0.14761613  0.96663269 -0.25734644
22015.6  5.00000000  0.95529484  0.14761613  0.96663269 -0.25734644
22015.7  5.00000000  0.95529484  0.14761613  0.96663269 -0.25734644
22015.8  5.00000000  0.95529484  0.14761613  0.96663269 -0.25734644
22015.9  5.00000000  0.95529484  0.14761613  0.96663269 -0.25734644
22016.0  5.00000000  0.95529484  0.14761613  0.96663269 -0.25734644
22016.1  5.00000000  0.95529484  0.14761613  0.96663269 -0.25734644
22016.2  5.00000000  0.95529484  0.14761613  0.96663269 -0.25734644
22016.3  5.00000000  0.95529484  0.14761613  0.96663269 -0.25734644
22016.4  5.00000000  0.95529484  0.14761613  0.96663269 -0.25734644
22016.5  5.00000000  0.95529484  0.14761613  0.96663269 -0.25734644
22016.6  5.00000000  0.95529484  0.14761613  0.96663269 -0.25734644
22016.7  5.00000000  0.95529484  0.14761613  0.96663269 -0.25734644
22016.8  5.00000000  0.95529484  0.14761613  0.96663269 -0.25734644
22016.9  5.00000000  0.95529484  0.14761613  0.96663269 -0.25734644
22017.0  5.00000000  0.95529484  0.14761613  0.96663269 -0.25734644
22017.1  5.00000000  0.95529484  0.14761613  0.96663269 -0.25734644
22017.2  5.00000000  0.95529484  0.14761613  0.96663269 -0.25734644
22017.3  5.00000000  0.95529484  0.14761613  0.96663269 -0.25734644
22017.4  5.00000000  0.95529484  0.14761613  0.96663269 -0.25734644
22017.5  5.00000000  0.95529484  0.14761613  0.96663269 -0.25734644
22017.6  5.00000000  0.95529484  0.14761613  0.96663269 -0.25734644
22017.7  5.00000000  0.95529484  0.14761613  0.96663269 -0.25734644
22017.8  5.00000000  0.95529484  0.14761613  0.96663269 -0.25734644
22017.9  5.00000000  0.95529484  0.14761613  0.96663269 -0.25734644
22018.0  5.00000000  0.95529484  0.14761613  0.96663269 -0.25734644
22018.1  5.00000000  0.95529484  0.14761613  0.96663269 -0.25734644
22018.2  5.00000000  0.95529484  0.14761613  0.96663269 -0.25734644
22018.3  5.00000000  0.95529484  0.14761613  0.96663269 -0.25734644
22018.4  5.00000000  0.95529484  0.14761613  0.96663269 -0.25734644
22018.5  5.00000000  0.95529484  0.14761613  0.96663269 -0.25734644
22018.6  5.00000000  0.95529484  0.14761613  0.96663269 -0.25734644
22018.7  5.00000000  0.95529484  0.14761613  0.96663269 -0.25734644
22018.8  5.00000000  0.95529484  0.14761613  0.96663269 -0.25734644
22018.9  5.00000000  0.95529484  0.14761613  0.96663269 -0.25734644
22019.0  5.00000000  0.95529484  0.14761613  0.96663269 -0.25734644
22019.1  5.00000000  0.95529484  0.14761613  0.96663269 -0.25734644
22019.2  5.00000000  0.95529484  0.14761613  0.96663269 -0.25734644
22019.3  5.00000000  0.95529484  0.14761613  0.96663269 -0.25734644
22019.4  5.00000000  0.95529484  0.14761613  0.96663269 -0.25734644
22019.5  5.00000000  0.95529484  0.14761613  0.96663269 -0.25734644
22019.6  5.00000000  0.95529484  0.14761613  0.96663269 -0.25734644
22019.7  5.00000000  0.95529484  0.14761613  0.96663269 -0.25734644
22019.8  5.00000000  0.95529484  0.14761613  0.96663269 -0.25734644
22019.9  5.00000000  0.95529484  0.14761613  0.96663269 -0.25734644
22020.0  5.00000000  0.95529484  0.14761613  0.96663269 -0.25734644
22020.1  5.00000000  0.95529484  0.14761613  0.96663269 -0.25734644
22020.2  5.00000000  0.95529484  0.14761613  0.96663269 -0.25734644
22020.3  5.00000000  0.95529484  0.14761613  0.96663269 -0.25734644
22020.4  5.00000000  0.95529484  0.14761613  0.96663269 -0.25734644
22020.5  5.00000000  0.95529484  0.14761613  0.96663269 -0.25734644
22020.6  5.00000000  0.95529484  0.14761613  0.96663269 -0.25734644
22020.7  5.00000000  0.95529484  0.14761613  0.96663269 -0.25734644
22020.8  5.00000000  0.95529484  0.14761613  0.96663269 -0.25734644
22020.9  5.00000000  0.95529484  0.14761613  0.96663269 -0.25734644
22021.0  5.00000000  0.95529484  0.14761613  0.96663269 -0.25734644
22021.1  5.00000000  0.95529484  0.14761613  0.96663269 -0.25734644
22021.2  5.00000000  0.95529484  0.14761613  0.96663269 -0.25734644
22021.3  5.00000000  0.95529484  0.14761613  0.96663269 -0.25734644
22021.4  5.00000000  0.95529484  0.14761613  0.96663269 -0.25734644
22021.5  5.00000000  0.95529484  0.14761613  0.96663269 -0.25734644
22021.6  5.00000000  0.95529484  0.14761613  0.96663269 -0.25734644
22021.7  5.00000000  0.95529484  0.14761613  0.96663269 -0.25734644
22021.8  5.00000000  0.95529484  0.14761613  0.96663269 -0.25734644
22021.9  5.00000000  0.95529484  0.14761613  0.96663269 -0.25734644
22022.0  5.00000000  0.95529484  0.14761613  0.96663269 -0.25734644
22022.1  5.00000000  0.95529484  0.14761613  0.96663269 -0.25734644
22022.2  5.00000000  0.95529484  0.14761613  0.96663269 -0.25734644
22022.3  5.00000000  0.95529484  0.14761613  0.96663269 -0.25734644
22022.4  5.00000000  0.95529484  0.14761613  0.96663269 -0.25734644
22022.5  5.00000000  0.95529484  0.14761613  0.96663269 -0.25734644
22022.6  5.00000000  0.95529484  0.14761613  0.96663269 -0.25734644
22022.7  5.00000000  0.95529484  0.14761613  0.96663269 -0.25734644
22022.8  5.00000000  0.95529484  0.14761613  0.96663269 -0.25734644
22022.9  5.00000000  0.95529484  0.14761613  0.96663269 -0.25734644
22023.0  5.00000000  0.95529484  0.14761613  0.96663269 -0.25734644
22023.1  5.00000000  0.95529484  0.14761613  0.96663269 -0.25734644
22023.2  5.00000000  0.95529484  0.14761613  0.96663269 -0.25734644
22023.3  5.00000000  0.95529484  0.14761613  0.96663269 -0.25734644
22023.4  5.00000000  0.95529484  0.14761613  0.96663269 -0.25734644
22023.5  5.00000000  0.95529484  0.14761613  0.96663269 -0.25734644
22023.6  5.00000000  0.95529484  0.14761613  0.96663269 -0.25734644
22023.7  5.00000000  0.95529484  0.14761613  0.96663269 -0.25734644
22023.8  5.00000000  0.95529484  0.14761613  0.96663269 -0.25734644
22023.9  5.00000000  0.95529484  0.14761613  0.96663269 -0.25734644
22024.0  5.00000000  0.95529484  0.14761613  0.96663269 -0.25734644
22024.1  5.00000000  0.95529484  0.14761613  0.96663269 -0.25734644
22024.2  5.00000000  0.95529484  0.14761613  0.96663269 -0.25734644
22024.3  5.00000000  0.95529484  0.14761613  0.96663269 -0.25734644
22024.4  5.00000000  0.95529484  0.14761613  0.96663269 -0.25734644
22024.5  5.00000000  0.95529484  0.14761613  0.96663269 -0.25734644
22024.6  5.00000000  0.95529484  0.14761613  0.96663269 -0.25734644
22024.7  5.00000000  0.95529484  0.14761613  0.96663269 -0.25734644
22024.8  5.00000000  0.95529484  0.14761613  0.96663269 -0.25734644
22024.9  5.00000000  0.95529484  0.14761613  0.96663269 -0.25734644
22025.0  5.00000000  0.95529484  0.14761613  0.96663269 -0.25734644
22025.1  5.00000000  0.95529484  0.14761613  0.96663269 -0.25734644
22025.2  5.00000000  0.95529484  0.14761613  0.96663269 -0.25734644
22025.3  5.00000000  0.95529484  0.14761613  0.96663269 -0.25734644
22025.4  5.00000000  0.95529484  0.14761613  0.96663269 -0.25734644
22025.5  5.00000000  0.95529484  0.14761613  0.96663269 -0.25734644
22025.6  5.00000000  0.95529484  0.14761613  0.96663269 -0.25734644
22025.7  5.00000000  0.95529484  0.14761613  0.96663269 -0.25734644
22025.8  5.00000000  0.95529484  0.14761613  0.96663269 -0.25734644
22025.9  5.00000000  0.95529484  0.14761613  0.96663269 -0.25734644
22026.0  5.00000000  0.95529484  0.14761613  0.96663269 -0.25734644
22026.1  5.00000000  0.95529484  0.14761613  0.96663269 -0.25734644
22026.2  5.00000000  0.95529484  0.14761613  0.96663269 -0.25734644
22026.3  5.00000000  0.95529484  0.14761613  0.96663269 -0.25734644
22026.4  5.00000000  0.95529484  0.14761613  0.96663269 -0.25734644
22026.5  5.00000000  0.95529484  0.14761613  0.96663269 -0.25734644
22026.6  5.00000000  0.95529484  0.14761613  0.96663269 -0.25734644
22026.7  5.00000000  0.95529484  0.14761613  0.96663269 -0.25734644
22026.8  5.00000000  0.95529484  0.14761613  0.96663269 -0.25734644
22026.9  5.00000000  0.95529484  0.14761613  0.96663269 -0.25734644
22027.0  5.00000000  0.95529484  0.14761613  0.96663269 -0.25734644
22027.1  5.00000000  0.95529484  0.14761613  0.96663269 -0.25734644
22027.2  5.00000000  0.95529484  0.14761613  0.96663269 -0.25734644
22027.3  5.00000000  0.95529484  0.14761613  0.96663269 -0.25734644
22027.4  5.00000000  0.95529484  0.14761613  0.96663269 -0.25734644
22027.5  5.00000000  0.95529484  0.14761613  0.96663269 -0.25734644
22027.6  5.00000000  0.95529484  0.14761613  0.96663269 -0.25734644
22027.7  5.00000000  0.95529484  0.14761613  0.96663269 -0.25734644
22027.8  5.00000000  0.95529484  0.14761613  0.96663269 -0.25734644
22027.9  5.00000000  0.95529484  0.14761613  0.96663269 -0.25734644
22028.0  5.00000000  0.95529484  0.14761613  0.96663269 -0.25734644
22028.1  5.00000000  0.95529484  0.14761613  0.96663269 -0.25734644
22028.2  5.00000000  0.95529484  0.14761613  0.96663269 -0.25734644
22028.3  5.00000000  0.95529484  0.14761613  0.96663269 -0.25734644
22028.4  5.00000000  0.95529484  0.14761613  0.96663269 -0.25734644
22028.5  5.00000000  0.95529484  0.14761613  0.96663269 -0.25734644
22028.6  5.00000000  0.95529484  0.14761613  0.96663269 -0.25734644
22028.7  5.00000000  0.95529484  0.14761613  0.96663269 -0.25734644
22028.8  5.00000000  0.95529484  0.14761613  0.96663269 -0.25734644
22028.9  5.00000000  0.95529484  0.14761613  0.96663269 -0.25734644
22029.0  5.00000000  0.95529484  0.14761613  0.96663269 -0.25734644
22029.1  5.00000000  0.95529484  0.14761613  0.96663269 -0.25734644
22029.2  5.00000000  0.95529484  0.14761613  0.96663269 -0.25734644
22029.3  5.00000000  0.95529484  0.14761613  0.96663269 -0.25734644
22029.4  5.00000000  0.95529484  0.14761613  0.96663269 -0.25734644
22029.5  5.00000000  0.95529484  0.14761613  0.96663269 -0.25734644
22029.6  5.00000000  0.95529484  0.14761613  0.96663269 -0.25734644
22029.7  5.00000000  0.95529484  0.14761613  0.96663269 -0.25734644
22029.8  5.00000000  0.95529484  0.14761613  0.96663269 -0.25734644
22029.9  5.00000000  0.95529484  0.14761613  0.96663269 -0.25734644
22030.0  5.00000000  0.95529484  0.14761613  0.96663269 -0.25734644
22030.1  5.00000000  0.95529484  0.14761613  0.96663269 -0.25734644
22030.2  5.00000000  0.95529484  0.14761613  0.96663269 -0.25734644
22030.3  5.00000000  0.95529484  0.14761613  0.96663269 -0.25734644
22030.4  5.00000000  0.95529484  0.14761613  0.96663269 -0.25734644
22030.5  5.00000000  0.95529484  0.14761613  0.96663269 -0.25734644
22030.6  5.00000000  0.95529484  0.14761613  0.96663269 -0.25734644
22030.7  5.00000000  0.95529484  0.14761613  0.96663269 -0.25734644
22030.8  5.00000000  0.95529484  0.14761613  0.96663269 -0.25734644
22030.9  5.00000000  0.95529484  0.14761613  0.96663269 -0.25734644
22031.0  5.00000000  0.95529484  0.14761613  0.96663269 -0.25734644
22031.1  5.00000000  0.95529484  0.14761613  0.96663269 -0.25734644
22031.2  5.00000000  0.95529484  0.14761613  0.96663269 -0.25734644
22031.3  5.00000000  0.95529484  0.14761613  0.96663269 -0.25734644
22031.4  5.00000000  0.95529484  0.14761613  0.96663269 -0.25734644
22031.5  5.00000000  0.95529484  0.14761613  0.96663269 -0.25734644
22031.6  5.00000000  0.95529484  0.14761613  0.96663269 -0.25734644
22031.7  5.00000000  0.95529484  0.14761613  0.96663269 -0.25734644
22031.8  5.00000000  0.95529484  0.14761613  0.96663269 -0.25734644
22031.9  5.00000000  0.95529484  0.14761613  0.96663269 -0.25734644
22032.0  5.00000000  0.95529484  0.14761613  0.96663269 -0.25734644
22032.1  5.00000000  0.95529484  0.14761613  0.96663269 -0.25734644
22032.2  5.00000000  0.95529484  0.14761613  0.96663269 -0.25734644
22032.3  5.00000000  0.95529484  0.14761613  0.96663269 -0.25734644
22032.4  5.00000000  0.95529484  0.14761613  0.96663269 -0.25734644
22032.5  5.00000000  0.95529484  0.14761613  0.96663269 -0.25734644
22032.6  5.00000000  0.95529484  0.14761613  0.96663269 -0.25734644
22032.7  5.00000000  0.95529484  0.14761613  0.96663269 -0.25734644
22032.8  5.00000000  0.95529484  0.14761613  0.96663269 -0.25734644
22032.9  5.00000000  0.95529484  0.14761613  0.96663269 -0.25734644
22033.0  5.00000000  0.95529484  0.14761613  0.96663269 -0.25734644
22033.1  5.00000000  0.95529484  0.14761613  0.96663269 -0.25734644
22033.2  5.00000000  0.95529484  0.14761613  0.96663269 -0.25734644
22033.3  5.00000000  0.95529484  0.14761613  0.96663269 -0.25734644
22033.4  5.00000000  0.95529484  0.14761613  0.96663269 -0.25734644
22033.5  5.00000000  0.95529484  0.14761613  0.96663269 -0.25734644
22033.6  5.00000000  0.95529484  0.14761613  0.96663269 -0.25734644
22033.7  5.00000000  0.95529484  0.14761613  0.96663269 -0.25734644
22033.8  5.00000000  0.95529484  0.14761613  0.96663269 -0.25734644
22033.9  5.00000000  0.95529484  0.14761613  0.96663269 -0.25734644
22034.0  5.00000000  0.95529484  0.14761613  0.96663269 -0.25734644
22034.1  5.00000000  0.95529484  0.14761613  0.96663269 -0.25734644
22034.2  5.00000000  0.95529484  0.14761613  0.96663269 -0.25734644
22034.3  5.00000000  0.95529484  0.14761613  0.96663269 -0.25734644
22034.4  5.00000000  0.95529484  0.14761613  0.96663269 -0.25734644
22034.5  5.00000000  0.95529484  0.14761613  0.96663269 -0.25734644
22034.6  5.00000000  0.95529484  0.14761613  0.96663269 -0.25734644
22034.7  5.00000000  0.95529484  0.14761613  0.96663269 -0.25734644
22034.8  5.00000000  0.95529484  0.14761613  0.96663269 -0.25734644
22034.9  5.00000000  0.95529484  0.14761613  0.96663269 -0.25734644
22035.0  5.00000000  0.95529484  0.14761613  0.96663269 -0.25734644
22035.1  5.00000000  0.95529484  0.14761613  0.96663269 -0.25734644
22035.2  5.00000000  0.95529484  0.14761613  0.96663269 -0.25734644
22035.3  5.00000000  0.95529484  0.14761613  0.96663269 -0.25734644
22035.4  5.00000000  0.95529484  0.14761613  0.96663269 -0.25734644
22035.5  5.00000000  0.95529484  0.14761613  0.96663269 -0.25734644
22035.6  5.00000000  0.95529484  0.14761613  0.96663269 -0.25734644
22035.7  5.00000000  0.95529484  0.14761613  0.96663269 -0.25734644
22035.8  5.00000000  0.95529484  0.14761613  0.96663269 -0.25734644
22035.9  5.00000000  0.95529484  0.14761613  0.96663269 -0.25734644
22036.0  5.00000000  0.95529484  0.14761613  0.96663269 -0.25734644
22036.1  5.00000000  0.95529484  0.14761613  0.96663269 -0.25734644
22036.2  5.00000000  0.95529484  0.14761613  0.96663269 -0.25734644
22036.3  5.00000000  0.95529484  0.14761613  0.96663269 -0.25734644
22036.4  5.00000000  0.95529484  0.14761613  0.96663269 -0.25734644
22036.5  5.00000000  0.95529484  0.14761613  0.96663269 -0.25734644
22036.6  5.00000000  0.95529484  0.14761613  0.96663269 -0.25734644
22036.7  5.00000000  0.95529484  0.14761613  0.96663269 -0.25734644
22036.8  5.00000000  0.95529484  0.14761613  0.96663269 -0.25734644
22036.9  5.00000000  0.95529484  0.14761613  0.96663269 -0.25734644
22037.0  5.00000000  0.95529484  0.14761613  0.96663269 -0.25734644
22037.1  5.00000000  0.95529484  0.14761613  0.96663269 -0.25734644
22037.2  5.00000000  0.95529484  0.14761613  0.96663269 -0.25734644
22037.3  5.00000000  0.95529484  0.14761613  0.96663269 -0.25734644
22037.4  5.00000000  0.95529484  0.14761613  0.96663269 -0.25734644
22037.5  5.00000000  0.95529484  0.14761613  0.96663269 -0.25734644
22037.6  5.00000000  0.95529484  0.14761613  0.96663269 -0.25734644
22037.7  5.00000000  0.95529484  0.14761613  0.96663269 -0.25734644
22037.8  5.00000000  0.95529484  0.14761613  0.96663269 -0.25734644
22037.9  5.00000000  0.95529484  0.14761613  0.96663269 -0.25734644
22038.0  5.00000000  0.95529484  0.14761613  0.96663269 -0.25734644
22038.1  5.00000000  0.95529484  0.14761613  0.96663269 -0.25734644
22038.2  5.00000000  0.95529484  0.14761613  0.96663269 -0.25734644
22038.3  5.00000000  0.95529484  0.14761613  0.96663269 -0.25734644
22038.4  5.00000000  0.95529484  0.14761613  0.96663269 -0.25734644
22038.5  5.00000000  0.95529484  0.14761613  0.96663269 -0.25734644
22038.6  5.00000000  0.95529484  0.14761613  0.96663269 -0.25734644
22038.7  5.00000000  0.95529484  0.14761613  0.96663269 -0.25734644
22038.8  5.00000000  0.95529484  0.14761613  0.96663269 -0.25734644
22038.9  5.00000000  0.95529484  0.14761613  0.96663269 -0.25734644
22039.0  5.00000000  0.95529484  0.14761613  0.96663269 -0.25734644
22039.1  5.00000000  0.95529484  0.14761613  0.96663269 -0.25734644
22039.2  5.00000000  0.95529484  0.14761613  0.96663269 -0.25734644
22039.3  5.00000000  0.95529484  0.14761613  0.96663269 -0.25734644
22039.4  5.00000000  0.95529484  0.14761613  0.96663269 -0.25734644
22039.5  5.00000000  0.95529484  0.14761613  0.96663269 -0.25734644
22039.6  5.00000000  0.95529484  0.14761613  0.96663269 -0.25734644
22039.7  5.00000000  0.95529484  0.14761613  0.96663269 -0.25734644
22039.8  5.00000000  0.95529484  0.14761613  0.96663269 -0.25734644
22039.9  5.00000000  0.95529484  0.14761613  0.96663269 -0.25734644
22040.0  5.00000000  0.95529484  0.14761613  0.96663269 -0.25734644
22040.1  5.00000000  0.95529484  0.14761613  0.96663269 -0.25734644
22040.2  5.00000000  0.95529484  0.14761613  0.96663269 -0.25734644
22040.3  5.00000000  0.95529484  0.14761613  0.96663269 -0.25734644
22040.4  5.00000000  0.95529484  0.14761613  0.96663269 -0.25734644
22040.5  5.00000000  0.95529484  0.14761613  0.96663269 -0.25734644
22040.6  5.00000000  0.95529484  0.14761613  0.96663269 -0.25734644
22040.7  5.00000000  0.95529484  0.14761613  0.96663269 -0.25734644
22040.8  5.00000000  0.95529484  0.14761613  0.96663269 -0.25734644
22040.9  5.00000000  0.95529484  0.14761613  0.96663269 -0.25734644
22041.0  5.00000000  0.95529484  0.14761613  0.96663269 -0.25734644
22041.1  5.00000000  0.95529484  0.14761613  0.96663269 -0.25734644
22041.2  5.00000000  0.95529484  0.14761613  0.96663269 -0.25734644
22041.3  5.00000000  0.95529484  0.14761613  0.96663269 -0.25734644
22041.4  5.00000000  0.95529484  0.14761613  0.96663269 -0.25734644
22041.5  5.00000000  0.95529484  0.14761613  0.96663269 -0.25734644
22041.6  5.00000000  0.95529484  0.14761613  0.96663269 -0.25734644
22041.7  5.00000000  0.95529484  0.14761613  0.96663269 -0.25734644
22041.8  5.00000000  0.95529484  0.14761613  0.96663269 -0.25734644
22041.9  5.00000000  0.95529484  0.14761613  0.96663269 -0.25734644
22042.0  5.00000000  0.95529484  0.14761613  0.96663269 -0.25734644
22042.1  5.00000000  0.95529484  0.14761613  0.96663269 -0.25734644
22042.2  5.00000000  0.95529484  0.14761613  0.96663269 -0.25734644
22042.3  5.00000000  0.95529484  0.14761613  0.96663269 -0.25734644
22042.4  5.00000000  0.95529484  0.14761613  0.96663269 -0.25734644
22042.5  5.00000000  0.95529484  0.14761613  0.96663269 -0.25734644
22042.6  5.00000000  0.95529484  0.14761613  0.96663269 -0.25734644
22042.7  5.00000000  0.95529484  0.14761613  0.96663269 -0.25734644
22042.8  5.00000000  0.95529484  0.14761613  0.96663269 -0.25734644
22042.9  5.00000000  0.95529484  0.14761613  0.96663269 -0.25734644
22043.0  5.00000000  0.95529484  0.14761613  0.96663269 -0.25734644
22043.1  5.00000000  0.95529484  0.14761613  0.96663269 -0.25734644
22043.2  5.00000000  0.95529484  0.14761613  0.96663269 -0.25734644
22043.3  5.00000000  0.95529484  0.14761613  0.96663269 -0.25734644
22043.4  5.00000000  0.95529484  0.14761613  0.96663269 -0.25734644
22043.5  5.00000000  0.95529484  0.14761613  0.96663269 -0.25734644
22043.6  5.00000000  0.95529484  0.14761613  0.96663269 -0.25734644
22043.7  5.00000000  0.95529484  0.14761613  0.96663269 -0.25734644
22043.8  5.00000000  0.95529484  0.14761613  0.96663269 -0.25734644
22043.9  5.00000000  0.95529484  0.14761613  0.96663269 -0.25734644
22044.0  5.00000000  0.95529484  0.14761613  0.96663269 -0.25734644
22044.1  5.00000000  0.95529484  0.14761613  0.96663269 -0.25734644
22044.2  5.00000000  0.95529484  0.14761613  0.96663269 -0.25734644
22044.3  5.00000000  0.95529484  0.14761613  0.96663269 -0.25734644
22044.4  5.00000000  0.95529484  0.14761613  0.96663269 -0.25734644
22044.5  5.00000000  0.95529484  0.14761613  0.96663269 -0.25734644
22044.6  5.00000000  0.95529484  0.14761613  0.96663269 -0.25734644
22044.7  5.00000000  0.95529484  0.14761613  0.96663269 -0.25734644
22044.8  5.00000000  0.95529484  0.14761613  0.96663269 -0.25734644
22044.9  5.00000000  0.95529484  0.14761613  0.96663269 -0.25734644
22045.0  5.00000000  0.95529484  0.14761613  0.96663269 -0.25734644
22045.1  5.00000000  0.95529484  0.14761613  0.96663269 -0.25734644
22045.2  5.00000000  0.95529484  0.14761613  0.96663269 -0.25734644
22045.3  5.00000000  0.95529484  0.14761613  0.96663269 -0.25734644
22045.4  5.00000000  0.95529484  0.14761613  0.96663269 -0.25734644
22045.5  5.00000000  0.95529484  0.14761613  0.96663269 -0.25734644
22045.6  5.00000000  0.95529484  0.14761613  0.96663269 -0.25734644
22045.7  5.00000000  0.95529484  0.14761613  0.96663269 -0.25734644
22045.8  5.00000000  0.95529484  0.14761613  0.96663269 -0.25734644
22045.9  5.00000000  0.95529484  0.14761613  0.96663269 -0.25734644
22046.0  5.00000000  0.95529484  0.14761613  0.96663269 -0.25734644
22046.1  5.00000000  0.95529484  0.14761613  0.96663269 -0.25734644
22046.2  5.00000000  0.95529484  0.14761613  0.96663269 -0.25734644
22046.3  5.00000000  0.95529484  0.14761613  0.96663269 -0.25734644
22046.4  5.00000000  0.95529484  0.14761613  0.96663269 -0.25734644
22046.5  5.00000000  0.95529484  0.14761613  0.96663269 -0.25734644
22046.6  5.00000000  0.95529484  0.14761613  0.96663269 -0.25734644
22046.7  5.00000000  0.95529484  0.14761613  0.96663269 -0.25734644
22046.8  5.00000000  0.95529484  0.14761613  0.96663269 -0.25734644
22046.9  5.00000000  0.95529484  0.14761613  0.96663269 -0.25734644
22047.0  5.00000000  0.95529484  0.14761613  0.96663269 -0.25734644
22047.1  5.00000000  0.95529484  0.14761613  0.96663269 -0.25734644
22047.2  5.00000000  0.95529484  0.14761613  0.96663269 -0.25734644
22047.3  5.00000000  0.95529484  0.14761613  0.96663269 -0.25734644
22047.4  5.00000000  0.95529484  0.14761613  0.96663269 -0.25734644
22047.5  5.00000000  0.95529484  0.14761613  0.96663269 -0.25734644
22047.6  5.00000000  0.95529484  0.14761613  0.96663269 -0.25734644
22047.7  5.00000000  0.95529484  0.14761613  0.96663269 -0.25734644
22047.8  5.00000000  0.95529484  0.14761613  0.96663269 -0.25734644
22047.9  5.00000000  0.95529484  0.14761613  0.96663269 -0.25734644
22048.0  5.00000000  0.95529484  0.14761613  0.96663269 -0.25734644
22048.1  5.00000000  0.95529484  0.14761613  0.96663269 -0.25734644
22048.2  5.00000000  0.95529484  0.14761613  0.96663269 -0.25734644
22048.3  5.00000000  0.95529484  0.14761613  0.96663269 -0.25734644
22048.4  5.00000000  0.95529484  0.14761613  0.96663269 -0.25734644
22048.5  5.00000000  0.95529484  0.14761613  0.96663269 -0.25734644
22048.6  5.00000000  0.95529484  0.14761613  0.96663269 -0.25734644
22048.7  5.00000000  0.95529484  0.14761613  0.96663269 -0.25734644
22048.8  5.00000000  0.95529484  0.14761613  0.96663269 -0.25734644
22048.9  5.00000000  0.95529484  0.14761613  0.96663269 -0.25734644
22049.0  5.00000000  0.95529484  0.14761613  0.96663269 -0.25734644
22049.1  5.00000000  0.95529484  0.14761613  0.96663269 -0.25734644
22049.2  5.00000000  0.95529484  0.14761613  0.96663269 -0.25734644
22049.3  5.00000000  0.95529484  0.14761613  0.96663269 -0.25734644
22049.4  5.00000000  0.95529484  0.14761613  0.96663269 -0.25734644
22049.5  5.00000000  0.95529484  0.14761613  0.96663269 -0.25734644
22049.6  5.00000000  0.95529484  0.14761613  0.96663269 -0.25734644
22049.7  5.00000000  0.95529484  0.14761613  0.96663269 -0.25734644
22049.8  5.00000000  0.95529484  0.14761613  0.96663269 -0.25734644
22049.9  5.00000000  0.95529484  0.14761613  0.96663269 -0.25734644
22050.0  5.00000000  0.95529484  0.14761613  0.96663269 -0.25734644
22050.1  5.00000000  0.95529484  0.14761613  0.96663269 -0.25734644
22050.2  5.00000000  0.95529484  0.14761613  0.96663269 -0.25734644
22050.3  5.00000000  0.95529484  0.14761613  0.96663269 -0.25734644
22050.4  5.00000000  0.95529484  0.14761613  0.96663269 -0.25734644
22050.5  5.00000000  0.95529484  0.14761613  0.96663269 -0.25734644
22050.6  5.00000000  0.95529484  0.14761613  0.96663269 -0.25734644
22050.7  5.00000000  0.95529484  0.14761613  0.96663269 -0.25734644
22050.8  5.00000000  0.95529484  0.14761613  0.96663269 -0.25734644
22050.9  5.00000000  0.95529484  0.14761613  0.96663269 -0.25734644
22051.0  5.00000000  0.95529484  0.14761613  0.96663269 -0.25734644
22051.1  5.00000000  0.95529484  0.14761613  0.96663269 -0.25734644
22051.2  5.00000000  0.95529484  0.14761613  0.96663269 -0.25734644
22051.3  5.00000000  0.95529484  0.14761613  0.96663269 -0.25734644
22051.4  5.00000000  0.95529484  0.14761613  0.96663269 -0.25734644
22051.5  5.00000000  0.95529484  0.14761613  0.96663269 -0.25734644
22051.6  5.00000000  0.95529484  0.14761613  0.96663269 -0.25734644
22051.7  5.00000000  0.95529484  0.14761613  0.96663269 -0.25734644
22051.8  5.00000000  0.95529484  0.14761613  0.96663269 -0.25734644
22051.9  5.00000000  0.95529484  0.14761613  0.96663269 -0.25734644
22052.0  5.00000000  0.95529484  0.14761613  0.96663269 -0.25734644
22052.1  5.00000000  0.95529484  0.14761613  0.96663269 -0.25734644
22052.2  5.00000000  0.95529484  0.14761613  0.96663269 -0.25734644
22052.3  5.00000000  0.95529484  0.14761613  0.96663269 -0.25734644
22052.4  5.00000000  0.95529484  0.14761613  0.96663269 -0.25734644
22052.5  5.00000000  0.95529484  0.14761613  0.96663269 -0.25734644
22052.6  5.00000000  0.95529484  0.14761613  0.96663269 -0.25734644
22052.7  5.00000000  0.95529484  0.14761613  0.96663269 -0.25734644
22052.8  5.00000000  0.95529484  0.14761613  0.96663269 -0.25734644
22052.9  5.00000000  0.95529484  0.14761613  0.96663269 -0.25734644
22053.0  5.00000000  0.95529484  0.14761613  0.96663269 -0.25734644
22053.1  5.00000000  0.95529484  0.14761613  0.96663269 -0.25734644
22053.2  5.00000000  0.95529484  0.14761613  0.96663269 -0.25734644
22053.3  5.00000000  0.95529484  0.14761613  0.96663269 -0.25734644
22053.4  5.00000000  0.95529484  0.14761613  0.96663269 -0.25734644
22053.5  5.00000000  0.95529484  0.14761613  0.96663269 -0.25734644
22053.6  5.00000000  0.95529484  0.14761613  0.96663269 -0.25734644
22053.7  5.00000000  0.95529484  0.14761613  0.96663269 -0.25734644
22053.8  5.00000000  0.95529484  0.14761613  0.96663269 -0.25734644
22053.9  5.00000000  0.95529484  0.14761613  0.96663269 -0.25734644
22054.0  5.00000000  0.95529484  0.14761613  0.96663269 -0.25734644
22054.1  5.00000000  0.95529484  0.14761613  0.96663269 -0.25734644
22054.2  5.00000000  0.95529484  0.14761613  0.96663269 -0.25734644
22054.3  5.00000000  0.95529484  0.14761613  0.96663269 -0.25734644
22054.4  5.00000000  0.95529484  0.14761613  0.96663269 -0.25734644
22054.5  5.00000000  0.95529484  0.14761613  0.96663269 -0.25734644
22054.6  5.00000000  0.95529484  0.14761613  0.96663269 -0.25734644
22054.7  5.00000000  0.95529484  0.14761613  0.96663269 -0.25734644
22054.8  5.00000000  0.95529484  0.14761613  0.96663269 -0.25734644
22054.9  5.00000000  0.95529484  0.14761613  0.96663269 -0.25734644
22055.0  5.00000000  0.95529484  0.14761613  0.96663269 -0.25734644
22055.1  5.00000000  0.95529484  0.14761613  0.96663269 -0.25734644
22055.2  5.00000000  0.95529484  0.14761613  0.96663269 -0.25734644
22055.3  5.00000000  0.95529484  0.14761613  0.96663269 -0.25734644
22055.4  5.00000000  0.95529484  0.14761613  0.96663269 -0.25734644
22055.5  5.00000000  0.95529484  0.14761613  0.96663269 -0.25734644
22055.6  5.00000000  0.95529484  0.14761613  0.96663269 -0.25734644
22055.7  5.00000000  0.95529484  0.14761613  0.96663269 -0.25734644
22055.8  5.00000000  0.95529484  0.14761613  0.96663269 -0.25734644
22055.9  5.00000000  0.95529484  0.14761613  0.96663269 -0.25734644
22056.0  5.00000000  0.95529484  0.14761613  0.96663269 -0.25734644
22056.1  5.00000000  0.95529484  0.14761613  0.96663269 -0.25734644
22056.2  5.00000000  0.95529484  0.14761613  0.96663269 -0.25734644
22056.3  5.00000000  0.95529484  0.14761613  0.96663269 -0.25734644
22056.4  5.00000000  0.95529484  0.14761613  0.96663269 -0.25734644
22056.5  5.00000000  0.95529484  0.14761613  0.96663269 -0.25734644
22056.6  5.00000000  0.95529484  0.14761613  0.96663269 -0.25734644
22056.7  5.00000000  0.95529484  0.14761613  0.96663269 -0.25734644
22056.8  5.00000000  0.95529484  0.14761613  0.96663269 -0.25734644
22056.9  5.00000000  0.95529484  0.14761613  0.96663269 -0.25734644
22057.0  5.00000000  0.95529484  0.14761613  0.96663269 -0.25734644
22057.1  5.00000000  0.95529484  0.14761613  0.96663269 -0.25734644
22057.2  5.00000000  0.95529484  0.14761613  0.96663269 -0.25734644
22057.3  5.00000000  0.95529484  0.14761613  0.96663269 -0.25734644
22057.4  5.00000000  0.95529484  0.14761613  0.96663269 -0.25734644
22057.5  5.00000000  0.95529484  0.14761613  0.96663269 -0.25734644
22057.6  5.00000000  0.95529484  0.14761613  0.96663269 -0.25734644
22057.7  5.00000000  0.95529484  0.14761613  0.96663269 -0.25734644
22057.8  5.00000000  0.95529484  0.14761613  0.96663269 -0.25734644
22057.9  5.00000000  0.95529484  0.14761613  0.96663269 -0.25734644
22058.0  5.00000000  0.95529484  0.14761613  0.96663269 -0.25734644
22058.1  5.00000000  0.95529484  0.14761613  0.96663269 -0.25734644
22058.2  5.00000000  0.95529484  0.14761613  0.96663269 -0.25734644
22058.3  5.00000000  0.95529484  0.14761613  0.96663269 -0.25734644
22058.4  5.00000000  0.95529484  0.14761613  0.96663269 -0.25734644
22058.5  5.00000000  0.95529484  0.14761613  0.96663269 -0.25734644
22058.6  5.00000000  0.95529484  0.14761613  0.96663269 -0.25734644
22058.7  5.00000000  0.95529484  0.14761613  0.96663269 -0.25734644
22058.8  5.00000000  0.95529484  0.14761613  0.96663269 -0.25734644
22058.9  5.00000000  0.95529484  0.14761613  0.96663269 -0.25734644
22059.0  5.00000000  0.95529484  0.14761613  0.96663269 -0.25734644
22059.1  5.00000000  0.95529484  0.14761613  0.96663269 -0.25734644
22059.2  5.00000000  0.95529484  0.14761613  0.96663269 -0.25734644
22059.3  5.00000000  0.95529484  0.14761613  0.96663269 -0.25734644
22059.4  5.00000000  0.95529484  0.14761613  0.96663269 -0.25734644
22059.5  5.00000000  0.95529484  0.14761613  0.96663269 -0.25734644
22059.6  5.00000000  0.95529484  0.14761613  0.96663269 -0.25734644
22059.7  5.00000000  0.95529484  0.14761613  0.96663269 -0.25734644
22059.8  5.00000000  0.95529484  0.14761613  0.96663269 -0.25734644
22059.9  5.00000000  0.95529484  0.14761613  0.96663269 -0.25734644
22060.0  5.00000000  0.95529484  0.14761613  0.96663269 -0.25734644
22060.1  5.00000000  0.95529484  0.14761613  0.96663269 -0.25734644
22060.2  5.00000000  0.95529484  0.14761613  0.96663269 -0.25734644
22060.3  5.00000000  0.95529484  0.14761613  0.96663269 -0.25734644
22060.4  5.00000000  0.95529484  0.14761613  0.96663269 -0.25734644
22060.5  5.00000000  0.95529484  0.14761613  0.96663269 -0.25734644
22060.6  5.00000000  0.95529484  0.14761613  0.96663269 -0.25734644
22060.7  5.00000000  0.95529484  0.14761613  0.96663269 -0.25734644
22060.8  5.00000000  0.95529484  0.14761613  0.96663269 -0.25734644
22060.9  5.00000000  0.95529484  0.14761613  0.96663269 -0.25734644
22061.0  5.00000000  0.95529484  0.14761613  0.96663269 -0.25734644
22061.1  5.00000000  0.95529484  0.14761613  0.96663269 -0.25734644
22061.2  5.00000000  0.95529484  0.14761613  0.96663269 -0.25734644
22061.3  5.00000000  0.95529484  0.14761613  0.96663269 -0.25734644
22061.4  5.00000000  0.95529484  0.14761613  0.96663269 -0.25734644
22061.5  5.00000000  0.95529484  0.14761613  0.96663269 -0.25734644
22061.6  5.00000000  0.95529484  0.14761613  0.96663269 -0.25734644
22061.7  5.00000000  0.95529484  0.14761613  0.96663269 -0.25734644
