 # AA:        411877.72547989147     
 # FLEGG:     245722.11282076681     
 # AF0:     -5.33308614247767210E-002
 # CPAR:      555.55779854881382     
 # Diff:     0.12463198212018202     
 # TF:       2.68328157299974766E-007
 # H:         284.00000000000000     
 # GRAD:     0.10000000000000001     
 # HR:       3.00000000000000006E-003
 # LP:       0.91000000000630743     
 # TIME  LP  TMAB  TMDS  TMPC  TMZ
43766.6  5.00000000  0.96550350  0.06280915  0.96754431 -0.25411518
43766.7  5.00000000  0.96557878  0.06168672  0.96754723 -0.25409859
43766.8  5.00000000  0.96561008  0.06124497  0.96755040 -0.25408071
43766.9  5.00000000  0.96559921  0.06145984  0.96755318 -0.25406523
43767.0  5.00000000  0.96555484  0.06218275  0.96755509 -0.25405480
43767.1  5.00000000  0.96549027  0.06318971  0.96755589 -0.25405064
43767.2  5.00000000  0.96542086  0.06423720  0.96755560 -0.25405256
43767.3  5.00000000  0.96536101  0.06511309  0.96755444 -0.25405920
43767.4  5.00000000  0.96532138  0.06567319  0.96755275 -0.25406849
43767.5  5.00000000  0.96530694  0.06585871  0.96755096 -0.25407819
43767.6  5.00000000  0.96531663  0.06569396  0.96754943 -0.25408631
43767.7  5.00000000  0.96534452  0.06526816  0.96754844 -0.25409151
43767.8  5.00000000  0.96538193  0.06470730  0.96754809 -0.25409326
43767.9  5.00000000  0.96541984  0.06414340  0.96754837 -0.25409176
43768.0  5.00000000  0.96545077  0.06368759  0.96754911 -0.25408784
43768.1  5.00000000  0.96546991  0.06341169  0.96755010 -0.25408266
43768.2  5.00000000  0.96547557  0.06334058  0.96755109 -0.25407745
43768.3  5.00000000  0.96546886  0.06345489  0.96755188 -0.25407323
43768.4  5.00000000  0.96545305  0.06370207  0.96755235 -0.25407066
43768.5  5.00000000  0.96543265  0.06401201  0.96755245 -0.25406999
43768.6  5.00000000  0.96541238  0.06431368  0.96755223 -0.25407104
43768.7  5.00000000  0.96539621  0.06454924  0.96755178 -0.25407332
43768.8  5.00000000  0.96538669  0.06468326  0.96755123 -0.25407618
43768.9  5.00000000  0.96538465  0.06470594  0.96755071 -0.25407898
43769.0  5.00000000  0.96538927  0.06463096  0.96755031 -0.25408117
43769.1  5.00000000  0.96539856  0.06448888  0.96755010 -0.25408242
43769.2  5.00000000  0.96540990  0.06431850  0.96755008 -0.25408264
43769.3  5.00000000  0.96542073  0.06415783  0.96755021 -0.25408195
43769.4  5.00000000  0.96542901  0.06403678  0.96755046 -0.25408065
43769.5  5.00000000  0.96543355  0.06397265  0.96755074 -0.25407907
43769.6  5.00000000  0.96543408  0.06396876  0.96755101 -0.25407758
43769.7  5.00000000  0.96543114  0.06401608  0.96755121 -0.25407646
43769.8  5.00000000  0.96542588  0.06409701  0.96755132 -0.25407585
43769.9  5.00000000  0.96541969  0.06419024  0.96755133 -0.25407581
43770.0  5.00000000  0.96541394  0.06427548  0.96755125 -0.25407624
43770.1  5.00000000  0.96540969  0.06433732  0.96755112 -0.25407699
43770.2  5.00000000  0.96540753  0.06436743  0.96755096 -0.25407785
43770.3  5.00000000  0.96540754  0.06436506  0.96755081 -0.25407865
43770.4  5.00000000  0.96540937  0.06433594  0.96755070 -0.25407923
43770.5  5.00000000  0.96541236  0.06429013  0.96755064 -0.25407951
43770.6  5.00000000  0.96541573  0.06423933  0.96755063 -0.25407950
43770.7  5.00000000  0.96541877  0.06419433  0.96755068 -0.25407924
43770.8  5.00000000  0.96542093  0.06416299  0.96755075 -0.25407882
43770.9  5.00000000  0.96542192  0.06414927  0.96755084 -0.25407835
43771.0  5.00000000  0.96542176  0.06415298  0.96755092 -0.25407792
43771.1  5.00000000  0.96542065  0.06417059  0.96755098 -0.25407763
43771.2  5.00000000  0.96541897  0.06419637  0.96755101 -0.25407749
43771.3  5.00000000  0.96541714  0.06422395  0.96755102 -0.25407752
43771.4  5.00000000  0.96541554  0.06424761  0.96755099 -0.25407768
43771.5  5.00000000  0.96541445  0.06426335  0.96755095 -0.25407791
43771.6  5.00000000  0.96541400  0.06426936  0.96755090 -0.25407817
43771.7  5.00000000  0.96541418  0.06426605  0.96755086 -0.25407838
43771.8  5.00000000  0.96541485  0.06425558  0.96755084 -0.25407853
43771.9  5.00000000  0.96541580  0.06424117  0.96755083 -0.25407859
43772.0  5.00000000  0.96541680  0.06422628  0.96755083 -0.25407856
43772.1  5.00000000  0.96541764  0.06421391  0.96755085 -0.25407846
43772.2  5.00000000  0.96541819  0.06420607  0.96755087 -0.25407833
43772.3  5.00000000  0.96541838  0.06420357  0.96755090 -0.25407819
43772.4  5.00000000  0.96541823  0.06420603  0.96755092 -0.25407808
43772.5  5.00000000  0.96541784  0.06421216  0.96755093 -0.25407801
43772.6  5.00000000  0.96541731  0.06422015  0.96755093 -0.25407798
43772.7  5.00000000  0.96541677  0.06422815  0.96755093 -0.25407801
43772.8  5.00000000  0.96541634  0.06423458  0.96755092 -0.25407806
43772.9  5.00000000  0.96541607  0.06423844  0.96755091 -0.25407814
43773.0  5.00000000  0.96541599  0.06423938  0.96755089 -0.25407821
43773.1  5.00000000  0.96541609  0.06423770  0.96755088 -0.25407827
43773.2  5.00000000  0.96541632  0.06423416  0.96755088 -0.25407830
43773.3  5.00000000  0.96541661  0.06422974  0.96755088 -0.25407831
43773.4  5.00000000  0.96541690  0.06422546  0.96755088 -0.25407830
43773.5  5.00000000  0.96541713  0.06422214  0.96755089 -0.25407826
43773.6  5.00000000  0.96541726  0.06422027  0.96755089 -0.25407822
43773.7  5.00000000  0.96541729  0.06421998  0.96755090 -0.25407818
43773.8  5.00000000  0.96541722  0.06422108  0.96755091 -0.25407815
43773.9  5.00000000  0.96541709  0.06422311  0.96755091 -0.25407813
43774.0  5.00000000  0.96541693  0.06422554  0.96755091 -0.25407813
43774.1  5.00000000  0.96541677  0.06422782  0.96755091 -0.25407814
43774.2  5.00000000  0.96541666  0.06422953  0.96755091 -0.25407816
43774.3  5.00000000  0.96541659  0.06423042  0.96755090 -0.25407818
43774.4  5.00000000  0.96541659  0.06423046  0.96755090 -0.25407820
43774.5  5.00000000  0.96541663  0.06422976  0.96755089 -0.25407822
43774.6  5.00000000  0.96541671  0.06422859  0.96755089 -0.25407823
43774.7  5.00000000  0.96541679  0.06422736  0.96755089 -0.25407823
43774.8  5.00000000  0.96541686  0.06422635  0.96755089 -0.25407822
43774.9  5.00000000  0.96541691  0.06422555  0.96755090 -0.25407821
43775.0  5.00000000  0.96541694  0.06422511  0.96755090 -0.25407820
43775.1  5.00000000  0.96541695  0.06422505  0.96755090 -0.25407819
43775.2  5.00000000  0.96541693  0.06422531  0.96755090 -0.25407818
43775.3  5.00000000  0.96541690  0.06422578  0.96755090 -0.25407818
43775.4  5.00000000  0.96541686  0.06422636  0.96755090 -0.25407818
43775.5  5.00000000  0.96541683  0.06422694  0.96755090 -0.25407818
43775.6  5.00000000  0.96541679  0.06422741  0.96755090 -0.25407818
43775.7  5.00000000  0.96541677  0.06422769  0.96755090 -0.25407819
43775.8  5.00000000  0.96541677  0.06422778  0.96755090 -0.25407820
43775.9  5.00000000  0.96541677  0.06422769  0.96755090 -0.25407820
43776.0  5.00000000  0.96541679  0.06422746  0.96755090 -0.25407820
43776.1  5.00000000  0.96541681  0.06422717  0.96755090 -0.25407820
43776.2  5.00000000  0.96541683  0.06422685  0.96755090 -0.25407820
43776.3  5.00000000  0.96541685  0.06422659  0.96755090 -0.25407820
43776.4  5.00000000  0.96541686  0.06422642  0.96755090 -0.25407820
43776.5  5.00000000  0.96541686  0.06422636  0.96755090 -0.25407820
43776.6  5.00000000  0.96541686  0.06422634  0.96755090 -0.25407819
43776.7  5.00000000  0.96541686  0.06422640  0.96755090 -0.25407819
43776.8  5.00000000  0.96541685  0.06422651  0.96755090 -0.25407819
43776.9  5.00000000  0.96541684  0.06422665  0.96755090 -0.25407819
43777.0  5.00000000  0.96541683  0.06422678  0.96755090 -0.25407819
43777.1  5.00000000  0.96541683  0.06422691  0.96755090 -0.25407819
43777.2  5.00000000  0.96541682  0.06422699  0.96755090 -0.25407819
43777.3  5.00000000  0.96541682  0.06422705  0.96755090 -0.25407819
43777.4  5.00000000  0.96541682  0.06422705  0.96755090 -0.25407820
43777.5  5.00000000  0.96541682  0.06422702  0.96755090 -0.25407820
43777.6  5.00000000  0.96541682  0.06422695  0.96755090 -0.25407820
43777.7  5.00000000  0.96541683  0.06422686  0.96755090 -0.25407820
43777.8  5.00000000  0.96541683  0.06422677  0.96755090 -0.25407820
43777.9  5.00000000  0.96541684  0.06422668  0.96755090 -0.25407820
43778.0  5.00000000  0.96541684  0.06422662  0.96755090 -0.25407820
43778.1  5.00000000  0.96541685  0.06422659  0.96755090 -0.25407820
43778.2  5.00000000  0.96541685  0.06422660  0.96755090 -0.25407819
43778.3  5.00000000  0.96541684  0.06422664  0.96755090 -0.25407819
43778.4  5.00000000  0.96541684  0.06422669  0.96755090 -0.25407819
43778.5  5.00000000  0.96541684  0.06422676  0.96755090 -0.25407819
43778.6  5.00000000  0.96541683  0.06422683  0.96755090 -0.25407819
43778.7  5.00000000  0.96541683  0.06422689  0.96755090 -0.25407819
43778.8  5.00000000  0.96541682  0.06422693  0.96755090 -0.25407819
43778.9  5.00000000  0.96541682  0.06422694  0.96755090 -0.25407820
43779.0  5.00000000  0.96541682  0.06422693  0.96755090 -0.25407820
43779.1  5.00000000  0.96541683  0.06422690  0.96755090 -0.25407820
43779.2  5.00000000  0.96541683  0.06422685  0.96755090 -0.25407820
43779.3  5.00000000  0.96541683  0.06422680  0.96755090 -0.25407820
43779.4  5.00000000  0.96541684  0.06422676  0.96755090 -0.25407820
43779.5  5.00000000  0.96541684  0.06422672  0.96755090 -0.25407820
43779.6  5.00000000  0.96541684  0.06422670  0.96755090 -0.25407820
43779.7  5.00000000  0.96541684  0.06422669  0.96755090 -0.25407820
43779.8  5.00000000  0.96541684  0.06422670  0.96755090 -0.25407819
43779.9  5.00000000  0.96541684  0.06422673  0.96755090 -0.25407819
43780.0  5.00000000  0.96541684  0.06422676  0.96755090 -0.25407819
43780.1  5.00000000  0.96541683  0.06422680  0.96755090 -0.25407819
43780.2  5.00000000  0.96541683  0.06422683  0.96755090 -0.25407819
43780.3  5.00000000  0.96541683  0.06422685  0.96755090 -0.25407819
43780.4  5.00000000  0.96541683  0.06422687  0.96755090 -0.25407820
43780.5  5.00000000  0.96541683  0.06422687  0.96755090 -0.25407820
43780.6  5.00000000  0.96541683  0.06422687  0.96755090 -0.25407820
43780.7  5.00000000  0.96541683  0.06422686  0.96755090 -0.25407820
43780.8  5.00000000  0.96541683  0.06422684  0.96755090 -0.25407820
43780.9  5.00000000  0.96541683  0.06422681  0.96755090 -0.25407820
43781.0  5.00000000  0.96541683  0.06422680  0.96755090 -0.25407820
43781.1  5.00000000  0.96541683  0.06422678  0.96755090 -0.25407820
43781.2  5.00000000  0.96541684  0.06422676  0.96755090 -0.25407820
43781.3  5.00000000  0.96541684  0.06422675  0.96755090 -0.25407820
43781.4  5.00000000  0.96541684  0.06422674  0.96755090 -0.25407820
43781.5  5.00000000  0.96541684  0.06422674  0.96755090 -0.25407820
43781.6  5.00000000  0.96541684  0.06422675  0.96755090 -0.25407820
43781.7  5.00000000  0.96541684  0.06422675  0.96755090 -0.25407819
43781.8  5.00000000  0.96541683  0.06422676  0.96755090 -0.25407819
43781.9  5.00000000  0.96541683  0.06422678  0.96755090 -0.25407819
43782.0  5.00000000  0.96541683  0.06422679  0.96755090 -0.25407819
43782.1  5.00000000  0.96541683  0.06422680  0.96755090 -0.25407819
43782.2  5.00000000  0.96541683  0.06422681  0.96755090 -0.25407819
43782.3  5.00000000  0.96541683  0.06422681  0.96755090 -0.25407820
43782.4  5.00000000  0.96541683  0.06422681  0.96755090 -0.25407820
43782.5  5.00000000  0.96541683  0.06422681  0.96755090 -0.25407820
43782.6  5.00000000  0.96541683  0.06422681  0.96755090 -0.25407820
43782.7  5.00000000  0.96541683  0.06422680  0.96755090 -0.25407820
43782.8  5.00000000  0.96541683  0.06422680  0.96755090 -0.25407820
43782.9  5.00000000  0.96541683  0.06422680  0.96755090 -0.25407820
43783.0  5.00000000  0.96541683  0.06422680  0.96755090 -0.25407820
43783.1  5.00000000  0.96541683  0.06422680  0.96755090 -0.25407820
43783.2  5.00000000  0.96541683  0.06422680  0.96755090 -0.25407820
43783.3  5.00000000  0.96541683  0.06422680  0.96755090 -0.25407820
43783.4  5.00000000  0.96541683  0.06422680  0.96755090 -0.25407820
43783.5  5.00000000  0.96541683  0.06422680  0.96755090 -0.25407820
43783.6  5.00000000  0.96541683  0.06422679  0.96755090 -0.25407820
43783.7  5.00000000  0.96541683  0.06422679  0.96755090 -0.25407820
43783.8  5.00000000  0.96541683  0.06422679  0.96755090 -0.25407820
43783.9  5.00000000  0.96541683  0.06422679  0.96755090 -0.25407820
43784.0  5.00000000  0.96541683  0.06422679  0.96755090 -0.25407820
43784.1  5.00000000  0.96541683  0.06422679  0.96755090 -0.25407820
43784.2  5.00000000  0.96541683  0.06422679  0.96755090 -0.25407820
43784.3  5.00000000  0.96541683  0.06422679  0.96755090 -0.25407820
43784.4  5.00000000  0.96541683  0.06422679  0.96755090 -0.25407820
43784.5  5.00000000  0.96541683  0.06422679  0.96755090 -0.25407820
43784.6  5.00000000  0.96541683  0.06422679  0.96755090 -0.25407820
43784.7  5.00000000  0.96541683  0.06422679  0.96755090 -0.25407820
43784.8  5.00000000  0.96541683  0.06422679  0.96755090 -0.25407820
43784.9  5.00000000  0.96541683  0.06422679  0.96755090 -0.25407820
43785.0  5.00000000  0.96541683  0.06422679  0.96755090 -0.25407820
43785.1  5.00000000  0.96541683  0.06422679  0.96755090 -0.25407820
43785.2  5.00000000  0.96541683  0.06422679  0.96755090 -0.25407820
43785.3  5.00000000  0.96541683  0.06422679  0.96755090 -0.25407820
43785.4  5.00000000  0.96541683  0.06422679  0.96755090 -0.25407820
43785.5  5.00000000  0.96541683  0.06422679  0.96755090 -0.25407820
43785.6  5.00000000  0.96541683  0.06422679  0.96755090 -0.25407820
43785.7  5.00000000  0.96541683  0.06422679  0.96755090 -0.25407820
43785.8  5.00000000  0.96541683  0.06422679  0.96755090 -0.25407820
43785.9  5.00000000  0.96541683  0.06422679  0.96755090 -0.25407820
43786.0  5.00000000  0.96541683  0.06422679  0.96755090 -0.25407820
43786.1  5.00000000  0.96541683  0.06422679  0.96755090 -0.25407820
43786.2  5.00000000  0.96541683  0.06422679  0.96755090 -0.25407820
43786.3  5.00000000  0.96541683  0.06422679  0.96755090 -0.25407820
43786.4  5.00000000  0.96541683  0.06422679  0.96755090 -0.25407820
43786.5  5.00000000  0.96541683  0.06422679  0.96755090 -0.25407820
43786.6  5.00000000  0.96541683  0.06422679  0.96755090 -0.25407820
43786.7  5.00000000  0.96541683  0.06422679  0.96755090 -0.25407820
43786.8  5.00000000  0.96541683  0.06422679  0.96755090 -0.25407820
43786.9  5.00000000  0.96541683  0.06422679  0.96755090 -0.25407820
43787.0  5.00000000  0.96541683  0.06422679  0.96755090 -0.25407820
43787.1  5.00000000  0.96541683  0.06422679  0.96755090 -0.25407820
43787.2  5.00000000  0.96541683  0.06422679  0.96755090 -0.25407820
43787.3  5.00000000  0.96541683  0.06422679  0.96755090 -0.25407820
43787.4  5.00000000  0.96541683  0.06422679  0.96755090 -0.25407820
43787.5  5.00000000  0.96541683  0.06422679  0.96755090 -0.25407820
43787.6  5.00000000  0.96541683  0.06422679  0.96755090 -0.25407820
43787.7  5.00000000  0.96541683  0.06422679  0.96755090 -0.25407820
43787.8  5.00000000  0.96541683  0.06422679  0.96755090 -0.25407820
43787.9  5.00000000  0.96541683  0.06422679  0.96755090 -0.25407820
43788.0  5.00000000  0.96541683  0.06422679  0.96755090 -0.25407820
43788.1  5.00000000  0.96541683  0.06422679  0.96755090 -0.25407820
43788.2  5.00000000  0.96541683  0.06422679  0.96755090 -0.25407820
43788.3  5.00000000  0.96541683  0.06422679  0.96755090 -0.25407820
43788.4  5.00000000  0.96541683  0.06422679  0.96755090 -0.25407820
43788.5  5.00000000  0.96541683  0.06422679  0.96755090 -0.25407820
43788.6  5.00000000  0.96541683  0.06422679  0.96755090 -0.25407820
43788.7  5.00000000  0.96541683  0.06422679  0.96755090 -0.25407820
43788.8  5.00000000  0.96541683  0.06422679  0.96755090 -0.25407820
43788.9  5.00000000  0.96541683  0.06422679  0.96755090 -0.25407820
43789.0  5.00000000  0.96541683  0.06422679  0.96755090 -0.25407820
43789.1  5.00000000  0.96541683  0.06422679  0.96755090 -0.25407820
43789.2  5.00000000  0.96541683  0.06422679  0.96755090 -0.25407820
43789.3  5.00000000  0.96541683  0.06422679  0.96755090 -0.25407820
43789.4  5.00000000  0.96541683  0.06422679  0.96755090 -0.25407820
43789.5  5.00000000  0.96541683  0.06422679  0.96755090 -0.25407820
43789.6  5.00000000  0.96541683  0.06422679  0.96755090 -0.25407820
43789.7  5.00000000  0.96541683  0.06422679  0.96755090 -0.25407820
43789.8  5.00000000  0.96541683  0.06422679  0.96755090 -0.25407820
43789.9  5.00000000  0.96541683  0.06422679  0.96755090 -0.25407820
43790.0  5.00000000  0.96541683  0.06422679  0.96755090 -0.25407820
43790.1  5.00000000  0.96541683  0.06422679  0.96755090 -0.25407820
43790.2  5.00000000  0.96541683  0.06422679  0.96755090 -0.25407820
43790.3  5.00000000  0.96541683  0.06422679  0.96755090 -0.25407820
43790.4  5.00000000  0.96541683  0.06422679  0.96755090 -0.25407820
43790.5  5.00000000  0.96541683  0.06422679  0.96755090 -0.25407820
43790.6  5.00000000  0.96541683  0.06422679  0.96755090 -0.25407820
43790.7  5.00000000  0.96541683  0.06422679  0.96755090 -0.25407820
43790.8  5.00000000  0.96541683  0.06422679  0.96755090 -0.25407820
43790.9  5.00000000  0.96541683  0.06422679  0.96755090 -0.25407820
43791.0  5.00000000  0.96541683  0.06422679  0.96755090 -0.25407820
43791.1  5.00000000  0.96541683  0.06422679  0.96755090 -0.25407820
43791.2  5.00000000  0.96541683  0.06422679  0.96755090 -0.25407820
43791.3  5.00000000  0.96541683  0.06422679  0.96755090 -0.25407820
43791.4  5.00000000  0.96541683  0.06422679  0.96755090 -0.25407820
43791.5  5.00000000  0.96541683  0.06422679  0.96755090 -0.25407820
43791.6  5.00000000  0.96541683  0.06422679  0.96755090 -0.25407820
43791.7  5.00000000  0.96541683  0.06422679  0.96755090 -0.25407820
43791.8  5.00000000  0.96541683  0.06422679  0.96755090 -0.25407820
43791.9  5.00000000  0.96541683  0.06422679  0.96755090 -0.25407820
43792.0  5.00000000  0.96541683  0.06422679  0.96755090 -0.25407820
43792.1  5.00000000  0.96541683  0.06422679  0.96755090 -0.25407820
43792.2  5.00000000  0.96541683  0.06422679  0.96755090 -0.25407820
43792.3  5.00000000  0.96541683  0.06422679  0.96755090 -0.25407820
43792.4  5.00000000  0.96541683  0.06422679  0.96755090 -0.25407820
43792.5  5.00000000  0.96541683  0.06422679  0.96755090 -0.25407820
43792.6  5.00000000  0.96541683  0.06422679  0.96755090 -0.25407820
43792.7  5.00000000  0.96541683  0.06422679  0.96755090 -0.25407820
43792.8  5.00000000  0.96541683  0.06422679  0.96755090 -0.25407820
43792.9  5.00000000  0.96541683  0.06422679  0.96755090 -0.25407820
43793.0  5.00000000  0.96541683  0.06422679  0.96755090 -0.25407820
43793.1  5.00000000  0.96541683  0.06422679  0.96755090 -0.25407820
43793.2  5.00000000  0.96541683  0.06422679  0.96755090 -0.25407820
43793.3  5.00000000  0.96541683  0.06422679  0.96755090 -0.25407820
43793.4  5.00000000  0.96541683  0.06422679  0.96755090 -0.25407820
43793.5  5.00000000  0.96541683  0.06422679  0.96755090 -0.25407820
43793.6  5.00000000  0.96541683  0.06422679  0.96755090 -0.25407820
43793.7  5.00000000  0.96541683  0.06422679  0.96755090 -0.25407820
43793.8  5.00000000  0.96541683  0.06422679  0.96755090 -0.25407820
43793.9  5.00000000  0.96541683  0.06422679  0.96755090 -0.25407820
43794.0  5.00000000  0.96541683  0.06422679  0.96755090 -0.25407820
43794.1  5.00000000  0.96541683  0.06422679  0.96755090 -0.25407820
43794.2  5.00000000  0.96541683  0.06422679  0.96755090 -0.25407820
43794.3  5.00000000  0.96541683  0.06422679  0.96755090 -0.25407820
43794.4  5.00000000  0.96541683  0.06422679  0.96755090 -0.25407820
43794.5  5.00000000  0.96541683  0.06422679  0.96755090 -0.25407820
43794.6  5.00000000  0.96541683  0.06422679  0.96755090 -0.25407820
43794.7  5.00000000  0.96541683  0.06422679  0.96755090 -0.25407820
43794.8  5.00000000  0.96541683  0.06422679  0.96755090 -0.25407820
43794.9  5.00000000  0.96541683  0.06422679  0.96755090 -0.25407820
43795.0  5.00000000  0.96541683  0.06422679  0.96755090 -0.25407820
43795.1  5.00000000  0.96541683  0.06422679  0.96755090 -0.25407820
43795.2  5.00000000  0.96541683  0.06422679  0.96755090 -0.25407820
43795.3  5.00000000  0.96541683  0.06422679  0.96755090 -0.25407820
43795.4  5.00000000  0.96541683  0.06422679  0.96755090 -0.25407820
43795.5  5.00000000  0.96541683  0.06422679  0.96755090 -0.25407820
43795.6  5.00000000  0.96541683  0.06422679  0.96755090 -0.25407820
43795.7  5.00000000  0.96541683  0.06422679  0.96755090 -0.25407820
43795.8  5.00000000  0.96541683  0.06422679  0.96755090 -0.25407820
43795.9  5.00000000  0.96541683  0.06422679  0.96755090 -0.25407820
43796.0  5.00000000  0.96541683  0.06422679  0.96755090 -0.25407820
43796.1  5.00000000  0.96541683  0.06422679  0.96755090 -0.25407820
43796.2  5.00000000  0.96541683  0.06422679  0.96755090 -0.25407820
43796.3  5.00000000  0.96541683  0.06422679  0.96755090 -0.25407820
43796.4  5.00000000  0.96541683  0.06422679  0.96755090 -0.25407820
43796.5  5.00000000  0.96541683  0.06422679  0.96755090 -0.25407820
43796.6  5.00000000  0.96541683  0.06422679  0.96755090 -0.25407820
43796.7  5.00000000  0.96541683  0.06422679  0.96755090 -0.25407820
43796.8  5.00000000  0.96541683  0.06422679  0.96755090 -0.25407820
43796.9  5.00000000  0.96541683  0.06422679  0.96755090 -0.25407820
43797.0  5.00000000  0.96541683  0.06422679  0.96755090 -0.25407820
43797.1  5.00000000  0.96541683  0.06422679  0.96755090 -0.25407820
43797.2  5.00000000  0.96541683  0.06422679  0.96755090 -0.25407820
43797.3  5.00000000  0.96541683  0.06422679  0.96755090 -0.25407820
43797.4  5.00000000  0.96541683  0.06422679  0.96755090 -0.25407820
43797.5  5.00000000  0.96541683  0.06422679  0.96755090 -0.25407820
43797.6  5.00000000  0.96541683  0.06422679  0.96755090 -0.25407820
43797.7  5.00000000  0.96541683  0.06422679  0.96755090 -0.25407820
43797.8  5.00000000  0.96541683  0.06422679  0.96755090 -0.25407820
43797.9  5.00000000  0.96541683  0.06422679  0.96755090 -0.25407820
43798.0  5.00000000  0.96541683  0.06422679  0.96755090 -0.25407820
43798.1  5.00000000  0.96541683  0.06422679  0.96755090 -0.25407820
43798.2  5.00000000  0.96541683  0.06422679  0.96755090 -0.25407820
43798.3  5.00000000  0.96541683  0.06422679  0.96755090 -0.25407820
43798.4  5.00000000  0.96541683  0.06422679  0.96755090 -0.25407820
43798.5  5.00000000  0.96541683  0.06422679  0.96755090 -0.25407820
43798.6  5.00000000  0.96541683  0.06422679  0.96755090 -0.25407820
43798.7  5.00000000  0.96541683  0.06422679  0.96755090 -0.25407820
43798.8  5.00000000  0.96541683  0.06422679  0.96755090 -0.25407820
43798.9  5.00000000  0.96541683  0.06422679  0.96755090 -0.25407820
43799.0  5.00000000  0.96541683  0.06422679  0.96755090 -0.25407820
43799.1  5.00000000  0.96541683  0.06422679  0.96755090 -0.25407820
43799.2  5.00000000  0.96541683  0.06422679  0.96755090 -0.25407820
43799.3  5.00000000  0.96541683  0.06422679  0.96755090 -0.25407820
43799.4  5.00000000  0.96541683  0.06422679  0.96755090 -0.25407820
43799.5  5.00000000  0.96541683  0.06422679  0.96755090 -0.25407820
43799.6  5.00000000  0.96541683  0.06422679  0.96755090 -0.25407820
43799.7  5.00000000  0.96541683  0.06422679  0.96755090 -0.25407820
43799.8  5.00000000  0.96541683  0.06422679  0.96755090 -0.25407820
43799.9  5.00000000  0.96541683  0.06422679  0.96755090 -0.25407820
43800.0  5.00000000  0.96541683  0.06422679  0.96755090 -0.25407820
43800.1  5.00000000  0.96541683  0.06422679  0.96755090 -0.25407820
43800.2  5.00000000  0.96541683  0.06422679  0.96755090 -0.25407820
43800.3  5.00000000  0.96541683  0.06422679  0.96755090 -0.25407820
43800.4  5.00000000  0.96541683  0.06422679  0.96755090 -0.25407820
43800.5  5.00000000  0.96541683  0.06422679  0.96755090 -0.25407820
43800.6  5.00000000  0.96541683  0.06422679  0.96755090 -0.25407820
43800.7  5.00000000  0.96541683  0.06422679  0.96755090 -0.25407820
43800.8  5.00000000  0.96541683  0.06422679  0.96755090 -0.25407820
43800.9  5.00000000  0.96541683  0.06422679  0.96755090 -0.25407820
43801.0  5.00000000  0.96541683  0.06422679  0.96755090 -0.25407820
43801.1  5.00000000  0.96541683  0.06422679  0.96755090 -0.25407820
43801.2  5.00000000  0.96541683  0.06422679  0.96755090 -0.25407820
43801.3  5.00000000  0.96541683  0.06422679  0.96755090 -0.25407820
43801.4  5.00000000  0.96541683  0.06422679  0.96755090 -0.25407820
43801.5  5.00000000  0.96541683  0.06422679  0.96755090 -0.25407820
43801.6  5.00000000  0.96541683  0.06422679  0.96755090 -0.25407820
43801.7  5.00000000  0.96541683  0.06422679  0.96755090 -0.25407820
43801.8  5.00000000  0.96541683  0.06422679  0.96755090 -0.25407820
43801.9  5.00000000  0.96541683  0.06422679  0.96755090 -0.25407820
43802.0  5.00000000  0.96541683  0.06422679  0.96755090 -0.25407820
43802.1  5.00000000  0.96541683  0.06422679  0.96755090 -0.25407820
43802.2  5.00000000  0.96541683  0.06422679  0.96755090 -0.25407820
43802.3  5.00000000  0.96541683  0.06422679  0.96755090 -0.25407820
43802.4  5.00000000  0.96541683  0.06422679  0.96755090 -0.25407820
43802.5  5.00000000  0.96541683  0.06422679  0.96755090 -0.25407820
43802.6  5.00000000  0.96541683  0.06422679  0.96755090 -0.25407820
43802.7  5.00000000  0.96541683  0.06422679  0.96755090 -0.25407820
43802.8  5.00000000  0.96541683  0.06422679  0.96755090 -0.25407820
43802.9  5.00000000  0.96541683  0.06422679  0.96755090 -0.25407820
43803.0  5.00000000  0.96541683  0.06422679  0.96755090 -0.25407820
43803.1  5.00000000  0.96541683  0.06422679  0.96755090 -0.25407820
43803.2  5.00000000  0.96541683  0.06422679  0.96755090 -0.25407820
43803.3  5.00000000  0.96541683  0.06422679  0.96755090 -0.25407820
43803.4  5.00000000  0.96541683  0.06422679  0.96755090 -0.25407820
43803.5  5.00000000  0.96541683  0.06422679  0.96755090 -0.25407820
43803.6  5.00000000  0.96541683  0.06422679  0.96755090 -0.25407820
43803.7  5.00000000  0.96541683  0.06422679  0.96755090 -0.25407820
43803.8  5.00000000  0.96541683  0.06422679  0.96755090 -0.25407820
43803.9  5.00000000  0.96541683  0.06422679  0.96755090 -0.25407820
43804.0  5.00000000  0.96541683  0.06422679  0.96755090 -0.25407820
43804.1  5.00000000  0.96541683  0.06422679  0.96755090 -0.25407820
43804.2  5.00000000  0.96541683  0.06422679  0.96755090 -0.25407820
43804.3  5.00000000  0.96541683  0.06422679  0.96755090 -0.25407820
43804.4  5.00000000  0.96541683  0.06422679  0.96755090 -0.25407820
43804.5  5.00000000  0.96541683  0.06422679  0.96755090 -0.25407820
43804.6  5.00000000  0.96541683  0.06422679  0.96755090 -0.25407820
43804.7  5.00000000  0.96541683  0.06422679  0.96755090 -0.25407820
43804.8  5.00000000  0.96541683  0.06422679  0.96755090 -0.25407820
43804.9  5.00000000  0.96541683  0.06422679  0.96755090 -0.25407820
43805.0  5.00000000  0.96541683  0.06422679  0.96755090 -0.25407820
43805.1  5.00000000  0.96541683  0.06422679  0.96755090 -0.25407820
43805.2  5.00000000  0.96541683  0.06422679  0.96755090 -0.25407820
43805.3  5.00000000  0.96541683  0.06422679  0.96755090 -0.25407820
43805.4  5.00000000  0.96541683  0.06422679  0.96755090 -0.25407820
43805.5  5.00000000  0.96541683  0.06422679  0.96755090 -0.25407820
43805.6  5.00000000  0.96541683  0.06422679  0.96755090 -0.25407820
43805.7  5.00000000  0.96541683  0.06422679  0.96755090 -0.25407820
43805.8  5.00000000  0.96541683  0.06422679  0.96755090 -0.25407820
43805.9  5.00000000  0.96541683  0.06422679  0.96755090 -0.25407820
43806.0  5.00000000  0.96541683  0.06422679  0.96755090 -0.25407820
43806.1  5.00000000  0.96541683  0.06422679  0.96755090 -0.25407820
43806.2  5.00000000  0.96541683  0.06422679  0.96755090 -0.25407820
43806.3  5.00000000  0.96541683  0.06422679  0.96755090 -0.25407820
43806.4  5.00000000  0.96541683  0.06422679  0.96755090 -0.25407820
43806.5  5.00000000  0.96541683  0.06422679  0.96755090 -0.25407820
43806.6  5.00000000  0.96541683  0.06422679  0.96755090 -0.25407820
43806.7  5.00000000  0.96541683  0.06422679  0.96755090 -0.25407820
43806.8  5.00000000  0.96541683  0.06422679  0.96755090 -0.25407820
43806.9  5.00000000  0.96541683  0.06422679  0.96755090 -0.25407820
43807.0  5.00000000  0.96541683  0.06422679  0.96755090 -0.25407820
43807.1  5.00000000  0.96541683  0.06422679  0.96755090 -0.25407820
43807.2  5.00000000  0.96541683  0.06422679  0.96755090 -0.25407820
43807.3  5.00000000  0.96541683  0.06422679  0.96755090 -0.25407820
43807.4  5.00000000  0.96541683  0.06422679  0.96755090 -0.25407820
43807.5  5.00000000  0.96541683  0.06422679  0.96755090 -0.25407820
43807.6  5.00000000  0.96541683  0.06422679  0.96755090 -0.25407820
43807.7  5.00000000  0.96541683  0.06422679  0.96755090 -0.25407820
43807.8  5.00000000  0.96541683  0.06422679  0.96755090 -0.25407820
43807.9  5.00000000  0.96541683  0.06422679  0.96755090 -0.25407820
43808.0  5.00000000  0.96541683  0.06422679  0.96755090 -0.25407820
43808.1  5.00000000  0.96541683  0.06422679  0.96755090 -0.25407820
43808.2  5.00000000  0.96541683  0.06422679  0.96755090 -0.25407820
43808.3  5.00000000  0.96541683  0.06422679  0.96755090 -0.25407820
43808.4  5.00000000  0.96541683  0.06422679  0.96755090 -0.25407820
43808.5  5.00000000  0.96541683  0.06422679  0.96755090 -0.25407820
43808.6  5.00000000  0.96541683  0.06422679  0.96755090 -0.25407820
43808.7  5.00000000  0.96541683  0.06422679  0.96755090 -0.25407820
43808.8  5.00000000  0.96541683  0.06422679  0.96755090 -0.25407820
43808.9  5.00000000  0.96541683  0.06422679  0.96755090 -0.25407820
43809.0  5.00000000  0.96541683  0.06422679  0.96755090 -0.25407820
43809.1  5.00000000  0.96541683  0.06422679  0.96755090 -0.25407820
43809.2  5.00000000  0.96541683  0.06422679  0.96755090 -0.25407820
43809.3  5.00000000  0.96541683  0.06422679  0.96755090 -0.25407820
43809.4  5.00000000  0.96541683  0.06422679  0.96755090 -0.25407820
43809.5  5.00000000  0.96541683  0.06422679  0.96755090 -0.25407820
43809.6  5.00000000  0.96541683  0.06422679  0.96755090 -0.25407820
43809.7  5.00000000  0.96541683  0.06422679  0.96755090 -0.25407820
43809.8  5.00000000  0.96541683  0.06422679  0.96755090 -0.25407820
43809.9  5.00000000  0.96541683  0.06422679  0.96755090 -0.25407820
43810.0  5.00000000  0.96541683  0.06422679  0.96755090 -0.25407820
43810.1  5.00000000  0.96541683  0.06422679  0.96755090 -0.25407820
43810.2  5.00000000  0.96541683  0.06422679  0.96755090 -0.25407820
43810.3  5.00000000  0.96541683  0.06422679  0.96755090 -0.25407820
43810.4  5.00000000  0.96541683  0.06422679  0.96755090 -0.25407820
43810.5  5.00000000  0.96541683  0.06422679  0.96755090 -0.25407820
43810.6  5.00000000  0.96541683  0.06422679  0.96755090 -0.25407820
43810.7  5.00000000  0.96541683  0.06422679  0.96755090 -0.25407820
43810.8  5.00000000  0.96541683  0.06422679  0.96755090 -0.25407820
43810.9  5.00000000  0.96541683  0.06422679  0.96755090 -0.25407820
43811.0  5.00000000  0.96541683  0.06422679  0.96755090 -0.25407820
43811.1  5.00000000  0.96541683  0.06422679  0.96755090 -0.25407820
43811.2  5.00000000  0.96541683  0.06422679  0.96755090 -0.25407820
43811.3  5.00000000  0.96541683  0.06422679  0.96755090 -0.25407820
43811.4  5.00000000  0.96541683  0.06422679  0.96755090 -0.25407820
43811.5  5.00000000  0.96541683  0.06422679  0.96755090 -0.25407820
43811.6  5.00000000  0.96541683  0.06422679  0.96755090 -0.25407820
43811.7  5.00000000  0.96541683  0.06422679  0.96755090 -0.25407820
43811.8  5.00000000  0.96541683  0.06422679  0.96755090 -0.25407820
43811.9  5.00000000  0.96541683  0.06422679  0.96755090 -0.25407820
43812.0  5.00000000  0.96541683  0.06422679  0.96755090 -0.25407820
43812.1  5.00000000  0.96541683  0.06422679  0.96755090 -0.25407820
43812.2  5.00000000  0.96541683  0.06422679  0.96755090 -0.25407820
43812.3  5.00000000  0.96541683  0.06422679  0.96755090 -0.25407820
43812.4  5.00000000  0.96541683  0.06422679  0.96755090 -0.25407820
43812.5  5.00000000  0.96541683  0.06422679  0.96755090 -0.25407820
43812.6  5.00000000  0.96541683  0.06422679  0.96755090 -0.25407820
43812.7  5.00000000  0.96541683  0.06422679  0.96755090 -0.25407820
43812.8  5.00000000  0.96541683  0.06422679  0.96755090 -0.25407820
43812.9  5.00000000  0.96541683  0.06422679  0.96755090 -0.25407820
43813.0  5.00000000  0.96541683  0.06422679  0.96755090 -0.25407820
43813.1  5.00000000  0.96541683  0.06422679  0.96755090 -0.25407820
43813.2  5.00000000  0.96541683  0.06422679  0.96755090 -0.25407820
43813.3  5.00000000  0.96541683  0.06422679  0.96755090 -0.25407820
43813.4  5.00000000  0.96541683  0.06422679  0.96755090 -0.25407820
43813.5  5.00000000  0.96541683  0.06422679  0.96755090 -0.25407820
43813.6  5.00000000  0.96541683  0.06422679  0.96755090 -0.25407820
43813.7  5.00000000  0.96541683  0.06422679  0.96755090 -0.25407820
43813.8  5.00000000  0.96541683  0.06422679  0.96755090 -0.25407820
43813.9  5.00000000  0.96541683  0.06422679  0.96755090 -0.25407820
43814.0  5.00000000  0.96541683  0.06422679  0.96755090 -0.25407820
43814.1  5.00000000  0.96541683  0.06422679  0.96755090 -0.25407820
43814.2  5.00000000  0.96541683  0.06422679  0.96755090 -0.25407820
43814.3  5.00000000  0.96541683  0.06422679  0.96755090 -0.25407820
43814.4  5.00000000  0.96541683  0.06422679  0.96755090 -0.25407820
43814.5  5.00000000  0.96541683  0.06422679  0.96755090 -0.25407820
43814.6  5.00000000  0.96541683  0.06422679  0.96755090 -0.25407820
43814.7  5.00000000  0.96541683  0.06422679  0.96755090 -0.25407820
43814.8  5.00000000  0.96541683  0.06422679  0.96755090 -0.25407820
43814.9  5.00000000  0.96541683  0.06422679  0.96755090 -0.25407820
43815.0  5.00000000  0.96541683  0.06422679  0.96755090 -0.25407820
43815.1  5.00000000  0.96541683  0.06422679  0.96755090 -0.25407820
43815.2  5.00000000  0.96541683  0.06422679  0.96755090 -0.25407820
43815.3  5.00000000  0.96541683  0.06422679  0.96755090 -0.25407820
43815.4  5.00000000  0.96541683  0.06422679  0.96755090 -0.25407820
43815.5  5.00000000  0.96541683  0.06422679  0.96755090 -0.25407820
43815.6  5.00000000  0.96541683  0.06422679  0.96755090 -0.25407820
43815.7  5.00000000  0.96541683  0.06422679  0.96755090 -0.25407820
43815.8  5.00000000  0.96541683  0.06422679  0.96755090 -0.25407820
43815.9  5.00000000  0.96541683  0.06422679  0.96755090 -0.25407820
43816.0  5.00000000  0.96541683  0.06422679  0.96755090 -0.25407820
43816.1  5.00000000  0.96541683  0.06422679  0.96755090 -0.25407820
43816.2  5.00000000  0.96541683  0.06422679  0.96755090 -0.25407820
43816.3  5.00000000  0.96541683  0.06422679  0.96755090 -0.25407820
43816.4  5.00000000  0.96541683  0.06422679  0.96755090 -0.25407820
43816.5  5.00000000  0.96541683  0.06422679  0.96755090 -0.25407820
43816.6  5.00000000  0.96541683  0.06422679  0.96755090 -0.25407820
43816.7  5.00000000  0.96541683  0.06422679  0.96755090 -0.25407820
43816.8  5.00000000  0.96541683  0.06422679  0.96755090 -0.25407820
43816.9  5.00000000  0.96541683  0.06422679  0.96755090 -0.25407820
43817.0  5.00000000  0.96541683  0.06422679  0.96755090 -0.25407820
43817.1  5.00000000  0.96541683  0.06422679  0.96755090 -0.25407820
43817.2  5.00000000  0.96541683  0.06422679  0.96755090 -0.25407820
43817.3  5.00000000  0.96541683  0.06422679  0.96755090 -0.25407820
43817.4  5.00000000  0.96541683  0.06422679  0.96755090 -0.25407820
43817.5  5.00000000  0.96541683  0.06422679  0.96755090 -0.25407820
43817.6  5.00000000  0.96541683  0.06422679  0.96755090 -0.25407820
43817.7  5.00000000  0.96541683  0.06422679  0.96755090 -0.25407820
43817.8  5.00000000  0.96541683  0.06422679  0.96755090 -0.25407820
43817.9  5.00000000  0.96541683  0.06422679  0.96755090 -0.25407820
43818.0  5.00000000  0.96541683  0.06422679  0.96755090 -0.25407820
43818.1  5.00000000  0.96541683  0.06422679  0.96755090 -0.25407820
43818.2  5.00000000  0.96541683  0.06422679  0.96755090 -0.25407820
43818.3  5.00000000  0.96541683  0.06422679  0.96755090 -0.25407820
43818.4  5.00000000  0.96541683  0.06422679  0.96755090 -0.25407820
43818.5  5.00000000  0.96541683  0.06422679  0.96755090 -0.25407820
43818.6  5.00000000  0.96541683  0.06422679  0.96755090 -0.25407820
43818.7  5.00000000  0.96541683  0.06422679  0.96755090 -0.25407820
43818.8  5.00000000  0.96541683  0.06422679  0.96755090 -0.25407820
43818.9  5.00000000  0.96541683  0.06422679  0.96755090 -0.25407820
43819.0  5.00000000  0.96541683  0.06422679  0.96755090 -0.25407820
43819.1  5.00000000  0.96541683  0.06422679  0.96755090 -0.25407820
43819.2  5.00000000  0.96541683  0.06422679  0.96755090 -0.25407820
43819.3  5.00000000  0.96541683  0.06422679  0.96755090 -0.25407820
43819.4  5.00000000  0.96541683  0.06422679  0.96755090 -0.25407820
43819.5  5.00000000  0.96541683  0.06422679  0.96755090 -0.25407820
43819.6  5.00000000  0.96541683  0.06422679  0.96755090 -0.25407820
43819.7  5.00000000  0.96541683  0.06422679  0.96755090 -0.25407820
43819.8  5.00000000  0.96541683  0.06422679  0.96755090 -0.25407820
43819.9  5.00000000  0.96541683  0.06422679  0.96755090 -0.25407820
43820.0  5.00000000  0.96541683  0.06422679  0.96755090 -0.25407820
43820.1  5.00000000  0.96541683  0.06422679  0.96755090 -0.25407820
43820.2  5.00000000  0.96541683  0.06422679  0.96755090 -0.25407820
43820.3  5.00000000  0.96541683  0.06422679  0.96755090 -0.25407820
43820.4  5.00000000  0.96541683  0.06422679  0.96755090 -0.25407820
43820.5  5.00000000  0.96541683  0.06422679  0.96755090 -0.25407820
43820.6  5.00000000  0.96541683  0.06422679  0.96755090 -0.25407820
43820.7  5.00000000  0.96541683  0.06422679  0.96755090 -0.25407820
43820.8  5.00000000  0.96541683  0.06422679  0.96755090 -0.25407820
43820.9  5.00000000  0.96541683  0.06422679  0.96755090 -0.25407820
43821.0  5.00000000  0.96541683  0.06422679  0.96755090 -0.25407820
43821.1  5.00000000  0.96541683  0.06422679  0.96755090 -0.25407820
43821.2  5.00000000  0.96541683  0.06422679  0.96755090 -0.25407820
43821.3  5.00000000  0.96541683  0.06422679  0.96755090 -0.25407820
43821.4  5.00000000  0.96541683  0.06422679  0.96755090 -0.25407820
43821.5  5.00000000  0.96541683  0.06422679  0.96755090 -0.25407820
43821.6  5.00000000  0.96541683  0.06422679  0.96755090 -0.25407820
43821.7  5.00000000  0.96541683  0.06422679  0.96755090 -0.25407820
43821.8  5.00000000  0.96541683  0.06422679  0.96755090 -0.25407820
43821.9  5.00000000  0.96541683  0.06422679  0.96755090 -0.25407820
43822.0  5.00000000  0.96541683  0.06422679  0.96755090 -0.25407820
43822.1  5.00000000  0.96541683  0.06422679  0.96755090 -0.25407820
43822.2  5.00000000  0.96541683  0.06422679  0.96755090 -0.25407820
43822.3  5.00000000  0.96541683  0.06422679  0.96755090 -0.25407820
43822.4  5.00000000  0.96541683  0.06422679  0.96755090 -0.25407820
43822.5  5.00000000  0.96541683  0.06422679  0.96755090 -0.25407820
43822.6  5.00000000  0.96541683  0.06422679  0.96755090 -0.25407820
43822.7  5.00000000  0.96541683  0.06422679  0.96755090 -0.25407820
43822.8  5.00000000  0.96541683  0.06422679  0.96755090 -0.25407820
43822.9  5.00000000  0.96541683  0.06422679  0.96755090 -0.25407820
43823.0  5.00000000  0.96541683  0.06422679  0.96755090 -0.25407820
43823.1  5.00000000  0.96541683  0.06422679  0.96755090 -0.25407820
43823.2  5.00000000  0.96541683  0.06422679  0.96755090 -0.25407820
43823.3  5.00000000  0.96541683  0.06422679  0.96755090 -0.25407820
43823.4  5.00000000  0.96541683  0.06422679  0.96755090 -0.25407820
43823.5  5.00000000  0.96541683  0.06422679  0.96755090 -0.25407820
43823.6  5.00000000  0.96541683  0.06422679  0.96755090 -0.25407820
43823.7  5.00000000  0.96541683  0.06422679  0.96755090 -0.25407820
43823.8  5.00000000  0.96541683  0.06422679  0.96755090 -0.25407820
43823.9  5.00000000  0.96541683  0.06422679  0.96755090 -0.25407820
43824.0  5.00000000  0.96541683  0.06422679  0.96755090 -0.25407820
43824.1  5.00000000  0.96541683  0.06422679  0.96755090 -0.25407820
43824.2  5.00000000  0.96541683  0.06422679  0.96755090 -0.25407820
43824.3  5.00000000  0.96541683  0.06422679  0.96755090 -0.25407820
43824.4  5.00000000  0.96541683  0.06422679  0.96755090 -0.25407820
43824.5  5.00000000  0.96541683  0.06422679  0.96755090 -0.25407820
43824.6  5.00000000  0.96541683  0.06422679  0.96755090 -0.25407820
43824.7  5.00000000  0.96541683  0.06422679  0.96755090 -0.25407820
43824.8  5.00000000  0.96541683  0.06422679  0.96755090 -0.25407820
43824.9  5.00000000  0.96541683  0.06422679  0.96755090 -0.25407820
43825.0  5.00000000  0.96541683  0.06422679  0.96755090 -0.25407820
43825.1  5.00000000  0.96541683  0.06422679  0.96755090 -0.25407820
43825.2  5.00000000  0.96541683  0.06422679  0.96755090 -0.25407820
43825.3  5.00000000  0.96541683  0.06422679  0.96755090 -0.25407820
43825.4  5.00000000  0.96541683  0.06422679  0.96755090 -0.25407820
43825.5  5.00000000  0.96541683  0.06422679  0.96755090 -0.25407820
43825.6  5.00000000  0.96541683  0.06422679  0.96755090 -0.25407820
43825.7  5.00000000  0.96541683  0.06422679  0.96755090 -0.25407820
43825.8  5.00000000  0.96541683  0.06422679  0.96755090 -0.25407820
43825.9  5.00000000  0.96541683  0.06422679  0.96755090 -0.25407820
43826.0  5.00000000  0.96541683  0.06422679  0.96755090 -0.25407820
43826.1  5.00000000  0.96541683  0.06422679  0.96755090 -0.25407820
43826.2  5.00000000  0.96541683  0.06422679  0.96755090 -0.25407820
43826.3  5.00000000  0.96541683  0.06422679  0.96755090 -0.25407820
43826.4  5.00000000  0.96541683  0.06422679  0.96755090 -0.25407820
43826.5  5.00000000  0.96541683  0.06422679  0.96755090 -0.25407820
43826.6  5.00000000  0.96541683  0.06422679  0.96755090 -0.25407820
43826.7  5.00000000  0.96541683  0.06422679  0.96755090 -0.25407820
43826.8  5.00000000  0.96541683  0.06422679  0.96755090 -0.25407820
43826.9  5.00000000  0.96541683  0.06422679  0.96755090 -0.25407820
43827.0  5.00000000  0.96541683  0.06422679  0.96755090 -0.25407820
43827.1  5.00000000  0.96541683  0.06422679  0.96755090 -0.25407820
43827.2  5.00000000  0.96541683  0.06422679  0.96755090 -0.25407820
43827.3  5.00000000  0.96541683  0.06422679  0.96755090 -0.25407820
43827.4  5.00000000  0.96541683  0.06422679  0.96755090 -0.25407820
43827.5  5.00000000  0.96541683  0.06422679  0.96755090 -0.25407820
43827.6  5.00000000  0.96541683  0.06422679  0.96755090 -0.25407820
43827.7  5.00000000  0.96541683  0.06422679  0.96755090 -0.25407820
43827.8  5.00000000  0.96541683  0.06422679  0.96755090 -0.25407820
43827.9  5.00000000  0.96541683  0.06422679  0.96755090 -0.25407820
43828.0  5.00000000  0.96541683  0.06422679  0.96755090 -0.25407820
43828.1  5.00000000  0.96541683  0.06422679  0.96755090 -0.25407820
43828.2  5.00000000  0.96541683  0.06422679  0.96755090 -0.25407820
43828.3  5.00000000  0.96541683  0.06422679  0.96755090 -0.25407820
43828.4  5.00000000  0.96541683  0.06422679  0.96755090 -0.25407820
43828.5  5.00000000  0.96541683  0.06422679  0.96755090 -0.25407820
43828.6  5.00000000  0.96541683  0.06422679  0.96755090 -0.25407820
43828.7  5.00000000  0.96541683  0.06422679  0.96755090 -0.25407820
43828.8  5.00000000  0.96541683  0.06422679  0.96755090 -0.25407820
43828.9  5.00000000  0.96541683  0.06422679  0.96755090 -0.25407820
43829.0  5.00000000  0.96541683  0.06422679  0.96755090 -0.25407820
43829.1  5.00000000  0.96541683  0.06422679  0.96755090 -0.25407820
43829.2  5.00000000  0.96541683  0.06422679  0.96755090 -0.25407820
43829.3  5.00000000  0.96541683  0.06422679  0.96755090 -0.25407820
43829.4  5.00000000  0.96541683  0.06422679  0.96755090 -0.25407820
43829.5  5.00000000  0.96541683  0.06422679  0.96755090 -0.25407820
43829.6  5.00000000  0.96541683  0.06422679  0.96755090 -0.25407820
43829.7  5.00000000  0.96541683  0.06422679  0.96755090 -0.25407820
43829.8  5.00000000  0.96541683  0.06422679  0.96755090 -0.25407820
43829.9  5.00000000  0.96541683  0.06422679  0.96755090 -0.25407820
43830.0  5.00000000  0.96541683  0.06422679  0.96755090 -0.25407820
43830.1  5.00000000  0.96541683  0.06422679  0.96755090 -0.25407820
43830.2  5.00000000  0.96541683  0.06422679  0.96755090 -0.25407820
43830.3  5.00000000  0.96541683  0.06422679  0.96755090 -0.25407820
43830.4  5.00000000  0.96541683  0.06422679  0.96755090 -0.25407820
43830.5  5.00000000  0.96541683  0.06422679  0.96755090 -0.25407820
43830.6  5.00000000  0.96541683  0.06422679  0.96755090 -0.25407820
43830.7  5.00000000  0.96541683  0.06422679  0.96755090 -0.25407820
43830.8  5.00000000  0.96541683  0.06422679  0.96755090 -0.25407820
43830.9  5.00000000  0.96541683  0.06422679  0.96755090 -0.25407820
43831.0  5.00000000  0.96541683  0.06422679  0.96755090 -0.25407820
43831.1  5.00000000  0.96541683  0.06422679  0.96755090 -0.25407820
43831.2  5.00000000  0.96541683  0.06422679  0.96755090 -0.25407820
43831.3  5.00000000  0.96541683  0.06422679  0.96755090 -0.25407820
43831.4  5.00000000  0.96541683  0.06422679  0.96755090 -0.25407820
43831.5  5.00000000  0.96541683  0.06422679  0.96755090 -0.25407820
43831.6  5.00000000  0.96541683  0.06422679  0.96755090 -0.25407820
43831.7  5.00000000  0.96541683  0.06422679  0.96755090 -0.25407820
43831.8  5.00000000  0.96541683  0.06422679  0.96755090 -0.25407820
43831.9  5.00000000  0.96541683  0.06422679  0.96755090 -0.25407820
43832.0  5.00000000  0.96541683  0.06422679  0.96755090 -0.25407820
43832.1  5.00000000  0.96541683  0.06422679  0.96755090 -0.25407820
43832.2  5.00000000  0.96541683  0.06422679  0.96755090 -0.25407820
43832.3  5.00000000  0.96541683  0.06422679  0.96755090 -0.25407820
43832.4  5.00000000  0.96541683  0.06422679  0.96755090 -0.25407820
43832.5  5.00000000  0.96541683  0.06422679  0.96755090 -0.25407820
43832.6  5.00000000  0.96541683  0.06422679  0.96755090 -0.25407820
43832.7  5.00000000  0.96541683  0.06422679  0.96755090 -0.25407820
43832.8  5.00000000  0.96541683  0.06422679  0.96755090 -0.25407820
43832.9  5.00000000  0.96541683  0.06422679  0.96755090 -0.25407820
43833.0  5.00000000  0.96541683  0.06422679  0.96755090 -0.25407820
43833.1  5.00000000  0.96541683  0.06422679  0.96755090 -0.25407820
43833.2  5.00000000  0.96541683  0.06422679  0.96755090 -0.25407820
43833.3  5.00000000  0.96541683  0.06422679  0.96755090 -0.25407820
43833.4  5.00000000  0.96541683  0.06422679  0.96755090 -0.25407820
43833.5  5.00000000  0.96541683  0.06422679  0.96755090 -0.25407820
43833.6  5.00000000  0.96541683  0.06422679  0.96755090 -0.25407820
43833.7  5.00000000  0.96541683  0.06422679  0.96755090 -0.25407820
43833.8  5.00000000  0.96541683  0.06422679  0.96755090 -0.25407820
43833.9  5.00000000  0.96541683  0.06422679  0.96755090 -0.25407820
43834.0  5.00000000  0.96541683  0.06422679  0.96755090 -0.25407820
43834.1  5.00000000  0.96541683  0.06422679  0.96755090 -0.25407820
43834.2  5.00000000  0.96541683  0.06422679  0.96755090 -0.25407820
43834.3  5.00000000  0.96541683  0.06422679  0.96755090 -0.25407820
43834.4  5.00000000  0.96541683  0.06422679  0.96755090 -0.25407820
43834.5  5.00000000  0.96541683  0.06422679  0.96755090 -0.25407820
43834.6  5.00000000  0.96541683  0.06422679  0.96755090 -0.25407820
43834.7  5.00000000  0.96541683  0.06422679  0.96755090 -0.25407820
43834.8  5.00000000  0.96541683  0.06422679  0.96755090 -0.25407820
43834.9  5.00000000  0.96541683  0.06422679  0.96755090 -0.25407820
43835.0  5.00000000  0.96541683  0.06422679  0.96755090 -0.25407820
43835.1  5.00000000  0.96541683  0.06422679  0.96755090 -0.25407820
43835.2  5.00000000  0.96541683  0.06422679  0.96755090 -0.25407820
43835.3  5.00000000  0.96541683  0.06422679  0.96755090 -0.25407820
43835.4  5.00000000  0.96541683  0.06422679  0.96755090 -0.25407820
43835.5  5.00000000  0.96541683  0.06422679  0.96755090 -0.25407820
43835.6  5.00000000  0.96541683  0.06422679  0.96755090 -0.25407820
43835.7  5.00000000  0.96541683  0.06422679  0.96755090 -0.25407820
43835.8  5.00000000  0.96541683  0.06422679  0.96755090 -0.25407820
43835.9  5.00000000  0.96541683  0.06422679  0.96755090 -0.25407820
43836.0  5.00000000  0.96541683  0.06422679  0.96755090 -0.25407820
43836.1  5.00000000  0.96541683  0.06422679  0.96755090 -0.25407820
43836.2  5.00000000  0.96541683  0.06422679  0.96755090 -0.25407820
43836.3  5.00000000  0.96541683  0.06422679  0.96755090 -0.25407820
43836.4  5.00000000  0.96541683  0.06422679  0.96755090 -0.25407820
43836.5  5.00000000  0.96541683  0.06422679  0.96755090 -0.25407820
43836.6  5.00000000  0.96541683  0.06422679  0.96755090 -0.25407820
43836.7  5.00000000  0.96541683  0.06422679  0.96755090 -0.25407820
43836.8  5.00000000  0.96541683  0.06422679  0.96755090 -0.25407820
43836.9  5.00000000  0.96541683  0.06422679  0.96755090 -0.25407820
43837.0  5.00000000  0.96541683  0.06422679  0.96755090 -0.25407820
43837.1  5.00000000  0.96541683  0.06422679  0.96755090 -0.25407820
43837.2  5.00000000  0.96541683  0.06422679  0.96755090 -0.25407820
43837.3  5.00000000  0.96541683  0.06422679  0.96755090 -0.25407820
43837.4  5.00000000  0.96541683  0.06422679  0.96755090 -0.25407820
43837.5  5.00000000  0.96541683  0.06422679  0.96755090 -0.25407820
43837.6  5.00000000  0.96541683  0.06422679  0.96755090 -0.25407820
43837.7  5.00000000  0.96541683  0.06422679  0.96755090 -0.25407820
43837.8  5.00000000  0.96541683  0.06422679  0.96755090 -0.25407820
43837.9  5.00000000  0.96541683  0.06422679  0.96755090 -0.25407820
43838.0  5.00000000  0.96541683  0.06422679  0.96755090 -0.25407820
43838.1  5.00000000  0.96541683  0.06422679  0.96755090 -0.25407820
43838.2  5.00000000  0.96541683  0.06422679  0.96755090 -0.25407820
43838.3  5.00000000  0.96541683  0.06422679  0.96755090 -0.25407820
43838.4  5.00000000  0.96541683  0.06422679  0.96755090 -0.25407820
43838.5  5.00000000  0.96541683  0.06422679  0.96755090 -0.25407820
43838.6  5.00000000  0.96541683  0.06422679  0.96755090 -0.25407820
43838.7  5.00000000  0.96541683  0.06422679  0.96755090 -0.25407820
43838.8  5.00000000  0.96541683  0.06422679  0.96755090 -0.25407820
43838.9  5.00000000  0.96541683  0.06422679  0.96755090 -0.25407820
43839.0  5.00000000  0.96541683  0.06422679  0.96755090 -0.25407820
43839.1  5.00000000  0.96541683  0.06422679  0.96755090 -0.25407820
43839.2  5.00000000  0.96541683  0.06422679  0.96755090 -0.25407820
43839.3  5.00000000  0.96541683  0.06422679  0.96755090 -0.25407820
43839.4  5.00000000  0.96541683  0.06422679  0.96755090 -0.25407820
43839.5  5.00000000  0.96541683  0.06422679  0.96755090 -0.25407820
43839.6  5.00000000  0.96541683  0.06422679  0.96755090 -0.25407820
43839.7  5.00000000  0.96541683  0.06422679  0.96755090 -0.25407820
43839.8  5.00000000  0.96541683  0.06422679  0.96755090 -0.25407820
43839.9  5.00000000  0.96541683  0.06422679  0.96755090 -0.25407820
43840.0  5.00000000  0.96541683  0.06422679  0.96755090 -0.25407820
43840.1  5.00000000  0.96541683  0.06422679  0.96755090 -0.25407820
43840.2  5.00000000  0.96541683  0.06422679  0.96755090 -0.25407820
43840.3  5.00000000  0.96541683  0.06422679  0.96755090 -0.25407820
43840.4  5.00000000  0.96541683  0.06422679  0.96755090 -0.25407820
43840.5  5.00000000  0.96541683  0.06422679  0.96755090 -0.25407820
43840.6  5.00000000  0.96541683  0.06422679  0.96755090 -0.25407820
43840.7  5.00000000  0.96541683  0.06422679  0.96755090 -0.25407820
43840.8  5.00000000  0.96541683  0.06422679  0.96755090 -0.25407820
43840.9  5.00000000  0.96541683  0.06422679  0.96755090 -0.25407820
43841.0  5.00000000  0.96541683  0.06422679  0.96755090 -0.25407820
43841.1  5.00000000  0.96541683  0.06422679  0.96755090 -0.25407820
43841.2  5.00000000  0.96541683  0.06422679  0.96755090 -0.25407820
43841.3  5.00000000  0.96541683  0.06422679  0.96755090 -0.25407820
43841.4  5.00000000  0.96541683  0.06422679  0.96755090 -0.25407820
43841.5  5.00000000  0.96541683  0.06422679  0.96755090 -0.25407820
43841.6  5.00000000  0.96541683  0.06422679  0.96755090 -0.25407820
43841.7  5.00000000  0.96541683  0.06422679  0.96755090 -0.25407820
43841.8  5.00000000  0.96541683  0.06422679  0.96755090 -0.25407820
43841.9  5.00000000  0.96541683  0.06422679  0.96755090 -0.25407820
43842.0  5.00000000  0.96541683  0.06422679  0.96755090 -0.25407820
43842.1  5.00000000  0.96541683  0.06422679  0.96755090 -0.25407820
43842.2  5.00000000  0.96541683  0.06422679  0.96755090 -0.25407820
43842.3  5.00000000  0.96541683  0.06422679  0.96755090 -0.25407820
43842.4  5.00000000  0.96541683  0.06422679  0.96755090 -0.25407820
43842.5  5.00000000  0.96541683  0.06422679  0.96755090 -0.25407820
43842.6  5.00000000  0.96541683  0.06422679  0.96755090 -0.25407820
43842.7  5.00000000  0.96541683  0.06422679  0.96755090 -0.25407820
43842.8  5.00000000  0.96541683  0.06422679  0.96755090 -0.25407820
43842.9  5.00000000  0.96541683  0.06422679  0.96755090 -0.25407820
43843.0  5.00000000  0.96541683  0.06422679  0.96755090 -0.25407820
43843.1  5.00000000  0.96541683  0.06422679  0.96755090 -0.25407820
43843.2  5.00000000  0.96541683  0.06422679  0.96755090 -0.25407820
43843.3  5.00000000  0.96541683  0.06422679  0.96755090 -0.25407820
43843.4  5.00000000  0.96541683  0.06422679  0.96755090 -0.25407820
43843.5  5.00000000  0.96541683  0.06422679  0.96755090 -0.25407820
43843.6  5.00000000  0.96541683  0.06422679  0.96755090 -0.25407820
43843.7  5.00000000  0.96541683  0.06422679  0.96755090 -0.25407820
43843.8  5.00000000  0.96541683  0.06422679  0.96755090 -0.25407820
43843.9  5.00000000  0.96541683  0.06422679  0.96755090 -0.25407820
43844.0  5.00000000  0.96541683  0.06422679  0.96755090 -0.25407820
43844.1  5.00000000  0.96541683  0.06422679  0.96755090 -0.25407820
43844.2  5.00000000  0.96541683  0.06422679  0.96755090 -0.25407820
43844.3  5.00000000  0.96541683  0.06422679  0.96755090 -0.25407820
43844.4  5.00000000  0.96541683  0.06422679  0.96755090 -0.25407820
43844.5  5.00000000  0.96541683  0.06422679  0.96755090 -0.25407820
43844.6  5.00000000  0.96541683  0.06422679  0.96755090 -0.25407820
43844.7  5.00000000  0.96541683  0.06422679  0.96755090 -0.25407820
43844.8  5.00000000  0.96541683  0.06422679  0.96755090 -0.25407820
43844.9  5.00000000  0.96541683  0.06422679  0.96755090 -0.25407820
43845.0  5.00000000  0.96541683  0.06422679  0.96755090 -0.25407820
43845.1  5.00000000  0.96541683  0.06422679  0.96755090 -0.25407820
43845.2  5.00000000  0.96541683  0.06422679  0.96755090 -0.25407820
43845.3  5.00000000  0.96541683  0.06422679  0.96755090 -0.25407820
43845.4  5.00000000  0.96541683  0.06422679  0.96755090 -0.25407820
43845.5  5.00000000  0.96541683  0.06422679  0.96755090 -0.25407820
43845.6  5.00000000  0.96541683  0.06422679  0.96755090 -0.25407820
43845.7  5.00000000  0.96541683  0.06422679  0.96755090 -0.25407820
43845.8  5.00000000  0.96541683  0.06422679  0.96755090 -0.25407820
43845.9  5.00000000  0.96541683  0.06422679  0.96755090 -0.25407820
43846.0  5.00000000  0.96541683  0.06422679  0.96755090 -0.25407820
43846.1  5.00000000  0.96541683  0.06422679  0.96755090 -0.25407820
43846.2  5.00000000  0.96541683  0.06422679  0.96755090 -0.25407820
43846.3  5.00000000  0.96541683  0.06422679  0.96755090 -0.25407820
43846.4  5.00000000  0.96541683  0.06422679  0.96755090 -0.25407820
43846.5  5.00000000  0.96541683  0.06422679  0.96755090 -0.25407820
43846.6  5.00000000  0.96541683  0.06422679  0.96755090 -0.25407820
43846.7  5.00000000  0.96541683  0.06422679  0.96755090 -0.25407820
43846.8  5.00000000  0.96541683  0.06422679  0.96755090 -0.25407820
43846.9  5.00000000  0.96541683  0.06422679  0.96755090 -0.25407820
43847.0  5.00000000  0.96541683  0.06422679  0.96755090 -0.25407820
43847.1  5.00000000  0.96541683  0.06422679  0.96755090 -0.25407820
43847.2  5.00000000  0.96541683  0.06422679  0.96755090 -0.25407820
43847.3  5.00000000  0.96541683  0.06422679  0.96755090 -0.25407820
43847.4  5.00000000  0.96541683  0.06422679  0.96755090 -0.25407820
43847.5  5.00000000  0.96541683  0.06422679  0.96755090 -0.25407820
43847.6  5.00000000  0.96541683  0.06422679  0.96755090 -0.25407820
43847.7  5.00000000  0.96541683  0.06422679  0.96755090 -0.25407820
43847.8  5.00000000  0.96541683  0.06422679  0.96755090 -0.25407820
43847.9  5.00000000  0.96541683  0.06422679  0.96755090 -0.25407820
43848.0  5.00000000  0.96541683  0.06422679  0.96755090 -0.25407820
43848.1  5.00000000  0.96541683  0.06422679  0.96755090 -0.25407820
43848.2  5.00000000  0.96541683  0.06422679  0.96755090 -0.25407820
43848.3  5.00000000  0.96541683  0.06422679  0.96755090 -0.25407820
43848.4  5.00000000  0.96541683  0.06422679  0.96755090 -0.25407820
43848.5  5.00000000  0.96541683  0.06422679  0.96755090 -0.25407820
43848.6  5.00000000  0.96541683  0.06422679  0.96755090 -0.25407820
43848.7  5.00000000  0.96541683  0.06422679  0.96755090 -0.25407820
43848.8  5.00000000  0.96541683  0.06422679  0.96755090 -0.25407820
43848.9  5.00000000  0.96541683  0.06422679  0.96755090 -0.25407820
43849.0  5.00000000  0.96541683  0.06422679  0.96755090 -0.25407820
43849.1  5.00000000  0.96541683  0.06422679  0.96755090 -0.25407820
43849.2  5.00000000  0.96541683  0.06422679  0.96755090 -0.25407820
43849.3  5.00000000  0.96541683  0.06422679  0.96755090 -0.25407820
43849.4  5.00000000  0.96541683  0.06422679  0.96755090 -0.25407820
43849.5  5.00000000  0.96541683  0.06422679  0.96755090 -0.25407820
43849.6  5.00000000  0.96541683  0.06422679  0.96755090 -0.25407820
43849.7  5.00000000  0.96541683  0.06422679  0.96755090 -0.25407820
43849.8  5.00000000  0.96541683  0.06422679  0.96755090 -0.25407820
43849.9  5.00000000  0.96541683  0.06422679  0.96755090 -0.25407820
43850.0  5.00000000  0.96541683  0.06422679  0.96755090 -0.25407820
43850.1  5.00000000  0.96541683  0.06422679  0.96755090 -0.25407820
43850.2  5.00000000  0.96541683  0.06422679  0.96755090 -0.25407820
43850.3  5.00000000  0.96541683  0.06422679  0.96755090 -0.25407820
43850.4  5.00000000  0.96541683  0.06422679  0.96755090 -0.25407820
43850.5  5.00000000  0.96541683  0.06422679  0.96755090 -0.25407820
43850.6  5.00000000  0.96541683  0.06422679  0.96755090 -0.25407820
43850.7  5.00000000  0.96541683  0.06422679  0.96755090 -0.25407820
43850.8  5.00000000  0.96541683  0.06422679  0.96755090 -0.25407820
43850.9  5.00000000  0.96541683  0.06422679  0.96755090 -0.25407820
43851.0  5.00000000  0.96541683  0.06422679  0.96755090 -0.25407820
43851.1  5.00000000  0.96541683  0.06422679  0.96755090 -0.25407820
43851.2  5.00000000  0.96541683  0.06422679  0.96755090 -0.25407820
43851.3  5.00000000  0.96541683  0.06422679  0.96755090 -0.25407820
43851.4  5.00000000  0.96541683  0.06422679  0.96755090 -0.25407820
43851.5  5.00000000  0.96541683  0.06422679  0.96755090 -0.25407820
43851.6  5.00000000  0.96541683  0.06422679  0.96755090 -0.25407820
43851.7  5.00000000  0.96541683  0.06422679  0.96755090 -0.25407820
43851.8  5.00000000  0.96541683  0.06422679  0.96755090 -0.25407820
43851.9  5.00000000  0.96541683  0.06422679  0.96755090 -0.25407820
43852.0  5.00000000  0.96541683  0.06422679  0.96755090 -0.25407820
43852.1  5.00000000  0.96541683  0.06422679  0.96755090 -0.25407820
43852.2  5.00000000  0.96541683  0.06422679  0.96755090 -0.25407820
43852.3  5.00000000  0.96541683  0.06422679  0.96755090 -0.25407820
43852.4  5.00000000  0.96541683  0.06422679  0.96755090 -0.25407820
43852.5  5.00000000  0.96541683  0.06422679  0.96755090 -0.25407820
43852.6  5.00000000  0.96541683  0.06422679  0.96755090 -0.25407820
43852.7  5.00000000  0.96541683  0.06422679  0.96755090 -0.25407820
43852.8  5.00000000  0.96541683  0.06422679  0.96755090 -0.25407820
43852.9  5.00000000  0.96541683  0.06422679  0.96755090 -0.25407820
43853.0  5.00000000  0.96541683  0.06422679  0.96755090 -0.25407820
43853.1  5.00000000  0.96541683  0.06422679  0.96755090 -0.25407820
43853.2  5.00000000  0.96541683  0.06422679  0.96755090 -0.25407820
43853.3  5.00000000  0.96541683  0.06422679  0.96755090 -0.25407820
43853.4  5.00000000  0.96541683  0.06422679  0.96755090 -0.25407820
43853.5  5.00000000  0.96541683  0.06422679  0.96755090 -0.25407820
43853.6  5.00000000  0.96541683  0.06422679  0.96755090 -0.25407820
43853.7  5.00000000  0.96541683  0.06422679  0.96755090 -0.25407820
43853.8  5.00000000  0.96541683  0.06422679  0.96755090 -0.25407820
43853.9  5.00000000  0.96541683  0.06422679  0.96755090 -0.25407820
43854.0  5.00000000  0.96541683  0.06422679  0.96755090 -0.25407820
43854.1  5.00000000  0.96541683  0.06422679  0.96755090 -0.25407820
43854.2  5.00000000  0.96541683  0.06422679  0.96755090 -0.25407820
43854.3  5.00000000  0.96541683  0.06422679  0.96755090 -0.25407820
43854.4  5.00000000  0.96541683  0.06422679  0.96755090 -0.25407820
43854.5  5.00000000  0.96541683  0.06422679  0.96755090 -0.25407820
43854.6  5.00000000  0.96541683  0.06422679  0.96755090 -0.25407820
43854.7  5.00000000  0.96541683  0.06422679  0.96755090 -0.25407820
43854.8  5.00000000  0.96541683  0.06422679  0.96755090 -0.25407820
43854.9  5.00000000  0.96541683  0.06422679  0.96755090 -0.25407820
43855.0  5.00000000  0.96541683  0.06422679  0.96755090 -0.25407820
43855.1  5.00000000  0.96541683  0.06422679  0.96755090 -0.25407820
43855.2  5.00000000  0.96541683  0.06422679  0.96755090 -0.25407820
43855.3  5.00000000  0.96541683  0.06422679  0.96755090 -0.25407820
43855.4  5.00000000  0.96541683  0.06422679  0.96755090 -0.25407820
43855.5  5.00000000  0.96541683  0.06422679  0.96755090 -0.25407820
43855.6  5.00000000  0.96541683  0.06422679  0.96755090 -0.25407820
43855.7  5.00000000  0.96541683  0.06422679  0.96755090 -0.25407820
43855.8  5.00000000  0.96541683  0.06422679  0.96755090 -0.25407820
43855.9  5.00000000  0.96541683  0.06422679  0.96755090 -0.25407820
43856.0  5.00000000  0.96541683  0.06422679  0.96755090 -0.25407820
43856.1  5.00000000  0.96541683  0.06422679  0.96755090 -0.25407820
43856.2  5.00000000  0.96541683  0.06422679  0.96755090 -0.25407820
43856.3  5.00000000  0.96541683  0.06422679  0.96755090 -0.25407820
43856.4  5.00000000  0.96541683  0.06422679  0.96755090 -0.25407820
43856.5  5.00000000  0.96541683  0.06422679  0.96755090 -0.25407820
43856.6  5.00000000  0.96541683  0.06422679  0.96755090 -0.25407820
43856.7  5.00000000  0.96541683  0.06422679  0.96755090 -0.25407820
43856.8  5.00000000  0.96541683  0.06422679  0.96755090 -0.25407820
43856.9  5.00000000  0.96541683  0.06422679  0.96755090 -0.25407820
43857.0  5.00000000  0.96541683  0.06422679  0.96755090 -0.25407820
43857.1  5.00000000  0.96541683  0.06422679  0.96755090 -0.25407820
43857.2  5.00000000  0.96541683  0.06422679  0.96755090 -0.25407820
43857.3  5.00000000  0.96541683  0.06422679  0.96755090 -0.25407820
43857.4  5.00000000  0.96541683  0.06422679  0.96755090 -0.25407820
43857.5  5.00000000  0.96541683  0.06422679  0.96755090 -0.25407820
43857.6  5.00000000  0.96541683  0.06422679  0.96755090 -0.25407820
43857.7  5.00000000  0.96541683  0.06422679  0.96755090 -0.25407820
43857.8  5.00000000  0.96541683  0.06422679  0.96755090 -0.25407820
43857.9  5.00000000  0.96541683  0.06422679  0.96755090 -0.25407820
43858.0  5.00000000  0.96541683  0.06422679  0.96755090 -0.25407820
43858.1  5.00000000  0.96541683  0.06422679  0.96755090 -0.25407820
43858.2  5.00000000  0.96541683  0.06422679  0.96755090 -0.25407820
43858.3  5.00000000  0.96541683  0.06422679  0.96755090 -0.25407820
43858.4  5.00000000  0.96541683  0.06422679  0.96755090 -0.25407820
43858.5  5.00000000  0.96541683  0.06422679  0.96755090 -0.25407820
43858.6  5.00000000  0.96541683  0.06422679  0.96755090 -0.25407820
43858.7  5.00000000  0.96541683  0.06422679  0.96755090 -0.25407820
43858.8  5.00000000  0.96541683  0.06422679  0.96755090 -0.25407820
43858.9  5.00000000  0.96541683  0.06422679  0.96755090 -0.25407820
43859.0  5.00000000  0.96541683  0.06422679  0.96755090 -0.25407820
43859.1  5.00000000  0.96541683  0.06422679  0.96755090 -0.25407820
43859.2  5.00000000  0.96541683  0.06422679  0.96755090 -0.25407820
43859.3  5.00000000  0.96541683  0.06422679  0.96755090 -0.25407820
43859.4  5.00000000  0.96541683  0.06422679  0.96755090 -0.25407820
43859.5  5.00000000  0.96541683  0.06422679  0.96755090 -0.25407820
43859.6  5.00000000  0.96541683  0.06422679  0.96755090 -0.25407820
43859.7  5.00000000  0.96541683  0.06422679  0.96755090 -0.25407820
43859.8  5.00000000  0.96541683  0.06422679  0.96755090 -0.25407820
43859.9  5.00000000  0.96541683  0.06422679  0.96755090 -0.25407820
43860.0  5.00000000  0.96541683  0.06422679  0.96755090 -0.25407820
43860.1  5.00000000  0.96541683  0.06422679  0.96755090 -0.25407820
43860.2  5.00000000  0.96541683  0.06422679  0.96755090 -0.25407820
43860.3  5.00000000  0.96541683  0.06422679  0.96755090 -0.25407820
43860.4  5.00000000  0.96541683  0.06422679  0.96755090 -0.25407820
43860.5  5.00000000  0.96541683  0.06422679  0.96755090 -0.25407820
43860.6  5.00000000  0.96541683  0.06422679  0.96755090 -0.25407820
43860.7  5.00000000  0.96541683  0.06422679  0.96755090 -0.25407820
43860.8  5.00000000  0.96541683  0.06422679  0.96755090 -0.25407820
43860.9  5.00000000  0.96541683  0.06422679  0.96755090 -0.25407820
43861.0  5.00000000  0.96541683  0.06422679  0.96755090 -0.25407820
43861.1  5.00000000  0.96541683  0.06422679  0.96755090 -0.25407820
43861.2  5.00000000  0.96541683  0.06422679  0.96755090 -0.25407820
43861.3  5.00000000  0.96541683  0.06422679  0.96755090 -0.25407820
43861.4  5.00000000  0.96541683  0.06422679  0.96755090 -0.25407820
43861.5  5.00000000  0.96541683  0.06422679  0.96755090 -0.25407820
43861.6  5.00000000  0.96541683  0.06422679  0.96755090 -0.25407820
43861.7  5.00000000  0.96541683  0.06422679  0.96755090 -0.25407820
43861.8  5.00000000  0.96541683  0.06422679  0.96755090 -0.25407820
43861.9  5.00000000  0.96541683  0.06422679  0.96755090 -0.25407820
43862.0  5.00000000  0.96541683  0.06422679  0.96755090 -0.25407820
43862.1  5.00000000  0.96541683  0.06422679  0.96755090 -0.25407820
43862.2  5.00000000  0.96541683  0.06422679  0.96755090 -0.25407820
43862.3  5.00000000  0.96541683  0.06422679  0.96755090 -0.25407820
43862.4  5.00000000  0.96541683  0.06422679  0.96755090 -0.25407820
43862.5  5.00000000  0.96541683  0.06422679  0.96755090 -0.25407820
43862.6  5.00000000  0.96541683  0.06422679  0.96755090 -0.25407820
43862.7  5.00000000  0.96541683  0.06422679  0.96755090 -0.25407820
43862.8  5.00000000  0.96541683  0.06422679  0.96755090 -0.25407820
43862.9  5.00000000  0.96541683  0.06422679  0.96755090 -0.25407820
43863.0  5.00000000  0.96541683  0.06422679  0.96755090 -0.25407820
43863.1  5.00000000  0.96541683  0.06422679  0.96755090 -0.25407820
43863.2  5.00000000  0.96541683  0.06422679  0.96755090 -0.25407820
43863.3  5.00000000  0.96541683  0.06422679  0.96755090 -0.25407820
43863.4  5.00000000  0.96541683  0.06422679  0.96755090 -0.25407820
43863.5  5.00000000  0.96541683  0.06422679  0.96755090 -0.25407820
43863.6  5.00000000  0.96541683  0.06422679  0.96755090 -0.25407820
43863.7  5.00000000  0.96541683  0.06422679  0.96755090 -0.25407820
43863.8  5.00000000  0.96541683  0.06422679  0.96755090 -0.25407820
43863.9  5.00000000  0.96541683  0.06422679  0.96755090 -0.25407820
43864.0  5.00000000  0.96541683  0.06422679  0.96755090 -0.25407820
43864.1  5.00000000  0.96541683  0.06422679  0.96755090 -0.25407820
43864.2  5.00000000  0.96541683  0.06422679  0.96755090 -0.25407820
43864.3  5.00000000  0.96541683  0.06422679  0.96755090 -0.25407820
43864.4  5.00000000  0.96541683  0.06422679  0.96755090 -0.25407820
43864.5  5.00000000  0.96541683  0.06422679  0.96755090 -0.25407820
43864.6  5.00000000  0.96541683  0.06422679  0.96755090 -0.25407820
43864.7  5.00000000  0.96541683  0.06422679  0.96755090 -0.25407820
43864.8  5.00000000  0.96541683  0.06422679  0.96755090 -0.25407820
43864.9  5.00000000  0.96541683  0.06422679  0.96755090 -0.25407820
43865.0  5.00000000  0.96541683  0.06422679  0.96755090 -0.25407820
43865.1  5.00000000  0.96541683  0.06422679  0.96755090 -0.25407820
43865.2  5.00000000  0.96541683  0.06422679  0.96755090 -0.25407820
43865.3  5.00000000  0.96541683  0.06422679  0.96755090 -0.25407820
43865.4  5.00000000  0.96541683  0.06422679  0.96755090 -0.25407820
43865.5  5.00000000  0.96541683  0.06422679  0.96755090 -0.25407820
43865.6  5.00000000  0.96541683  0.06422679  0.96755090 -0.25407820
43865.7  5.00000000  0.96541683  0.06422679  0.96755090 -0.25407820
43865.8  5.00000000  0.96541683  0.06422679  0.96755090 -0.25407820
43865.9  5.00000000  0.96541683  0.06422679  0.96755090 -0.25407820
