 # AA:        219117.46418138818     
 # FLEGG:     179224.99817922857     
 # AF0:     -5.33308614247767210E-002
 # CPAR:      555.55779854881382     
 # Diff:     0.12463198212018202     
 # TF:       3.79473319220205556E-007
 # H:         284.00000000000000     
 # GRAD:     0.10000000000000001     
 # HR:       3.00000000000000006E-003
 # LP:       0.91003999999955698     
 # TIME  LP  TMAB  TMDS  TMPC  TMZ
21961.9  5.00000000  0.96283645  0.08585504  0.96665667 -0.25744017
21962.0  5.00000000  0.96299622  0.08407622  0.96665947 -0.25742741
21962.1  5.00000000  0.96312383  0.08265265  0.96666384 -0.25740749
21962.2  5.00000000  0.96321003  0.08170401  0.96666908 -0.25738362
21962.3  5.00000000  0.96325134  0.08128001  0.96667450 -0.25735905
21962.4  5.00000000  0.96324928  0.08136349  0.96667946 -0.25733671
21962.5  5.00000000  0.96320947  0.08188083  0.96668348 -0.25731889
21962.6  5.00000000  0.96314070  0.08271751  0.96668619 -0.25730707
21962.7  5.00000000  0.96305391  0.08373648  0.96668745 -0.25730188
21962.8  5.00000000  0.96296095  0.08479679  0.96668728 -0.25730308
21962.9  5.00000000  0.96287330  0.08577040  0.96668586 -0.25730974
21963.0  5.00000000  0.96280069  0.08655541  0.96668351 -0.25732040
21963.1  5.00000000  0.96275004  0.08708462  0.96668060 -0.25733333
21963.2  5.00000000  0.96272484  0.08732891  0.96667754 -0.25734673
21963.3  5.00000000  0.96272500  0.08729590  0.96667471 -0.25735898
21963.4  5.00000000  0.96274729  0.08702437  0.96667242 -0.25736882
21963.5  5.00000000  0.96278617  0.08657588  0.96667088 -0.25737540
21963.6  5.00000000  0.96283485  0.08602474  0.96667016 -0.25737838
21963.7  5.00000000  0.96288633  0.08544775  0.96667026 -0.25737786
21963.8  5.00000000  0.96293426  0.08491503  0.96667106 -0.25737436
21963.9  5.00000000  0.96297360  0.08448267  0.96667238 -0.25736865
21964.0  5.00000000  0.96300102  0.08418809  0.96667399 -0.25736168
21964.1  5.00000000  0.96301495  0.08404799  0.96667568 -0.25735441
21964.2  5.00000000  0.96301554  0.08405905  0.96667723 -0.25734771
21964.3  5.00000000  0.96300440  0.08420090  0.96667847 -0.25734230
21964.4  5.00000000  0.96298426  0.08444057  0.96667932 -0.25733863
21964.5  5.00000000  0.96295853  0.08473793  0.96667970 -0.25733690
21964.6  5.00000000  0.96293084  0.08505127  0.96667964 -0.25733709
21964.7  5.00000000  0.96290466  0.08534227  0.96667920 -0.25733891
21964.8  5.00000000  0.96288283  0.08558005  0.96667848 -0.25734196
21964.9  5.00000000  0.96286738  0.08574382  0.96667761 -0.25734573
21965.0  5.00000000  0.96285933  0.08582396  0.96667670 -0.25734969
21965.1  5.00000000  0.96285869  0.08582178  0.96667587 -0.25735335
21965.2  5.00000000  0.96286460  0.08574792  0.96667520 -0.25735633
21965.3  5.00000000  0.96287554  0.08562000  0.96667476 -0.25735837
21965.4  5.00000000  0.96288958  0.08545966  0.96667455 -0.25735936
21965.5  5.00000000  0.96290469  0.08528955  0.96667458 -0.25735930
21965.6  5.00000000  0.96291899  0.08513058  0.96667481 -0.25735835
21965.7  5.00000000  0.96293093  0.08499974  0.96667519 -0.25735671
21965.8  5.00000000  0.96293943  0.08490862  0.96667565 -0.25735468
21965.9  5.00000000  0.96294395  0.08486275  0.96667613 -0.25735253
21966.0  5.00000000  0.96294449  0.08486172  0.96667658 -0.25735053
21966.1  5.00000000  0.96294148  0.08489998  0.96667693 -0.25734889
21966.2  5.00000000  0.96293571  0.08496815  0.96667718 -0.25734776
21966.3  5.00000000  0.96292820  0.08505457  0.96667730 -0.25734720
21966.4  5.00000000  0.96292003  0.08514694  0.96667730 -0.25734720
21966.5  5.00000000  0.96291224  0.08523382  0.96667719 -0.25734769
21966.6  5.00000000  0.96290567  0.08530584  0.96667699 -0.25734857
21966.7  5.00000000  0.96290093  0.08535654  0.96667675 -0.25734966
21966.8  5.00000000  0.96289835  0.08538275  0.96667649 -0.25735083
21966.9  5.00000000  0.96289794  0.08538451  0.96667625 -0.25735192
21967.0  5.00000000  0.96289950  0.08536470  0.96667604 -0.25735283
21967.1  5.00000000  0.96290257  0.08532834  0.96667590 -0.25735346
21967.2  5.00000000  0.96290663  0.08528173  0.96667582 -0.25735378
21967.3  5.00000000  0.96291106  0.08523155  0.96667581 -0.25735380
21967.4  5.00000000  0.96291532  0.08518406  0.96667587 -0.25735354
21967.5  5.00000000  0.96291893  0.08514443  0.96667597 -0.25735308
21967.6  5.00000000  0.96292155  0.08511626  0.96667610 -0.25735248
21967.7  5.00000000  0.96292301  0.08510135  0.96667625 -0.25735185
21967.8  5.00000000  0.96292329  0.08509977  0.96667639 -0.25735125
21967.9  5.00000000  0.96292250  0.08511002  0.96667650 -0.25735075
21968.0  5.00000000  0.96292087  0.08512941  0.96667658 -0.25735040
21968.1  5.00000000  0.96291869  0.08515455  0.96667663 -0.25735022
21968.2  5.00000000  0.96291628  0.08518180  0.96667663 -0.25735020
21968.3  5.00000000  0.96291396  0.08520773  0.96667660 -0.25735034
21968.4  5.00000000  0.96291197  0.08522951  0.96667654 -0.25735059
21968.5  5.00000000  0.96291052  0.08524514  0.96667647 -0.25735090
21968.6  5.00000000  0.96290969  0.08525359  0.96667639 -0.25735125
21968.7  5.00000000  0.96290951  0.08525478  0.96667631 -0.25735158
21968.8  5.00000000  0.96290991  0.08524949  0.96667625 -0.25735185
21968.9  5.00000000  0.96291078  0.08523916  0.96667621 -0.25735204
21969.0  5.00000000  0.96291196  0.08522562  0.96667618 -0.25735215
21969.1  5.00000000  0.96291326  0.08521084  0.96667618 -0.25735216
21969.2  5.00000000  0.96291453  0.08519669  0.96667620 -0.25735209
21969.3  5.00000000  0.96291562  0.08518473  0.96667623 -0.25735196
21969.4  5.00000000  0.96291643  0.08517607  0.96667627 -0.25735179
21969.5  5.00000000  0.96291689  0.08517129  0.96667631 -0.25735160
21969.6  5.00000000  0.96291701  0.08517046  0.96667635 -0.25735142
21969.7  5.00000000  0.96291680  0.08517319  0.96667639 -0.25735127
21969.8  5.00000000  0.96291634  0.08517865  0.96667641 -0.25735117
21969.9  5.00000000  0.96291571  0.08518592  0.96667642 -0.25735111
21970.0  5.00000000  0.96291500  0.08519394  0.96667642 -0.25735110
21970.1  5.00000000  0.96291431  0.08520168  0.96667642 -0.25735113
21970.2  5.00000000  0.96291371  0.08520828  0.96667640 -0.25735120
21970.3  5.00000000  0.96291326  0.08521310  0.96667638 -0.25735129
21970.4  5.00000000  0.96291300  0.08521579  0.96667636 -0.25735140
21970.5  5.00000000  0.96291293  0.08521632  0.96667633 -0.25735149
21970.6  5.00000000  0.96291304  0.08521489  0.96667632 -0.25735158
21970.7  5.00000000  0.96291329  0.08521193  0.96667630 -0.25735164
21970.8  5.00000000  0.96291363  0.08520798  0.96667630 -0.25735167
21970.9  5.00000000  0.96291401  0.08520363  0.96667629 -0.25735167
21971.0  5.00000000  0.96291439  0.08519944  0.96667630 -0.25735166
21971.1  5.00000000  0.96291471  0.08519587  0.96667631 -0.25735162
21971.2  5.00000000  0.96291496  0.08519325  0.96667632 -0.25735157
21971.3  5.00000000  0.96291510  0.08519176  0.96667633 -0.25735151
21971.4  5.00000000  0.96291514  0.08519143  0.96667634 -0.25735146
21971.5  5.00000000  0.96291509  0.08519215  0.96667635 -0.25735142
21971.6  5.00000000  0.96291496  0.08519371  0.96667636 -0.25735138
21971.7  5.00000000  0.96291477  0.08519583  0.96667636 -0.25735137
21971.8  5.00000000  0.96291457  0.08519820  0.96667636 -0.25735136
21971.9  5.00000000  0.96291436  0.08520049  0.96667636 -0.25735137
21972.0  5.00000000  0.96291418  0.08520246  0.96667636 -0.25735139
21972.1  5.00000000  0.96291405  0.08520390  0.96667635 -0.25735142
21972.2  5.00000000  0.96291397  0.08520471  0.96667634 -0.25735145
21972.3  5.00000000  0.96291395  0.08520488  0.96667634 -0.25735148
21972.4  5.00000000  0.96291398  0.08520445  0.96667633 -0.25735150
21972.5  5.00000000  0.96291406  0.08520355  0.96667633 -0.25735152
21972.6  5.00000000  0.96291416  0.08520237  0.96667633 -0.25735153
21972.7  5.00000000  0.96291427  0.08520106  0.96667633 -0.25735153
21972.8  5.00000000  0.96291439  0.08519981  0.96667633 -0.25735153
21972.9  5.00000000  0.96291448  0.08519875  0.96667633 -0.25735151
21973.0  5.00000000  0.96291455  0.08519799  0.96667633 -0.25735150
21973.1  5.00000000  0.96291459  0.08519759  0.96667634 -0.25735148
21973.2  5.00000000  0.96291460  0.08519755  0.96667634 -0.25735147
21973.3  5.00000000  0.96291458  0.08519783  0.96667634 -0.25735145
21973.4  5.00000000  0.96291453  0.08519835  0.96667635 -0.25735144
21973.5  5.00000000  0.96291448  0.08519902  0.96667635 -0.25735144
21973.6  5.00000000  0.96291441  0.08519974  0.96667635 -0.25735144
21973.7  5.00000000  0.96291435  0.08520042  0.96667635 -0.25735144
21973.8  5.00000000  0.96291430  0.08520099  0.96667634 -0.25735145
21973.9  5.00000000  0.96291426  0.08520139  0.96667634 -0.25735146
21974.0  5.00000000  0.96291424  0.08520159  0.96667634 -0.25735147
21974.1  5.00000000  0.96291424  0.08520159  0.96667634 -0.25735148
21974.2  5.00000000  0.96291425  0.08520142  0.96667634 -0.25735148
21974.3  5.00000000  0.96291428  0.08520112  0.96667634 -0.25735149
21974.4  5.00000000  0.96291431  0.08520073  0.96667634 -0.25735149
21974.5  5.00000000  0.96291435  0.08520032  0.96667634 -0.25735149
21974.6  5.00000000  0.96291438  0.08519994  0.96667634 -0.25735149
21974.7  5.00000000  0.96291441  0.08519962  0.96667634 -0.25735148
21974.8  5.00000000  0.96291443  0.08519940  0.96667634 -0.25735148
21974.9  5.00000000  0.96291444  0.08519930  0.96667634 -0.25735147
21975.0  5.00000000  0.96291444  0.08519931  0.96667634 -0.25735147
21975.1  5.00000000  0.96291443  0.08519942  0.96667634 -0.25735146
21975.2  5.00000000  0.96291442  0.08519960  0.96667634 -0.25735146
21975.3  5.00000000  0.96291440  0.08519984  0.96667634 -0.25735146
21975.4  5.00000000  0.96291438  0.08520006  0.96667634 -0.25735146
21975.5  5.00000000  0.96291436  0.08520023  0.96667634 -0.25735146
21975.6  5.00000000  0.96291435  0.08520036  0.96667634 -0.25735146
21975.7  5.00000000  0.96291434  0.08520045  0.96667634 -0.25735147
21975.8  5.00000000  0.96291434  0.08520047  0.96667634 -0.25735147
21975.9  5.00000000  0.96291434  0.08520049  0.96667634 -0.25735147
21976.0  5.00000000  0.96291434  0.08520048  0.96667634 -0.25735147
21976.1  5.00000000  0.96291434  0.08520044  0.96667634 -0.25735147
21976.2  5.00000000  0.96291435  0.08520038  0.96667634 -0.25735147
21976.3  5.00000000  0.96291435  0.08520029  0.96667634 -0.25735148
21976.4  5.00000000  0.96291436  0.08520021  0.96667634 -0.25735148
21976.5  5.00000000  0.96291437  0.08520012  0.96667634 -0.25735147
21976.6  5.00000000  0.96291438  0.08520006  0.96667634 -0.25735147
21976.7  5.00000000  0.96291438  0.08520000  0.96667634 -0.25735147
21976.8  5.00000000  0.96291439  0.08519995  0.96667634 -0.25735147
21976.9  5.00000000  0.96291439  0.08519993  0.96667634 -0.25735147
21977.0  5.00000000  0.96291439  0.08519993  0.96667634 -0.25735147
21977.1  5.00000000  0.96291439  0.08519996  0.96667634 -0.25735147
21977.2  5.00000000  0.96291438  0.08519999  0.96667634 -0.25735147
21977.3  5.00000000  0.96291438  0.08520005  0.96667634 -0.25735147
21977.4  5.00000000  0.96291437  0.08520011  0.96667634 -0.25735147
21977.5  5.00000000  0.96291437  0.08520017  0.96667634 -0.25735147
21977.6  5.00000000  0.96291436  0.08520023  0.96667634 -0.25735147
21977.7  5.00000000  0.96291436  0.08520028  0.96667634 -0.25735147
21977.8  5.00000000  0.96291435  0.08520031  0.96667634 -0.25735147
21977.9  5.00000000  0.96291435  0.08520033  0.96667634 -0.25735147
21978.0  5.00000000  0.96291435  0.08520033  0.96667634 -0.25735147
21978.1  5.00000000  0.96291435  0.08520031  0.96667634 -0.25735147
21978.2  5.00000000  0.96291436  0.08520028  0.96667634 -0.25735147
21978.3  5.00000000  0.96291436  0.08520024  0.96667634 -0.25735147
21978.4  5.00000000  0.96291436  0.08520019  0.96667634 -0.25735147
21978.5  5.00000000  0.96291437  0.08520015  0.96667634 -0.25735147
21978.6  5.00000000  0.96291437  0.08520011  0.96667634 -0.25735147
21978.7  5.00000000  0.96291437  0.08520008  0.96667634 -0.25735147
21978.8  5.00000000  0.96291438  0.08520005  0.96667634 -0.25735147
21978.9  5.00000000  0.96291438  0.08520003  0.96667634 -0.25735147
21979.0  5.00000000  0.96291438  0.08520002  0.96667634 -0.25735147
21979.1  5.00000000  0.96291438  0.08520002  0.96667634 -0.25735147
21979.2  5.00000000  0.96291438  0.08520003  0.96667634 -0.25735147
21979.3  5.00000000  0.96291438  0.08520004  0.96667634 -0.25735147
21979.4  5.00000000  0.96291438  0.08520007  0.96667634 -0.25735147
21979.5  5.00000000  0.96291437  0.08520009  0.96667634 -0.25735147
21979.6  5.00000000  0.96291437  0.08520012  0.96667634 -0.25735147
21979.7  5.00000000  0.96291437  0.08520015  0.96667634 -0.25735147
21979.8  5.00000000  0.96291437  0.08520017  0.96667634 -0.25735147
21979.9  5.00000000  0.96291436  0.08520019  0.96667634 -0.25735147
21980.0  5.00000000  0.96291436  0.08520021  0.96667634 -0.25735147
21980.1  5.00000000  0.96291436  0.08520022  0.96667634 -0.25735147
21980.2  5.00000000  0.96291436  0.08520023  0.96667634 -0.25735147
21980.3  5.00000000  0.96291436  0.08520023  0.96667634 -0.25735147
21980.4  5.00000000  0.96291436  0.08520023  0.96667634 -0.25735147
21980.5  5.00000000  0.96291436  0.08520022  0.96667634 -0.25735147
21980.6  5.00000000  0.96291436  0.08520021  0.96667634 -0.25735147
21980.7  5.00000000  0.96291436  0.08520020  0.96667634 -0.25735147
21980.8  5.00000000  0.96291436  0.08520019  0.96667634 -0.25735147
21980.9  5.00000000  0.96291437  0.08520017  0.96667634 -0.25735147
21981.0  5.00000000  0.96291437  0.08520015  0.96667634 -0.25735147
21981.1  5.00000000  0.96291437  0.08520015  0.96667634 -0.25735147
21981.2  5.00000000  0.96291437  0.08520014  0.96667634 -0.25735147
21981.3  5.00000000  0.96291437  0.08520014  0.96667634 -0.25735147
21981.4  5.00000000  0.96291437  0.08520013  0.96667634 -0.25735147
21981.5  5.00000000  0.96291437  0.08520013  0.96667634 -0.25735147
21981.6  5.00000000  0.96291437  0.08520013  0.96667634 -0.25735147
21981.7  5.00000000  0.96291437  0.08520014  0.96667634 -0.25735147
21981.8  5.00000000  0.96291437  0.08520014  0.96667634 -0.25735147
21981.9  5.00000000  0.96291437  0.08520014  0.96667634 -0.25735147
21982.0  5.00000000  0.96291437  0.08520014  0.96667634 -0.25735147
21982.1  5.00000000  0.96291437  0.08520014  0.96667634 -0.25735147
21982.2  5.00000000  0.96291437  0.08520015  0.96667634 -0.25735147
21982.3  5.00000000  0.96291437  0.08520015  0.96667634 -0.25735147
21982.4  5.00000000  0.96291437  0.08520015  0.96667634 -0.25735147
21982.5  5.00000000  0.96291437  0.08520015  0.96667634 -0.25735147
21982.6  5.00000000  0.96291437  0.08520015  0.96667634 -0.25735147
21982.7  5.00000000  0.96291437  0.08520015  0.96667634 -0.25735147
21982.8  5.00000000  0.96291437  0.08520015  0.96667634 -0.25735147
21982.9  5.00000000  0.96291437  0.08520015  0.96667634 -0.25735147
21983.0  5.00000000  0.96291437  0.08520015  0.96667634 -0.25735147
21983.1  5.00000000  0.96291437  0.08520015  0.96667634 -0.25735147
21983.2  5.00000000  0.96291437  0.08520015  0.96667634 -0.25735147
21983.3  5.00000000  0.96291437  0.08520015  0.96667634 -0.25735147
21983.4  5.00000000  0.96291437  0.08520015  0.96667634 -0.25735147
21983.5  5.00000000  0.96291437  0.08520016  0.96667634 -0.25735147
21983.6  5.00000000  0.96291437  0.08520016  0.96667634 -0.25735147
21983.7  5.00000000  0.96291437  0.08520016  0.96667634 -0.25735147
21983.8  5.00000000  0.96291437  0.08520016  0.96667634 -0.25735147
21983.9  5.00000000  0.96291437  0.08520016  0.96667634 -0.25735147
21984.0  5.00000000  0.96291437  0.08520016  0.96667634 -0.25735147
21984.1  5.00000000  0.96291437  0.08520016  0.96667634 -0.25735147
21984.2  5.00000000  0.96291437  0.08520016  0.96667634 -0.25735147
21984.3  5.00000000  0.96291437  0.08520016  0.96667634 -0.25735147
21984.4  5.00000000  0.96291437  0.08520016  0.96667634 -0.25735147
21984.5  5.00000000  0.96291437  0.08520016  0.96667634 -0.25735147
21984.6  5.00000000  0.96291437  0.08520016  0.96667634 -0.25735147
21984.7  5.00000000  0.96291437  0.08520016  0.96667634 -0.25735147
21984.8  5.00000000  0.96291437  0.08520016  0.96667634 -0.25735147
21984.9  5.00000000  0.96291437  0.08520016  0.96667634 -0.25735147
21985.0  5.00000000  0.96291437  0.08520016  0.96667634 -0.25735147
21985.1  5.00000000  0.96291437  0.08520016  0.96667634 -0.25735147
21985.2  5.00000000  0.96291437  0.08520016  0.96667634 -0.25735147
21985.3  5.00000000  0.96291437  0.08520016  0.96667634 -0.25735147
21985.4  5.00000000  0.96291437  0.08520016  0.96667634 -0.25735147
21985.5  5.00000000  0.96291437  0.08520015  0.96667634 -0.25735147
21985.6  5.00000000  0.96291437  0.08520015  0.96667634 -0.25735147
21985.7  5.00000000  0.96291437  0.08520015  0.96667634 -0.25735147
21985.8  5.00000000  0.96291437  0.08520015  0.96667634 -0.25735147
21985.9  5.00000000  0.96291437  0.08520015  0.96667634 -0.25735147
21986.0  5.00000000  0.96291437  0.08520015  0.96667634 -0.25735147
21986.1  5.00000000  0.96291437  0.08520015  0.96667634 -0.25735147
21986.2  5.00000000  0.96291437  0.08520015  0.96667634 -0.25735147
21986.3  5.00000000  0.96291437  0.08520015  0.96667634 -0.25735147
21986.4  5.00000000  0.96291437  0.08520015  0.96667634 -0.25735147
21986.5  5.00000000  0.96291437  0.08520015  0.96667634 -0.25735147
21986.6  5.00000000  0.96291437  0.08520015  0.96667634 -0.25735147
21986.7  5.00000000  0.96291437  0.08520015  0.96667634 -0.25735147
21986.8  5.00000000  0.96291437  0.08520015  0.96667634 -0.25735147
21986.9  5.00000000  0.96291437  0.08520015  0.96667634 -0.25735147
21987.0  5.00000000  0.96291437  0.08520015  0.96667634 -0.25735147
21987.1  5.00000000  0.96291437  0.08520015  0.96667634 -0.25735147
21987.2  5.00000000  0.96291437  0.08520015  0.96667634 -0.25735147
21987.3  5.00000000  0.96291437  0.08520015  0.96667634 -0.25735147
21987.4  5.00000000  0.96291437  0.08520015  0.96667634 -0.25735147
21987.5  5.00000000  0.96291437  0.08520015  0.96667634 -0.25735147
21987.6  5.00000000  0.96291437  0.08520016  0.96667634 -0.25735147
21987.7  5.00000000  0.96291437  0.08520016  0.96667634 -0.25735147
21987.8  5.00000000  0.96291437  0.08520016  0.96667634 -0.25735147
21987.9  5.00000000  0.96291437  0.08520016  0.96667634 -0.25735147
21988.0  5.00000000  0.96291437  0.08520016  0.96667634 -0.25735147
21988.1  5.00000000  0.96291437  0.08520016  0.96667634 -0.25735147
21988.2  5.00000000  0.96291437  0.08520016  0.96667634 -0.25735147
21988.3  5.00000000  0.96291437  0.08520016  0.96667634 -0.25735147
21988.4  5.00000000  0.96291437  0.08520016  0.96667634 -0.25735147
21988.5  5.00000000  0.96291437  0.08520016  0.96667634 -0.25735147
21988.6  5.00000000  0.96291437  0.08520016  0.96667634 -0.25735147
21988.7  5.00000000  0.96291437  0.08520016  0.96667634 -0.25735147
21988.8  5.00000000  0.96291437  0.08520016  0.96667634 -0.25735147
21988.9  5.00000000  0.96291437  0.08520016  0.96667634 -0.25735147
21989.0  5.00000000  0.96291437  0.08520016  0.96667634 -0.25735147
21989.1  5.00000000  0.96291437  0.08520016  0.96667634 -0.25735147
21989.2  5.00000000  0.96291437  0.08520016  0.96667634 -0.25735147
21989.3  5.00000000  0.96291437  0.08520016  0.96667634 -0.25735147
21989.4  5.00000000  0.96291437  0.08520016  0.96667634 -0.25735147
21989.5  5.00000000  0.96291437  0.08520016  0.96667634 -0.25735147
21989.6  5.00000000  0.96291437  0.08520016  0.96667634 -0.25735147
21989.7  5.00000000  0.96291437  0.08520016  0.96667634 -0.25735147
21989.8  5.00000000  0.96291437  0.08520016  0.96667634 -0.25735147
21989.9  5.00000000  0.96291437  0.08520016  0.96667634 -0.25735147
21990.0  5.00000000  0.96291437  0.08520016  0.96667634 -0.25735147
21990.1  5.00000000  0.96291437  0.08520016  0.96667634 -0.25735147
21990.2  5.00000000  0.96291437  0.08520016  0.96667634 -0.25735147
21990.3  5.00000000  0.96291437  0.08520016  0.96667634 -0.25735147
21990.4  5.00000000  0.96291437  0.08520016  0.96667634 -0.25735147
21990.5  5.00000000  0.96291437  0.08520016  0.96667634 -0.25735147
21990.6  5.00000000  0.96291437  0.08520016  0.96667634 -0.25735147
21990.7  5.00000000  0.96291437  0.08520016  0.96667634 -0.25735147
21990.8  5.00000000  0.96291437  0.08520016  0.96667634 -0.25735147
21990.9  5.00000000  0.96291437  0.08520016  0.96667634 -0.25735147
21991.0  5.00000000  0.96291437  0.08520016  0.96667634 -0.25735147
21991.1  5.00000000  0.96291437  0.08520016  0.96667634 -0.25735147
21991.2  5.00000000  0.96291437  0.08520016  0.96667634 -0.25735147
21991.3  5.00000000  0.96291437  0.08520016  0.96667634 -0.25735147
21991.4  5.00000000  0.96291437  0.08520016  0.96667634 -0.25735147
21991.5  5.00000000  0.96291437  0.08520016  0.96667634 -0.25735147
21991.6  5.00000000  0.96291437  0.08520016  0.96667634 -0.25735147
21991.7  5.00000000  0.96291437  0.08520016  0.96667634 -0.25735147
21991.8  5.00000000  0.96291437  0.08520016  0.96667634 -0.25735147
21991.9  5.00000000  0.96291437  0.08520016  0.96667634 -0.25735147
21992.0  5.00000000  0.96291437  0.08520016  0.96667634 -0.25735147
21992.1  5.00000000  0.96291437  0.08520016  0.96667634 -0.25735147
21992.2  5.00000000  0.96291437  0.08520016  0.96667634 -0.25735147
21992.3  5.00000000  0.96291437  0.08520016  0.96667634 -0.25735147
21992.4  5.00000000  0.96291437  0.08520016  0.96667634 -0.25735147
21992.5  5.00000000  0.96291437  0.08520016  0.96667634 -0.25735147
21992.6  5.00000000  0.96291437  0.08520016  0.96667634 -0.25735147
21992.7  5.00000000  0.96291437  0.08520016  0.96667634 -0.25735147
21992.8  5.00000000  0.96291437  0.08520016  0.96667634 -0.25735147
21992.9  5.00000000  0.96291437  0.08520016  0.96667634 -0.25735147
21993.0  5.00000000  0.96291437  0.08520016  0.96667634 -0.25735147
21993.1  5.00000000  0.96291437  0.08520016  0.96667634 -0.25735147
21993.2  5.00000000  0.96291437  0.08520016  0.96667634 -0.25735147
21993.3  5.00000000  0.96291437  0.08520016  0.96667634 -0.25735147
21993.4  5.00000000  0.96291437  0.08520016  0.96667634 -0.25735147
21993.5  5.00000000  0.96291437  0.08520016  0.96667634 -0.25735147
21993.6  5.00000000  0.96291437  0.08520016  0.96667634 -0.25735147
21993.7  5.00000000  0.96291437  0.08520016  0.96667634 -0.25735147
21993.8  5.00000000  0.96291437  0.08520016  0.96667634 -0.25735147
21993.9  5.00000000  0.96291437  0.08520016  0.96667634 -0.25735147
21994.0  5.00000000  0.96291437  0.08520016  0.96667634 -0.25735147
21994.1  5.00000000  0.96291437  0.08520016  0.96667634 -0.25735147
21994.2  5.00000000  0.96291437  0.08520016  0.96667634 -0.25735147
21994.3  5.00000000  0.96291437  0.08520016  0.96667634 -0.25735147
21994.4  5.00000000  0.96291437  0.08520016  0.96667634 -0.25735147
21994.5  5.00000000  0.96291437  0.08520016  0.96667634 -0.25735147
21994.6  5.00000000  0.96291437  0.08520016  0.96667634 -0.25735147
21994.7  5.00000000  0.96291437  0.08520016  0.96667634 -0.25735147
21994.8  5.00000000  0.96291437  0.08520016  0.96667634 -0.25735147
21994.9  5.00000000  0.96291437  0.08520016  0.96667634 -0.25735147
21995.0  5.00000000  0.96291437  0.08520016  0.96667634 -0.25735147
21995.1  5.00000000  0.96291437  0.08520016  0.96667634 -0.25735147
21995.2  5.00000000  0.96291437  0.08520016  0.96667634 -0.25735147
21995.3  5.00000000  0.96291437  0.08520016  0.96667634 -0.25735147
21995.4  5.00000000  0.96291437  0.08520016  0.96667634 -0.25735147
21995.5  5.00000000  0.96291437  0.08520016  0.96667634 -0.25735147
21995.6  5.00000000  0.96291437  0.08520016  0.96667634 -0.25735147
21995.7  5.00000000  0.96291437  0.08520016  0.96667634 -0.25735147
21995.8  5.00000000  0.96291437  0.08520016  0.96667634 -0.25735147
21995.9  5.00000000  0.96291437  0.08520016  0.96667634 -0.25735147
21996.0  5.00000000  0.96291437  0.08520016  0.96667634 -0.25735147
21996.1  5.00000000  0.96291437  0.08520016  0.96667634 -0.25735147
21996.2  5.00000000  0.96291437  0.08520016  0.96667634 -0.25735147
21996.3  5.00000000  0.96291437  0.08520016  0.96667634 -0.25735147
21996.4  5.00000000  0.96291437  0.08520016  0.96667634 -0.25735147
21996.5  5.00000000  0.96291437  0.08520016  0.96667634 -0.25735147
21996.6  5.00000000  0.96291437  0.08520016  0.96667634 -0.25735147
21996.7  5.00000000  0.96291437  0.08520016  0.96667634 -0.25735147
21996.8  5.00000000  0.96291437  0.08520016  0.96667634 -0.25735147
21996.9  5.00000000  0.96291437  0.08520016  0.96667634 -0.25735147
21997.0  5.00000000  0.96291437  0.08520016  0.96667634 -0.25735147
21997.1  5.00000000  0.96291437  0.08520016  0.96667634 -0.25735147
21997.2  5.00000000  0.96291437  0.08520016  0.96667634 -0.25735147
21997.3  5.00000000  0.96291437  0.08520016  0.96667634 -0.25735147
21997.4  5.00000000  0.96291437  0.08520016  0.96667634 -0.25735147
21997.5  5.00000000  0.96291437  0.08520016  0.96667634 -0.25735147
21997.6  5.00000000  0.96291437  0.08520016  0.96667634 -0.25735147
21997.7  5.00000000  0.96291437  0.08520016  0.96667634 -0.25735147
21997.8  5.00000000  0.96291437  0.08520016  0.96667634 -0.25735147
21997.9  5.00000000  0.96291437  0.08520016  0.96667634 -0.25735147
21998.0  5.00000000  0.96291437  0.08520016  0.96667634 -0.25735147
21998.1  5.00000000  0.96291437  0.08520016  0.96667634 -0.25735147
21998.2  5.00000000  0.96291437  0.08520016  0.96667634 -0.25735147
21998.3  5.00000000  0.96291437  0.08520016  0.96667634 -0.25735147
21998.4  5.00000000  0.96291437  0.08520016  0.96667634 -0.25735147
21998.5  5.00000000  0.96291437  0.08520016  0.96667634 -0.25735147
21998.6  5.00000000  0.96291437  0.08520016  0.96667634 -0.25735147
21998.7  5.00000000  0.96291437  0.08520016  0.96667634 -0.25735147
21998.8  5.00000000  0.96291437  0.08520016  0.96667634 -0.25735147
21998.9  5.00000000  0.96291437  0.08520016  0.96667634 -0.25735147
21999.0  5.00000000  0.96291437  0.08520016  0.96667634 -0.25735147
21999.1  5.00000000  0.96291437  0.08520016  0.96667634 -0.25735147
21999.2  5.00000000  0.96291437  0.08520016  0.96667634 -0.25735147
21999.3  5.00000000  0.96291437  0.08520016  0.96667634 -0.25735147
21999.4  5.00000000  0.96291437  0.08520016  0.96667634 -0.25735147
21999.5  5.00000000  0.96291437  0.08520016  0.96667634 -0.25735147
21999.6  5.00000000  0.96291437  0.08520016  0.96667634 -0.25735147
21999.7  5.00000000  0.96291437  0.08520016  0.96667634 -0.25735147
21999.8  5.00000000  0.96291437  0.08520016  0.96667634 -0.25735147
21999.9  5.00000000  0.96291437  0.08520016  0.96667634 -0.25735147
22000.0  5.00000000  0.96291437  0.08520016  0.96667634 -0.25735147
22000.1  5.00000000  0.96291437  0.08520016  0.96667634 -0.25735147
22000.2  5.00000000  0.96291437  0.08520016  0.96667634 -0.25735147
22000.3  5.00000000  0.96291437  0.08520016  0.96667634 -0.25735147
22000.4  5.00000000  0.96291437  0.08520016  0.96667634 -0.25735147
22000.5  5.00000000  0.96291437  0.08520016  0.96667634 -0.25735147
22000.6  5.00000000  0.96291437  0.08520016  0.96667634 -0.25735147
22000.7  5.00000000  0.96291437  0.08520016  0.96667634 -0.25735147
22000.8  5.00000000  0.96291437  0.08520016  0.96667634 -0.25735147
22000.9  5.00000000  0.96291437  0.08520016  0.96667634 -0.25735147
22001.0  5.00000000  0.96291437  0.08520016  0.96667634 -0.25735147
22001.1  5.00000000  0.96291437  0.08520016  0.96667634 -0.25735147
22001.2  5.00000000  0.96291437  0.08520016  0.96667634 -0.25735147
22001.3  5.00000000  0.96291437  0.08520016  0.96667634 -0.25735147
22001.4  5.00000000  0.96291437  0.08520016  0.96667634 -0.25735147
22001.5  5.00000000  0.96291437  0.08520016  0.96667634 -0.25735147
22001.6  5.00000000  0.96291437  0.08520016  0.96667634 -0.25735147
22001.7  5.00000000  0.96291437  0.08520016  0.96667634 -0.25735147
22001.8  5.00000000  0.96291437  0.08520016  0.96667634 -0.25735147
22001.9  5.00000000  0.96291437  0.08520016  0.96667634 -0.25735147
22002.0  5.00000000  0.96291437  0.08520016  0.96667634 -0.25735147
22002.1  5.00000000  0.96291437  0.08520016  0.96667634 -0.25735147
22002.2  5.00000000  0.96291437  0.08520016  0.96667634 -0.25735147
22002.3  5.00000000  0.96291437  0.08520016  0.96667634 -0.25735147
22002.4  5.00000000  0.96291437  0.08520016  0.96667634 -0.25735147
22002.5  5.00000000  0.96291437  0.08520016  0.96667634 -0.25735147
22002.6  5.00000000  0.96291437  0.08520016  0.96667634 -0.25735147
22002.7  5.00000000  0.96291437  0.08520016  0.96667634 -0.25735147
22002.8  5.00000000  0.96291437  0.08520016  0.96667634 -0.25735147
22002.9  5.00000000  0.96291437  0.08520016  0.96667634 -0.25735147
22003.0  5.00000000  0.96291437  0.08520016  0.96667634 -0.25735147
22003.1  5.00000000  0.96291437  0.08520016  0.96667634 -0.25735147
22003.2  5.00000000  0.96291437  0.08520016  0.96667634 -0.25735147
22003.3  5.00000000  0.96291437  0.08520016  0.96667634 -0.25735147
22003.4  5.00000000  0.96291437  0.08520016  0.96667634 -0.25735147
22003.5  5.00000000  0.96291437  0.08520016  0.96667634 -0.25735147
22003.6  5.00000000  0.96291437  0.08520016  0.96667634 -0.25735147
22003.7  5.00000000  0.96291437  0.08520016  0.96667634 -0.25735147
22003.8  5.00000000  0.96291437  0.08520016  0.96667634 -0.25735147
22003.9  5.00000000  0.96291437  0.08520016  0.96667634 -0.25735147
22004.0  5.00000000  0.96291437  0.08520016  0.96667634 -0.25735147
22004.1  5.00000000  0.96291437  0.08520016  0.96667634 -0.25735147
22004.2  5.00000000  0.96291437  0.08520016  0.96667634 -0.25735147
22004.3  5.00000000  0.96291437  0.08520016  0.96667634 -0.25735147
22004.4  5.00000000  0.96291437  0.08520016  0.96667634 -0.25735147
22004.5  5.00000000  0.96291437  0.08520016  0.96667634 -0.25735147
22004.6  5.00000000  0.96291437  0.08520016  0.96667634 -0.25735147
22004.7  5.00000000  0.96291437  0.08520016  0.96667634 -0.25735147
22004.8  5.00000000  0.96291437  0.08520016  0.96667634 -0.25735147
22004.9  5.00000000  0.96291437  0.08520016  0.96667634 -0.25735147
22005.0  5.00000000  0.96291437  0.08520016  0.96667634 -0.25735147
22005.1  5.00000000  0.96291437  0.08520016  0.96667634 -0.25735147
22005.2  5.00000000  0.96291437  0.08520016  0.96667634 -0.25735147
22005.3  5.00000000  0.96291437  0.08520016  0.96667634 -0.25735147
22005.4  5.00000000  0.96291437  0.08520016  0.96667634 -0.25735147
22005.5  5.00000000  0.96291437  0.08520016  0.96667634 -0.25735147
22005.6  5.00000000  0.96291437  0.08520016  0.96667634 -0.25735147
22005.7  5.00000000  0.96291437  0.08520016  0.96667634 -0.25735147
22005.8  5.00000000  0.96291437  0.08520016  0.96667634 -0.25735147
22005.9  5.00000000  0.96291437  0.08520016  0.96667634 -0.25735147
22006.0  5.00000000  0.96291437  0.08520016  0.96667634 -0.25735147
22006.1  5.00000000  0.96291437  0.08520016  0.96667634 -0.25735147
22006.2  5.00000000  0.96291437  0.08520016  0.96667634 -0.25735147
22006.3  5.00000000  0.96291437  0.08520016  0.96667634 -0.25735147
22006.4  5.00000000  0.96291437  0.08520016  0.96667634 -0.25735147
22006.5  5.00000000  0.96291437  0.08520016  0.96667634 -0.25735147
22006.6  5.00000000  0.96291437  0.08520016  0.96667634 -0.25735147
22006.7  5.00000000  0.96291437  0.08520016  0.96667634 -0.25735147
22006.8  5.00000000  0.96291437  0.08520016  0.96667634 -0.25735147
22006.9  5.00000000  0.96291437  0.08520016  0.96667634 -0.25735147
22007.0  5.00000000  0.96291437  0.08520016  0.96667634 -0.25735147
22007.1  5.00000000  0.96291437  0.08520016  0.96667634 -0.25735147
22007.2  5.00000000  0.96291437  0.08520016  0.96667634 -0.25735147
22007.3  5.00000000  0.96291437  0.08520016  0.96667634 -0.25735147
22007.4  5.00000000  0.96291437  0.08520016  0.96667634 -0.25735147
22007.5  5.00000000  0.96291437  0.08520016  0.96667634 -0.25735147
22007.6  5.00000000  0.96291437  0.08520016  0.96667634 -0.25735147
22007.7  5.00000000  0.96291437  0.08520016  0.96667634 -0.25735147
22007.8  5.00000000  0.96291437  0.08520016  0.96667634 -0.25735147
22007.9  5.00000000  0.96291437  0.08520016  0.96667634 -0.25735147
22008.0  5.00000000  0.96291437  0.08520016  0.96667634 -0.25735147
22008.1  5.00000000  0.96291437  0.08520016  0.96667634 -0.25735147
22008.2  5.00000000  0.96291437  0.08520016  0.96667634 -0.25735147
22008.3  5.00000000  0.96291437  0.08520016  0.96667634 -0.25735147
22008.4  5.00000000  0.96291437  0.08520016  0.96667634 -0.25735147
22008.5  5.00000000  0.96291437  0.08520016  0.96667634 -0.25735147
22008.6  5.00000000  0.96291437  0.08520016  0.96667634 -0.25735147
22008.7  5.00000000  0.96291437  0.08520016  0.96667634 -0.25735147
22008.8  5.00000000  0.96291437  0.08520016  0.96667634 -0.25735147
22008.9  5.00000000  0.96291437  0.08520016  0.96667634 -0.25735147
22009.0  5.00000000  0.96291437  0.08520016  0.96667634 -0.25735147
22009.1  5.00000000  0.96291437  0.08520016  0.96667634 -0.25735147
22009.2  5.00000000  0.96291437  0.08520016  0.96667634 -0.25735147
22009.3  5.00000000  0.96291437  0.08520016  0.96667634 -0.25735147
22009.4  5.00000000  0.96291437  0.08520016  0.96667634 -0.25735147
22009.5  5.00000000  0.96291437  0.08520016  0.96667634 -0.25735147
22009.6  5.00000000  0.96291437  0.08520016  0.96667634 -0.25735147
22009.7  5.00000000  0.96291437  0.08520016  0.96667634 -0.25735147
22009.8  5.00000000  0.96291437  0.08520016  0.96667634 -0.25735147
22009.9  5.00000000  0.96291437  0.08520016  0.96667634 -0.25735147
22010.0  5.00000000  0.96291437  0.08520016  0.96667634 -0.25735147
22010.1  5.00000000  0.96291437  0.08520016  0.96667634 -0.25735147
22010.2  5.00000000  0.96291437  0.08520016  0.96667634 -0.25735147
22010.3  5.00000000  0.96291437  0.08520016  0.96667634 -0.25735147
22010.4  5.00000000  0.96291437  0.08520016  0.96667634 -0.25735147
22010.5  5.00000000  0.96291437  0.08520016  0.96667634 -0.25735147
22010.6  5.00000000  0.96291437  0.08520016  0.96667634 -0.25735147
22010.7  5.00000000  0.96291437  0.08520016  0.96667634 -0.25735147
22010.8  5.00000000  0.96291437  0.08520016  0.96667634 -0.25735147
22010.9  5.00000000  0.96291437  0.08520016  0.96667634 -0.25735147
22011.0  5.00000000  0.96291437  0.08520016  0.96667634 -0.25735147
22011.1  5.00000000  0.96291437  0.08520016  0.96667634 -0.25735147
22011.2  5.00000000  0.96291437  0.08520016  0.96667634 -0.25735147
22011.3  5.00000000  0.96291437  0.08520016  0.96667634 -0.25735147
22011.4  5.00000000  0.96291437  0.08520016  0.96667634 -0.25735147
22011.5  5.00000000  0.96291437  0.08520016  0.96667634 -0.25735147
22011.6  5.00000000  0.96291437  0.08520016  0.96667634 -0.25735147
22011.7  5.00000000  0.96291437  0.08520016  0.96667634 -0.25735147
22011.8  5.00000000  0.96291437  0.08520016  0.96667634 -0.25735147
22011.9  5.00000000  0.96291437  0.08520016  0.96667634 -0.25735147
22012.0  5.00000000  0.96291437  0.08520016  0.96667634 -0.25735147
22012.1  5.00000000  0.96291437  0.08520016  0.96667634 -0.25735147
22012.2  5.00000000  0.96291437  0.08520016  0.96667634 -0.25735147
22012.3  5.00000000  0.96291437  0.08520016  0.96667634 -0.25735147
22012.4  5.00000000  0.96291437  0.08520016  0.96667634 -0.25735147
22012.5  5.00000000  0.96291437  0.08520016  0.96667634 -0.25735147
22012.6  5.00000000  0.96291437  0.08520016  0.96667634 -0.25735147
22012.7  5.00000000  0.96291437  0.08520016  0.96667634 -0.25735147
22012.8  5.00000000  0.96291437  0.08520016  0.96667634 -0.25735147
22012.9  5.00000000  0.96291437  0.08520016  0.96667634 -0.25735147
22013.0  5.00000000  0.96291437  0.08520016  0.96667634 -0.25735147
22013.1  5.00000000  0.96291437  0.08520016  0.96667634 -0.25735147
22013.2  5.00000000  0.96291437  0.08520016  0.96667634 -0.25735147
22013.3  5.00000000  0.96291437  0.08520016  0.96667634 -0.25735147
22013.4  5.00000000  0.96291437  0.08520016  0.96667634 -0.25735147
22013.5  5.00000000  0.96291437  0.08520016  0.96667634 -0.25735147
22013.6  5.00000000  0.96291437  0.08520016  0.96667634 -0.25735147
22013.7  5.00000000  0.96291437  0.08520016  0.96667634 -0.25735147
22013.8  5.00000000  0.96291437  0.08520016  0.96667634 -0.25735147
22013.9  5.00000000  0.96291437  0.08520016  0.96667634 -0.25735147
22014.0  5.00000000  0.96291437  0.08520016  0.96667634 -0.25735147
22014.1  5.00000000  0.96291437  0.08520016  0.96667634 -0.25735147
22014.2  5.00000000  0.96291437  0.08520016  0.96667634 -0.25735147
22014.3  5.00000000  0.96291437  0.08520016  0.96667634 -0.25735147
22014.4  5.00000000  0.96291437  0.08520016  0.96667634 -0.25735147
22014.5  5.00000000  0.96291437  0.08520016  0.96667634 -0.25735147
22014.6  5.00000000  0.96291437  0.08520016  0.96667634 -0.25735147
22014.7  5.00000000  0.96291437  0.08520016  0.96667634 -0.25735147
22014.8  5.00000000  0.96291437  0.08520016  0.96667634 -0.25735147
22014.9  5.00000000  0.96291437  0.08520016  0.96667634 -0.25735147
22015.0  5.00000000  0.96291437  0.08520016  0.96667634 -0.25735147
22015.1  5.00000000  0.96291437  0.08520016  0.96667634 -0.25735147
22015.2  5.00000000  0.96291437  0.08520016  0.96667634 -0.25735147
22015.3  5.00000000  0.96291437  0.08520016  0.96667634 -0.25735147
22015.4  5.00000000  0.96291437  0.08520016  0.96667634 -0.25735147
22015.5  5.00000000  0.96291437  0.08520016  0.96667634 -0.25735147
22015.6  5.00000000  0.96291437  0.08520016  0.96667634 -0.25735147
22015.7  5.00000000  0.96291437  0.08520016  0.96667634 -0.25735147
22015.8  5.00000000  0.96291437  0.08520016  0.96667634 -0.25735147
22015.9  5.00000000  0.96291437  0.08520016  0.96667634 -0.25735147
22016.0  5.00000000  0.96291437  0.08520016  0.96667634 -0.25735147
22016.1  5.00000000  0.96291437  0.08520016  0.96667634 -0.25735147
22016.2  5.00000000  0.96291437  0.08520016  0.96667634 -0.25735147
22016.3  5.00000000  0.96291437  0.08520016  0.96667634 -0.25735147
22016.4  5.00000000  0.96291437  0.08520016  0.96667634 -0.25735147
22016.5  5.00000000  0.96291437  0.08520016  0.96667634 -0.25735147
22016.6  5.00000000  0.96291437  0.08520016  0.96667634 -0.25735147
22016.7  5.00000000  0.96291437  0.08520016  0.96667634 -0.25735147
22016.8  5.00000000  0.96291437  0.08520016  0.96667634 -0.25735147
22016.9  5.00000000  0.96291437  0.08520016  0.96667634 -0.25735147
22017.0  5.00000000  0.96291437  0.08520016  0.96667634 -0.25735147
22017.1  5.00000000  0.96291437  0.08520016  0.96667634 -0.25735147
22017.2  5.00000000  0.96291437  0.08520016  0.96667634 -0.25735147
22017.3  5.00000000  0.96291437  0.08520016  0.96667634 -0.25735147
22017.4  5.00000000  0.96291437  0.08520016  0.96667634 -0.25735147
22017.5  5.00000000  0.96291437  0.08520016  0.96667634 -0.25735147
22017.6  5.00000000  0.96291437  0.08520016  0.96667634 -0.25735147
22017.7  5.00000000  0.96291437  0.08520016  0.96667634 -0.25735147
22017.8  5.00000000  0.96291437  0.08520016  0.96667634 -0.25735147
22017.9  5.00000000  0.96291437  0.08520016  0.96667634 -0.25735147
22018.0  5.00000000  0.96291437  0.08520016  0.96667634 -0.25735147
22018.1  5.00000000  0.96291437  0.08520016  0.96667634 -0.25735147
22018.2  5.00000000  0.96291437  0.08520016  0.96667634 -0.25735147
22018.3  5.00000000  0.96291437  0.08520016  0.96667634 -0.25735147
22018.4  5.00000000  0.96291437  0.08520016  0.96667634 -0.25735147
22018.5  5.00000000  0.96291437  0.08520016  0.96667634 -0.25735147
22018.6  5.00000000  0.96291437  0.08520016  0.96667634 -0.25735147
22018.7  5.00000000  0.96291437  0.08520016  0.96667634 -0.25735147
22018.8  5.00000000  0.96291437  0.08520016  0.96667634 -0.25735147
22018.9  5.00000000  0.96291437  0.08520016  0.96667634 -0.25735147
22019.0  5.00000000  0.96291437  0.08520016  0.96667634 -0.25735147
22019.1  5.00000000  0.96291437  0.08520016  0.96667634 -0.25735147
22019.2  5.00000000  0.96291437  0.08520016  0.96667634 -0.25735147
22019.3  5.00000000  0.96291437  0.08520016  0.96667634 -0.25735147
22019.4  5.00000000  0.96291437  0.08520016  0.96667634 -0.25735147
22019.5  5.00000000  0.96291437  0.08520016  0.96667634 -0.25735147
22019.6  5.00000000  0.96291437  0.08520016  0.96667634 -0.25735147
22019.7  5.00000000  0.96291437  0.08520016  0.96667634 -0.25735147
22019.8  5.00000000  0.96291437  0.08520016  0.96667634 -0.25735147
22019.9  5.00000000  0.96291437  0.08520016  0.96667634 -0.25735147
22020.0  5.00000000  0.96291437  0.08520016  0.96667634 -0.25735147
22020.1  5.00000000  0.96291437  0.08520016  0.96667634 -0.25735147
22020.2  5.00000000  0.96291437  0.08520016  0.96667634 -0.25735147
22020.3  5.00000000  0.96291437  0.08520016  0.96667634 -0.25735147
22020.4  5.00000000  0.96291437  0.08520016  0.96667634 -0.25735147
22020.5  5.00000000  0.96291437  0.08520016  0.96667634 -0.25735147
22020.6  5.00000000  0.96291437  0.08520016  0.96667634 -0.25735147
22020.7  5.00000000  0.96291437  0.08520016  0.96667634 -0.25735147
22020.8  5.00000000  0.96291437  0.08520016  0.96667634 -0.25735147
22020.9  5.00000000  0.96291437  0.08520016  0.96667634 -0.25735147
22021.0  5.00000000  0.96291437  0.08520016  0.96667634 -0.25735147
22021.1  5.00000000  0.96291437  0.08520016  0.96667634 -0.25735147
22021.2  5.00000000  0.96291437  0.08520016  0.96667634 -0.25735147
22021.3  5.00000000  0.96291437  0.08520016  0.96667634 -0.25735147
22021.4  5.00000000  0.96291437  0.08520016  0.96667634 -0.25735147
22021.5  5.00000000  0.96291437  0.08520016  0.96667634 -0.25735147
22021.6  5.00000000  0.96291437  0.08520016  0.96667634 -0.25735147
22021.7  5.00000000  0.96291437  0.08520016  0.96667634 -0.25735147
22021.8  5.00000000  0.96291437  0.08520016  0.96667634 -0.25735147
22021.9  5.00000000  0.96291437  0.08520016  0.96667634 -0.25735147
22022.0  5.00000000  0.96291437  0.08520016  0.96667634 -0.25735147
22022.1  5.00000000  0.96291437  0.08520016  0.96667634 -0.25735147
22022.2  5.00000000  0.96291437  0.08520016  0.96667634 -0.25735147
22022.3  5.00000000  0.96291437  0.08520016  0.96667634 -0.25735147
22022.4  5.00000000  0.96291437  0.08520016  0.96667634 -0.25735147
22022.5  5.00000000  0.96291437  0.08520016  0.96667634 -0.25735147
22022.6  5.00000000  0.96291437  0.08520016  0.96667634 -0.25735147
22022.7  5.00000000  0.96291437  0.08520016  0.96667634 -0.25735147
22022.8  5.00000000  0.96291437  0.08520016  0.96667634 -0.25735147
22022.9  5.00000000  0.96291437  0.08520016  0.96667634 -0.25735147
22023.0  5.00000000  0.96291437  0.08520016  0.96667634 -0.25735147
22023.1  5.00000000  0.96291437  0.08520016  0.96667634 -0.25735147
22023.2  5.00000000  0.96291437  0.08520016  0.96667634 -0.25735147
22023.3  5.00000000  0.96291437  0.08520016  0.96667634 -0.25735147
22023.4  5.00000000  0.96291437  0.08520016  0.96667634 -0.25735147
22023.5  5.00000000  0.96291437  0.08520016  0.96667634 -0.25735147
22023.6  5.00000000  0.96291437  0.08520016  0.96667634 -0.25735147
22023.7  5.00000000  0.96291437  0.08520016  0.96667634 -0.25735147
22023.8  5.00000000  0.96291437  0.08520016  0.96667634 -0.25735147
22023.9  5.00000000  0.96291437  0.08520016  0.96667634 -0.25735147
22024.0  5.00000000  0.96291437  0.08520016  0.96667634 -0.25735147
22024.1  5.00000000  0.96291437  0.08520016  0.96667634 -0.25735147
22024.2  5.00000000  0.96291437  0.08520016  0.96667634 -0.25735147
22024.3  5.00000000  0.96291437  0.08520016  0.96667634 -0.25735147
22024.4  5.00000000  0.96291437  0.08520016  0.96667634 -0.25735147
22024.5  5.00000000  0.96291437  0.08520016  0.96667634 -0.25735147
22024.6  5.00000000  0.96291437  0.08520016  0.96667634 -0.25735147
22024.7  5.00000000  0.96291437  0.08520016  0.96667634 -0.25735147
22024.8  5.00000000  0.96291437  0.08520016  0.96667634 -0.25735147
22024.9  5.00000000  0.96291437  0.08520016  0.96667634 -0.25735147
22025.0  5.00000000  0.96291437  0.08520016  0.96667634 -0.25735147
22025.1  5.00000000  0.96291437  0.08520016  0.96667634 -0.25735147
22025.2  5.00000000  0.96291437  0.08520016  0.96667634 -0.25735147
22025.3  5.00000000  0.96291437  0.08520016  0.96667634 -0.25735147
22025.4  5.00000000  0.96291437  0.08520016  0.96667634 -0.25735147
22025.5  5.00000000  0.96291437  0.08520016  0.96667634 -0.25735147
22025.6  5.00000000  0.96291437  0.08520016  0.96667634 -0.25735147
22025.7  5.00000000  0.96291437  0.08520016  0.96667634 -0.25735147
22025.8  5.00000000  0.96291437  0.08520016  0.96667634 -0.25735147
22025.9  5.00000000  0.96291437  0.08520016  0.96667634 -0.25735147
22026.0  5.00000000  0.96291437  0.08520016  0.96667634 -0.25735147
22026.1  5.00000000  0.96291437  0.08520016  0.96667634 -0.25735147
22026.2  5.00000000  0.96291437  0.08520016  0.96667634 -0.25735147
22026.3  5.00000000  0.96291437  0.08520016  0.96667634 -0.25735147
22026.4  5.00000000  0.96291437  0.08520016  0.96667634 -0.25735147
22026.5  5.00000000  0.96291437  0.08520016  0.96667634 -0.25735147
22026.6  5.00000000  0.96291437  0.08520016  0.96667634 -0.25735147
22026.7  5.00000000  0.96291437  0.08520016  0.96667634 -0.25735147
22026.8  5.00000000  0.96291437  0.08520016  0.96667634 -0.25735147
22026.9  5.00000000  0.96291437  0.08520016  0.96667634 -0.25735147
22027.0  5.00000000  0.96291437  0.08520016  0.96667634 -0.25735147
22027.1  5.00000000  0.96291437  0.08520016  0.96667634 -0.25735147
22027.2  5.00000000  0.96291437  0.08520016  0.96667634 -0.25735147
22027.3  5.00000000  0.96291437  0.08520016  0.96667634 -0.25735147
22027.4  5.00000000  0.96291437  0.08520016  0.96667634 -0.25735147
22027.5  5.00000000  0.96291437  0.08520016  0.96667634 -0.25735147
22027.6  5.00000000  0.96291437  0.08520016  0.96667634 -0.25735147
22027.7  5.00000000  0.96291437  0.08520016  0.96667634 -0.25735147
22027.8  5.00000000  0.96291437  0.08520016  0.96667634 -0.25735147
22027.9  5.00000000  0.96291437  0.08520016  0.96667634 -0.25735147
22028.0  5.00000000  0.96291437  0.08520016  0.96667634 -0.25735147
22028.1  5.00000000  0.96291437  0.08520016  0.96667634 -0.25735147
22028.2  5.00000000  0.96291437  0.08520016  0.96667634 -0.25735147
22028.3  5.00000000  0.96291437  0.08520016  0.96667634 -0.25735147
22028.4  5.00000000  0.96291437  0.08520016  0.96667634 -0.25735147
22028.5  5.00000000  0.96291437  0.08520016  0.96667634 -0.25735147
22028.6  5.00000000  0.96291437  0.08520016  0.96667634 -0.25735147
22028.7  5.00000000  0.96291437  0.08520016  0.96667634 -0.25735147
22028.8  5.00000000  0.96291437  0.08520016  0.96667634 -0.25735147
22028.9  5.00000000  0.96291437  0.08520016  0.96667634 -0.25735147
22029.0  5.00000000  0.96291437  0.08520016  0.96667634 -0.25735147
22029.1  5.00000000  0.96291437  0.08520016  0.96667634 -0.25735147
22029.2  5.00000000  0.96291437  0.08520016  0.96667634 -0.25735147
22029.3  5.00000000  0.96291437  0.08520016  0.96667634 -0.25735147
22029.4  5.00000000  0.96291437  0.08520016  0.96667634 -0.25735147
22029.5  5.00000000  0.96291437  0.08520016  0.96667634 -0.25735147
22029.6  5.00000000  0.96291437  0.08520016  0.96667634 -0.25735147
22029.7  5.00000000  0.96291437  0.08520016  0.96667634 -0.25735147
22029.8  5.00000000  0.96291437  0.08520016  0.96667634 -0.25735147
22029.9  5.00000000  0.96291437  0.08520016  0.96667634 -0.25735147
22030.0  5.00000000  0.96291437  0.08520016  0.96667634 -0.25735147
22030.1  5.00000000  0.96291437  0.08520016  0.96667634 -0.25735147
22030.2  5.00000000  0.96291437  0.08520016  0.96667634 -0.25735147
22030.3  5.00000000  0.96291437  0.08520016  0.96667634 -0.25735147
22030.4  5.00000000  0.96291437  0.08520016  0.96667634 -0.25735147
22030.5  5.00000000  0.96291437  0.08520016  0.96667634 -0.25735147
22030.6  5.00000000  0.96291437  0.08520016  0.96667634 -0.25735147
22030.7  5.00000000  0.96291437  0.08520016  0.96667634 -0.25735147
22030.8  5.00000000  0.96291437  0.08520016  0.96667634 -0.25735147
22030.9  5.00000000  0.96291437  0.08520016  0.96667634 -0.25735147
22031.0  5.00000000  0.96291437  0.08520016  0.96667634 -0.25735147
22031.1  5.00000000  0.96291437  0.08520016  0.96667634 -0.25735147
22031.2  5.00000000  0.96291437  0.08520016  0.96667634 -0.25735147
22031.3  5.00000000  0.96291437  0.08520016  0.96667634 -0.25735147
22031.4  5.00000000  0.96291437  0.08520016  0.96667634 -0.25735147
22031.5  5.00000000  0.96291437  0.08520016  0.96667634 -0.25735147
22031.6  5.00000000  0.96291437  0.08520016  0.96667634 -0.25735147
22031.7  5.00000000  0.96291437  0.08520016  0.96667634 -0.25735147
22031.8  5.00000000  0.96291437  0.08520016  0.96667634 -0.25735147
22031.9  5.00000000  0.96291437  0.08520016  0.96667634 -0.25735147
22032.0  5.00000000  0.96291437  0.08520016  0.96667634 -0.25735147
22032.1  5.00000000  0.96291437  0.08520016  0.96667634 -0.25735147
22032.2  5.00000000  0.96291437  0.08520016  0.96667634 -0.25735147
22032.3  5.00000000  0.96291437  0.08520016  0.96667634 -0.25735147
22032.4  5.00000000  0.96291437  0.08520016  0.96667634 -0.25735147
22032.5  5.00000000  0.96291437  0.08520016  0.96667634 -0.25735147
22032.6  5.00000000  0.96291437  0.08520016  0.96667634 -0.25735147
22032.7  5.00000000  0.96291437  0.08520016  0.96667634 -0.25735147
22032.8  5.00000000  0.96291437  0.08520016  0.96667634 -0.25735147
22032.9  5.00000000  0.96291437  0.08520016  0.96667634 -0.25735147
22033.0  5.00000000  0.96291437  0.08520016  0.96667634 -0.25735147
22033.1  5.00000000  0.96291437  0.08520016  0.96667634 -0.25735147
22033.2  5.00000000  0.96291437  0.08520016  0.96667634 -0.25735147
22033.3  5.00000000  0.96291437  0.08520016  0.96667634 -0.25735147
22033.4  5.00000000  0.96291437  0.08520016  0.96667634 -0.25735147
22033.5  5.00000000  0.96291437  0.08520016  0.96667634 -0.25735147
22033.6  5.00000000  0.96291437  0.08520016  0.96667634 -0.25735147
22033.7  5.00000000  0.96291437  0.08520016  0.96667634 -0.25735147
22033.8  5.00000000  0.96291437  0.08520016  0.96667634 -0.25735147
22033.9  5.00000000  0.96291437  0.08520016  0.96667634 -0.25735147
22034.0  5.00000000  0.96291437  0.08520016  0.96667634 -0.25735147
22034.1  5.00000000  0.96291437  0.08520016  0.96667634 -0.25735147
22034.2  5.00000000  0.96291437  0.08520016  0.96667634 -0.25735147
22034.3  5.00000000  0.96291437  0.08520016  0.96667634 -0.25735147
22034.4  5.00000000  0.96291437  0.08520016  0.96667634 -0.25735147
22034.5  5.00000000  0.96291437  0.08520016  0.96667634 -0.25735147
22034.6  5.00000000  0.96291437  0.08520016  0.96667634 -0.25735147
22034.7  5.00000000  0.96291437  0.08520016  0.96667634 -0.25735147
22034.8  5.00000000  0.96291437  0.08520016  0.96667634 -0.25735147
22034.9  5.00000000  0.96291437  0.08520016  0.96667634 -0.25735147
22035.0  5.00000000  0.96291437  0.08520016  0.96667634 -0.25735147
22035.1  5.00000000  0.96291437  0.08520016  0.96667634 -0.25735147
22035.2  5.00000000  0.96291437  0.08520016  0.96667634 -0.25735147
22035.3  5.00000000  0.96291437  0.08520016  0.96667634 -0.25735147
22035.4  5.00000000  0.96291437  0.08520016  0.96667634 -0.25735147
22035.5  5.00000000  0.96291437  0.08520016  0.96667634 -0.25735147
22035.6  5.00000000  0.96291437  0.08520016  0.96667634 -0.25735147
22035.7  5.00000000  0.96291437  0.08520016  0.96667634 -0.25735147
22035.8  5.00000000  0.96291437  0.08520016  0.96667634 -0.25735147
22035.9  5.00000000  0.96291437  0.08520016  0.96667634 -0.25735147
22036.0  5.00000000  0.96291437  0.08520016  0.96667634 -0.25735147
22036.1  5.00000000  0.96291437  0.08520016  0.96667634 -0.25735147
22036.2  5.00000000  0.96291437  0.08520016  0.96667634 -0.25735147
22036.3  5.00000000  0.96291437  0.08520016  0.96667634 -0.25735147
22036.4  5.00000000  0.96291437  0.08520016  0.96667634 -0.25735147
22036.5  5.00000000  0.96291437  0.08520016  0.96667634 -0.25735147
22036.6  5.00000000  0.96291437  0.08520016  0.96667634 -0.25735147
22036.7  5.00000000  0.96291437  0.08520016  0.96667634 -0.25735147
22036.8  5.00000000  0.96291437  0.08520016  0.96667634 -0.25735147
22036.9  5.00000000  0.96291437  0.08520016  0.96667634 -0.25735147
22037.0  5.00000000  0.96291437  0.08520016  0.96667634 -0.25735147
22037.1  5.00000000  0.96291437  0.08520016  0.96667634 -0.25735147
22037.2  5.00000000  0.96291437  0.08520016  0.96667634 -0.25735147
22037.3  5.00000000  0.96291437  0.08520016  0.96667634 -0.25735147
22037.4  5.00000000  0.96291437  0.08520016  0.96667634 -0.25735147
22037.5  5.00000000  0.96291437  0.08520016  0.96667634 -0.25735147
22037.6  5.00000000  0.96291437  0.08520016  0.96667634 -0.25735147
22037.7  5.00000000  0.96291437  0.08520016  0.96667634 -0.25735147
22037.8  5.00000000  0.96291437  0.08520016  0.96667634 -0.25735147
22037.9  5.00000000  0.96291437  0.08520016  0.96667634 -0.25735147
22038.0  5.00000000  0.96291437  0.08520016  0.96667634 -0.25735147
22038.1  5.00000000  0.96291437  0.08520016  0.96667634 -0.25735147
22038.2  5.00000000  0.96291437  0.08520016  0.96667634 -0.25735147
22038.3  5.00000000  0.96291437  0.08520016  0.96667634 -0.25735147
22038.4  5.00000000  0.96291437  0.08520016  0.96667634 -0.25735147
22038.5  5.00000000  0.96291437  0.08520016  0.96667634 -0.25735147
22038.6  5.00000000  0.96291437  0.08520016  0.96667634 -0.25735147
22038.7  5.00000000  0.96291437  0.08520016  0.96667634 -0.25735147
22038.8  5.00000000  0.96291437  0.08520016  0.96667634 -0.25735147
22038.9  5.00000000  0.96291437  0.08520016  0.96667634 -0.25735147
22039.0  5.00000000  0.96291437  0.08520016  0.96667634 -0.25735147
22039.1  5.00000000  0.96291437  0.08520016  0.96667634 -0.25735147
22039.2  5.00000000  0.96291437  0.08520016  0.96667634 -0.25735147
22039.3  5.00000000  0.96291437  0.08520016  0.96667634 -0.25735147
22039.4  5.00000000  0.96291437  0.08520016  0.96667634 -0.25735147
22039.5  5.00000000  0.96291437  0.08520016  0.96667634 -0.25735147
22039.6  5.00000000  0.96291437  0.08520016  0.96667634 -0.25735147
22039.7  5.00000000  0.96291437  0.08520016  0.96667634 -0.25735147
22039.8  5.00000000  0.96291437  0.08520016  0.96667634 -0.25735147
22039.9  5.00000000  0.96291437  0.08520016  0.96667634 -0.25735147
22040.0  5.00000000  0.96291437  0.08520016  0.96667634 -0.25735147
22040.1  5.00000000  0.96291437  0.08520016  0.96667634 -0.25735147
22040.2  5.00000000  0.96291437  0.08520016  0.96667634 -0.25735147
22040.3  5.00000000  0.96291437  0.08520016  0.96667634 -0.25735147
22040.4  5.00000000  0.96291437  0.08520016  0.96667634 -0.25735147
22040.5  5.00000000  0.96291437  0.08520016  0.96667634 -0.25735147
22040.6  5.00000000  0.96291437  0.08520016  0.96667634 -0.25735147
22040.7  5.00000000  0.96291437  0.08520016  0.96667634 -0.25735147
22040.8  5.00000000  0.96291437  0.08520016  0.96667634 -0.25735147
22040.9  5.00000000  0.96291437  0.08520016  0.96667634 -0.25735147
22041.0  5.00000000  0.96291437  0.08520016  0.96667634 -0.25735147
22041.1  5.00000000  0.96291437  0.08520016  0.96667634 -0.25735147
22041.2  5.00000000  0.96291437  0.08520016  0.96667634 -0.25735147
22041.3  5.00000000  0.96291437  0.08520016  0.96667634 -0.25735147
22041.4  5.00000000  0.96291437  0.08520016  0.96667634 -0.25735147
22041.5  5.00000000  0.96291437  0.08520016  0.96667634 -0.25735147
22041.6  5.00000000  0.96291437  0.08520016  0.96667634 -0.25735147
22041.7  5.00000000  0.96291437  0.08520016  0.96667634 -0.25735147
22041.8  5.00000000  0.96291437  0.08520016  0.96667634 -0.25735147
22041.9  5.00000000  0.96291437  0.08520016  0.96667634 -0.25735147
22042.0  5.00000000  0.96291437  0.08520016  0.96667634 -0.25735147
22042.1  5.00000000  0.96291437  0.08520016  0.96667634 -0.25735147
22042.2  5.00000000  0.96291437  0.08520016  0.96667634 -0.25735147
22042.3  5.00000000  0.96291437  0.08520016  0.96667634 -0.25735147
22042.4  5.00000000  0.96291437  0.08520016  0.96667634 -0.25735147
22042.5  5.00000000  0.96291437  0.08520016  0.96667634 -0.25735147
22042.6  5.00000000  0.96291437  0.08520016  0.96667634 -0.25735147
22042.7  5.00000000  0.96291437  0.08520016  0.96667634 -0.25735147
22042.8  5.00000000  0.96291437  0.08520016  0.96667634 -0.25735147
22042.9  5.00000000  0.96291437  0.08520016  0.96667634 -0.25735147
22043.0  5.00000000  0.96291437  0.08520016  0.96667634 -0.25735147
22043.1  5.00000000  0.96291437  0.08520016  0.96667634 -0.25735147
22043.2  5.00000000  0.96291437  0.08520016  0.96667634 -0.25735147
22043.3  5.00000000  0.96291437  0.08520016  0.96667634 -0.25735147
22043.4  5.00000000  0.96291437  0.08520016  0.96667634 -0.25735147
22043.5  5.00000000  0.96291437  0.08520016  0.96667634 -0.25735147
22043.6  5.00000000  0.96291437  0.08520016  0.96667634 -0.25735147
22043.7  5.00000000  0.96291437  0.08520016  0.96667634 -0.25735147
22043.8  5.00000000  0.96291437  0.08520016  0.96667634 -0.25735147
22043.9  5.00000000  0.96291437  0.08520016  0.96667634 -0.25735147
22044.0  5.00000000  0.96291437  0.08520016  0.96667634 -0.25735147
22044.1  5.00000000  0.96291437  0.08520016  0.96667634 -0.25735147
22044.2  5.00000000  0.96291437  0.08520016  0.96667634 -0.25735147
22044.3  5.00000000  0.96291437  0.08520016  0.96667634 -0.25735147
22044.4  5.00000000  0.96291437  0.08520016  0.96667634 -0.25735147
22044.5  5.00000000  0.96291437  0.08520016  0.96667634 -0.25735147
22044.6  5.00000000  0.96291437  0.08520016  0.96667634 -0.25735147
22044.7  5.00000000  0.96291437  0.08520016  0.96667634 -0.25735147
22044.8  5.00000000  0.96291437  0.08520016  0.96667634 -0.25735147
22044.9  5.00000000  0.96291437  0.08520016  0.96667634 -0.25735147
22045.0  5.00000000  0.96291437  0.08520016  0.96667634 -0.25735147
22045.1  5.00000000  0.96291437  0.08520016  0.96667634 -0.25735147
22045.2  5.00000000  0.96291437  0.08520016  0.96667634 -0.25735147
22045.3  5.00000000  0.96291437  0.08520016  0.96667634 -0.25735147
22045.4  5.00000000  0.96291437  0.08520016  0.96667634 -0.25735147
22045.5  5.00000000  0.96291437  0.08520016  0.96667634 -0.25735147
22045.6  5.00000000  0.96291437  0.08520016  0.96667634 -0.25735147
22045.7  5.00000000  0.96291437  0.08520016  0.96667634 -0.25735147
22045.8  5.00000000  0.96291437  0.08520016  0.96667634 -0.25735147
22045.9  5.00000000  0.96291437  0.08520016  0.96667634 -0.25735147
22046.0  5.00000000  0.96291437  0.08520016  0.96667634 -0.25735147
22046.1  5.00000000  0.96291437  0.08520016  0.96667634 -0.25735147
22046.2  5.00000000  0.96291437  0.08520016  0.96667634 -0.25735147
22046.3  5.00000000  0.96291437  0.08520016  0.96667634 -0.25735147
22046.4  5.00000000  0.96291437  0.08520016  0.96667634 -0.25735147
22046.5  5.00000000  0.96291437  0.08520016  0.96667634 -0.25735147
22046.6  5.00000000  0.96291437  0.08520016  0.96667634 -0.25735147
22046.7  5.00000000  0.96291437  0.08520016  0.96667634 -0.25735147
22046.8  5.00000000  0.96291437  0.08520016  0.96667634 -0.25735147
22046.9  5.00000000  0.96291437  0.08520016  0.96667634 -0.25735147
22047.0  5.00000000  0.96291437  0.08520016  0.96667634 -0.25735147
22047.1  5.00000000  0.96291437  0.08520016  0.96667634 -0.25735147
22047.2  5.00000000  0.96291437  0.08520016  0.96667634 -0.25735147
22047.3  5.00000000  0.96291437  0.08520016  0.96667634 -0.25735147
22047.4  5.00000000  0.96291437  0.08520016  0.96667634 -0.25735147
22047.5  5.00000000  0.96291437  0.08520016  0.96667634 -0.25735147
22047.6  5.00000000  0.96291437  0.08520016  0.96667634 -0.25735147
22047.7  5.00000000  0.96291437  0.08520016  0.96667634 -0.25735147
22047.8  5.00000000  0.96291437  0.08520016  0.96667634 -0.25735147
22047.9  5.00000000  0.96291437  0.08520016  0.96667634 -0.25735147
22048.0  5.00000000  0.96291437  0.08520016  0.96667634 -0.25735147
22048.1  5.00000000  0.96291437  0.08520016  0.96667634 -0.25735147
22048.2  5.00000000  0.96291437  0.08520016  0.96667634 -0.25735147
22048.3  5.00000000  0.96291437  0.08520016  0.96667634 -0.25735147
22048.4  5.00000000  0.96291437  0.08520016  0.96667634 -0.25735147
22048.5  5.00000000  0.96291437  0.08520016  0.96667634 -0.25735147
22048.6  5.00000000  0.96291437  0.08520016  0.96667634 -0.25735147
22048.7  5.00000000  0.96291437  0.08520016  0.96667634 -0.25735147
22048.8  5.00000000  0.96291437  0.08520016  0.96667634 -0.25735147
22048.9  5.00000000  0.96291437  0.08520016  0.96667634 -0.25735147
22049.0  5.00000000  0.96291437  0.08520016  0.96667634 -0.25735147
22049.1  5.00000000  0.96291437  0.08520016  0.96667634 -0.25735147
22049.2  5.00000000  0.96291437  0.08520016  0.96667634 -0.25735147
22049.3  5.00000000  0.96291437  0.08520016  0.96667634 -0.25735147
22049.4  5.00000000  0.96291437  0.08520016  0.96667634 -0.25735147
22049.5  5.00000000  0.96291437  0.08520016  0.96667634 -0.25735147
22049.6  5.00000000  0.96291437  0.08520016  0.96667634 -0.25735147
22049.7  5.00000000  0.96291437  0.08520016  0.96667634 -0.25735147
22049.8  5.00000000  0.96291437  0.08520016  0.96667634 -0.25735147
22049.9  5.00000000  0.96291437  0.08520016  0.96667634 -0.25735147
22050.0  5.00000000  0.96291437  0.08520016  0.96667634 -0.25735147
22050.1  5.00000000  0.96291437  0.08520016  0.96667634 -0.25735147
22050.2  5.00000000  0.96291437  0.08520016  0.96667634 -0.25735147
22050.3  5.00000000  0.96291437  0.08520016  0.96667634 -0.25735147
22050.4  5.00000000  0.96291437  0.08520016  0.96667634 -0.25735147
22050.5  5.00000000  0.96291437  0.08520016  0.96667634 -0.25735147
22050.6  5.00000000  0.96291437  0.08520016  0.96667634 -0.25735147
22050.7  5.00000000  0.96291437  0.08520016  0.96667634 -0.25735147
22050.8  5.00000000  0.96291437  0.08520016  0.96667634 -0.25735147
22050.9  5.00000000  0.96291437  0.08520016  0.96667634 -0.25735147
22051.0  5.00000000  0.96291437  0.08520016  0.96667634 -0.25735147
22051.1  5.00000000  0.96291437  0.08520016  0.96667634 -0.25735147
22051.2  5.00000000  0.96291437  0.08520016  0.96667634 -0.25735147
22051.3  5.00000000  0.96291437  0.08520016  0.96667634 -0.25735147
22051.4  5.00000000  0.96291437  0.08520016  0.96667634 -0.25735147
22051.5  5.00000000  0.96291437  0.08520016  0.96667634 -0.25735147
22051.6  5.00000000  0.96291437  0.08520016  0.96667634 -0.25735147
22051.7  5.00000000  0.96291437  0.08520016  0.96667634 -0.25735147
22051.8  5.00000000  0.96291437  0.08520016  0.96667634 -0.25735147
22051.9  5.00000000  0.96291437  0.08520016  0.96667634 -0.25735147
22052.0  5.00000000  0.96291437  0.08520016  0.96667634 -0.25735147
22052.1  5.00000000  0.96291437  0.08520016  0.96667634 -0.25735147
22052.2  5.00000000  0.96291437  0.08520016  0.96667634 -0.25735147
22052.3  5.00000000  0.96291437  0.08520016  0.96667634 -0.25735147
22052.4  5.00000000  0.96291437  0.08520016  0.96667634 -0.25735147
22052.5  5.00000000  0.96291437  0.08520016  0.96667634 -0.25735147
22052.6  5.00000000  0.96291437  0.08520016  0.96667634 -0.25735147
22052.7  5.00000000  0.96291437  0.08520016  0.96667634 -0.25735147
22052.8  5.00000000  0.96291437  0.08520016  0.96667634 -0.25735147
22052.9  5.00000000  0.96291437  0.08520016  0.96667634 -0.25735147
22053.0  5.00000000  0.96291437  0.08520016  0.96667634 -0.25735147
22053.1  5.00000000  0.96291437  0.08520016  0.96667634 -0.25735147
22053.2  5.00000000  0.96291437  0.08520016  0.96667634 -0.25735147
22053.3  5.00000000  0.96291437  0.08520016  0.96667634 -0.25735147
22053.4  5.00000000  0.96291437  0.08520016  0.96667634 -0.25735147
22053.5  5.00000000  0.96291437  0.08520016  0.96667634 -0.25735147
22053.6  5.00000000  0.96291437  0.08520016  0.96667634 -0.25735147
22053.7  5.00000000  0.96291437  0.08520016  0.96667634 -0.25735147
22053.8  5.00000000  0.96291437  0.08520016  0.96667634 -0.25735147
22053.9  5.00000000  0.96291437  0.08520016  0.96667634 -0.25735147
22054.0  5.00000000  0.96291437  0.08520016  0.96667634 -0.25735147
22054.1  5.00000000  0.96291437  0.08520016  0.96667634 -0.25735147
22054.2  5.00000000  0.96291437  0.08520016  0.96667634 -0.25735147
22054.3  5.00000000  0.96291437  0.08520016  0.96667634 -0.25735147
22054.4  5.00000000  0.96291437  0.08520016  0.96667634 -0.25735147
22054.5  5.00000000  0.96291437  0.08520016  0.96667634 -0.25735147
22054.6  5.00000000  0.96291437  0.08520016  0.96667634 -0.25735147
22054.7  5.00000000  0.96291437  0.08520016  0.96667634 -0.25735147
22054.8  5.00000000  0.96291437  0.08520016  0.96667634 -0.25735147
22054.9  5.00000000  0.96291437  0.08520016  0.96667634 -0.25735147
22055.0  5.00000000  0.96291437  0.08520016  0.96667634 -0.25735147
22055.1  5.00000000  0.96291437  0.08520016  0.96667634 -0.25735147
22055.2  5.00000000  0.96291437  0.08520016  0.96667634 -0.25735147
22055.3  5.00000000  0.96291437  0.08520016  0.96667634 -0.25735147
22055.4  5.00000000  0.96291437  0.08520016  0.96667634 -0.25735147
22055.5  5.00000000  0.96291437  0.08520016  0.96667634 -0.25735147
22055.6  5.00000000  0.96291437  0.08520016  0.96667634 -0.25735147
22055.7  5.00000000  0.96291437  0.08520016  0.96667634 -0.25735147
22055.8  5.00000000  0.96291437  0.08520016  0.96667634 -0.25735147
22055.9  5.00000000  0.96291437  0.08520016  0.96667634 -0.25735147
22056.0  5.00000000  0.96291437  0.08520016  0.96667634 -0.25735147
22056.1  5.00000000  0.96291437  0.08520016  0.96667634 -0.25735147
22056.2  5.00000000  0.96291437  0.08520016  0.96667634 -0.25735147
22056.3  5.00000000  0.96291437  0.08520016  0.96667634 -0.25735147
22056.4  5.00000000  0.96291437  0.08520016  0.96667634 -0.25735147
22056.5  5.00000000  0.96291437  0.08520016  0.96667634 -0.25735147
22056.6  5.00000000  0.96291437  0.08520016  0.96667634 -0.25735147
22056.7  5.00000000  0.96291437  0.08520016  0.96667634 -0.25735147
22056.8  5.00000000  0.96291437  0.08520016  0.96667634 -0.25735147
22056.9  5.00000000  0.96291437  0.08520016  0.96667634 -0.25735147
22057.0  5.00000000  0.96291437  0.08520016  0.96667634 -0.25735147
22057.1  5.00000000  0.96291437  0.08520016  0.96667634 -0.25735147
22057.2  5.00000000  0.96291437  0.08520016  0.96667634 -0.25735147
22057.3  5.00000000  0.96291437  0.08520016  0.96667634 -0.25735147
22057.4  5.00000000  0.96291437  0.08520016  0.96667634 -0.25735147
22057.5  5.00000000  0.96291437  0.08520016  0.96667634 -0.25735147
22057.6  5.00000000  0.96291437  0.08520016  0.96667634 -0.25735147
22057.7  5.00000000  0.96291437  0.08520016  0.96667634 -0.25735147
22057.8  5.00000000  0.96291437  0.08520016  0.96667634 -0.25735147
22057.9  5.00000000  0.96291437  0.08520016  0.96667634 -0.25735147
22058.0  5.00000000  0.96291437  0.08520016  0.96667634 -0.25735147
22058.1  5.00000000  0.96291437  0.08520016  0.96667634 -0.25735147
22058.2  5.00000000  0.96291437  0.08520016  0.96667634 -0.25735147
22058.3  5.00000000  0.96291437  0.08520016  0.96667634 -0.25735147
22058.4  5.00000000  0.96291437  0.08520016  0.96667634 -0.25735147
22058.5  5.00000000  0.96291437  0.08520016  0.96667634 -0.25735147
22058.6  5.00000000  0.96291437  0.08520016  0.96667634 -0.25735147
22058.7  5.00000000  0.96291437  0.08520016  0.96667634 -0.25735147
22058.8  5.00000000  0.96291437  0.08520016  0.96667634 -0.25735147
22058.9  5.00000000  0.96291437  0.08520016  0.96667634 -0.25735147
22059.0  5.00000000  0.96291437  0.08520016  0.96667634 -0.25735147
22059.1  5.00000000  0.96291437  0.08520016  0.96667634 -0.25735147
22059.2  5.00000000  0.96291437  0.08520016  0.96667634 -0.25735147
22059.3  5.00000000  0.96291437  0.08520016  0.96667634 -0.25735147
22059.4  5.00000000  0.96291437  0.08520016  0.96667634 -0.25735147
22059.5  5.00000000  0.96291437  0.08520016  0.96667634 -0.25735147
22059.6  5.00000000  0.96291437  0.08520016  0.96667634 -0.25735147
22059.7  5.00000000  0.96291437  0.08520016  0.96667634 -0.25735147
22059.8  5.00000000  0.96291437  0.08520016  0.96667634 -0.25735147
22059.9  5.00000000  0.96291437  0.08520016  0.96667634 -0.25735147
22060.0  5.00000000  0.96291437  0.08520016  0.96667634 -0.25735147
22060.1  5.00000000  0.96291437  0.08520016  0.96667634 -0.25735147
22060.2  5.00000000  0.96291437  0.08520016  0.96667634 -0.25735147
22060.3  5.00000000  0.96291437  0.08520016  0.96667634 -0.25735147
22060.4  5.00000000  0.96291437  0.08520016  0.96667634 -0.25735147
22060.5  5.00000000  0.96291437  0.08520016  0.96667634 -0.25735147
22060.6  5.00000000  0.96291437  0.08520016  0.96667634 -0.25735147
22060.7  5.00000000  0.96291437  0.08520016  0.96667634 -0.25735147
22060.8  5.00000000  0.96291437  0.08520016  0.96667634 -0.25735147
22060.9  5.00000000  0.96291437  0.08520016  0.96667634 -0.25735147
22061.0  5.00000000  0.96291437  0.08520016  0.96667634 -0.25735147
22061.1  5.00000000  0.96291437  0.08520016  0.96667634 -0.25735147
22061.2  5.00000000  0.96291437  0.08520016  0.96667634 -0.25735147
22061.3  5.00000000  0.96291437  0.08520016  0.96667634 -0.25735147
22061.4  5.00000000  0.96291437  0.08520016  0.96667634 -0.25735147
22061.5  5.00000000  0.96291437  0.08520016  0.96667634 -0.25735147
22061.6  5.00000000  0.96291437  0.08520016  0.96667634 -0.25735147
22061.7  5.00000000  0.96291437  0.08520016  0.96667634 -0.25735147
