 # TIME  LP  TMAB  TMDS  TMPC  TMZ
 9510.8  0.90555556  0.96759222  0.00378812  0.96759964 -0.25264915
 9510.9  0.90555556  0.96760031  0.00183190  0.96760204 -0.25263980
 9511.0  0.90555556  0.96760721 -0.00003947  0.96760721 -0.25261910
 9511.1  0.90555556  0.96761331 -0.00176467  0.96761492 -0.25258792
 9511.2  0.90555556  0.96761935 -0.00328823  0.96762493 -0.25254741
 9511.3  0.90555556  0.96762615 -0.00456221  0.96763691 -0.25249900
 9511.4  0.90555556  0.96763460 -0.00554714  0.96765050 -0.25244435
 9511.5  0.90555556  0.96764523 -0.00621339  0.96766518 -0.25238539
 9511.6  0.90555556  0.96765825 -0.00654279  0.96768037 -0.25232420
 9511.7  0.90555556  0.96767353 -0.00652906  0.96769556 -0.25226282
 9511.8  0.90555556  0.96769052 -0.00617775  0.96771024 -0.25220328
 9511.9  0.90555556  0.96770830 -0.00550599  0.96772397 -0.25214752
 9512.0  0.90555556  0.96772569 -0.00454136  0.96773635 -0.25209725
 9512.1  0.90555556  0.96774126 -0.00332097  0.96774696 -0.25205408
 9512.2  0.90555556  0.96775363 -0.00189015  0.96775548 -0.25201933
 9512.3  0.90555556  0.96776162 -0.00030030  0.96776167 -0.25199398
 9512.4  0.90555556  0.96776434  0.00139295  0.96776534 -0.25197874
 9512.5  0.90555556  0.96776137  0.00313225  0.96776644 -0.25197394
 9512.6  0.90555556  0.96775275  0.00486099  0.96776496 -0.25197956
 9512.7  0.90555556  0.96773896  0.00652496  0.96776096 -0.25199533
 9512.8  0.90555556  0.96772090  0.00807343  0.96775458 -0.25202063
 9512.9  0.90555556  0.96769980  0.00945968  0.96774603 -0.25205456
 9513.0  0.90555556  0.96767713  0.01064161  0.96773564 -0.25209593
 9513.1  0.90555556  0.96765452  0.01158300  0.96772384 -0.25214328
 9513.2  0.90555556  0.96763350  0.01225553  0.96771111 -0.25219493
 9513.3  0.90555556  0.96761534  0.01264008  0.96769790 -0.25224912
 9513.4  0.90555556  0.96760092  0.01272728  0.96768462 -0.25230405
 9513.5  0.90555556  0.96759066  0.01251720  0.96767162 -0.25235799
 9513.6  0.90555556  0.96758459  0.01201866  0.96765923 -0.25240922
 9513.7  0.90555556  0.96758248  0.01124937  0.96764787 -0.25245605
 9513.8  0.90555556  0.96758386  0.01023638  0.96763801 -0.25249690
 9513.9  0.90555556  0.96758804  0.00901581  0.96763005 -0.25253043
 9514.0  0.90555556  0.96759411  0.00763135  0.96762421 -0.25255561
 9514.1  0.90555556  0.96760109  0.00613164  0.96762051 -0.25257184
 9514.2  0.90555556  0.96760816  0.00456762  0.96761894 -0.25257880
 9514.3  0.90555556  0.96761491  0.00299114  0.96761953 -0.25257635
 9514.4  0.90555556  0.96762129  0.00145415  0.96762239 -0.25256461
 9514.5  0.90555556  0.96762745  0.00000744  0.96762745 -0.25254400
 9514.6  0.90555556  0.96763359 -0.00130141  0.96763446 -0.25251538
 9514.7  0.90555556  0.96763998 -0.00243042  0.96764303 -0.25247991
 9514.8  0.90555556  0.96764701 -0.00334493  0.96765279 -0.25243888
 9514.9  0.90555556  0.96765515 -0.00401814  0.96766350 -0.25239364
 9515.0  0.90555556  0.96766473 -0.00443127  0.96767488 -0.25234565
 9515.1  0.90555556  0.96767579 -0.00457385  0.96768660 -0.25229649
 9515.2  0.90555556  0.96768803 -0.00444425  0.96769823 -0.25224781
 9515.3  0.90555556  0.96770087 -0.00405015  0.96770935 -0.25220125
 9515.4  0.90555556  0.96771357 -0.00340851  0.96771957 -0.25215834
 9515.5  0.90555556  0.96772528 -0.00254491  0.96772862 -0.25212042
 9515.6  0.90555556  0.96773513 -0.00149231  0.96773628 -0.25208859
 9515.7  0.90555556  0.96774233 -0.00028932  0.96774237 -0.25206376
 9515.8  0.90555556  0.96774619  0.00102166  0.96774673 -0.25204660
 9515.9  0.90555556  0.96774624  0.00239643  0.96774921 -0.25203757
 9516.0  0.90555556  0.96774229  0.00379066  0.96774972 -0.25203687
 9516.1  0.90555556  0.96773443  0.00516091  0.96774820 -0.25204447
 9516.2  0.90555556  0.96772309  0.00646525  0.96774468 -0.25206007
 9516.3  0.90555556  0.96770898  0.00766394  0.96773932 -0.25208309
 9516.4  0.90555556  0.96769306  0.00872050  0.96773235 -0.25211269
 9516.5  0.90555556  0.96767642  0.00960311  0.96772407 -0.25214782
 9516.6  0.90555556  0.96766010  0.01028587  0.96771476 -0.25218728
 9516.7  0.90555556  0.96764500  0.01074929  0.96770470 -0.25222977
 9516.8  0.90555556  0.96763182  0.01098010  0.96769411 -0.25227397
 9516.9  0.90555556  0.96762107  0.01097113  0.96768326 -0.25231847
 9517.0  0.90555556  0.96761309  0.01072198  0.96767249 -0.25236183
 9517.1  0.90555556  0.96760808  0.01024036  0.96766227 -0.25240253
 9517.2  0.90555556  0.96760605  0.00954306  0.96765310 -0.25243914
 9517.3  0.90555556  0.96760667  0.00865563  0.96764539 -0.25247040
 9517.4  0.90555556  0.96760935  0.00761054  0.96763928 -0.25249542
 9517.5  0.90555556  0.96761333  0.00644474  0.96763479 -0.25251357
 9517.6  0.90555556  0.96761798  0.00519768  0.96763194 -0.25252440
 9517.7  0.90555556  0.96762297  0.00391068  0.96763088 -0.25252754
 9517.8  0.90555556  0.96762822  0.00262664  0.96763179 -0.25252284
 9517.9  0.90555556  0.96763366  0.00138887  0.96763466 -0.25251051
 9518.0  0.90555556  0.96763921  0.00023896  0.96763924 -0.25249113
 9518.1  0.90555556  0.96764491 -0.00078559  0.96764523 -0.25246557
 9518.2  0.90555556  0.96765100 -0.00165285  0.96765241 -0.25243472
 9518.3  0.90555556  0.96765787 -0.00233660  0.96766069 -0.25239958
 9518.4  0.90555556  0.96766580 -0.00281631  0.96766990 -0.25236124
 9518.5  0.90555556  0.96767485 -0.00307757  0.96767974 -0.25232099
 9518.6  0.90555556  0.96768478 -0.00311305  0.96768979 -0.25228027
 9518.7  0.90555556  0.96769521 -0.00292348  0.96769962 -0.25224050
 9518.8  0.90555556  0.96770563 -0.00251787  0.96770891 -0.25220301
 9518.9  0.90555556  0.96771551 -0.00191292  0.96771740 -0.25216896
 9519.0  0.90555556  0.96772422 -0.00113184  0.96772488 -0.25213940
 9519.1  0.90555556  0.96773113 -0.00020302  0.96773115 -0.25211521
 9519.2  0.90555556  0.96773564  0.00084108  0.96773601 -0.25209713
 9519.3  0.90555556  0.96773724  0.00196502  0.96773924 -0.25208573
 9519.4  0.90555556  0.96773563  0.00313117  0.96774069 -0.25208135
 9519.5  0.90555556  0.96773074  0.00430078  0.96774030 -0.25208409
 9519.6  0.90555556  0.96772284  0.00543507  0.96773810 -0.25209380
 9519.7  0.90555556  0.96771242  0.00649680  0.96773423 -0.25211005
 9519.8  0.90555556  0.96770018  0.00745180  0.96772887 -0.25213222
 9519.9  0.90555556  0.96768691  0.00827030  0.96772225 -0.25215950
 9520.0  0.90555556  0.96767339  0.00892759  0.96771457 -0.25219095
 9520.1  0.90555556  0.96766035  0.00940422  0.96770604 -0.25222554
 9520.2  0.90555556  0.96764842  0.00968605  0.96769690 -0.25226214
 9520.3  0.90555556  0.96763818  0.00976465  0.96768744 -0.25229949
 9520.4  0.90555556  0.96763005  0.00963813  0.96767805 -0.25233631
 9520.5  0.90555556  0.96762432  0.00931197  0.96766913 -0.25237129
 9520.6  0.90555556  0.96762101  0.00879902  0.96766102 -0.25240327
 9520.7  0.90555556  0.96761990  0.00811880  0.96765396 -0.25243121
 9520.8  0.90555556  0.96762061  0.00729604  0.96764812 -0.25245431
 9520.9  0.90555556  0.96762273  0.00635952  0.96764362 -0.25247187
 9521.0  0.90555556  0.96762592  0.00534132  0.96764066 -0.25248332
 9521.1  0.90555556  0.96762993  0.00427621  0.96763938 -0.25248830
 9521.2  0.90555556  0.96763452  0.00320074  0.96763982 -0.25248668
 9521.3  0.90555556  0.96763949  0.00215162  0.96764188 -0.25247865
 9521.4  0.90555556  0.96764469  0.00116393  0.96764539 -0.25246463
 9521.5  0.90555556  0.96765017  0.00026976  0.96765021 -0.25244516
 9521.6  0.90555556  0.96765608 -0.00050247  0.96765621 -0.25242092
 9521.7  0.90555556  0.96766260 -0.00112841  0.96766326 -0.25239273
 9521.8  0.90555556  0.96766981 -0.00158838  0.96767111 -0.25236156
 9521.9  0.90555556  0.96767764 -0.00186828  0.96767944 -0.25232852
 9522.0  0.90555556  0.96768592 -0.00196043  0.96768790 -0.25229479
 9522.1  0.90555556  0.96769439 -0.00186404  0.96769619 -0.25226152
 9522.2  0.90555556  0.96770274 -0.00158503  0.96770404 -0.25222980
 9522.3  0.90555556  0.96771059 -0.00113546  0.96771125 -0.25220065
 9522.4  0.90555556  0.96771747 -0.00053281  0.96771762 -0.25217497
 9522.5  0.90555556  0.96772292  0.00020070  0.96772294 -0.25215358
 9522.6  0.90555556  0.96772648  0.00103880  0.96772704 -0.25213715
 9522.7  0.90555556  0.96772779  0.00195191  0.96772976 -0.25212618
 9522.8  0.90555556  0.96772664  0.00290818  0.96773101 -0.25212099
 9522.9  0.90555556  0.96772303  0.00387465  0.96773079 -0.25212164
 9523.0  0.90555556  0.96771715  0.00481862  0.96772915 -0.25212801
 9523.1  0.90555556  0.96770934  0.00570907  0.96772618 -0.25213981
 9523.2  0.90555556  0.96770005  0.00651770  0.96772200 -0.25215656
 9523.3  0.90555556  0.96768981  0.00721968  0.96771674 -0.25217767
 9523.4  0.90555556  0.96767918  0.00779396  0.96771057 -0.25220242
 9523.5  0.90555556  0.96766874  0.00822355  0.96770368 -0.25222996
 9523.6  0.90555556  0.96765904  0.00849604  0.96769634 -0.25225932
 9523.7  0.90555556  0.96765057  0.00860416  0.96768882 -0.25228948
 9523.8  0.90555556  0.96764366  0.00854635  0.96768141 -0.25231941
 9523.9  0.90555556  0.96763851  0.00832673  0.96767434 -0.25234812
 9524.0  0.90555556  0.96763511  0.00795460  0.96766781 -0.25237471
 9524.1  0.90555556  0.96763337  0.00744387  0.96766200 -0.25239834
 9524.2  0.90555556  0.96763312  0.00681255  0.96765710 -0.25241828
 9524.3  0.90555556  0.96763419  0.00608251  0.96765331 -0.25243386
 9524.4  0.90555556  0.96763638  0.00527908  0.96765079 -0.25244458
 9524.5  0.90555556  0.96763944  0.00443011  0.96764958 -0.25245016
 9524.6  0.90555556  0.96764309  0.00356473  0.96764966 -0.25245051
 9524.7  0.90555556  0.96764715  0.00271194  0.96765095 -0.25244574
 9524.8  0.90555556  0.96765151  0.00189962  0.96765338 -0.25243607
 9524.9  0.90555556  0.96765621  0.00115393  0.96765690 -0.25242185
 9525.0  0.90555556  0.96766129  0.00049875  0.96766142 -0.25240359
 9525.1  0.90555556  0.96766678 -0.00004501  0.96766678 -0.25238192
 9525.2  0.90555556  0.96767265 -0.00046034  0.96767276 -0.25235765
 9525.3  0.90555556  0.96767883 -0.00073489  0.96767911 -0.25233164
 9525.4  0.90555556  0.96768522 -0.00086149  0.96768561 -0.25230479
 9525.5  0.90555556  0.96769170 -0.00083808  0.96769207 -0.25227795
 9525.6  0.90555556  0.96769808 -0.00066755  0.96769831 -0.25225200
 9525.7  0.90555556  0.96770409 -0.00035743  0.96770416 -0.25222776
 9525.8  0.90555556  0.96770940  0.00008032  0.96770940 -0.25220603
 9525.9  0.90555556  0.96771366  0.00062958  0.96771387 -0.25218750
 9526.0  0.90555556  0.96771657  0.00127052  0.96771741 -0.25217276
 9526.1  0.90555556  0.96771789  0.00198026  0.96771992 -0.25216224
 9526.2  0.90555556  0.96771750  0.00273421  0.96772136 -0.25215621
 9526.3  0.90555556  0.96771537  0.00350648  0.96772173 -0.25215478
 9526.4  0.90555556  0.96771159  0.00427153  0.96772102 -0.25215793
 9526.5  0.90555556  0.96770632  0.00500475  0.96771926 -0.25216552
 9526.6  0.90555556  0.96769981  0.00568310  0.96771650 -0.25217725
 9526.7  0.90555556  0.96769239  0.00628554  0.96771280 -0.25219273
 9526.8  0.90555556  0.96768447  0.00679352  0.96770831 -0.25221140
 9526.9  0.90555556  0.96767647  0.00719157  0.96770320 -0.25223260
 9527.0  0.90555556  0.96766884  0.00746798  0.96769766 -0.25225559
 9527.1  0.90555556  0.96766192  0.00761530  0.96769188 -0.25227959
 9527.2  0.90555556  0.96765596  0.00763040  0.96768604 -0.25230380
 9527.3  0.90555556  0.96765112  0.00751426  0.96768030 -0.25232747
 9527.4  0.90555556  0.96764748  0.00727174  0.96767480 -0.25234983
 9527.5  0.90555556  0.96764507  0.00691146  0.96766975 -0.25237017
 9527.6  0.90555556  0.96764390  0.00644600  0.96766537 -0.25238778
 9527.7  0.90555556  0.96764388  0.00589167  0.96766182 -0.25240209
 9527.8  0.90555556  0.96764487  0.00526791  0.96765921 -0.25241266
 9527.9  0.90555556  0.96764667  0.00459638  0.96765759 -0.25241921
 9528.0  0.90555556  0.96764909  0.00389982  0.96765694 -0.25242162
 9528.1  0.90555556  0.96765198  0.00320131  0.96765728 -0.25241984
 9528.2  0.90555556  0.96765532  0.00252372  0.96765861 -0.25241395
 9528.3  0.90555556  0.96765907  0.00188922  0.96766091 -0.25240416
 9528.4  0.90555556  0.96766321  0.00131858  0.96766411 -0.25239083
 9528.5  0.90555556  0.96766770  0.00083034  0.96766805 -0.25237448
 9528.6  0.90555556  0.96767246  0.00043987  0.96767256 -0.25235570
 9528.7  0.90555556  0.96767749  0.00015891  0.96767750 -0.25233515
 9528.8  0.90555556  0.96768272 -0.00000463  0.96768272 -0.25231349
 9528.9  0.90555556  0.96768808 -0.00004669  0.96768808 -0.25229143
 9529.0  0.90555556  0.96769341  0.00003299  0.96769341 -0.25226970
 9529.1  0.90555556  0.96769850  0.00023075  0.96769853 -0.25224902
 9529.2  0.90555556  0.96770309  0.00053896  0.96770324 -0.25223010
 9529.3  0.90555556  0.96770690  0.00094614  0.96770737 -0.25221354
 9529.4  0.90555556  0.96770973  0.00143746  0.96771080 -0.25219987
 9529.5  0.90555556  0.96771139  0.00199534  0.96771345 -0.25218950
 9529.6  0.90555556  0.96771175  0.00260038  0.96771525 -0.25218270
 9529.7  0.90555556  0.96771076  0.00323204  0.96771616 -0.25217967
 9529.8  0.90555556  0.96770839  0.00386933  0.96771613 -0.25218048
 9529.9  0.90555556  0.96770473  0.00449132  0.96771515 -0.25218507
 9530.0  0.90555556  0.96769993  0.00507768  0.96771325 -0.25219328
 9530.1  0.90555556  0.96769424  0.00560929  0.96771049 -0.25220479
 9530.2  0.90555556  0.96768797  0.00606899  0.96770700 -0.25221917
 9530.3  0.90555556  0.96768148  0.00644232  0.96770292 -0.25223591
 9530.4  0.90555556  0.96767508  0.00671798  0.96769840 -0.25225441
 9530.5  0.90555556  0.96766905  0.00688815  0.96769356 -0.25227406
 9530.6  0.90555556  0.96766362  0.00694840  0.96768857 -0.25229421
 9530.7  0.90555556  0.96765897  0.00689774  0.96768356 -0.25231420
 9530.8  0.90555556  0.96765525  0.00673865  0.96767871 -0.25233336
 9530.9  0.90555556  0.96765254  0.00647719  0.96767422 -0.25235103
 9531.0  0.90555556  0.96765088  0.00612301  0.96767026 -0.25236662
 9531.1  0.90555556  0.96765023  0.00568902  0.96766696 -0.25237963
 9531.2  0.90555556  0.96765048  0.00519069  0.96766440 -0.25238968
 9531.3  0.90555556  0.96765149  0.00464534  0.96766264 -0.25239648
 9531.4  0.90555556  0.96765315  0.00407148  0.96766171 -0.25239984
 9531.5  0.90555556  0.96765539  0.00348837  0.96766168 -0.25239966
 9531.6  0.90555556  0.96765816  0.00291551  0.96766255 -0.25239598
 9531.7  0.90555556  0.96766138  0.00237210  0.96766428 -0.25238895
 9531.8  0.90555556  0.96766498  0.00187619  0.96766679 -0.25237887
 9531.9  0.90555556  0.96766888  0.00144394  0.96766996 -0.25236612
 9532.0  0.90555556  0.96767305  0.00108901  0.96767366 -0.25235116
 9532.1  0.90555556  0.96767744  0.00082225  0.96767779 -0.25233451
 9532.2  0.90555556  0.96768201  0.00065156  0.96768223 -0.25231672
 9532.3  0.90555556  0.96768665  0.00058169  0.96768682 -0.25229840
 9532.4  0.90555556  0.96769121  0.00061409  0.96769141 -0.25228016
 9532.5  0.90555556  0.96769552  0.00074668  0.96769581 -0.25226264
 9532.6  0.90555556  0.96769937  0.00097386  0.96769986 -0.25224643
 9532.7  0.90555556  0.96770259  0.00128672  0.96770344 -0.25223205
 9532.8  0.90555556  0.96770501  0.00167356  0.96770646 -0.25221993
 9532.9  0.90555556  0.96770651  0.00212040  0.96770883 -0.25221046
 9533.0  0.90555556  0.96770697  0.00261155  0.96771049 -0.25220390
 9533.1  0.90555556  0.96770632  0.00313012  0.96771138 -0.25220045
 9533.2  0.90555556  0.96770454  0.00365852  0.96771146 -0.25220020
 9533.3  0.90555556  0.96770171  0.00417894  0.96771073 -0.25220313
 9533.4  0.90555556  0.96769794  0.00467396  0.96770923 -0.25220909
 9533.5  0.90555556  0.96769345  0.00512730  0.96770704 -0.25221784
 9533.6  0.90555556  0.96768847  0.00552437  0.96770424 -0.25222904
 9533.7  0.90555556  0.96768325  0.00585286  0.96770095 -0.25224229
 9533.8  0.90555556  0.96767802  0.00610296  0.96769726 -0.25225712
 9533.9  0.90555556  0.96767300  0.00626751  0.96769330 -0.25227305
 9534.0  0.90555556  0.96766839  0.00634221  0.96768918 -0.25228952
 9534.1  0.90555556  0.96766438  0.00632555  0.96768505 -0.25230600
 9534.2  0.90555556  0.96766110  0.00621897  0.96768108 -0.25232191
 9534.3  0.90555556  0.96765863  0.00602708  0.96767740 -0.25233671
 9534.4  0.90555556  0.96765701  0.00575744  0.96767414 -0.25234994
 9534.5  0.90555556  0.96765620  0.00542006  0.96767138 -0.25236117
 9534.6  0.90555556  0.96765613  0.00502695  0.96766919 -0.25237009
 9534.7  0.90555556  0.96765674  0.00459166  0.96766764 -0.25237641
 9534.8  0.90555556  0.96765797  0.00412901  0.96766678 -0.25237995
 9534.9  0.90555556  0.96765976  0.00365465  0.96766666 -0.25238062
 9535.0  0.90555556  0.96766202  0.00318459  0.96766726 -0.25237841
 9535.1  0.90555556  0.96766468  0.00273459  0.96766854 -0.25237347
 9535.2  0.90555556  0.96766765  0.00231943  0.96767043 -0.25236599
 9535.3  0.90555556  0.96767087  0.00195237  0.96767284 -0.25235628
 9535.4  0.90555556  0.96767431  0.00164489  0.96767571 -0.25234466
 9535.5  0.90555556  0.96767792  0.00140641  0.96767895 -0.25233153
 9535.6  0.90555556  0.96768165  0.00124407  0.96768245 -0.25231735
 9535.7  0.90555556  0.96768539  0.00116250  0.96768609 -0.25230260
 9535.8  0.90555556  0.96768903  0.00116348  0.96768972 -0.25228779
 9535.9  0.90555556  0.96769243  0.00124592  0.96769323 -0.25227342
 9536.0  0.90555556  0.96769547  0.00140593  0.96769649 -0.25225996
 9536.1  0.90555556  0.96769804  0.00163705  0.96769942 -0.25224784
 9536.2  0.90555556  0.96770002  0.00193064  0.96770195 -0.25223741
 9536.3  0.90555556  0.96770132  0.00227620  0.96770399 -0.25222901
 9536.4  0.90555556  0.96770182  0.00266170  0.96770548 -0.25222289
 9536.5  0.90555556  0.96770148  0.00307387  0.96770636 -0.25221924
 9536.6  0.90555556  0.96770029  0.00349867  0.96770661 -0.25221815
 9536.7  0.90555556  0.96769829  0.00392175  0.96770623 -0.25221962
 9536.8  0.90555556  0.96769558  0.00432908  0.96770527 -0.25222356
 9536.9  0.90555556  0.96769230  0.00470746  0.96770375 -0.25222979
 9537.0  0.90555556  0.96768860  0.00504493  0.96770175 -0.25223810
 9537.1  0.90555556  0.96768464  0.00533112  0.96769932 -0.25224818
 9537.2  0.90555556  0.96768057  0.00555739  0.96769653 -0.25225969
 9537.3  0.90555556  0.96767658  0.00571701  0.96769347 -0.25227225
 9537.4  0.90555556  0.96767284  0.00580546  0.96769026 -0.25228542
 9537.5  0.90555556  0.96766950  0.00582061  0.96768701 -0.25229875
 9537.6  0.90555556  0.96766668  0.00576283  0.96768384 -0.25231179
 9537.7  0.90555556  0.96766443  0.00563496  0.96768084 -0.25232412
 9537.8  0.90555556  0.96766280  0.00544208  0.96767810 -0.25233535
 9537.9  0.90555556  0.96766177  0.00519120  0.96767570 -0.25234514
 9538.0  0.90555556  0.96766135  0.00489110  0.96767371 -0.25235316
 9538.1  0.90555556  0.96766150  0.00455208  0.96767221 -0.25235918
 9538.2  0.90555556  0.96766220  0.00418572  0.96767126 -0.25236300
 9538.3  0.90555556  0.96766339  0.00380451  0.96767087 -0.25236451
 9538.4  0.90555556  0.96766501  0.00342130  0.96767105 -0.25236372
 9538.5  0.90555556  0.96766697  0.00304881  0.96767177 -0.25236067
 9538.6  0.90555556  0.96766923  0.00269917  0.96767299 -0.25235551
 9538.7  0.90555556  0.96767175  0.00238357  0.96767469 -0.25234840
 9538.8  0.90555556  0.96767449  0.00211202  0.96767680 -0.25233961
 9538.9  0.90555556  0.96767741  0.00189308  0.96767926 -0.25232944
 9539.0  0.90555556  0.96768043  0.00173352  0.96768198 -0.25231824
 9539.1  0.90555556  0.96768348  0.00163804  0.96768486 -0.25230640
 9539.2  0.90555556  0.96768646  0.00160909  0.96768779 -0.25229433
 9539.3  0.90555556  0.96768929  0.00164679  0.96769069 -0.25228243
 9539.4  0.90555556  0.96769188  0.00174910  0.96769346 -0.25227108
 9539.5  0.90555556  0.96769415  0.00191189  0.96769604 -0.25226063
 9539.6  0.90555556  0.96769598  0.00212920  0.96769832 -0.25225143
 9539.7  0.90555556  0.96769729  0.00239330  0.96770025 -0.25224378
 9539.8  0.90555556  0.96769798  0.00269497  0.96770173 -0.25223791
 9539.9  0.90555556  0.96769801  0.00302374  0.96770274 -0.25223401
 9540.0  0.90555556  0.96769737  0.00336834  0.96770323 -0.25223217
 9540.1  0.90555556  0.96769609  0.00371711  0.96770323 -0.25223244
 9540.2  0.90555556  0.96769421  0.00405847  0.96770272 -0.25223476
 9540.3  0.90555556  0.96769181  0.00438130  0.96770173 -0.25223905
 9540.4  0.90555556  0.96768900  0.00467523  0.96770029 -0.25224516
 9540.5  0.90555556  0.96768588  0.00493089  0.96769844 -0.25225286
 9540.6  0.90555556  0.96768260  0.00514019  0.96769625 -0.25226189
 9540.7  0.90555556  0.96767929  0.00529662  0.96769379 -0.25227193
 9540.8  0.90555556  0.96767612  0.00539551  0.96769116 -0.25228262
 9540.9  0.90555556  0.96767319  0.00543423  0.96768845 -0.25229361
 9541.0  0.90555556  0.96767062  0.00541220  0.96768575 -0.25230453
 9541.1  0.90555556  0.96766846  0.00533084  0.96768315 -0.25231502
 9541.2  0.90555556  0.96766677  0.00519343  0.96768071 -0.25232474
 9541.3  0.90555556  0.96766558  0.00500501  0.96767852 -0.25233338
 9541.4  0.90555556  0.96766490  0.00477229  0.96767667 -0.25234066
 9541.5  0.90555556  0.96766474  0.00450343  0.96767522 -0.25234634
 9541.6  0.90555556  0.96766506  0.00420781  0.96767421 -0.25235024
 9541.7  0.90555556  0.96766583  0.00389564  0.96767367 -0.25235226
 9541.8  0.90555556  0.96766700  0.00357748  0.96767361 -0.25235237
 9541.9  0.90555556  0.96766850  0.00326394  0.96767401 -0.25235057
 9542.0  0.90555556  0.96767032  0.00296535  0.96767486 -0.25234696
 9542.1  0.90555556  0.96767241  0.00269145  0.96767615 -0.25234165
 9542.2  0.90555556  0.96767472  0.00245115  0.96767783 -0.25233484
 9542.3  0.90555556  0.96767720  0.00225220  0.96767982 -0.25232679
 9542.4  0.90555556  0.96767978  0.00210084  0.96768206 -0.25231777
 9542.5  0.90555556  0.96768238  0.00200160  0.96768445 -0.25230811
 9542.6  0.90555556  0.96768495  0.00195715  0.96768693 -0.25229813
 9542.7  0.90555556  0.96768741  0.00196833  0.96768941 -0.25228816
 9542.8  0.90555556  0.96768968  0.00203417  0.96769182 -0.25227852
 9542.9  0.90555556  0.96769169  0.00215192  0.96769408 -0.25226955
 9543.0  0.90555556  0.96769332  0.00231712  0.96769610 -0.25226153
 9543.1  0.90555556  0.96769452  0.00252374  0.96769781 -0.25225472
 9543.2  0.90555556  0.96769522  0.00276436  0.96769916 -0.25224935
 9543.3  0.90555556  0.96769537  0.00303045  0.96770012 -0.25224556
 9543.4  0.90555556  0.96769498  0.00331278  0.96770065 -0.25224347
 9543.5  0.90555556  0.96769406  0.00360173  0.96770076 -0.25224312
 9543.6  0.90555556  0.96769263  0.00388764  0.96770044 -0.25224450
 9543.7  0.90555556  0.96769075  0.00416105  0.96769970 -0.25224755
 9543.8  0.90555556  0.96768850  0.00441302  0.96769856 -0.25225215
 9543.9  0.90555556  0.96768597  0.00463536  0.96769707 -0.25225814
 9544.0  0.90555556  0.96768328  0.00482096  0.96769528 -0.25226529
 9544.1  0.90555556  0.96768054  0.00496406  0.96769328 -0.25227335
 9544.2  0.90555556  0.96767789  0.00506046  0.96769112 -0.25228203
 9544.3  0.90555556  0.96767540  0.00510758  0.96768888 -0.25229104
 9544.4  0.90555556  0.96767316  0.00510449  0.96768663 -0.25230009
 9544.5  0.90555556  0.96767125  0.00505189  0.96768443 -0.25230887
 9544.6  0.90555556  0.96766971  0.00495207  0.96768238 -0.25231709
 9544.7  0.90555556  0.96766858  0.00480885  0.96768053 -0.25232448
 9544.8  0.90555556  0.96766789  0.00462750  0.96767896 -0.25233080
 9544.9  0.90555556  0.96766764  0.00441456  0.96767771 -0.25233585
 9545.0  0.90555556  0.96766780  0.00417754  0.96767682 -0.25233949
 9545.1  0.90555556  0.96766834  0.00392463  0.96767630 -0.25234161
 9545.2  0.90555556  0.96766922  0.00366438  0.96767616 -0.25234216
 9545.3  0.90555556  0.96767043  0.00340549  0.96767642 -0.25234115
 9545.4  0.90555556  0.96767191  0.00315652  0.96767706 -0.25233861
 9545.5  0.90555556  0.96767363  0.00292568  0.96767805 -0.25233466
 9545.6  0.90555556  0.96767554  0.00272048  0.96767936 -0.25232944
 9545.7  0.90555556  0.96767758  0.00254747  0.96768093 -0.25232315
 9545.8  0.90555556  0.96767969  0.00241201  0.96768270 -0.25231601
 9545.9  0.90555556  0.96768183  0.00231809  0.96768461 -0.25230826
 9546.0  0.90555556  0.96768394  0.00226828  0.96768660 -0.25230018
 9546.1  0.90555556  0.96768597  0.00226372  0.96768861 -0.25229203
 9546.2  0.90555556  0.96768783  0.00230401  0.96769058 -0.25228407
 9546.3  0.90555556  0.96768948  0.00238732  0.96769242 -0.25227658
 9546.4  0.90555556  0.96769083  0.00251031  0.96769408 -0.25226981
 9546.5  0.90555556  0.96769183  0.00266842  0.96769551 -0.25226396
 9546.6  0.90555556  0.96769245  0.00285587  0.96769666 -0.25225922
 9546.7  0.90555556  0.96769265  0.00306604  0.96769751 -0.25225572
 9546.8  0.90555556  0.96769243  0.00329165  0.96769803 -0.25225357
 9546.9  0.90555556  0.96769179  0.00352509  0.96769821 -0.25225282
 9547.0  0.90555556  0.96769075  0.00375854  0.96769805 -0.25225348
 9547.1  0.90555556  0.96768934  0.00398429  0.96769755 -0.25225552
 9547.2  0.90555556  0.96768763  0.00419493  0.96769672 -0.25225884
 9547.3  0.90555556  0.96768569  0.00438364  0.96769562 -0.25226333
 9547.4  0.90555556  0.96768361  0.00454446  0.96769428 -0.25226881
 9547.5  0.90555556  0.96768146  0.00467248  0.96769274 -0.25227509
 9547.6  0.90555556  0.96767934  0.00476392  0.96769107 -0.25228196
 9547.7  0.90555556  0.96767732  0.00481628  0.96768931 -0.25228918
 9547.8  0.90555556  0.96767546  0.00482827  0.96768751 -0.25229652
 9547.9  0.90555556  0.96767384  0.00479995  0.96768574 -0.25230373
 9548.0  0.90555556  0.96767249  0.00473270  0.96768407 -0.25231057
 9548.1  0.90555556  0.96767147  0.00462921  0.96768254 -0.25231681
 9548.2  0.90555556  0.96767078  0.00449335  0.96768121 -0.25232226
 9548.3  0.90555556  0.96767043  0.00433001  0.96768011 -0.25232675
 9548.4  0.90555556  0.96767040  0.00414493  0.96767928 -0.25233014
 9548.5  0.90555556  0.96767069  0.00394439  0.96767873 -0.25233235
 9548.6  0.90555556  0.96767128  0.00373516  0.96767849 -0.25233329
 9548.7  0.90555556  0.96767214  0.00352427  0.96767856 -0.25233296
 9548.8  0.90555556  0.96767325  0.00331868  0.96767894 -0.25233139
 9548.9  0.90555556  0.96767456  0.00312521  0.96767961 -0.25232862
 9549.0  0.90555556  0.96767604  0.00295012  0.96768054 -0.25232479
 9549.1  0.90555556  0.96767764  0.00279896  0.96768169 -0.25232003
 9549.2  0.90555556  0.96767932  0.00267642  0.96768303 -0.25231450
 9549.3  0.90555556  0.96768105  0.00258621  0.96768451 -0.25230839
 9549.4  0.90555556  0.96768277  0.00253094  0.96768608 -0.25230191
 9549.5  0.90555556  0.96768445  0.00251210  0.96768771 -0.25229528
 9549.6  0.90555556  0.96768600  0.00252991  0.96768931 -0.25228873
 9549.7  0.90555556  0.96768739  0.00258337  0.96769084 -0.25228245
 9549.8  0.90555556  0.96768857  0.00267029  0.96769226 -0.25227668
 9549.9  0.90555556  0.96768949  0.00278736  0.96769351 -0.25227158
 9550.0  0.90555556  0.96769013  0.00293036  0.96769457 -0.25226731
 9550.1  0.90555556  0.96769045  0.00309430  0.96769539 -0.25226402
 9550.2  0.90555556  0.96769043  0.00327354  0.96769596 -0.25226178
 9550.3  0.90555556  0.96769007  0.00346201  0.96769626 -0.25226068
 9550.4  0.90555556  0.96768937  0.00365337  0.96769627 -0.25226073
 9550.5  0.90555556  0.96768838  0.00384121  0.96769600 -0.25226192
 9550.6  0.90555556  0.96768712  0.00401934  0.96769546 -0.25226420
 9550.7  0.90555556  0.96768565  0.00418199  0.96769468 -0.25226747
 9550.8  0.90555556  0.96768403  0.00432398  0.96769369 -0.25227163
 9550.9  0.90555556  0.96768232  0.00444087  0.96769251 -0.25227651
 9551.0  0.90555556  0.96768058  0.00452908  0.96769118 -0.25228197
 9551.1  0.90555556  0.96767888  0.00458600  0.96768975 -0.25228780
 9551.2  0.90555556  0.96767729  0.00461004  0.96768827 -0.25229382
 9551.3  0.90555556  0.96767585  0.00460074  0.96768679 -0.25229981
 9551.4  0.90555556  0.96767463  0.00455877  0.96768536 -0.25230558
 9551.5  0.90555556  0.96767364  0.00448590  0.96768403 -0.25231094
 9551.6  0.90555556  0.96767291  0.00438489  0.96768284 -0.25231572
 9551.7  0.90555556  0.96767245  0.00425938  0.96768182 -0.25231977
 9551.8  0.90555556  0.96767227  0.00411376  0.96768101 -0.25232296
 9551.9  0.90555556  0.96767236  0.00395305  0.96768043 -0.25232519
 9552.0  0.90555556  0.96767272  0.00378275  0.96768011 -0.25232640
 9552.1  0.90555556  0.96767333  0.00360861  0.96768005 -0.25232655
 9552.2  0.90555556  0.96767415  0.00343652  0.96768026 -0.25232566
 9552.3  0.90555556  0.96767517  0.00327216  0.96768070 -0.25232376
 9552.4  0.90555556  0.96767635  0.00312090  0.96768138 -0.25232094
 9552.5  0.90555556  0.96767765  0.00298762  0.96768227 -0.25231730
 9552.6  0.90555556  0.96767905  0.00287653  0.96768333 -0.25231295
 9552.7  0.90555556  0.96768051  0.00279110  0.96768453 -0.25230806
 9552.8  0.90555556  0.96768197  0.00273393  0.96768584 -0.25230280
 9552.9  0.90555556  0.96768341  0.00270664  0.96768719 -0.25229734
 9553.0  0.90555556  0.96768475  0.00270980  0.96768855 -0.25229187
 9553.1  0.90555556  0.96768598  0.00274298  0.96768987 -0.25228657
 9553.2  0.90555556  0.96768704  0.00280469  0.96769110 -0.25228162
 9553.3  0.90555556  0.96768789  0.00289257  0.96769222 -0.25227717
 9553.4  0.90555556  0.96768851  0.00300342  0.96769317 -0.25227337
 9553.5  0.90555556  0.96768887  0.00313330  0.96769394 -0.25227033
 9553.6  0.90555556  0.96768895  0.00327770  0.96769450 -0.25226816
 9553.7  0.90555556  0.96768874  0.00343161  0.96769482 -0.25226691
 9553.8  0.90555556  0.96768825  0.00358978  0.96769491 -0.25226662
 9553.9  0.90555556  0.96768750  0.00374687  0.96769475 -0.25226728
 9554.0  0.90555556  0.96768652  0.00389766  0.96769437 -0.25226886
 9554.1  0.90555556  0.96768536  0.00403721  0.96769378 -0.25227130
 9554.2  0.90555556  0.96768405  0.00416103  0.96769299 -0.25227450
 9554.3  0.90555556  0.96768264  0.00426519  0.96769204 -0.25227835
 9554.4  0.90555556  0.96768119  0.00434642  0.96769095 -0.25228272
 9554.5  0.90555556  0.96767976  0.00440228  0.96768977 -0.25228746
 9554.6  0.90555556  0.96767840  0.00443118  0.96768855 -0.25229240
 9554.7  0.90555556  0.96767716  0.00443249  0.96768731 -0.25229737
 9554.8  0.90555556  0.96767607  0.00440650  0.96768610 -0.25230220
 9554.9  0.90555556  0.96767517  0.00435441  0.96768497 -0.25230675
 9555.0  0.90555556  0.96767449  0.00427827  0.96768394 -0.25231086
 9555.1  0.90555556  0.96767403  0.00418085  0.96768306 -0.25231440
 9555.2  0.90555556  0.96767380  0.00406565  0.96768234 -0.25231726
 9555.3  0.90555556  0.96767381  0.00393668  0.96768182 -0.25231935
 9555.4  0.90555556  0.96767405  0.00379844  0.96768151 -0.25232061
 9555.5  0.90555556  0.96767451  0.00365564  0.96768141 -0.25232100
 9555.6  0.90555556  0.96767515  0.00351324  0.96768153 -0.25232051
 9555.7  0.90555556  0.96767596  0.00337581  0.96768185 -0.25231921
 9555.8  0.90555556  0.96767692  0.00324784  0.96768237 -0.25231713
 9555.9  0.90555556  0.96767799  0.00313348  0.96768306 -0.25231433
 9556.0  0.90555556  0.96767914  0.00303638  0.96768391 -0.25231094
 9556.1  0.90555556  0.96768035  0.00295958  0.96768487 -0.25230706
 9556.2  0.90555556  0.96768156  0.00290539  0.96768592 -0.25230283
 9556.3  0.90555556  0.96768275  0.00287537  0.96768702 -0.25229839
 9556.4  0.90555556  0.96768387  0.00287020  0.96768813 -0.25229391
 9556.5  0.90555556  0.96768490  0.00288974  0.96768921 -0.25228953
 9556.6  0.90555556  0.96768579  0.00293298  0.96769023 -0.25228538
 9556.7  0.90555556  0.96768652  0.00299822  0.96769117 -0.25228161
 9556.8  0.90555556  0.96768707  0.00308314  0.96769198 -0.25227833
 9556.9  0.90555556  0.96768740  0.00318463  0.96769264 -0.25227564
 9557.0  0.90555556  0.96768751  0.00329909  0.96769313 -0.25227364
 9557.1  0.90555556  0.96768738  0.00342256  0.96769344 -0.25227238
 9557.2  0.90555556  0.96768704  0.00355082  0.96769355 -0.25227189
 9557.3  0.90555556  0.96768649  0.00367954  0.96769348 -0.25227217
 9557.4  0.90555556  0.96768575  0.00380446  0.96769322 -0.25227321
 9557.5  0.90555556  0.96768485  0.00392150  0.96769279 -0.25227497
 9557.6  0.90555556  0.96768382  0.00402689  0.96769220 -0.25227738
 9557.7  0.90555556  0.96768271  0.00411729  0.96769147 -0.25228035
 9557.8  0.90555556  0.96768155  0.00418986  0.96769062 -0.25228377
 9557.9  0.90555556  0.96768040  0.00424242  0.96768970 -0.25228754
 9558.0  0.90555556  0.96767929  0.00427344  0.96768872 -0.25229150
 9558.1  0.90555556  0.96767826  0.00428213  0.96768773 -0.25229555
 9558.2  0.90555556  0.96767734  0.00426855  0.96768676 -0.25229953
 9558.3  0.90555556  0.96767657  0.00423344  0.96768583 -0.25230331
 9558.4  0.90555556  0.96767595  0.00417821  0.96768497 -0.25230679
 9558.5  0.90555556  0.96767552  0.00410490  0.96768422 -0.25230984
 9558.6  0.90555556  0.96767527  0.00401612  0.96768360 -0.25231237
 9558.7  0.90555556  0.96767521  0.00391500  0.96768313 -0.25231429
 9558.8  0.90555556  0.96767534  0.00380507  0.96768282 -0.25231556
 9558.9  0.90555556  0.96767564  0.00369010  0.96768268 -0.25231614
 9559.0  0.90555556  0.96767610  0.00357391  0.96768270 -0.25231602
 9559.1  0.90555556  0.96767671  0.00346036  0.96768290 -0.25231521
 9559.2  0.90555556  0.96767744  0.00335316  0.96768325 -0.25231375
 9559.3  0.90555556  0.96767827  0.00325574  0.96768375 -0.25231169
 9559.4  0.90555556  0.96767919  0.00317128  0.96768439 -0.25230910
 9559.5  0.90555556  0.96768015  0.00310244  0.96768512 -0.25230609
 9559.6  0.90555556  0.96768112  0.00305126  0.96768594 -0.25230275
 9559.7  0.90555556  0.96768209  0.00301926  0.96768680 -0.25229920
 9559.8  0.90555556  0.96768301  0.00300721  0.96768769 -0.25229557
 9559.9  0.90555556  0.96768387  0.00301526  0.96768857 -0.25229196
 9560.0  0.90555556  0.96768464  0.00304296  0.96768942 -0.25228849
 9560.1  0.90555556  0.96768528  0.00308919  0.96769021 -0.25228528
 9560.2  0.90555556  0.96768577  0.00315220  0.96769091 -0.25228244
 9560.3  0.90555556  0.96768611  0.00322974  0.96769150 -0.25228005
 9560.4  0.90555556  0.96768627  0.00331906  0.96769196 -0.25227819
 9560.5  0.90555556  0.96768624  0.00341703  0.96769227 -0.25227691
 9560.6  0.90555556  0.96768604  0.00352030  0.96769244 -0.25227625
 9560.7  0.90555556  0.96768567  0.00362544  0.96769246 -0.25227622
 9560.8  0.90555556  0.96768514  0.00372895  0.96769233 -0.25227682
 9560.9  0.90555556  0.96768448  0.00382745  0.96769205 -0.25227802
 9561.0  0.90555556  0.96768369  0.00391774  0.96769163 -0.25227978
 9561.1  0.90555556  0.96768283  0.00399690  0.96769108 -0.25228203
 9561.2  0.90555556  0.96768191  0.00406241  0.96769043 -0.25228468
 9561.3  0.90555556  0.96768097  0.00411226  0.96768971 -0.25228766
 9561.4  0.90555556  0.96768006  0.00414501  0.96768893 -0.25229084
 9561.5  0.90555556  0.96767919  0.00415976  0.96768813 -0.25229414
 9561.6  0.90555556  0.96767839  0.00415626  0.96768732 -0.25229743
 9561.7  0.90555556  0.96767770  0.00413479  0.96768653 -0.25230062
 9561.8  0.90555556  0.96767712  0.00409624  0.96768579 -0.25230359
 9561.9  0.90555556  0.96767669  0.00404205  0.96768513 -0.25230625
 9562.0  0.90555556  0.96767641  0.00397419  0.96768457 -0.25230850
 9562.1  0.90555556  0.96767628  0.00389508  0.96768412 -0.25231029
 9562.2  0.90555556  0.96767631  0.00380748  0.96768380 -0.25231156
 9562.3  0.90555556  0.96767649  0.00371439  0.96768362 -0.25231228
 9562.4  0.90555556  0.96767680  0.00361894  0.96768357 -0.25231242
 9562.5  0.90555556  0.96767724  0.00352429  0.96768366 -0.25231199
 9562.6  0.90555556  0.96767780  0.00343355  0.96768389 -0.25231100
 9562.7  0.90555556  0.96767846  0.00334973  0.96768425 -0.25230949
 9562.8  0.90555556  0.96767919  0.00327554  0.96768473 -0.25230753
 9562.9  0.90555556  0.96767997  0.00321336  0.96768531 -0.25230518
 9563.0  0.90555556  0.96768078  0.00316513  0.96768596 -0.25230252
 9563.1  0.90555556  0.96768159  0.00313226  0.96768666 -0.25229965
 9563.2  0.90555556  0.96768238  0.00311567  0.96768739 -0.25229667
 9563.3  0.90555556  0.96768312  0.00311573  0.96768814 -0.25229366
 9563.4  0.90555556  0.96768380  0.00313227  0.96768887 -0.25229073
 9563.5  0.90555556  0.96768438  0.00316460  0.96768955 -0.25228799
 9563.6  0.90555556  0.96768484  0.00321147  0.96769017 -0.25228551
 9563.7  0.90555556  0.96768518  0.00327117  0.96769070 -0.25228339
 9563.8  0.90555556  0.96768536  0.00334154  0.96769113 -0.25228168
 9563.9  0.90555556  0.96768540  0.00342009  0.96769144 -0.25228044
 9564.0  0.90555556  0.96768529  0.00350412  0.96769164 -0.25227970
 9564.1  0.90555556  0.96768504  0.00359081  0.96769171 -0.25227948
 9564.2  0.90555556  0.96768465  0.00367727  0.96769164 -0.25227978
 9564.3  0.90555556  0.96768414  0.00376063  0.96769145 -0.25228060
 9564.4  0.90555556  0.96768352  0.00383815  0.96769113 -0.25228189
 9564.5  0.90555556  0.96768282  0.00390726  0.96769071 -0.25228361
 9564.6  0.90555556  0.96768206  0.00396572  0.96769019 -0.25228570
 9564.7  0.90555556  0.96768129  0.00401172  0.96768961 -0.25228807
 9564.8  0.90555556  0.96768053  0.00404394  0.96768898 -0.25229065
 9564.9  0.90555556  0.96767978  0.00406147  0.96768830 -0.25229335
 9565.0  0.90555556  0.96767909  0.00406390  0.96768762 -0.25229609
 9565.1  0.90555556  0.96767848  0.00405134  0.96768696 -0.25229876
 9565.2  0.90555556  0.96767795  0.00402431  0.96768632 -0.25230128
 9565.3  0.90555556  0.96767755  0.00398388  0.96768575 -0.25230357
 9565.4  0.90555556  0.96767727  0.00393157  0.96768526 -0.25230555
 9565.5  0.90555556  0.96767712  0.00386929  0.96768486 -0.25230716
 9565.6  0.90555556  0.96767710  0.00379915  0.96768456 -0.25230836
 9565.7  0.90555556  0.96767720  0.00372361  0.96768437 -0.25230911
 9565.8  0.90555556  0.96767742  0.00364523  0.96768429 -0.25230939
 9565.9  0.90555556  0.96767776  0.00356662  0.96768433 -0.25230920
 9566.0  0.90555556  0.96767820  0.00349039  0.96768450 -0.25230853
 9566.1  0.90555556  0.96767873  0.00341909  0.96768477 -0.25230743
 9566.2  0.90555556  0.96767933  0.00335506  0.96768515 -0.25230593
 9566.3  0.90555556  0.96767997  0.00330036  0.96768560 -0.25230409
 9566.4  0.90555556  0.96768064  0.00325669  0.96768612 -0.25230199
 9566.5  0.90555556  0.96768131  0.00322534  0.96768669 -0.25229968
 9566.6  0.90555556  0.96768197  0.00320718  0.96768729 -0.25229724
 9566.7  0.90555556  0.96768261  0.00320266  0.96768791 -0.25229477
 9566.8  0.90555556  0.96768318  0.00321181  0.96768851 -0.25229233
 9566.9  0.90555556  0.96768369  0.00323420  0.96768909 -0.25229002
 9567.0  0.90555556  0.96768409  0.00326894  0.96768961 -0.25228791
 9567.1  0.90555556  0.96768439  0.00331470  0.96769007 -0.25228607
 9567.2  0.90555556  0.96768457  0.00336977  0.96769044 -0.25228455
 9567.3  0.90555556  0.96768463  0.00343219  0.96769072 -0.25228340
 9567.4  0.90555556  0.96768458  0.00349981  0.96769091 -0.25228266
 9567.5  0.90555556  0.96768441  0.00357038  0.96769099 -0.25228233
 9567.6  0.90555556  0.96768412  0.00364154  0.96769097 -0.25228244
 9567.7  0.90555556  0.96768372  0.00371092  0.96769084 -0.25228297
 9567.8  0.90555556  0.96768323  0.00377620  0.96769060 -0.25228391
 9567.9  0.90555556  0.96768267  0.00383521  0.96769027 -0.25228521
 9568.0  0.90555556  0.96768207  0.00388603  0.96768987 -0.25228682
 9568.1  0.90555556  0.96768145  0.00392713  0.96768942 -0.25228868
 9568.2  0.90555556  0.96768083  0.00395734  0.96768893 -0.25229073
 9568.3  0.90555556  0.96768022  0.00397581  0.96768839 -0.25229291
 9568.4  0.90555556  0.96767964  0.00398202  0.96768783 -0.25229515
 9568.5  0.90555556  0.96767911  0.00397588  0.96768728 -0.25229736
 9568.6  0.90555556  0.96767866  0.00395771  0.96768676 -0.25229947
 9568.7  0.90555556  0.96767831  0.00392824  0.96768628 -0.25230141
 9568.8  0.90555556  0.96767806  0.00388869  0.96768587 -0.25230311
 9568.9  0.90555556  0.96767791  0.00384054  0.96768553 -0.25230453
 9569.0  0.90555556  0.96767785  0.00378543  0.96768525 -0.25230563
 9569.1  0.90555556  0.96767790  0.00372521  0.96768507 -0.25230637
 9569.2  0.90555556  0.96767804  0.00366194  0.96768497 -0.25230674
 9569.3  0.90555556  0.96767828  0.00359769  0.96768497 -0.25230672
 9569.4  0.90555556  0.96767862  0.00353462  0.96768508 -0.25230630
 9569.5  0.90555556  0.96767904  0.00347492  0.96768528 -0.25230552
 9569.6  0.90555556  0.96767950  0.00342053  0.96768555 -0.25230442
 9569.7  0.90555556  0.96768001  0.00337318  0.96768589 -0.25230302
 9569.8  0.90555556  0.96768054  0.00333431  0.96768629 -0.25230138
 9569.9  0.90555556  0.96768107  0.00330503  0.96768672 -0.25229956
 9570.0  0.90555556  0.96768162  0.00328618  0.96768720 -0.25229761
 9570.1  0.90555556  0.96768216  0.00327838  0.96768771 -0.25229559
 9570.2  0.90555556  0.96768263  0.00328175  0.96768819 -0.25229359
 9570.3  0.90555556  0.96768306  0.00329607  0.96768868 -0.25229166
 9570.4  0.90555556  0.96768341  0.00332078  0.96768911 -0.25228987
 9570.5  0.90555556  0.96768367  0.00335476  0.96768948 -0.25228830
 9570.6  0.90555556  0.96768386  0.00339680  0.96768982 -0.25228695
 9570.7  0.90555556  0.96768395  0.00344546  0.96769008 -0.25228590
 9570.8  0.90555556  0.96768394  0.00349906  0.96769027 -0.25228516
 9570.9  0.90555556  0.96768385  0.00355584  0.96769038 -0.25228475
 9571.0  0.90555556  0.96768364  0.00361392  0.96769039 -0.25228471
 9571.1  0.90555556  0.96768335  0.00367123  0.96769031 -0.25228502
 9571.2  0.90555556  0.96768298  0.00372588  0.96769016 -0.25228565
 9571.3  0.90555556  0.96768256  0.00377609  0.96768993 -0.25228660
 9571.4  0.90555556  0.96768210  0.00382024  0.96768964 -0.25228781
 9571.5  0.90555556  0.96768161  0.00385706  0.96768930 -0.25228924
 9571.6  0.90555556  0.96768110  0.00388541  0.96768890 -0.25229087
 9571.7  0.90555556  0.96768059  0.00390441  0.96768847 -0.25229262
 9571.8  0.90555556  0.96768011  0.00391352  0.96768802 -0.25229444
 9571.9  0.90555556  0.96767966  0.00391248  0.96768757 -0.25229626
 9572.0  0.90555556  0.96767927  0.00390146  0.96768714 -0.25229802
 9572.1  0.90555556  0.96767896  0.00388099  0.96768674 -0.25229966
 9572.2  0.90555556  0.96767871  0.00385189  0.96768638 -0.25230113
 9572.3  0.90555556  0.96767854  0.00381523  0.96768607 -0.25230240
 9572.4  0.90555556  0.96767845  0.00377228  0.96768581 -0.25230342
 9572.5  0.90555556  0.96767845  0.00372446  0.96768561 -0.25230415
 9572.6  0.90555556  0.96767853  0.00367340  0.96768551 -0.25230457
 9572.7  0.90555556  0.96767870  0.00362085  0.96768548 -0.25230467
 9572.8  0.90555556  0.96767895  0.00356862  0.96768553 -0.25230446
 9572.9  0.90555556  0.96767926  0.00351848  0.96768566 -0.25230394
 9573.0  0.90555556  0.96767962  0.00347205  0.96768585 -0.25230314
 9573.1  0.90555556  0.96768001  0.00343076  0.96768609 -0.25230209
 9573.2  0.90555556  0.96768044  0.00339590  0.96768640 -0.25230082
 9573.3  0.90555556  0.96768089  0.00336855  0.96768675 -0.25229937
 9573.4  0.90555556  0.96768135  0.00334958  0.96768715 -0.25229780
 9573.5  0.90555556  0.96768179  0.00333958  0.96768756 -0.25229615
 9573.6  0.90555556  0.96768220  0.00333879  0.96768796 -0.25229450
 9573.7  0.90555556  0.96768257  0.00334709  0.96768836 -0.25229289
 9573.8  0.90555556  0.96768288  0.00336407  0.96768873 -0.25229138
 9573.9  0.90555556  0.96768313  0.00338903  0.96768907 -0.25229001
 9574.0  0.90555556  0.96768332  0.00342110  0.96768937 -0.25228881
 9574.1  0.90555556  0.96768343  0.00345916  0.96768962 -0.25228784
 9574.2  0.90555556  0.96768346  0.00350193  0.96768980 -0.25228713
 9574.3  0.90555556  0.96768341  0.00354791  0.96768991 -0.25228670
 9574.4  0.90555556  0.96768327  0.00359551  0.96768995 -0.25228655
 9574.5  0.90555556  0.96768305  0.00364309  0.96768991 -0.25228670
 9574.6  0.90555556  0.96768278  0.00368906  0.96768981 -0.25228712
 9574.7  0.90555556  0.96768246  0.00373194  0.96768965 -0.25228779
 9574.8  0.90555556  0.96768209  0.00377039  0.96768944 -0.25228871
 9574.9  0.90555556  0.96768169  0.00380320  0.96768916 -0.25228983
 9575.0  0.90555556  0.96768126  0.00382931  0.96768884 -0.25229113
 9575.1  0.90555556  0.96768084  0.00384790  0.96768849 -0.25229254
 9575.2  0.90555556  0.96768043  0.00385839  0.96768812 -0.25229402
 9575.3  0.90555556  0.96768005  0.00386055  0.96768775 -0.25229552
 9575.4  0.90555556  0.96767971  0.00385444  0.96768739 -0.25229699
 9575.5  0.90555556  0.96767942  0.00384038  0.96768704 -0.25229839
 9575.6  0.90555556  0.96767919  0.00381894  0.96768672 -0.25229966
 9575.7  0.90555556  0.96767902  0.00379086  0.96768644 -0.25230078
 9575.8  0.90555556  0.96767891  0.00375714  0.96768621 -0.25230169
 9575.9  0.90555556  0.96767889  0.00371894  0.96768604 -0.25230238
 9576.0  0.90555556  0.96767894  0.00367761  0.96768593 -0.25230281
 9576.1  0.90555556  0.96767906  0.00363459  0.96768589 -0.25230298
 9576.2  0.90555556  0.96767924  0.00359136  0.96768591 -0.25230290
 9576.3  0.90555556  0.96767948  0.00354934  0.96768599 -0.25230256
 9576.4  0.90555556  0.96767976  0.00350989  0.96768612 -0.25230198
 9576.5  0.90555556  0.96768008  0.00347425  0.96768632 -0.25230119
 9576.6  0.90555556  0.96768044  0.00344357  0.96768656 -0.25230019
 9576.7  0.90555556  0.96768081  0.00341885  0.96768685 -0.25229904
 9576.8  0.90555556  0.96768119  0.00340088  0.96768717 -0.25229778
 9576.9  0.90555556  0.96768156  0.00339017  0.96768750 -0.25229645
 9577.0  0.90555556  0.96768190  0.00338698  0.96768783 -0.25229509
 9577.1  0.90555556  0.96768222  0.00339129  0.96768816 -0.25229375
 9577.2  0.90555556  0.96768249  0.00340286  0.96768848 -0.25229247
 9577.3  0.90555556  0.96768272  0.00342122  0.96768877 -0.25229130
 9577.4  0.90555556  0.96768290  0.00344573  0.96768903 -0.25229026
 9577.5  0.90555556  0.96768300  0.00347552  0.96768925 -0.25228940
 9577.6  0.90555556  0.96768304  0.00350952  0.96768941 -0.25228875
 9577.7  0.90555556  0.96768301  0.00354653  0.96768951 -0.25228832
 9577.8  0.90555556  0.96768292  0.00358525  0.96768956 -0.25228813
 9577.9  0.90555556  0.96768276  0.00362437  0.96768955 -0.25228816
 9578.0  0.90555556  0.96768256  0.00366261  0.96768949 -0.25228843
 9578.1  0.90555556  0.96768230  0.00369875  0.96768937 -0.25228892
 9578.2  0.90555556  0.96768201  0.00373162  0.96768920 -0.25228961
 9578.3  0.90555556  0.96768168  0.00376014  0.96768898 -0.25229048
 9578.4  0.90555556  0.96768133  0.00378339  0.96768873 -0.25229150
 9578.5  0.90555556  0.96768099  0.00380065  0.96768845 -0.25229262
 9578.6  0.90555556  0.96768065  0.00381142  0.96768816 -0.25229382
 9578.7  0.90555556  0.96768034  0.00381545  0.96768786 -0.25229504
 9578.8  0.90555556  0.96768005  0.00381272  0.96768756 -0.25229625
 9578.9  0.90555556  0.96767980  0.00380339  0.96768727 -0.25229742
 9579.0  0.90555556  0.96767959  0.00378783  0.96768700 -0.25229850
 9579.1  0.90555556  0.96767943  0.00376659  0.96768676 -0.25229946
 9579.2  0.90555556  0.96767933  0.00374046  0.96768656 -0.25230026
 9579.3  0.90555556  0.96767930  0.00371037  0.96768641 -0.25230088
 9579.4  0.90555556  0.96767932  0.00367739  0.96768631 -0.25230131
 9579.5  0.90555556  0.96767940  0.00364267  0.96768626 -0.25230152
 9579.6  0.90555556  0.96767953  0.00360737  0.96768625 -0.25230153
 9579.7  0.90555556  0.96767971  0.00357275  0.96768630 -0.25230131
 9579.8  0.90555556  0.96767993  0.00353982  0.96768640 -0.25230091
 9579.9  0.90555556  0.96768018  0.00350963  0.96768655 -0.25230032
 9580.0  0.90555556  0.96768047  0.00348314  0.96768674 -0.25229956
 9580.1  0.90555556  0.96768077  0.00346127  0.96768696 -0.25229867
 9580.2  0.90555556  0.96768107  0.00344469  0.96768720 -0.25229767
 9580.3  0.90555556  0.96768137  0.00343388  0.96768746 -0.25229661
 9580.4  0.90555556  0.96768165  0.00342909  0.96768773 -0.25229551
 9580.5  0.90555556  0.96768192  0.00343039  0.96768800 -0.25229441
 9580.6  0.90555556  0.96768215  0.00343767  0.96768826 -0.25229334
 9580.7  0.90555556  0.96768236  0.00345064  0.96768851 -0.25229235
 9580.8  0.90555556  0.96768251  0.00346885  0.96768873 -0.25229146
 9580.9  0.90555556  0.96768261  0.00349162  0.96768891 -0.25229071
 9581.0  0.90555556  0.96768266  0.00351814  0.96768905 -0.25229012
 9581.1  0.90555556  0.96768265  0.00354743  0.96768915 -0.25228971
 9581.2  0.90555556  0.96768260  0.00357849  0.96768921 -0.25228947
 9581.3  0.90555556  0.96768249  0.00361027  0.96768923 -0.25228943
 9581.4  0.90555556  0.96768235  0.00364177  0.96768920 -0.25228957
 9581.5  0.90555556  0.96768216  0.00367196  0.96768912 -0.25228990
 9581.6  0.90555556  0.96768192  0.00369987  0.96768900 -0.25229041
 9581.7  0.90555556  0.96768166  0.00372455  0.96768883 -0.25229107
 9581.8  0.90555556  0.96768139  0.00374517  0.96768863 -0.25229186
 9581.9  0.90555556  0.96768111  0.00376110  0.96768842 -0.25229274
 9582.0  0.90555556  0.96768084  0.00377188  0.96768819 -0.25229369
 9582.1  0.90555556  0.96768058  0.00377729  0.96768796 -0.25229468
 9582.2  0.90555556  0.96768034  0.00377723  0.96768771 -0.25229568
 9582.3  0.90555556  0.96768012  0.00377174  0.96768747 -0.25229665
 9582.4  0.90555556  0.96767993  0.00376100  0.96768724 -0.25229757
 9582.5  0.90555556  0.96767978  0.00374540  0.96768703 -0.25229839
 9582.6  0.90555556  0.96767968  0.00372550  0.96768686 -0.25229910
 9582.7  0.90555556  0.96767964  0.00370208  0.96768672 -0.25229966
 9582.8  0.90555556  0.96767965  0.00367599  0.96768663 -0.25230006
 9582.9  0.90555556  0.96767969  0.00364814  0.96768656 -0.25230031
 9583.0  0.90555556  0.96767977  0.00361944  0.96768654 -0.25230039
 9583.1  0.90555556  0.96767989  0.00359078  0.96768655 -0.25230029
 9583.2  0.90555556  0.96768005  0.00356308  0.96768661 -0.25230003
 9583.3  0.90555556  0.96768025  0.00353727  0.96768672 -0.25229960
 9583.4  0.90555556  0.96768049  0.00351426  0.96768687 -0.25229902
 9583.5  0.90555556  0.96768073  0.00349481  0.96768704 -0.25229833
 9583.6  0.90555556  0.96768097  0.00347953  0.96768723 -0.25229754
 9583.7  0.90555556  0.96768121  0.00346882  0.96768743 -0.25229669
 9583.8  0.90555556  0.96768145  0.00346293  0.96768764 -0.25229580
 9583.9  0.90555556  0.96768167  0.00346197  0.96768787 -0.25229490
 9584.0  0.90555556  0.96768189  0.00346598  0.96768809 -0.25229400
 9584.1  0.90555556  0.96768207  0.00347483  0.96768831 -0.25229315
 9584.2  0.90555556  0.96768222  0.00348822  0.96768850 -0.25229239
 9584.3  0.90555556  0.96768231  0.00350561  0.96768866 -0.25229173
 9584.4  0.90555556  0.96768236  0.00352632  0.96768879 -0.25229120
 9584.5  0.90555556  0.96768237  0.00354957  0.96768888 -0.25229080
 9584.6  0.90555556  0.96768235  0.00357457  0.96768895 -0.25229055
 9584.7  0.90555556  0.96768229  0.00360053  0.96768899 -0.25229044
 9584.8  0.90555556  0.96768219  0.00362665  0.96768898 -0.25229050
 9584.9  0.90555556  0.96768204  0.00365207  0.96768893 -0.25229071
 9585.0  0.90555556  0.96768185  0.00367591  0.96768884 -0.25229108
 9585.1  0.90555556  0.96768164  0.00369733  0.96768871 -0.25229158
 9585.2  0.90555556  0.96768142  0.00371560  0.96768855 -0.25229220
 9585.3  0.90555556  0.96768120  0.00373016  0.96768839 -0.25229289
 9585.4  0.90555556  0.96768098  0.00374065  0.96768821 -0.25229365
 9585.5  0.90555556  0.96768076  0.00374685  0.96768802 -0.25229445
 9585.6  0.90555556  0.96768055  0.00374858  0.96768781 -0.25229528
 9585.7  0.90555556  0.96768035  0.00374578  0.96768760 -0.25229610
 9585.8  0.90555556  0.96768018  0.00373851  0.96768740 -0.25229688
 9585.9  0.90555556  0.96768004  0.00372702  0.96768722 -0.25229759
 9586.0  0.90555556  0.96767996  0.00371179  0.96768707 -0.25229820
 9586.1  0.90555556  0.96767991  0.00369348  0.96768696 -0.25229870
 9586.2  0.90555556  0.96767989  0.00367279  0.96768686 -0.25229909
 9586.3  0.90555556  0.96767991  0.00365036  0.96768679 -0.25229935
 9586.4  0.90555556  0.96767996  0.00362690  0.96768675 -0.25229947
 9586.5  0.90555556  0.96768004  0.00360312  0.96768675 -0.25229944
 9586.6  0.90555556  0.96768017  0.00357981  0.96768680 -0.25229927
 9586.7  0.90555556  0.96768035  0.00355787  0.96768689 -0.25229895
 9586.8  0.90555556  0.96768052  0.00353806  0.96768699 -0.25229852
 9586.9  0.90555556  0.96768072  0.00352101  0.96768713 -0.25229798
 9587.0  0.90555556  0.96768091  0.00350724  0.96768727 -0.25229737
 9587.1  0.90555556  0.96768111  0.00349700  0.96768742 -0.25229669
 9587.2  0.90555556  0.96768132  0.00349064  0.96768761 -0.25229596
 9587.3  0.90555556  0.96768151  0.00348836  0.96768780 -0.25229521
 9587.4  0.90555556  0.96768170  0.00349023  0.96768799 -0.25229446
 9587.5  0.90555556  0.96768186  0.00349624  0.96768818 -0.25229375
 9587.6  0.90555556  0.96768198  0.00350610  0.96768833 -0.25229310
 9587.7  0.90555556  0.96768206  0.00351932  0.96768846 -0.25229253
 9587.8  0.90555556  0.96768212  0.00353542  0.96768858 -0.25229206
 9587.9  0.90555556  0.96768214  0.00355380  0.96768867 -0.25229169
 9588.0  0.90555556  0.96768215  0.00357388  0.96768875 -0.25229143
 9588.1  0.90555556  0.96768211  0.00359508  0.96768879 -0.25229130
 9588.2  0.90555556  0.96768202  0.00361667  0.96768878 -0.25229130
 9588.3  0.90555556  0.96768191  0.00363789  0.96768874 -0.25229144
 9588.4  0.90555556  0.96768176  0.00365796  0.96768867 -0.25229171
 9588.5  0.90555556  0.96768159  0.00367619  0.96768858 -0.25229208
 9588.6  0.90555556  0.96768142  0.00369203  0.96768847 -0.25229255
 9588.7  0.90555556  0.96768125  0.00370505  0.96768834 -0.25229309
 9588.8  0.90555556  0.96768106  0.00371490  0.96768819 -0.25229370
 9588.9  0.90555556  0.96768087  0.00372129  0.96768803 -0.25229435
 9589.0  0.90555556  0.96768069  0.00372397  0.96768785 -0.25229504
 9589.1  0.90555556  0.96768052  0.00372284  0.96768768 -0.25229571
 9589.2  0.90555556  0.96768038  0.00371799  0.96768752 -0.25229636
 9589.3  0.90555556  0.96768027  0.00370966  0.96768738 -0.25229695
 9589.4  0.90555556  0.96768019  0.00369823  0.96768726 -0.25229748
 9589.5  0.90555556  0.96768014  0.00368415  0.96768715 -0.25229792
 9589.6  0.90555556  0.96768010  0.00366789  0.96768705 -0.25229828
 9589.7  0.90555556  0.96768010  0.00364993  0.96768699 -0.25229854
 9589.8  0.90555556  0.96768014  0.00363087  0.96768695 -0.25229867
 9589.9  0.90555556  0.96768021  0.00361135  0.96768695 -0.25229868
 9590.0  0.90555556  0.96768031  0.00359210  0.96768698 -0.25229857
 9590.1  0.90555556  0.96768044  0.00357381  0.96768704 -0.25229835
 9590.2  0.90555556  0.96768058  0.00355706  0.96768712 -0.25229804
 9590.3  0.90555556  0.96768073  0.00354234  0.96768721 -0.25229764
 9590.4  0.90555556  0.96768088  0.00353007  0.96768732 -0.25229716
 9590.5  0.90555556  0.96768105  0.00352059  0.96768745 -0.25229661
 9590.6  0.90555556  0.96768122  0.00351424  0.96768760 -0.25229602
 9590.7  0.90555556  0.96768139  0.00351124  0.96768776 -0.25229541
 9590.8  0.90555556  0.96768154  0.00351169  0.96768791 -0.25229480
 9590.9  0.90555556  0.96768167  0.00351550  0.96768805 -0.25229421
 9591.0  0.90555556  0.96768177  0.00352246  0.96768818 -0.25229367
 9591.1  0.90555556  0.96768185  0.00353224  0.96768830 -0.25229318
 9591.2  0.90555556  0.96768191  0.00354451  0.96768841 -0.25229276
 9591.3  0.90555556  0.96768195  0.00355887  0.96768850 -0.25229242
 9591.4  0.90555556  0.96768196  0.00357488  0.96768856 -0.25229217
 9591.5  0.90555556  0.96768193  0.00359199  0.96768860 -0.25229203
 9591.6  0.90555556  0.96768187  0.00360959  0.96768860 -0.25229201
 9591.7  0.90555556  0.96768178  0.00362702  0.96768857 -0.25229209
 9591.8  0.90555556  0.96768167  0.00364370  0.96768853 -0.25229226
 9591.9  0.90555556  0.96768155  0.00365910  0.96768847 -0.25229253
 9592.0  0.90555556  0.96768142  0.00367279  0.96768839 -0.25229288
 9592.1  0.90555556  0.96768127  0.00368436  0.96768829 -0.25229330
 9592.2  0.90555556  0.96768112  0.00369345  0.96768817 -0.25229378
 9592.3  0.90555556  0.96768096  0.00369972  0.96768803 -0.25229431
 9592.4  0.90555556  0.96768081  0.00370298  0.96768789 -0.25229486
 9592.5  0.90555556  0.96768067  0.00370314  0.96768776 -0.25229541
 9592.6  0.90555556  0.96768056  0.00370027  0.96768763 -0.25229594
 9592.7  0.90555556  0.96768046  0.00369455  0.96768752 -0.25229644
 9592.8  0.90555556  0.96768038  0.00368622  0.96768740 -0.25229690
 9592.9  0.90555556  0.96768032  0.00367555  0.96768730 -0.25229730
 9593.0  0.90555556  0.96768028  0.00366287  0.96768722 -0.25229762
 9593.1  0.90555556  0.96768028  0.00364862  0.96768715 -0.25229786
 9593.2  0.90555556  0.96768030  0.00363328  0.96768712 -0.25229800
 9593.3  0.90555556  0.96768035  0.00361743  0.96768712 -0.25229804
 9593.4  0.90555556  0.96768043  0.00360163  0.96768713 -0.25229799
 9593.5  0.90555556  0.96768052  0.00358640  0.96768716 -0.25229785
 9593.6  0.90555556  0.96768062  0.00357220  0.96768721 -0.25229763
 9593.7  0.90555556  0.96768073  0.00355944  0.96768728 -0.25229733
 9593.8  0.90555556  0.96768087  0.00354854  0.96768737 -0.25229695
 9593.9  0.90555556  0.96768101  0.00353985  0.96768748 -0.25229652
 9594.0  0.90555556  0.96768115  0.00353368  0.96768760 -0.25229605
 9594.1  0.90555556  0.96768128  0.00353023  0.96768772 -0.25229555
 9594.2  0.90555556  0.96768141  0.00352955  0.96768784 -0.25229506
 9594.3  0.90555556  0.96768151  0.00353161  0.96768796 -0.25229457
 9594.4  0.90555556  0.96768161  0.00353627  0.96768807 -0.25229411
 9594.5  0.90555556  0.96768169  0.00354339  0.96768818 -0.25229369
 9594.6  0.90555556  0.96768175  0.00355266  0.96768827 -0.25229332
 9594.7  0.90555556  0.96768179  0.00356382  0.96768835 -0.25229301
 9594.8  0.90555556  0.96768180  0.00357648  0.96768841 -0.25229278
 9594.9  0.90555556  0.96768178  0.00359023  0.96768844 -0.25229264
 9595.0  0.90555556  0.96768174  0.00360452  0.96768845 -0.25229258
 9595.1  0.90555556  0.96768168  0.00361885  0.96768845 -0.25229261
 9595.2  0.90555556  0.96768160  0.00363278  0.96768842 -0.25229272
 9595.3  0.90555556  0.96768151  0.00364587  0.96768838 -0.25229291
 9595.4  0.90555556  0.96768141  0.00365773  0.96768832 -0.25229317
 9595.5  0.90555556  0.96768129  0.00366799  0.96768824 -0.25229350
 9595.6  0.90555556  0.96768116  0.00367628  0.96768814 -0.25229388
 9595.7  0.90555556  0.96768103  0.00368230  0.96768803 -0.25229430
 9595.8  0.90555556  0.96768091  0.00368589  0.96768792 -0.25229475
 9595.9  0.90555556  0.96768079  0.00368697  0.96768782 -0.25229520
 9596.0  0.90555556  0.96768070  0.00368559  0.96768771 -0.25229564
 9596.1  0.90555556  0.96768061  0.00368183  0.96768761 -0.25229606
 9596.2  0.90555556  0.96768053  0.00367583  0.96768751 -0.25229646
 9596.3  0.90555556  0.96768046  0.00366777  0.96768742 -0.25229681
 9596.4  0.90555556  0.96768043  0.00365789  0.96768734 -0.25229710
 9596.5  0.90555556  0.96768042  0.00364657  0.96768729 -0.25229732
 9596.6  0.90555556  0.96768043  0.00363423  0.96768726 -0.25229746
 9596.7  0.90555556  0.96768047  0.00362133  0.96768725 -0.25229752
 9596.8  0.90555556  0.96768052  0.00360833  0.96768725 -0.25229751
 9596.9  0.90555556  0.96768058  0.00359563  0.96768726 -0.25229743
 9597.0  0.90555556  0.96768066  0.00358358  0.96768729 -0.25229727
 9597.1  0.90555556  0.96768075  0.00357255  0.96768734 -0.25229705
 9597.2  0.90555556  0.96768086  0.00356292  0.96768742 -0.25229675
 9597.3  0.90555556  0.96768098  0.00355504  0.96768751 -0.25229641
 9597.4  0.90555556  0.96768110  0.00354922  0.96768761 -0.25229603
 9597.5  0.90555556  0.96768121  0.00354562  0.96768771 -0.25229563
 9597.6  0.90555556  0.96768131  0.00354426  0.96768780 -0.25229523
 9597.7  0.90555556  0.96768140  0.00354512  0.96768789 -0.25229483
 9597.8  0.90555556  0.96768148  0.00354813  0.96768799 -0.25229444
 9597.9  0.90555556  0.96768156  0.00355319  0.96768809 -0.25229407
 9598.0  0.90555556  0.96768163  0.00356019  0.96768818 -0.25229374
 9598.1  0.90555556  0.96768167  0.00356893  0.96768825 -0.25229347
 9598.2  0.90555556  0.96768167  0.00357905  0.96768829 -0.25229327
 9598.3  0.90555556  0.96768166  0.00359014  0.96768832 -0.25229313
 9598.4  0.90555556  0.96768163  0.00360174  0.96768833 -0.25229306
 9598.5  0.90555556  0.96768159  0.00361348  0.96768833 -0.25229306
 9598.6  0.90555556  0.96768154  0.00362503  0.96768833 -0.25229311
 9598.7  0.90555556  0.96768148  0.00363609  0.96768831 -0.25229324
 9598.8  0.90555556  0.96768139  0.00364632  0.96768826 -0.25229344
 9598.9  0.90555556  0.96768128  0.00365534  0.96768819 -0.25229370
 9599.0  0.90555556  0.96768117  0.00366275  0.96768810 -0.25229401
 9599.1  0.90555556  0.96768106  0.00366830  0.96768801 -0.25229434
 9599.2  0.90555556  0.96768097  0.00367186  0.96768793 -0.25229470
 9599.3  0.90555556  0.96768088  0.00367341  0.96768785 -0.25229506
 9599.4  0.90555556  0.96768080  0.00367301  0.96768777 -0.25229542
 9599.5  0.90555556  0.96768072  0.00367069  0.96768768 -0.25229578
 9599.6  0.90555556  0.96768064  0.00366644  0.96768758 -0.25229612
 9599.7  0.90555556  0.96768058  0.00366035  0.96768750 -0.25229643
 9599.8  0.90555556  0.96768054  0.00365263  0.96768744 -0.25229668
 9599.9  0.90555556  0.96768054  0.00364362  0.96768740 -0.25229687
 9600.0  0.90555556  0.96768055  0.00363374  0.96768738 -0.25229700
 9600.1  0.90555556  0.96768058  0.00362337  0.96768736 -0.25229708
 9600.2  0.90555556  0.96768060  0.00361280  0.96768735 -0.25229710
 9600.3  0.90555556  0.96768064  0.00360230  0.96768735 -0.25229706
 9600.4  0.90555556  0.96768070  0.00359215  0.96768737 -0.25229695
 9600.5  0.90555556  0.96768078  0.00358269  0.96768741 -0.25229678
 9600.6  0.90555556  0.96768088  0.00357432  0.96768748 -0.25229655
 9600.7  0.90555556  0.96768098  0.00356739  0.96768755 -0.25229628
 9600.8  0.90555556  0.96768107  0.00356212  0.96768763 -0.25229598
 9600.9  0.90555556  0.96768115  0.00355860  0.96768769 -0.25229567
 9601.0  0.90555556  0.96768123  0.00355683  0.96768776 -0.25229535
 9601.1  0.90555556  0.96768131  0.00355682  0.96768784 -0.25229502
 9601.2  0.90555556  0.96768139  0.00355858  0.96768793 -0.25229468
 9601.3  0.90555556  0.96768147  0.00356214  0.96768802 -0.25229437
 9601.4  0.90555556  0.96768152  0.00356741  0.96768810 -0.25229409
 9601.5  0.90555556  0.96768155  0.00357418  0.96768815 -0.25229386
 9601.6  0.90555556  0.96768155  0.00358213  0.96768818 -0.25229368
 9601.7  0.90555556  0.96768154  0.00359088  0.96768821 -0.25229355
 9601.8  0.90555556  0.96768153  0.00360014  0.96768823 -0.25229346
 9601.9  0.90555556  0.96768151  0.00360967  0.96768825 -0.25229343
 9602.0  0.90555556  0.96768148  0.00361924  0.96768825 -0.25229346
 9602.1  0.90555556  0.96768143  0.00362855  0.96768823 -0.25229355
 9602.2  0.90555556  0.96768135  0.00363726  0.96768819 -0.25229370
 9602.3  0.90555556  0.96768126  0.00364499  0.96768813 -0.25229390
 9602.4  0.90555556  0.96768118  0.00365144  0.96768807 -0.25229413
 9602.5  0.90555556  0.96768110  0.00365645  0.96768801 -0.25229439
 9602.6  0.90555556  0.96768103  0.00365995  0.96768795 -0.25229467
 9602.7  0.90555556  0.96768095  0.00366190  0.96768788 -0.25229496
 9602.8  0.90555556  0.96768088  0.00366226  0.96768781 -0.25229526
 9602.9  0.90555556  0.96768080  0.00366098  0.96768772 -0.25229557
 9603.0  0.90555556  0.96768073  0.00365803  0.96768764 -0.25229586
 9603.1  0.90555556  0.96768068  0.00365350  0.96768758 -0.25229611
 9603.2  0.90555556  0.96768066  0.00364761  0.96768753 -0.25229633
 9603.3  0.90555556  0.96768065  0.00364064  0.96768750 -0.25229650
 9603.4  0.90555556  0.96768065  0.00363291  0.96768747 -0.25229663
 9603.5  0.90555556  0.96768066  0.00362464  0.96768745 -0.25229672
 9603.6  0.90555556  0.96768067  0.00361605  0.96768743 -0.25229676
 9603.7  0.90555556  0.96768070  0.00360736  0.96768742 -0.25229674
 9603.8  0.90555556  0.96768075  0.00359884  0.96768744 -0.25229667
 9603.9  0.90555556  0.96768082  0.00359083  0.96768748 -0.25229654
 9604.0  0.90555556  0.96768089  0.00358367  0.96768753 -0.25229637
 9604.1  0.90555556  0.96768097  0.00357761  0.96768758 -0.25229616
 9604.2  0.90555556  0.96768104  0.00357282  0.96768763 -0.25229594
 9604.3  0.90555556  0.96768110  0.00356936  0.96768768 -0.25229569
 9604.4  0.90555556  0.96768117  0.00356727  0.96768774 -0.25229543
 9604.5  0.90555556  0.96768124  0.00356663  0.96768781 -0.25229515
 9604.6  0.90555556  0.96768132  0.00356750  0.96768789 -0.25229487
 9604.7  0.90555556  0.96768138  0.00356990  0.96768796 -0.25229461
 9604.8  0.90555556  0.96768142  0.00357375  0.96768802 -0.25229437
 9604.9  0.90555556  0.96768145  0.00357885  0.96768806 -0.25229417
 9605.0  0.90555556  0.96768146  0.00358496  0.96768810 -0.25229401
 9605.1  0.90555556  0.96768146  0.00359182  0.96768813 -0.25229388
 9605.2  0.90555556  0.96768146  0.00359921  0.96768815 -0.25229379
 9605.3  0.90555556  0.96768145  0.00360697  0.96768817 -0.25229374
 9605.4  0.90555556  0.96768143  0.00361489  0.96768818 -0.25229375
 9605.5  0.90555556  0.96768138  0.00362271  0.96768816 -0.25229381
 9605.6  0.90555556  0.96768132  0.00363008  0.96768813 -0.25229392
 9605.7  0.90555556  0.96768125  0.00363671  0.96768808 -0.25229407
 9605.8  0.90555556  0.96768119  0.00364237  0.96768804 -0.25229424
 9605.9  0.90555556  0.96768113  0.00364692  0.96768800 -0.25229444
 9606.0  0.90555556  0.96768107  0.00365032  0.96768795 -0.25229466
 9606.1  0.90555556  0.96768101  0.00365250  0.96768790 -0.25229490
 9606.2  0.90555556  0.96768093  0.00365337  0.96768783 -0.25229515
 9606.3  0.90555556  0.96768086  0.00365285  0.96768776 -0.25229541
 9606.4  0.90555556  0.96768080  0.00365089  0.96768769 -0.25229565
 9606.5  0.90555556  0.96768077  0.00364758  0.96768764 -0.25229587
 9606.6  0.90555556  0.96768075  0.00364313  0.96768761 -0.25229605
 9606.7  0.90555556  0.96768074  0.00363777  0.96768758 -0.25229620
 9606.8  0.90555556  0.96768073  0.00363173  0.96768755 -0.25229633
 9606.9  0.90555556  0.96768072  0.00362514  0.96768751 -0.25229642
 9607.0  0.90555556  0.96768072  0.00361813  0.96768749 -0.25229648
 9607.1  0.90555556  0.96768075  0.00361090  0.96768748 -0.25229648
 9607.2  0.90555556  0.96768079  0.00360371  0.96768750 -0.25229643
 9607.3  0.90555556  0.96768085  0.00359692  0.96768754 -0.25229633
 9607.4  0.90555556  0.96768091  0.00359082  0.96768758 -0.25229620
 9607.5  0.90555556  0.96768097  0.00358559  0.96768761 -0.25229605
 9607.6  0.90555556  0.96768101  0.00358130  0.96768764 -0.25229588
 9607.7  0.90555556  0.96768106  0.00357798  0.96768768 -0.25229569
 9607.8  0.90555556  0.96768112  0.00357573  0.96768773 -0.25229547
 9607.9  0.90555556  0.96768120  0.00357467  0.96768780 -0.25229523
 9608.0  0.90555556  0.96768127  0.00357493  0.96768787 -0.25229500
 9608.1  0.90555556  0.96768132  0.00357655  0.96768793 -0.25229478
 9608.2  0.90555556  0.96768135  0.00357941  0.96768797 -0.25229458
 9608.3  0.90555556  0.96768136  0.00358328  0.96768800 -0.25229442
 9608.4  0.90555556  0.96768137  0.00358794  0.96768803 -0.25229427
 9608.5  0.90555556  0.96768139  0.00359325  0.96768806 -0.25229415
 9608.6  0.90555556  0.96768140  0.00359913  0.96768810 -0.25229405
 9608.7  0.90555556  0.96768141  0.00360548  0.96768812 -0.25229400
 9608.8  0.90555556  0.96768138  0.00361210  0.96768812 -0.25229399
 9608.9  0.90555556  0.96768134  0.00361868  0.96768810 -0.25229403
 9609.0  0.90555556  0.96768128  0.00362488  0.96768807 -0.25229412
 9609.1  0.90555556  0.96768123  0.00363045  0.96768804 -0.25229423
 9609.2  0.90555556  0.96768119  0.00363528  0.96768802 -0.25229435
 9609.3  0.90555556  0.96768115  0.00363934  0.96768799 -0.25229450
 9609.4  0.90555556  0.96768110  0.00364259  0.96768796 -0.25229468
 9609.5  0.90555556  0.96768104  0.00364487  0.96768790 -0.25229488
 9609.6  0.90555556  0.96768097  0.00364601  0.96768783 -0.25229510
 9609.7  0.90555556  0.96768090  0.00364590  0.96768777 -0.25229531
 9609.8  0.90555556  0.96768086  0.00364456  0.96768773 -0.25229550
 9609.9  0.90555556  0.96768084  0.00364214  0.96768770 -0.25229567
 9610.0  0.90555556  0.96768083  0.00363886  0.96768767 -0.25229583
 9610.1  0.90555556  0.96768081  0.00363484  0.96768763 -0.25229597
 9610.2  0.90555556  0.96768079  0.00363016  0.96768759 -0.25229609
 9610.3  0.90555556  0.96768077  0.00362487  0.96768756 -0.25229619
 9610.4  0.90555556  0.96768077  0.00361908  0.96768754 -0.25229624
 9610.5  0.90555556  0.96768080  0.00361307  0.96768755 -0.25229624
 9610.6  0.90555556  0.96768085  0.00360714  0.96768757 -0.25229621
 9610.7  0.90555556  0.96768089  0.00360154  0.96768759 -0.25229614
 9610.8  0.90555556  0.96768093  0.00359646  0.96768761 -0.25229606
