 # TIME  LP  TMAB  TMDS  TMPC  TMZ
 2858.6  0.94444444  0.96597024  0.06324703  0.96803858 -0.25051758
 2858.7  0.94444444  0.96597024  0.06324703  0.96803858 -0.25051758
 2858.8  0.94444444  0.96597024  0.06324703  0.96803858 -0.25051758
 2858.9  0.94444444  0.96597024  0.06324703  0.96803858 -0.25051758
 2859.0  0.94444444  0.96603104  0.06231690  0.96803892 -0.25051623
 2859.1  0.94444444  0.96614772  0.06051223  0.96804088 -0.25050600
 2859.2  0.94444444  0.96623791  0.05909355  0.96804326 -0.25048763
 2859.3  0.94444444  0.96629460  0.05820322  0.96804590 -0.25046268
 2859.4  0.94444444  0.96631262  0.05793431  0.96804775 -0.25043470
 2859.5  0.94444444  0.96629199  0.05828280  0.96804808 -0.25040778
 2859.6  0.94444444  0.96624155  0.05910831  0.96804779 -0.25038422
 2859.7  0.94444444  0.96617071  0.06026183  0.96804821 -0.25036558
 2859.8  0.94444444  0.96608629  0.06161985  0.96804944 -0.25035438
 2859.9  0.94444444  0.96599818  0.06302882  0.96805222 -0.25035102
 2860.0  0.94444444  0.96591400  0.06436939  0.96805644 -0.25035494
 2860.1  0.94444444  0.96583522  0.06559770  0.96806029 -0.25036653
 2860.2  0.94444444  0.96576731  0.06661767  0.96806219 -0.25038512
 2860.3  0.94444444  0.96571926  0.06730169  0.96806158 -0.25040837
 2860.4  0.94444444  0.96569808  0.06754825  0.96805762 -0.25043452
 2860.5  0.94444444  0.96571192  0.06725621  0.96805109 -0.25046066
 2860.6  0.94444444  0.96576542  0.06638709  0.96804447 -0.25048266
 2860.7  0.94444444  0.96585177  0.06505301  0.96804005 -0.25049751
 2860.8  0.94444444  0.96595661  0.06345655  0.96803869 -0.25050396
 2860.9  0.94444444  0.96606464  0.06182055  0.96804064 -0.25050095
 2861.0  0.94444444  0.96615888  0.06039034  0.96804441 -0.25048914
 2861.1  0.94444444  0.96622512  0.05937234  0.96804755 -0.25047114
 2861.2  0.94444444  0.96625787  0.05885757  0.96804880 -0.25044951
 2861.3  0.94444444  0.96625806  0.05884813  0.96804842 -0.25042644
 2861.4  0.94444444  0.96622922  0.05929633  0.96804698 -0.25040480
 2861.5  0.94444444  0.96617912  0.06008933  0.96804588 -0.25038679
 2861.6  0.94444444  0.96611734  0.06108921  0.96804680 -0.25037336
 2861.7  0.94444444  0.96604930  0.06220549  0.96804999 -0.25036563
 2861.8  0.94444444  0.96597796  0.06337040  0.96805435 -0.25036467
 2861.9  0.94444444  0.96590752  0.06449993  0.96805866 -0.25037027
 2862.0  0.94444444  0.96584139  0.06552181  0.96806131 -0.25038213
 2862.1  0.94444444  0.96578511  0.06634020  0.96806090 -0.25039980
 2862.2  0.94444444  0.96574916  0.06681223  0.96805750 -0.25042129
 2862.3  0.94444444  0.96574314  0.06682312  0.96805224 -0.25044378
 2862.4  0.94444444  0.96577088  0.06634038  0.96804671 -0.25046457
 2862.5  0.94444444  0.96583053  0.06540798  0.96804278 -0.25048087
 2862.6  0.94444444  0.96591339  0.06415674  0.96804172 -0.25049033
 2862.7  0.94444444  0.96600473  0.06278626  0.96804301 -0.25049217
 2862.8  0.94444444  0.96608983  0.06149728  0.96804519 -0.25048674
 2862.9  0.94444444  0.96615767  0.06045124  0.96804700 -0.25047495
 2863.0  0.94444444  0.96620097  0.05976526  0.96804763 -0.25045857
 2863.1  0.94444444  0.96621733  0.05948966  0.96804697 -0.25043989
 2863.2  0.94444444  0.96620931  0.05960418  0.96804601 -0.25042083
 2863.3  0.94444444  0.96618138  0.06005352  0.96804591 -0.25040317
 2863.4  0.94444444  0.96613791  0.06077023  0.96804725 -0.25038874
 2863.5  0.94444444  0.96608350  0.06167274  0.96805002 -0.25037887
 2863.6  0.94444444  0.96602209  0.06268227  0.96805358 -0.25037435
 2863.7  0.94444444  0.96595678  0.06372787  0.96805668 -0.25037587
 2863.8  0.94444444  0.96589259  0.06471832  0.96805834 -0.25038348
 2863.9  0.94444444  0.96583683  0.06554270  0.96805817 -0.25039635
 2864.0  0.94444444  0.96579713  0.06609564  0.96805616 -0.25041318
 2864.1  0.94444444  0.96578068  0.06628736  0.96805285 -0.25043210
 2864.2  0.94444444  0.96579220  0.06606810  0.96804937 -0.25045059
 2864.3  0.94444444  0.96583092  0.06545973  0.96804666 -0.25046632
 2864.4  0.94444444  0.96589077  0.06454801  0.96804515 -0.25047749
 2864.5  0.94444444  0.96596267  0.06345753  0.96804480 -0.25048282
 2864.6  0.94444444  0.96603599  0.06233723  0.96804517 -0.25048180
 2864.7  0.94444444  0.96610063  0.06133470  0.96804565 -0.25047494
 2864.8  0.94444444  0.96614950  0.06056470  0.96804594 -0.25046329
 2864.9  0.94444444  0.96617862  0.06010172  0.96804615 -0.25044826
 2865.0  0.94444444  0.96618644  0.05998093  0.96804646 -0.25043170
 2865.1  0.94444444  0.96617397  0.06019244  0.96804714 -0.25041550
 2865.2  0.94444444  0.96614418  0.06068947  0.96804844 -0.25040128
 2865.3  0.94444444  0.96610057  0.06140847  0.96805026 -0.25039048
 2865.4  0.94444444  0.96604718  0.06227298  0.96805221 -0.25038429
 2865.5  0.94444444  0.96598916  0.06319353  0.96805397 -0.25038322
 2865.6  0.94444444  0.96593195  0.06408093  0.96805522 -0.25038731
 2865.7  0.94444444  0.96588107  0.06484999  0.96805566 -0.25039623
 2865.8  0.94444444  0.96584241  0.06541616  0.96805518 -0.25040897
 2865.9  0.94444444  0.96582114  0.06570981  0.96805385 -0.25042408
 2866.0  0.94444444  0.96582044  0.06569032  0.96805182 -0.25043988
 2866.1  0.94444444  0.96584125  0.06534908  0.96804949 -0.25045452
 2866.2  0.94444444  0.96588152  0.06471908  0.96804734 -0.25046615
 2866.3  0.94444444  0.96593583  0.06387909  0.96804575 -0.25047340
 2866.4  0.94444444  0.96599674  0.06293815  0.96804489 -0.25047552
 2866.5  0.94444444  0.96605626  0.06201727  0.96804486 -0.25047230
 2866.6  0.94444444  0.96610680  0.06123498  0.96804549 -0.25046430
 2866.7  0.94444444  0.96614234  0.06068648  0.96804642 -0.25045269
 2866.8  0.94444444  0.96615958  0.06042665  0.96804737 -0.25043897
 2866.9  0.94444444  0.96615776  0.06046902  0.96804820 -0.25042474
 2867.0  0.94444444  0.96613833  0.06078991  0.96804890 -0.25041166
 2867.1  0.94444444  0.96610472  0.06133323  0.96804963 -0.25040108
 2867.2  0.94444444  0.96606147  0.06202535  0.96805058 -0.25039397
 2867.3  0.94444444  0.96601325  0.06279050  0.96805177 -0.25039099
 2867.4  0.94444444  0.96596462  0.06355434  0.96805310 -0.25039237
 2867.5  0.94444444  0.96592000  0.06424673  0.96805428 -0.25039790
 2867.6  0.94444444  0.96588327  0.06480520  0.96805486 -0.25040703
 2867.7  0.94444444  0.96585819  0.06517205  0.96805447 -0.25041887
 2867.8  0.94444444  0.96584830  0.06529716  0.96805302 -0.25043210
 2867.9  0.94444444  0.96585588  0.06515203  0.96805081 -0.25044516
 2868.0  0.94444444  0.96588101  0.06474192  0.96804837 -0.25045648
 2868.1  0.94444444  0.96592112  0.06411045  0.96804636 -0.25046463
 2868.2  0.94444444  0.96597098  0.06333839  0.96804530 -0.25046860
 2868.3  0.94444444  0.96602353  0.06253146  0.96804527 -0.25046800
 2868.4  0.94444444  0.96607144  0.06179857  0.96804602 -0.25046306
 2868.5  0.94444444  0.96610851  0.06123257  0.96804704 -0.25045456
 2868.6  0.94444444  0.96613055  0.06089707  0.96804788 -0.25044368
 2868.7  0.94444444  0.96613602  0.06081731  0.96804833 -0.25043180
 2868.8  0.94444444  0.96612589  0.06098136  0.96804853 -0.25042025
 2868.9  0.94444444  0.96610278  0.06135093  0.96804882 -0.25041021
 2869.0  0.94444444  0.96607019  0.06187244  0.96804949 -0.25040269
 2869.1  0.94444444  0.96603188  0.06248592  0.96805066 -0.25039836
 2869.2  0.94444444  0.96599135  0.06313271  0.96805218 -0.25039759
 2869.3  0.94444444  0.96595177  0.06375682  0.96805359 -0.25040048
 2869.4  0.94444444  0.96591651  0.06430104  0.96805440 -0.25040678
 2869.5  0.94444444  0.96588922  0.06470727  0.96805424 -0.25041584
 2869.6  0.94444444  0.96587354  0.06492299  0.96805304 -0.25042669
 2869.7  0.94444444  0.96587242  0.06491078  0.96805110 -0.25043806
 2869.8  0.94444444  0.96588708  0.06466086  0.96804900 -0.25044851
 2869.9  0.94444444  0.96591612  0.06420017  0.96804732 -0.25045674
 2870.0  0.94444444  0.96595559  0.06358970  0.96804641 -0.25046177
 2870.1  0.94444444  0.96599981  0.06291302  0.96804632 -0.25046306
 2870.2  0.94444444  0.96604246  0.06226165  0.96804677 -0.25046058
 2870.3  0.94444444  0.96607789  0.06171844  0.96804734 -0.25045482
 2870.4  0.94444444  0.96610216  0.06134375  0.96804774 -0.25044660
 2870.5  0.94444444  0.96611336  0.06116992  0.96804793 -0.25043693
 2870.6  0.94444444  0.96611146  0.06120208  0.96804806 -0.25042693
 2870.7  0.94444444  0.96609785  0.06142211  0.96804841 -0.25041766
 2870.8  0.94444444  0.96607479  0.06179592  0.96804919 -0.25041007
 2870.9  0.94444444  0.96604485  0.06228063  0.96805037 -0.25040490
 2871.0  0.94444444  0.96601074  0.06282834  0.96805173 -0.25040270
 2871.1  0.94444444  0.96597545  0.06338645  0.96805289 -0.25040368
 2871.2  0.94444444  0.96594227  0.06389945  0.96805352 -0.25040778
 2871.3  0.94444444  0.96591480  0.06431148  0.96805339 -0.25041455
 2871.4  0.94444444  0.96589660  0.06457154  0.96805254 -0.25042324
 2871.5  0.94444444  0.96589047  0.06464305  0.96805120 -0.25043279
 2871.6  0.94444444  0.96589770  0.06451304  0.96804974 -0.25044207
 2871.7  0.94444444  0.96591755  0.06419636  0.96804850 -0.25044993
 2871.8  0.94444444  0.96594733  0.06373432  0.96804768 -0.25045546
 2871.9  0.94444444  0.96598282  0.06318821  0.96804729 -0.25045805
 2872.0  0.94444444  0.96601916  0.06262906  0.96804722 -0.25045751
 2872.1  0.94444444  0.96605176  0.06212552  0.96804730 -0.25045399
 2872.2  0.94444444  0.96607693  0.06173504  0.96804744 -0.25044801
 2872.3  0.94444444  0.96609227  0.06149747  0.96804763 -0.25044031
 2872.4  0.94444444  0.96609678  0.06143161  0.96804795 -0.25043182
 2872.5  0.94444444  0.96609066  0.06153635  0.96804849 -0.25042346
 2872.6  0.94444444  0.96607503  0.06179361  0.96804928 -0.25041616
 2872.7  0.94444444  0.96605175  0.06217129  0.96805023 -0.25041070
 2872.8  0.94444444  0.96602328  0.06262712  0.96805120 -0.25040763
 2872.9  0.94444444  0.96599248  0.06311267  0.96805200 -0.25040727
 2873.0  0.94444444  0.96596253  0.06357642  0.96805246 -0.25040965
 2873.1  0.94444444  0.96593672  0.06396797  0.96805251 -0.25041447
 2873.2  0.94444444  0.96591807  0.06424336  0.96805213 -0.25042118
 2873.3  0.94444444  0.96590888  0.06437050  0.96805141 -0.25042899
 2873.4  0.94444444  0.96591041  0.06433350  0.96805047 -0.25043699
 2873.5  0.94444444  0.96592256  0.06413610  0.96804949 -0.25044424
 2873.6  0.94444444  0.96594375  0.06380250  0.96804860 -0.25044990
 2873.7  0.94444444  0.96597126  0.06337390  0.96804790 -0.25045332
 2873.8  0.94444444  0.96600158  0.06290328  0.96804746 -0.25045416
 2873.9  0.94444444  0.96603091  0.06244867  0.96804729 -0.25045236
 2874.0  0.94444444  0.96605577  0.06206431  0.96804738 -0.25044820
 2874.1  0.94444444  0.96607342  0.06179375  0.96804769 -0.25044223
 2874.2  0.94444444  0.96608211  0.06166502  0.96804814 -0.25043519
 2874.3  0.94444444  0.96608122  0.06168754  0.96804870 -0.25042791
 2874.4  0.94444444  0.96607129  0.06185252  0.96804931 -0.25042121
 2874.5  0.94444444  0.96605374  0.06213576  0.96804994 -0.25041581
 2874.6  0.94444444  0.96603075  0.06250190  0.96805057 -0.25041229
 2874.7  0.94444444  0.96600491  0.06290900  0.96805115 -0.25041098
 2874.8  0.94444444  0.96597898  0.06331311  0.96805162 -0.25041199
 2874.9  0.94444444  0.96595566  0.06367223  0.96805190 -0.25041517
 2875.0  0.94444444  0.96593738  0.06394903  0.96805191 -0.25042015
 2875.1  0.94444444  0.96592614  0.06411368  0.96805158 -0.25042638
 2875.2  0.94444444  0.96592327  0.06414712  0.96805093 -0.25043314
 2875.3  0.94444444  0.96592924  0.06404385  0.96805005 -0.25043965
 2875.4  0.94444444  0.96594349  0.06381419  0.96804911 -0.25044515
 2875.5  0.94444444  0.96596437  0.06348486  0.96804829 -0.25044899
 2875.6  0.94444444  0.96598927  0.06309632  0.96804774 -0.25045073
 2875.7  0.94444444  0.96601506  0.06269720  0.96804753 -0.25045020
 2875.8  0.94444444  0.96603845  0.06233730  0.96804764 -0.25044752
 2875.9  0.94444444  0.96605662  0.06205994  0.96804795 -0.25044308
 2876.0  0.94444444  0.96606755  0.06189579  0.96804835 -0.25043744
 2876.1  0.94444444  0.96607030  0.06185927  0.96804875 -0.25043129
 2876.2  0.94444444  0.96606498  0.06194836  0.96804915 -0.25042534
 2876.3  0.94444444  0.96605265  0.06214672  0.96804956 -0.25042024
 2876.4  0.94444444  0.96603502  0.06242756  0.96805003 -0.25041651
 2876.5  0.94444444  0.96601414  0.06275808  0.96805057 -0.25041453
 2876.6  0.94444444  0.96599221  0.06310306  0.96805111 -0.25041447
 2876.7  0.94444444  0.96597141  0.06342724  0.96805154 -0.25041633
 2876.8  0.94444444  0.96595381  0.06369744  0.96805172 -0.25041988
 2876.9  0.94444444  0.96594128  0.06388464  0.96805156 -0.25042475
 2877.0  0.94444444  0.96593533  0.06396670  0.96805104 -0.25043036
 2877.1  0.94444444  0.96593685  0.06393205  0.96805026 -0.25043607
 2877.2  0.94444444  0.96594586  0.06378290  0.96804941 -0.25044119
 2877.3  0.94444444  0.96596135  0.06353652  0.96804866 -0.25044512
 2877.4  0.94444444  0.96598138  0.06322371  0.96804817 -0.25044740
 2877.5  0.94444444  0.96600331  0.06288466  0.96804797 -0.25044779
 2877.6  0.94444444  0.96602430  0.06256197  0.96804801 -0.25044631
 2877.7  0.94444444  0.96604175  0.06229479  0.96804819 -0.25044318
 2877.8  0.94444444  0.96605369  0.06211288  0.96804842 -0.25043883
 2877.9  0.94444444  0.96605904  0.06203349  0.96804866 -0.25043378
 2878.0  0.94444444  0.96605757  0.06206045  0.96804893 -0.25042862
 2878.1  0.94444444  0.96604987  0.06218555  0.96804927 -0.25042393
 2878.2  0.94444444  0.96603706  0.06239130  0.96804972 -0.25042018
 2878.3  0.94444444  0.96602062  0.06265360  0.96805026 -0.25041777
 2878.4  0.94444444  0.96600226  0.06294434  0.96805081 -0.25041695
 2878.5  0.94444444  0.96598384  0.06323297  0.96805123 -0.25041779
 2878.6  0.94444444  0.96596725  0.06348887  0.96805143 -0.25042020
 2878.7  0.94444444  0.96595431  0.06368386  0.96805132 -0.25042389
 2878.8  0.94444444  0.96594657  0.06379510  0.96805093 -0.25042844
 2878.9  0.94444444  0.96594508  0.06380867  0.96805034 -0.25043330
 2879.0  0.94444444  0.96595012  0.06372245  0.96804968 -0.25043791
 2879.1  0.94444444  0.96596110  0.06354688  0.96804909 -0.25044171
 2879.2  0.94444444  0.96597661  0.06330400  0.96804866 -0.25044429
 2879.3  0.94444444  0.96599461  0.06302490  0.96804841 -0.25044535
 2879.4  0.94444444  0.96601279  0.06274420  0.96804832 -0.25044482
 2879.5  0.94444444  0.96602893  0.06249545  0.96804833 -0.25044281
 2879.6  0.94444444  0.96604122  0.06230667  0.96804842 -0.25043957
 2879.7  0.94444444  0.96604843  0.06219719  0.96804858 -0.25043553
 2879.8  0.94444444  0.96605002  0.06217613  0.96804882 -0.25043114
 2879.9  0.94444444  0.96604608  0.06224267  0.96804916 -0.25042690
 2880.0  0.94444444  0.96603722  0.06238672  0.96804959 -0.25042328
 2880.1  0.94444444  0.96602450  0.06259079  0.96805007 -0.25042067
 2880.2  0.94444444  0.96600931  0.06283194  0.96805054 -0.25041934
 2880.3  0.94444444  0.96599325  0.06308372  0.96805089 -0.25041944
 2880.4  0.94444444  0.96597808  0.06331822  0.96805106 -0.25042092
 2880.5  0.94444444  0.96596549  0.06350939  0.96805102 -0.25042362
 2880.6  0.94444444  0.96595695  0.06363556  0.96805078 -0.25042721
 2880.7  0.94444444  0.96595348  0.06368230  0.96805040 -0.25043126
 2880.8  0.94444444  0.96595551  0.06364453  0.96804994 -0.25043529
 2880.9  0.94444444  0.96596275  0.06352759  0.96804947 -0.25043885
 2881.0  0.94444444  0.96597425  0.06334619  0.96804906 -0.25044152
 2881.1  0.94444444  0.96598856  0.06312274  0.96804874 -0.25044302
 2881.2  0.94444444  0.96600390  0.06288431  0.96804853 -0.25044319
 2881.3  0.94444444  0.96601843  0.06265918  0.96804844 -0.25044205
 2881.4  0.94444444  0.96603049  0.06247318  0.96804846 -0.25043976
 2881.5  0.94444444  0.96603880  0.06234676  0.96804859 -0.25043659
 2881.6  0.94444444  0.96604251  0.06229281  0.96804883 -0.25043294
 2881.7  0.94444444  0.96604138  0.06231532  0.96804914 -0.25042923
 2881.8  0.94444444  0.96603566  0.06240962  0.96804951 -0.25042587
 2881.9  0.94444444  0.96602611  0.06256331  0.96804990 -0.25042324
 2882.0  0.94444444  0.96601384  0.06275791  0.96805025 -0.25042162
 2882.1  0.94444444  0.96600026  0.06297089  0.96805053 -0.25042117
 2882.2  0.94444444  0.96598688  0.06317855  0.96805071 -0.25042192
 2882.3  0.94444444  0.96597517  0.06335813  0.96805076 -0.25042378
 2882.4  0.94444444  0.96596644  0.06348977  0.96805067 -0.25042650
 2882.5  0.94444444  0.96596165  0.06355929  0.96805046 -0.25042978
 2882.6  0.94444444  0.96596131  0.06355937  0.96805013 -0.25043324
 2882.7  0.94444444  0.96596545  0.06349044  0.96804974 -0.25043647
 2882.8  0.94444444  0.96597355  0.06336091  0.96804933 -0.25043911
 2882.9  0.94444444  0.96598462  0.06318642  0.96804898 -0.25044086
 2883.0  0.94444444  0.96599733  0.06298788  0.96804871 -0.25044153
 2883.1  0.94444444  0.96601015  0.06278886  0.96804858 -0.25044106
 2883.2  0.94444444  0.96602156  0.06261300  0.96804858 -0.25043953
 2883.3  0.94444444  0.96603024  0.06248067  0.96804869 -0.25043714
 2883.4  0.94444444  0.96603526  0.06240620  0.96804889 -0.25043419
 2883.5  0.94444444  0.96603613  0.06239660  0.96804914 -0.25043102
 2883.6  0.94444444  0.96603290  0.06245091  0.96804942 -0.25042800
 2883.7  0.94444444  0.96602607  0.06256086  0.96804971 -0.25042548
 2883.8  0.94444444  0.96601652  0.06271243  0.96804999 -0.25042371
 2883.9  0.94444444  0.96600538  0.06288784  0.96805024 -0.25042288
 2884.0  0.94444444  0.96599388  0.06306731  0.96805045 -0.25042306
 2884.1  0.94444444  0.96598329  0.06323134  0.96805057 -0.25042422
 2884.2  0.94444444  0.96597471  0.06336233  0.96805058 -0.25042621
 2884.3  0.94444444  0.96596909  0.06344613  0.96805046 -0.25042881
 2884.4  0.94444444  0.96596704  0.06347350  0.96805021 -0.25043172
 2884.5  0.94444444  0.96596881  0.06344142  0.96804987 -0.25043458
 2884.6  0.94444444  0.96597420  0.06335367  0.96804950 -0.25043708
 2884.7  0.94444444  0.96598257  0.06322068  0.96804916 -0.25043893
 2884.8  0.94444444  0.96599291  0.06305864  0.96804891 -0.25043991
 2884.9  0.94444444  0.96600393  0.06288739  0.96804877 -0.25043993
 2885.0  0.94444444  0.96601430  0.06272756  0.96804875 -0.25043902
 2885.1  0.94444444  0.96602278  0.06259784  0.96804881 -0.25043729
 2885.2  0.94444444  0.96602843  0.06251268  0.96804895 -0.25043497
 2885.3  0.94444444  0.96603069  0.06248047  0.96804912 -0.25043234
 2885.4  0.94444444  0.96602943  0.06250302  0.96804932 -0.25042970
 2885.5  0.94444444  0.96602494  0.06257588  0.96804955 -0.25042735
 2885.6  0.94444444  0.96601783  0.06268943  0.96804979 -0.25042554
 2885.7  0.94444444  0.96600893  0.06283019  0.96805005 -0.25042447
 2885.8  0.94444444  0.96599925  0.06298233  0.96805027 -0.25042423
 2885.9  0.94444444  0.96598982  0.06312921  0.96805042 -0.25042485
 2886.0  0.94444444  0.96598165  0.06325484  0.96805047 -0.25042625
 2886.1  0.94444444  0.96597564  0.06334534  0.96805040 -0.25042826
 2886.2  0.94444444  0.96597248  0.06339057  0.96805021 -0.25043064
 2886.3  0.94444444  0.96597255  0.06338536  0.96804993 -0.25043311
 2886.4  0.94444444  0.96597584  0.06333047  0.96804962 -0.25043540
 2886.5  0.94444444  0.96598196  0.06323277  0.96804934 -0.25043722
 2886.6  0.94444444  0.96599013  0.06310439  0.96804911 -0.25043839
 2886.7  0.94444444  0.96599933  0.06296113  0.96804897 -0.25043877
 2886.8  0.94444444  0.96600844  0.06282029  0.96804891 -0.25043833
 2886.9  0.94444444  0.96601637  0.06269837  0.96804892 -0.25043716
 2887.0  0.94444444  0.96602223  0.06260892  0.96804898 -0.25043540
 2887.1  0.94444444  0.96602544  0.06256114  0.96804909 -0.25043327
 2887.2  0.94444444  0.96602572  0.06255916  0.96804925 -0.25043101
 2887.3  0.94444444  0.96602316  0.06260182  0.96804945 -0.25042889
 2887.4  0.94444444  0.96601811  0.06268324  0.96804968 -0.25042712
 2887.5  0.94444444  0.96601118  0.06279362  0.96804991 -0.25042592
 2887.6  0.94444444  0.96600314  0.06292032  0.96805012 -0.25042539
 2887.7  0.94444444  0.96599489  0.06304912  0.96805027 -0.25042560
 2887.8  0.94444444  0.96598734  0.06316562  0.96805033 -0.25042651
 2887.9  0.94444444  0.96598134  0.06325679  0.96805029 -0.25042801
 2888.0  0.94444444  0.96597756  0.06331240  0.96805016 -0.25042991
 2888.1  0.94444444  0.96597645  0.06332631  0.96804996 -0.25043200
 2888.2  0.94444444  0.96597812  0.06329734  0.96804973 -0.25043403
 2888.3  0.94444444  0.96598234  0.06322942  0.96804950 -0.25043576
 2888.4  0.94444444  0.96598857  0.06313109  0.96804930 -0.25043701
 2888.5  0.94444444  0.96599603  0.06301440  0.96804914 -0.25043763
 2888.6  0.94444444  0.96600382  0.06289331  0.96804904 -0.25043757
 2888.7  0.94444444  0.96601102  0.06278191  0.96804900 -0.25043685
 2888.8  0.94444444  0.96601683  0.06269277  0.96804902 -0.25043557
 2888.9  0.94444444  0.96602062  0.06263552  0.96804910 -0.25043388
 2889.0  0.94444444  0.96602203  0.06261586  0.96804923 -0.25043199
 2889.1  0.94444444  0.96602096  0.06263514  0.96804940 -0.25043011
 2889.2  0.94444444  0.96601758  0.06269033  0.96804960 -0.25042845
 2889.3  0.94444444  0.96601231  0.06277449  0.96804981 -0.25042720
 2889.4  0.94444444  0.96600579  0.06287762  0.96804998 -0.25042650
 2889.5  0.94444444  0.96599874  0.06298781  0.96805012 -0.25042641
 2889.6  0.94444444  0.96599197  0.06309254  0.96805019 -0.25042693
 2889.7  0.94444444  0.96598625  0.06318005  0.96805019 -0.25042799
 2889.8  0.94444444  0.96598222  0.06324069  0.96805012 -0.25042947
 2889.9  0.94444444  0.96598030  0.06326792  0.96804999 -0.25043119
 2890.0  0.94444444  0.96598071  0.06325909  0.96804982 -0.25043295
 2890.1  0.94444444  0.96598336  0.06321571  0.96804962 -0.25043454
 2890.2  0.94444444  0.96598791  0.06314326  0.96804943 -0.25043579
 2890.3  0.94444444  0.96599380  0.06305050  0.96804927 -0.25043657
 2890.4  0.94444444  0.96600033  0.06294847  0.96804915 -0.25043678
 2890.5  0.94444444  0.96600674  0.06284913  0.96804908 -0.25043641
 2890.6  0.94444444  0.96601227  0.06276391  0.96804908 -0.25043553
 2890.7  0.94444444  0.96601633  0.06270236  0.96804913 -0.25043423
 2890.8  0.94444444  0.96601846  0.06267108  0.96804924 -0.25043268
 2890.9  0.94444444  0.96601848  0.06267297  0.96804938 -0.25043106
 2891.0  0.94444444  0.96601643  0.06270703  0.96804954 -0.25042955
 2891.1  0.94444444  0.96601260  0.06276864  0.96804971 -0.25042833
 2891.2  0.94444444  0.96600744  0.06285024  0.96804986 -0.25042752
 2891.3  0.94444444  0.96600159  0.06294197  0.96804998 -0.25042722
 2891.4  0.94444444  0.96599570  0.06303362  0.96805006 -0.25042743
 2891.5  0.94444444  0.96599042  0.06311489  0.96805010 -0.25042814
 2891.6  0.94444444  0.96598635  0.06317686  0.96805007 -0.25042925
 2891.7  0.94444444  0.96598391  0.06321287  0.96804999 -0.25043063
 2891.8  0.94444444  0.96598337  0.06321917  0.96804986 -0.25043212
 2891.9  0.94444444  0.96598477  0.06319534  0.96804970 -0.25043355
 2892.0  0.94444444  0.96598793  0.06314438  0.96804953 -0.25043476
 2892.1  0.94444444  0.96599246  0.06307248  0.96804937 -0.25043560
 2892.2  0.94444444  0.96599784  0.06298828  0.96804925 -0.25043600
 2892.3  0.94444444  0.96600340  0.06290175  0.96804917 -0.25043590
 2892.4  0.94444444  0.96600851  0.06282305  0.96804916 -0.25043534
 2892.5  0.94444444  0.96601256  0.06276120  0.96804919 -0.25043438
 2892.6  0.94444444  0.96601512  0.06272298  0.96804926 -0.25043314
 2892.7  0.94444444  0.96601592  0.06271222  0.96804937 -0.25043178
 2892.8  0.94444444  0.96601492  0.06272943  0.96804949 -0.25043044
 2892.9  0.94444444  0.96601230  0.06277192  0.96804962 -0.25042928
 2893.0  0.94444444  0.96600837  0.06283427  0.96804975 -0.25042843
 2893.1  0.94444444  0.96600363  0.06290907  0.96804987 -0.25042798
 2893.2  0.94444444  0.96599859  0.06298776  0.96804997 -0.25042796
 2893.3  0.94444444  0.96599384  0.06306151  0.96805002 -0.25042838
 2893.4  0.94444444  0.96598988  0.06312218  0.96805003 -0.25042918
 2893.5  0.94444444  0.96598715  0.06316314  0.96804998 -0.25043027
 2893.6  0.94444444  0.96598595  0.06317992  0.96804988 -0.25043151
 2893.7  0.94444444  0.96598641  0.06317082  0.96804974 -0.25043277
 2893.8  0.94444444  0.96598846  0.06313717  0.96804959 -0.25043389
 2893.9  0.94444444  0.96599185  0.06308313  0.96804945 -0.25043475
 2894.0  0.94444444  0.96599617  0.06301530  0.96804934 -0.25043526
 2894.1  0.94444444  0.96600088  0.06294185  0.96804927 -0.25043536
 2894.2  0.94444444  0.96600544  0.06287145  0.96804924 -0.25043505
 2894.3  0.94444444  0.96600930  0.06281219  0.96804924 -0.25043437
 2894.4  0.94444444  0.96601204  0.06277065  0.96804928 -0.25043342
 2894.5  0.94444444  0.96601338  0.06275112  0.96804936 -0.25043230
 2894.6  0.94444444  0.96601321  0.06275524  0.96804945 -0.25043114
 2894.7  0.94444444  0.96601158  0.06278195  0.96804956 -0.25043008
 2894.8  0.94444444  0.96600873  0.06282776  0.96804968 -0.25042924
 2894.9  0.94444444  0.96600498  0.06288715  0.96804980 -0.25042869
 2895.0  0.94444444  0.96600076  0.06295325  0.96804989 -0.25042851
 2895.1  0.94444444  0.96599657  0.06301858  0.96804995 -0.25042871
 2895.2  0.94444444  0.96599285  0.06307579  0.96804997 -0.25042925
 2895.3  0.94444444  0.96599003  0.06311848  0.96804994 -0.25043008
 2895.4  0.94444444  0.96598842  0.06314196  0.96804987 -0.25043109
 2895.5  0.94444444  0.96598820  0.06314377  0.96804976 -0.25043216
 2895.6  0.94444444  0.96598938  0.06312396  0.96804965 -0.25043317
 2895.7  0.94444444  0.96599180  0.06308516  0.96804953 -0.25043401
 2895.8  0.94444444  0.96599516  0.06303218  0.96804943 -0.25043457
 2895.9  0.94444444  0.96599904  0.06297143  0.96804935 -0.25043481
 2896.0  0.94444444  0.96600299  0.06291007  0.96804930 -0.25043470
 2896.1  0.94444444  0.96600655  0.06285518  0.96804929 -0.25043426
 2896.2  0.94444444  0.96600932  0.06281288  0.96804931 -0.25043355
 2896.3  0.94444444  0.96601100  0.06278770  0.96804936 -0.25043265
 2896.4  0.94444444  0.96601144  0.06278213  0.96804943 -0.25043168
 2896.5  0.94444444  0.96601061  0.06279637  0.96804953 -0.25043073
 2896.6  0.94444444  0.96600863  0.06282842  0.96804963 -0.25042992
 2896.7  0.94444444  0.96600575  0.06287432  0.96804973 -0.25042934
 2896.8  0.94444444  0.96600229  0.06292867  0.96804982 -0.25042905
 2896.9  0.94444444  0.96599867  0.06298517  0.96804988 -0.25042907
 2897.0  0.94444444  0.96599529  0.06303739  0.96804990 -0.25042941
 2897.1  0.94444444  0.96599254  0.06307944  0.96804989 -0.25043001
 2897.2  0.94444444  0.96599071  0.06310669  0.96804985 -0.25043081
 2897.3  0.94444444  0.96599002  0.06311626  0.96804978 -0.25043171
 2897.4  0.94444444  0.96599051  0.06310733  0.96804969 -0.25043259
 2897.5  0.94444444  0.96599212  0.06308123  0.96804959 -0.25043338
 2897.6  0.94444444  0.96599463  0.06304124  0.96804950 -0.25043396
 2897.7  0.94444444  0.96599775  0.06299219  0.96804942 -0.25043429
 2897.8  0.94444444  0.96600111  0.06293988  0.96804936 -0.25043433
 2897.9  0.94444444  0.96600431  0.06289035  0.96804933 -0.25043408
 2898.0  0.94444444  0.96600698  0.06284922  0.96804934 -0.25043357
 2898.1  0.94444444  0.96600885  0.06282103  0.96804937 -0.25043287
 2898.2  0.94444444  0.96600971  0.06280876  0.96804943 -0.25043206
 2898.3  0.94444444  0.96600948  0.06281348  0.96804951 -0.25043124
 2898.4  0.94444444  0.96600821  0.06283433  0.96804959 -0.25043049
 2898.5  0.94444444  0.96600607  0.06286860  0.96804968 -0.25042991
 2898.6  0.94444444  0.96600331  0.06291214  0.96804976 -0.25042955
 2898.7  0.94444444  0.96600026  0.06295983  0.96804981 -0.25042945
 2898.8  0.94444444  0.96599727  0.06300620  0.96804985 -0.25042963
 2898.9  0.94444444  0.96599468  0.06304601  0.96804985 -0.25043004
 2899.0  0.94444444  0.96599277  0.06307488  0.96804983 -0.25043065
 2899.1  0.94444444  0.96599175  0.06308972  0.96804978 -0.25043138
 2899.2  0.94444444  0.96599173  0.06308907  0.96804971 -0.25043215
 2899.3  0.94444444  0.96599268  0.06307317  0.96804963 -0.25043286
 2899.4  0.94444444  0.96599449  0.06304430  0.96804955 -0.25043343
 2899.5  0.94444444  0.96599692  0.06300580  0.96804947 -0.25043381
 2899.6  0.94444444  0.96599971  0.06296215  0.96804941 -0.25043396
 2899.7  0.94444444  0.96600252  0.06291853  0.96804938 -0.25043385
 2899.8  0.94444444  0.96600502  0.06287994  0.96804937 -0.25043352
 2899.9  0.94444444  0.96600694  0.06285072  0.96804939 -0.25043299
 2900.0  0.94444444  0.96600807  0.06283406  0.96804943 -0.25043234
 2900.1  0.94444444  0.96600829  0.06283163  0.96804949 -0.25043163
 2900.2  0.94444444  0.96600759  0.06284340  0.96804956 -0.25043096
 2900.3  0.94444444  0.96600608  0.06286773  0.96804963 -0.25043040
 2900.4  0.94444444  0.96600394  0.06290160  0.96804970 -0.25043000
 2900.5  0.94444444  0.96600143  0.06294101  0.96804976 -0.25042982
 2900.6  0.94444444  0.96599884  0.06298140  0.96804980 -0.25042986
 2900.7  0.94444444  0.96599646  0.06301816  0.96804982 -0.25043013
 2900.8  0.94444444  0.96599456  0.06304722  0.96804981 -0.25043058
 2900.9  0.94444444  0.96599334  0.06306543  0.96804978 -0.25043116
 2901.0  0.94444444  0.96599293  0.06307085  0.96804973 -0.25043181
 2901.1  0.94444444  0.96599337  0.06306303  0.96804966 -0.25043244
 2901.2  0.94444444  0.96599460  0.06304303  0.96804959 -0.25043299
 2901.3  0.94444444  0.96599647  0.06301334  0.96804952 -0.25043339
 2901.4  0.94444444  0.96599875  0.06297751  0.96804946 -0.25043361
 2901.5  0.94444444  0.96600117  0.06293982  0.96804943 -0.25043361
 2901.6  0.94444444  0.96600345  0.06290468  0.96804941 -0.25043340
 2901.7  0.94444444  0.96600532  0.06287609  0.96804942 -0.25043302
 2901.8  0.94444444  0.96600657  0.06285718  0.96804944 -0.25043250
 2901.9  0.94444444  0.96600709  0.06284991  0.96804949 -0.25043191
 2902.0  0.94444444  0.96600682  0.06285488  0.96804954 -0.25043132
 2902.1  0.94444444  0.96600581  0.06287124  0.96804960 -0.25043080
 2902.2  0.94444444  0.96600421  0.06289684  0.96804966 -0.25043040
 2902.3  0.94444444  0.96600219  0.06292866  0.96804972 -0.25043016
 2902.4  0.94444444  0.96600000  0.06296305  0.96804976 -0.25043012
 2902.5  0.94444444  0.96599787  0.06299608  0.96804978 -0.25043027
 2902.6  0.94444444  0.96599605  0.06302390  0.96804979 -0.25043059
 2902.7  0.94444444  0.96599476  0.06304345  0.96804977 -0.25043104
 2902.8  0.94444444  0.96599410  0.06305285  0.96804973 -0.25043157
 2902.9  0.94444444  0.96599417  0.06305099  0.96804967 -0.25043213
 2903.0  0.94444444  0.96599497  0.06303792  0.96804961 -0.25043262
 2903.1  0.94444444  0.96599635  0.06301587  0.96804956 -0.25043302
 2903.2  0.94444444  0.96599813  0.06298768  0.96804950 -0.25043328
 2903.3  0.94444444  0.96600017  0.06295578  0.96804946 -0.25043336
 2903.4  0.94444444  0.96600219  0.06292465  0.96804945 -0.25043324
 2903.5  0.94444444  0.96600390  0.06289813  0.96804944 -0.25043299
 2903.6  0.94444444  0.96600521  0.06287830  0.96804945 -0.25043260
 2903.7  0.94444444  0.96600595  0.06286743  0.96804949 -0.25043211
 2903.8  0.94444444  0.96600600  0.06286732  0.96804953 -0.25043161
 2903.9  0.94444444  0.96600540  0.06287717  0.96804957 -0.25043115
 2904.0  0.94444444  0.96600428  0.06289527  0.96804963 -0.25043075
 2904.1  0.94444444  0.96600271  0.06292025  0.96804969 -0.25043048
 2904.2  0.94444444  0.96600087  0.06294903  0.96804972 -0.25043038
 2904.3  0.94444444  0.96599903  0.06297775  0.96804975 -0.25043043
 2904.4  0.94444444  0.96599737  0.06300338  0.96804976 -0.25043063
 2904.5  0.94444444  0.96599604  0.06302357  0.96804975 -0.25043097
 2904.6  0.94444444  0.96599522  0.06303563  0.96804972 -0.25043140
 2904.7  0.94444444  0.96599503  0.06303800  0.96804968 -0.25043186
 2904.8  0.94444444  0.96599543  0.06303122  0.96804964 -0.25043231
 2904.9  0.94444444  0.96599636  0.06301613  0.96804958 -0.25043270
 2905.0  0.94444444  0.96599775  0.06299410  0.96804954 -0.25043297
 2905.1  0.94444444  0.96599942  0.06296803  0.96804950 -0.25043310
 2905.2  0.94444444  0.96600112  0.06294142  0.96804948 -0.25043309
 2905.3  0.94444444  0.96600271  0.06291680  0.96804946 -0.25043293
 2905.4  0.94444444  0.96600402  0.06289673  0.96804947 -0.25043264
 2905.5  0.94444444  0.96600487  0.06288405  0.96804949 -0.25043226
 2905.6  0.94444444  0.96600517  0.06287996  0.96804952 -0.25043184
 2905.7  0.94444444  0.96600493  0.06288421  0.96804956 -0.25043142
 2905.8  0.94444444  0.96600418  0.06289656  0.96804961 -0.25043104
 2905.9  0.94444444  0.96600296  0.06291583  0.96804965 -0.25043077
 2906.0  0.94444444  0.96600148  0.06293909  0.96804969 -0.25043062
 2906.1  0.94444444  0.96599993  0.06296352  0.96804972 -0.25043060
 2906.2  0.94444444  0.96599840  0.06298706  0.96804973 -0.25043072
 2906.3  0.94444444  0.96599712  0.06300666  0.96804973 -0.25043097
 2906.4  0.94444444  0.96599626  0.06301968  0.96804972 -0.25043129
 2906.5  0.94444444  0.96599586  0.06302536  0.96804969 -0.25043167
 2906.6  0.94444444  0.96599595  0.06302342  0.96804965 -0.25043207
 2906.7  0.94444444  0.96599656  0.06301343  0.96804961 -0.25043243
 2906.8  0.94444444  0.96599761  0.06299680  0.96804957 -0.25043270
 2906.9  0.94444444  0.96599890  0.06297635  0.96804953 -0.25043287
 2907.0  0.94444444  0.96600033  0.06295378  0.96804949 -0.25043292
 2907.1  0.94444444  0.96600179  0.06293134  0.96804949 -0.25043283
 2907.2  0.94444444  0.96600302  0.06291244  0.96804949 -0.25043262
 2907.3  0.94444444  0.96600389  0.06289917  0.96804949 -0.25043234
 2907.4  0.94444444  0.96600438  0.06289210  0.96804952 -0.25043199
 2907.5  0.94444444  0.96600440  0.06289230  0.96804956 -0.25043162
 2907.6  0.94444444  0.96600391  0.06290045  0.96804959 -0.25043129
 2907.7  0.94444444  0.96600303  0.06291441  0.96804962 -0.25043103
 2907.8  0.94444444  0.96600190  0.06293234  0.96804967 -0.25043084
 2907.9  0.94444444  0.96600057  0.06295318  0.96804969 -0.25043077
 2908.0  0.94444444  0.96599922  0.06297410  0.96804970 -0.25043083
 2908.1  0.94444444  0.96599807  0.06299192  0.96804971 -0.25043099
 2908.2  0.94444444  0.96599719  0.06300540  0.96804971 -0.25043123
 2908.3  0.94444444  0.96599661  0.06301384  0.96804969 -0.25043155
 2908.4  0.94444444  0.96599652  0.06301469  0.96804965 -0.25043189
 2908.5  0.94444444  0.96599689  0.06300878  0.96804963 -0.25043219
 2908.6  0.94444444  0.96599757  0.06299748  0.96804958 -0.25043247
 2908.7  0.94444444  0.96599858  0.06298155  0.96804955 -0.25043266
 2908.8  0.94444444  0.96599981  0.06296220  0.96804952 -0.25043274
 2908.9  0.94444444  0.96600105  0.06294315  0.96804952 -0.25043271
 2909.0  0.94444444  0.96600214  0.06292608  0.96804949 -0.25043260
 2909.1  0.94444444  0.96600308  0.06291198  0.96804951 -0.25043237
 2909.2  0.94444444  0.96600364  0.06290349  0.96804953 -0.25043209
 2909.3  0.94444444  0.96600379  0.06290152  0.96804955 -0.25043179
 2909.4  0.94444444  0.96600356  0.06290541  0.96804957 -0.25043150
 2909.5  0.94444444  0.96600301  0.06291450  0.96804961 -0.25043123
 2909.6  0.94444444  0.96600209  0.06292911  0.96804964 -0.25043104
 2909.7  0.94444444  0.96600102  0.06294585  0.96804966 -0.25043096
 2909.8  0.94444444  0.96599991  0.06296334  0.96804969 -0.25043094
 2909.9  0.94444444  0.96599884  0.06297985  0.96804970 -0.25043104
 2910.0  0.94444444  0.96599793  0.06299378  0.96804970 -0.25043123
 2910.1  0.94444444  0.96599736  0.06300222  0.96804968 -0.25043147
 2910.2  0.94444444  0.96599712  0.06300586  0.96804967 -0.25043174
 2910.3  0.94444444  0.96599720  0.06300379  0.96804962 -0.25043203
 2910.4  0.94444444  0.96599769  0.06299598  0.96804960 -0.25043227
 2910.5  0.94444444  0.96599848  0.06298347  0.96804957 -0.25043246
 2910.6  0.94444444  0.96599942  0.06296871  0.96804955 -0.25043257
 2910.7  0.94444444  0.96600046  0.06295234  0.96804952 -0.25043260
 2910.8  0.94444444  0.96600150  0.06293646  0.96804953 -0.25043252
 2910.9  0.94444444  0.96600233  0.06292344  0.96804952 -0.25043237
 2911.0  0.94444444  0.96600293  0.06291445  0.96804953 -0.25043216
 2911.1  0.94444444  0.96600324  0.06290989  0.96804954 -0.25043191
 2911.2  0.94444444  0.96600321  0.06291087  0.96804958 -0.25043164
 2911.3  0.94444444  0.96600282  0.06291716  0.96804959 -0.25043142
 2911.4  0.94444444  0.96600218  0.06292739  0.96804962 -0.25043122
 2911.5  0.94444444  0.96600134  0.06294070  0.96804965 -0.25043110
 2911.6  0.94444444  0.96600038  0.06295576  0.96804967 -0.25043107
 2911.7  0.94444444  0.96599943  0.06297040  0.96804968 -0.25043112
 2911.8  0.94444444  0.96599862  0.06298293  0.96804968 -0.25043123
 2911.9  0.94444444  0.96599799  0.06299248  0.96804968 -0.25043142
 2912.0  0.94444444  0.96599764  0.06299757  0.96804966 -0.25043165
 2912.1  0.94444444  0.96599762  0.06299762  0.96804964 -0.25043189
 2912.2  0.94444444  0.96599790  0.06299304  0.96804962 -0.25043211
 2912.3  0.94444444  0.96599843  0.06298443  0.96804959 -0.25043230
 2912.4  0.94444444  0.96599919  0.06297242  0.96804957 -0.25043242
 2912.5  0.94444444  0.96600006  0.06295884  0.96804955 -0.25043247
 2912.6  0.94444444  0.96600093  0.06294531  0.96804953 -0.25043245
 2912.7  0.94444444  0.96600172  0.06293309  0.96804953 -0.25043235
 2912.8  0.94444444  0.96600235  0.06292357  0.96804954 -0.25043219
 2912.9  0.94444444  0.96600271  0.06291820  0.96804955 -0.25043199
 2913.0  0.94444444  0.96600280  0.06291706  0.96804956 -0.25043177
 2913.1  0.94444444  0.96600262  0.06292022  0.96804959 -0.25043156
 2913.2  0.94444444  0.96600216  0.06292750  0.96804961 -0.25043138
 2913.3  0.94444444  0.96600151  0.06293790  0.96804963 -0.25043125
 2913.4  0.94444444  0.96600074  0.06295000  0.96804965 -0.25043119
 2913.5  0.94444444  0.96599994  0.06296253  0.96804967 -0.25043119
 2913.6  0.94444444  0.96599918  0.06297418  0.96804967 -0.25043127
 2913.7  0.94444444  0.96599857  0.06298350  0.96804967 -0.25043141
 2913.8  0.94444444  0.96599817  0.06298947  0.96804966 -0.25043158
 2913.9  0.94444444  0.96599802  0.06299157  0.96804964 -0.25043178
 2914.0  0.94444444  0.96599813  0.06298961  0.96804962 -0.25043198
 2914.1  0.94444444  0.96599848  0.06298380  0.96804960 -0.25043216
 2914.2  0.94444444  0.96599905  0.06297483  0.96804958 -0.25043229
 2914.3  0.94444444  0.96599975  0.06296386  0.96804956 -0.25043236
 2914.4  0.94444444  0.96600049  0.06295223  0.96804955 -0.25043237
 2914.5  0.94444444  0.96600120  0.06294116  0.96804954 -0.25043232
 2914.6  0.94444444  0.96600181  0.06293180  0.96804954 -0.25043220
 2914.7  0.94444444  0.96600224  0.06292538  0.96804955 -0.25043204
 2914.8  0.94444444  0.96600243  0.06292274  0.96804956 -0.25043186
 2914.9  0.94444444  0.96600237  0.06292385  0.96804958 -0.25043168
 2915.0  0.94444444  0.96600210  0.06292833  0.96804960 -0.25043151
 2915.1  0.94444444  0.96600162  0.06293598  0.96804962 -0.25043137
 2915.2  0.94444444  0.96600099  0.06294593  0.96804964 -0.25043130
 2915.3  0.94444444  0.96600030  0.06295669  0.96804965 -0.25043128
 2915.4  0.94444444  0.96599964  0.06296697  0.96804966 -0.25043131
 2915.5  0.94444444  0.96599905  0.06297603  0.96804966 -0.25043140
 2915.6  0.94444444  0.96599861  0.06298271  0.96804965 -0.25043154
 2915.7  0.94444444  0.96599838  0.06298596  0.96804964 -0.25043171
 2915.8  0.94444444  0.96599839  0.06298576  0.96804963 -0.25043187
 2915.9  0.94444444  0.96599859  0.06298240  0.96804961 -0.25043203
 2916.0  0.94444444  0.96599898  0.06297605  0.96804959 -0.25043217
 2916.1  0.94444444  0.96599953  0.06296736  0.96804958 -0.25043225
 2916.2  0.94444444  0.96600016  0.06295752  0.96804956 -0.25043229
 2916.3  0.94444444  0.96600078  0.06294780  0.96804955 -0.25043227
 2916.4  0.94444444  0.96600135  0.06293907  0.96804955 -0.25043219
 2916.5  0.94444444  0.96600180  0.06293225  0.96804956 -0.25043207
 2916.6  0.94444444  0.96600206  0.06292841  0.96804957 -0.25043193
 2916.7  0.94444444  0.96600210  0.06292787  0.96804958 -0.25043177
 2916.8  0.94444444  0.96600196  0.06293030  0.96804959 -0.25043162
 2916.9  0.94444444  0.96600164  0.06293554  0.96804961 -0.25043149
 2917.0  0.94444444  0.96600115  0.06294327  0.96804963 -0.25043140
 2917.1  0.94444444  0.96600058  0.06295224  0.96804964 -0.25043136
 2917.2  0.94444444  0.96600001  0.06296117  0.96804965 -0.25043136
 2917.3  0.94444444  0.96599947  0.06296947  0.96804965 -0.25043142
 2917.4  0.94444444  0.96599902  0.06297637  0.96804965 -0.25043152
 2917.5  0.94444444  0.96599874  0.06298051  0.96804964 -0.25043166
 2917.6  0.94444444  0.96599866  0.06298154  0.96804963 -0.25043179
 2917.7  0.94444444  0.96599874  0.06298008  0.96804962 -0.25043194
 2917.8  0.94444444  0.96599899  0.06297592  0.96804959 -0.25043207
 2917.9  0.94444444  0.96599944  0.06296894  0.96804959 -0.25043216
 2918.0  0.94444444  0.96599996  0.06296082  0.96804958 -0.25043220
 2918.1  0.94444444  0.96600046  0.06295282  0.96804956 -0.25043221
 2918.2  0.94444444  0.96600098  0.06294475  0.96804956 -0.25043217
 2918.3  0.94444444  0.96600145  0.06293778  0.96804957 -0.25043207
 2918.4  0.94444444  0.96600171  0.06293378  0.96804957 -0.25043196
 2918.5  0.94444444  0.96600181  0.06293223  0.96804957 -0.25043184
 2918.6  0.94444444  0.96600181  0.06293264  0.96804959 -0.25043170
 2918.7  0.94444444  0.96600159  0.06293625  0.96804961 -0.25043157
 2918.8  0.94444444  0.96600119  0.06294245  0.96804961 -0.25043150
 2918.9  0.94444444  0.96600076  0.06294927  0.96804963 -0.25043144
 2919.0  0.94444444  0.96600030  0.06295665  0.96804965 -0.25043141
 2919.1  0.94444444  0.96599977  0.06296469  0.96804964 -0.25043145
 2919.2  0.94444444  0.96599934  0.06297116  0.96804964 -0.25043153
 2919.3  0.94444444  0.96599910  0.06297505  0.96804965 -0.25043162
 2919.4  0.94444444  0.96599893  0.06297753  0.96804964 -0.25043173
 2919.5  0.94444444  0.96599889  0.06297772  0.96804961 -0.25043188
 2919.6  0.94444444  0.96599910  0.06297444  0.96804961 -0.25043198
 2919.7  0.94444444  0.96599943  0.06296930  0.96804960 -0.25043206
 2919.8  0.94444444  0.96599978  0.06296366  0.96804958 -0.25043213
 2919.9  0.94444444  0.96600023  0.06295646  0.96804956 -0.25043216
 2920.0  0.94444444  0.96600074  0.06294875  0.96804958 -0.25043212
 2920.1  0.94444444  0.96600110  0.06294315  0.96804957 -0.25043207
 2920.2  0.94444444  0.96600137  0.06293889  0.96804956 -0.25043200
 2920.3  0.94444444  0.96600160  0.06293567  0.96804958 -0.25043187
 2920.4  0.94444444  0.96600163  0.06293546  0.96804959 -0.25043176
 2920.5  0.94444444  0.96600144  0.06293832  0.96804959 -0.25043166
 2920.6  0.94444444  0.96600122  0.06294181  0.96804960 -0.25043158
 2920.7  0.94444444  0.96600092  0.06294701  0.96804964 -0.25043149
 2920.8  0.94444444  0.96600043  0.06295425  0.96804962 -0.25043148
 2920.9  0.94444444  0.96600002  0.06296068  0.96804963 -0.25043150
 2921.0  0.94444444  0.96599969  0.06296591  0.96804964 -0.25043153
 2921.1  0.94444444  0.96599936  0.06297092  0.96804964 -0.25043160
 2921.2  0.94444444  0.96599913  0.06297423  0.96804962 -0.25043172
 2921.3  0.94444444  0.96599915  0.06297395  0.96804962 -0.25043181
 2921.4  0.94444444  0.96599922  0.06297281  0.96804962 -0.25043190
 2921.5  0.94444444  0.96599937  0.06296992  0.96804959 -0.25043201
 2921.6  0.94444444  0.96599972  0.06296470  0.96804959 -0.25043206
 2921.7  0.94444444  0.96600013  0.06295835  0.96804958 -0.25043209
 2921.8  0.94444444  0.96600046  0.06295320  0.96804958 -0.25043209
 2921.9  0.94444444  0.96600081  0.06294734  0.96804956 -0.25043208
 2922.0  0.94444444  0.96600118  0.06294227  0.96804959 -0.25043198
 2922.1  0.94444444  0.96600132  0.06293977  0.96804957 -0.25043191
 2922.2  0.94444444  0.96600138  0.06293903  0.96804958 -0.25043182
 2922.3  0.94444444  0.96600137  0.06293927  0.96804959 -0.25043172
 2922.4  0.94444444  0.96600122  0.06294209  0.96804962 -0.25043162
 2922.5  0.94444444  0.96600088  0.06294702  0.96804960 -0.25043158
 2922.6  0.94444444  0.96600061  0.06295156  0.96804963 -0.25043154
 2922.7  0.94444444  0.96600026  0.06295712  0.96804963 -0.25043152
 2922.8  0.94444444  0.96599988  0.06296279  0.96804963 -0.25043156
 2922.9  0.94444444  0.96599958  0.06296732  0.96804963 -0.25043162
 2923.0  0.94444444  0.96599944  0.06296960  0.96804963 -0.25043168
 2923.1  0.94444444  0.96599929  0.06297178  0.96804963 -0.25043176
 2923.2  0.94444444  0.96599931  0.06297116  0.96804960 -0.25043187
 2923.3  0.94444444  0.96599948  0.06296876  0.96804961 -0.25043193
 2923.4  0.94444444  0.96599970  0.06296505  0.96804959 -0.25043200
 2923.5  0.94444444  0.96599996  0.06296102  0.96804959 -0.25043204
 2923.6  0.94444444  0.96600031  0.06295532  0.96804957 -0.25043206
 2923.7  0.94444444  0.96600065  0.06295040  0.96804959 -0.25043202
 2923.8  0.94444444  0.96600089  0.06294640  0.96804957 -0.25043200
 2923.9  0.94444444  0.96600111  0.06294323  0.96804958 -0.25043193
 2924.0  0.94444444  0.96600124  0.06294119  0.96804958 -0.25043185
 2924.1  0.94444444  0.96600123  0.06294167  0.96804960 -0.25043176
 2924.2  0.94444444  0.96600111  0.06294335  0.96804959 -0.25043170
 2924.3  0.94444444  0.96600096  0.06294608  0.96804962 -0.25043162
 2924.4  0.94444444  0.96600068  0.06295032  0.96804961 -0.25043159
 2924.5  0.94444444  0.96600037  0.06295523  0.96804962 -0.25043157
 2924.6  0.94444444  0.96600008  0.06295959  0.96804962 -0.25043158
 2924.7  0.94444444  0.96599983  0.06296365  0.96804963 -0.25043161
 2924.8  0.94444444  0.96599959  0.06296711  0.96804962 -0.25043168
 2924.9  0.94444444  0.96599948  0.06296877  0.96804962 -0.25043174
 2925.0  0.94444444  0.96599947  0.06296894  0.96804962 -0.25043181
 2925.1  0.94444444  0.96599953  0.06296790  0.96804961 -0.25043189
 2925.2  0.94444444  0.96599968  0.06296541  0.96804960 -0.25043195
 2925.3  0.94444444  0.96599993  0.06296155  0.96804959 -0.25043199
 2925.4  0.94444444  0.96600019  0.06295748  0.96804959 -0.25043201
 2925.5  0.94444444  0.96600045  0.06295325  0.96804958 -0.25043201
 2925.6  0.94444444  0.96600072  0.06294915  0.96804958 -0.25043198
 2925.7  0.94444444  0.96600094  0.06294595  0.96804959 -0.25043193
 2925.8  0.94444444  0.96600104  0.06294426  0.96804958 -0.25043187
 2925.9  0.94444444  0.96600110  0.06294348  0.96804959 -0.25043180
 2926.0  0.94444444  0.96600106  0.06294422  0.96804960 -0.25043173
 2926.1  0.94444444  0.96600092  0.06294652  0.96804960 -0.25043168
 2926.2  0.94444444  0.96600072  0.06294963  0.96804961 -0.25043163
 2926.3  0.94444444  0.96600049  0.06295324  0.96804962 -0.25043161
 2926.4  0.94444444  0.96600023  0.06295739  0.96804962 -0.25043161
 2926.5  0.94444444  0.96599998  0.06296115  0.96804962 -0.25043163
 2926.6  0.94444444  0.96599979  0.06296413  0.96804962 -0.25043167
 2926.7  0.94444444  0.96599965  0.06296618  0.96804962 -0.25043172
 2926.8  0.94444444  0.96599958  0.06296714  0.96804962 -0.25043179
 2926.9  0.94444444  0.96599961  0.06296660  0.96804961 -0.25043185
 2927.0  0.94444444  0.96599972  0.06296484  0.96804961 -0.25043190
 2927.1  0.94444444  0.96599988  0.06296225  0.96804960 -0.25043195
 2927.2  0.94444444  0.96600010  0.06295887  0.96804959 -0.25043198
 2927.3  0.94444444  0.96600034  0.06295508  0.96804959 -0.25043198
 2927.4  0.94444444  0.96600056  0.06295165  0.96804959 -0.25043196
 2927.5  0.94444444  0.96600075  0.06294869  0.96804958 -0.25043193
 2927.6  0.94444444  0.96600090  0.06294647  0.96804959 -0.25043188
 2927.7  0.94444444  0.96600097  0.06294549  0.96804959 -0.25043183
 2927.8  0.94444444  0.96600096  0.06294571  0.96804960 -0.25043177
 2927.9  0.94444444  0.96600089  0.06294696  0.96804960 -0.25043172
 2928.0  0.94444444  0.96600074  0.06294924  0.96804961 -0.25043167
 2928.1  0.94444444  0.96600055  0.06295232  0.96804961 -0.25043165
 2928.2  0.94444444  0.96600034  0.06295563  0.96804962 -0.25043164
 2928.3  0.94444444  0.96600013  0.06295888  0.96804962 -0.25043164
 2928.4  0.94444444  0.96599994  0.06296183  0.96804962 -0.25043167
 2928.5  0.94444444  0.96599979  0.06296400  0.96804962 -0.25043172
 2928.6  0.94444444  0.96599972  0.06296510  0.96804962 -0.25043176
 2928.7  0.94444444  0.96599971  0.06296523  0.96804961 -0.25043182
 2928.8  0.94444444  0.96599976  0.06296428  0.96804961 -0.25043187
 2928.9  0.94444444  0.96599989  0.06296229  0.96804960 -0.25043191
 2929.0  0.94444444  0.96600005  0.06295965  0.96804960 -0.25043194
 2929.1  0.94444444  0.96600024  0.06295667  0.96804959 -0.25043195
 2929.2  0.94444444  0.96600044  0.06295355  0.96804959 -0.25043195
 2929.3  0.94444444  0.96600062  0.06295076  0.96804959 -0.25043192
 2929.4  0.94444444  0.96600076  0.06294866  0.96804959 -0.25043189
 2929.5  0.94444444  0.96600085  0.06294737  0.96804959 -0.25043185
 2929.6  0.94444444  0.96600087  0.06294714  0.96804960 -0.25043180
 2929.7  0.94444444  0.96600082  0.06294796  0.96804960 -0.25043175
 2929.8  0.94444444  0.96600072  0.06294960  0.96804960 -0.25043171
 2929.9  0.94444444  0.96600058  0.06295184  0.96804961 -0.25043168
 2930.0  0.94444444  0.96600041  0.06295439  0.96804961 -0.25043167
 2930.1  0.94444444  0.96600024  0.06295706  0.96804962 -0.25043167
 2930.2  0.94444444  0.96600008  0.06295955  0.96804962 -0.25043169
 2930.3  0.94444444  0.96599995  0.06296160  0.96804962 -0.25043171
 2930.4  0.94444444  0.96599986  0.06296296  0.96804962 -0.25043175
 2930.5  0.94444444  0.96599982  0.06296349  0.96804961 -0.25043179
 2930.6  0.94444444  0.96599984  0.06296315  0.96804961 -0.25043184
 2930.7  0.94444444  0.96599991  0.06296196  0.96804960 -0.25043187
 2930.8  0.94444444  0.96600003  0.06296006  0.96804960 -0.25043190
 2930.9  0.94444444  0.96600018  0.06295769  0.96804959 -0.25043192
 2931.0  0.94444444  0.96600034  0.06295514  0.96804959 -0.25043192
 2931.1  0.94444444  0.96600050  0.06295272  0.96804959 -0.25043191
 2931.2  0.94444444  0.96600063  0.06295069  0.96804959 -0.25043189
 2931.3  0.94444444  0.96600073  0.06294927  0.96804959 -0.25043185
 2931.4  0.94444444  0.96600077  0.06294863  0.96804959 -0.25043181
 2931.5  0.94444444  0.96600076  0.06294882  0.96804960 -0.25043177
 2931.6  0.94444444  0.96600070  0.06294983  0.96804960 -0.25043174
 2931.7  0.94444444  0.96600059  0.06295151  0.96804961 -0.25043171
 2931.8  0.94444444  0.96600046  0.06295363  0.96804961 -0.25043169
 2931.9  0.94444444  0.96600031  0.06295596  0.96804961 -0.25043169
 2932.0  0.94444444  0.96600017  0.06295824  0.96804962 -0.25043169
 2932.1  0.94444444  0.96600004  0.06296023  0.96804962 -0.25043171
 2932.2  0.94444444  0.96599994  0.06296169  0.96804961 -0.25043175
 2932.3  0.94444444  0.96599989  0.06296239  0.96804961 -0.25043178
 2932.4  0.94444444  0.96599989  0.06296231  0.96804961 -0.25043182
 2932.5  0.94444444  0.96599994  0.06296154  0.96804961 -0.25043185
 2932.6  0.94444444  0.96600002  0.06296020  0.96804960 -0.25043188
 2932.7  0.94444444  0.96600014  0.06295832  0.96804960 -0.25043190
 2932.8  0.94444444  0.96600028  0.06295614  0.96804959 -0.25043191
 2932.9  0.94444444  0.96600042  0.06295401  0.96804959 -0.25043190
 2933.0  0.94444444  0.96600054  0.06295216  0.96804959 -0.25043189
 2933.1  0.94444444  0.96600063  0.06295071  0.96804959 -0.25043186
 2933.2  0.94444444  0.96600069  0.06294982  0.96804959 -0.25043183
 2933.3  0.94444444  0.96600071  0.06294965  0.96804960 -0.25043180
 2933.4  0.94444444  0.96600068  0.06295016  0.96804960 -0.25043176
 2933.5  0.94444444  0.96600061  0.06295127  0.96804960 -0.25043174
 2933.6  0.94444444  0.96600051  0.06295283  0.96804961 -0.25043172
 2933.7  0.94444444  0.96600039  0.06295468  0.96804961 -0.25043170
 2933.8  0.94444444  0.96600027  0.06295662  0.96804961 -0.25043170
 2933.9  0.94444444  0.96600015  0.06295844  0.96804961 -0.25043172
 2934.0  0.94444444  0.96600005  0.06295993  0.96804961 -0.25043174
 2934.1  0.94444444  0.96599999  0.06296093  0.96804961 -0.25043176
 2934.2  0.94444444  0.96599996  0.06296137  0.96804961 -0.25043179
 2934.3  0.94444444  0.96599996  0.06296119  0.96804961 -0.25043182
 2934.4  0.94444444  0.96600001  0.06296043  0.96804960 -0.25043185
 2934.5  0.94444444  0.96600009  0.06295917  0.96804960 -0.25043187
 2934.6  0.94444444  0.96600019  0.06295753  0.96804960 -0.25043189
 2934.7  0.94444444  0.96600031  0.06295572  0.96804960 -0.25043189
 2934.8  0.94444444  0.96600042  0.06295393  0.96804959 -0.25043188
 2934.9  0.94444444  0.96600052  0.06295238  0.96804959 -0.25043187
 2935.0  0.94444444  0.96600060  0.06295122  0.96804959 -0.25043185
 2935.1  0.94444444  0.96600064  0.06295059  0.96804960 -0.25043182
 2935.2  0.94444444  0.96600065  0.06295055  0.96804960 -0.25043179
 2935.3  0.94444444  0.96600062  0.06295111  0.96804960 -0.25043176
 2935.4  0.94444444  0.96600055  0.06295220  0.96804961 -0.25043174
 2935.5  0.94444444  0.96600045  0.06295369  0.96804961 -0.25043172
 2935.6  0.94444444  0.96600034  0.06295541  0.96804961 -0.25043171
 2935.7  0.94444444  0.96600023  0.06295716  0.96804961 -0.25043172
 2935.8  0.94444444  0.96600013  0.06295874  0.96804961 -0.25043173
 2935.9  0.94444444  0.96600005  0.06295997  0.96804961 -0.25043175
 2936.0  0.94444444  0.96600000  0.06296069  0.96804961 -0.25043178
 2936.1  0.94444444  0.96599999  0.06296083  0.96804961 -0.25043181
 2936.2  0.94444444  0.96600002  0.06296037  0.96804961 -0.25043183
 2936.3  0.94444444  0.96600008  0.06295937  0.96804960 -0.25043186
 2936.4  0.94444444  0.96600017  0.06295796  0.96804960 -0.25043187
 2936.5  0.94444444  0.96600027  0.06295633  0.96804960 -0.25043188
 2936.6  0.94444444  0.96600038  0.06295469  0.96804960 -0.25043188
 2936.7  0.94444444  0.96600047  0.06295322  0.96804959 -0.25043187
 2936.8  0.94444444  0.96600055  0.06295206  0.96804959 -0.25043185
 2936.9  0.94444444  0.96600060  0.06295131  0.96804960 -0.25043183
 2937.0  0.94444444  0.96600062  0.06295107  0.96804960 -0.25043180
 2937.1  0.94444444  0.96600059  0.06295144  0.96804960 -0.25043177
 2937.2  0.94444444  0.96600054  0.06295232  0.96804960 -0.25043175
 2937.3  0.94444444  0.96600046  0.06295352  0.96804961 -0.25043174
 2937.4  0.94444444  0.96600038  0.06295490  0.96804961 -0.25043173
 2937.5  0.94444444  0.96600028  0.06295639  0.96804961 -0.25043173
 2937.6  0.94444444  0.96600019  0.06295784  0.96804961 -0.25043173
 2937.7  0.94444444  0.96600011  0.06295902  0.96804961 -0.25043175
 2937.8  0.94444444  0.96600006  0.06295977  0.96804961 -0.25043177
 2937.9  0.94444444  0.96600004  0.06296008  0.96804961 -0.25043179
 2938.0  0.94444444  0.96600004  0.06295994  0.96804961 -0.25043182
 2938.1  0.94444444  0.96600008  0.06295935  0.96804960 -0.25043184
 2938.2  0.94444444  0.96600014  0.06295835  0.96804960 -0.25043186
 2938.3  0.94444444  0.96600022  0.06295710  0.96804960 -0.25043187
 2938.4  0.94444444  0.96600031  0.06295574  0.96804960 -0.25043187
 2938.5  0.94444444  0.96600039  0.06295442  0.96804960 -0.25043186
 2938.6  0.94444444  0.96600047  0.06295328  0.96804960 -0.25043185
 2938.7  0.94444444  0.96600053  0.06295242  0.96804960 -0.25043184
 2938.8  0.94444444  0.96600056  0.06295195  0.96804960 -0.25043182
 2938.9  0.94444444  0.96600056  0.06295190  0.96804960 -0.25043180
 2939.0  0.94444444  0.96600054  0.06295226  0.96804960 -0.25043177
 2939.1  0.94444444  0.96600050  0.06295299  0.96804960 -0.25043176
 2939.2  0.94444444  0.96600043  0.06295401  0.96804961 -0.25043175
 2939.3  0.94444444  0.96600036  0.06295519  0.96804961 -0.25043174
 2939.4  0.94444444  0.96600028  0.06295641  0.96804961 -0.25043174
 2939.5  0.94444444  0.96600020  0.06295754  0.96804961 -0.25043175
 2939.6  0.94444444  0.96600014  0.06295848  0.96804961 -0.25043176
 2939.7  0.94444444  0.96600010  0.06295913  0.96804961 -0.25043178
 2939.8  0.94444444  0.96600008  0.06295940  0.96804961 -0.25043180
 2939.9  0.94444444  0.96600009  0.06295927  0.96804961 -0.25043182
 2940.0  0.94444444  0.96600012  0.06295875  0.96804960 -0.25043183
 2940.1  0.94444444  0.96600017  0.06295790  0.96804960 -0.25043185
 2940.2  0.94444444  0.96600024  0.06295682  0.96804960 -0.25043186
 2940.3  0.94444444  0.96600032  0.06295563  0.96804960 -0.25043186
 2940.4  0.94444444  0.96600039  0.06295447  0.96804960 -0.25043186
 2940.5  0.94444444  0.96600046  0.06295347  0.96804960 -0.25043185
 2940.6  0.94444444  0.96600051  0.06295273  0.96804960 -0.25043183
 2940.7  0.94444444  0.96600053  0.06295234  0.96804960 -0.25043181
 2940.8  0.94444444  0.96600053  0.06295234  0.96804960 -0.25043179
 2940.9  0.94444444  0.96600051  0.06295273  0.96804960 -0.25043177
 2941.0  0.94444444  0.96600047  0.06295344  0.96804960 -0.25043176
 2941.1  0.94444444  0.96600040  0.06295442  0.96804961 -0.25043175
 2941.2  0.94444444  0.96600033  0.06295554  0.96804961 -0.25043174
 2941.3  0.94444444  0.96600026  0.06295668  0.96804961 -0.25043175
 2941.4  0.94444444  0.96600019  0.06295771  0.96804961 -0.25043175
 2941.5  0.94444444  0.96600014  0.06295852  0.96804961 -0.25043177
 2941.6  0.94444444  0.96600011  0.06295903  0.96804961 -0.25043178
 2941.7  0.94444444  0.96600010  0.06295916  0.96804961 -0.25043180
 2941.8  0.94444444  0.96600011  0.06295892  0.96804961 -0.25043182
 2941.9  0.94444444  0.96600015  0.06295834  0.96804960 -0.25043184
 2942.0  0.94444444  0.96600020  0.06295747  0.96804960 -0.25043185
 2942.1  0.94444444  0.96600027  0.06295642  0.96804960 -0.25043185
 2942.2  0.94444444  0.96600034  0.06295531  0.96804960 -0.25043186
 2942.3  0.94444444  0.96600041  0.06295427  0.96804960 -0.25043185
 2942.4  0.94444444  0.96600046  0.06295340  0.96804960 -0.25043184
 2942.5  0.94444444  0.96600050  0.06295280  0.96804960 -0.25043182
 2942.6  0.94444444  0.96600052  0.06295254  0.96804960 -0.25043181
 2942.7  0.94444444  0.96600051  0.06295265  0.96804960 -0.25043179
 2942.8  0.94444444  0.96600049  0.06295311  0.96804960 -0.25043177
 2942.9  0.94444444  0.96600044  0.06295385  0.96804961 -0.25043176
 2943.0  0.94444444  0.96600038  0.06295481  0.96804961 -0.25043175
 2943.1  0.94444444  0.96600031  0.06295587  0.96804961 -0.25043175
 2943.2  0.94444444  0.96600024  0.06295692  0.96804961 -0.25043175
 2943.3  0.94444444  0.96600018  0.06295784  0.96804961 -0.25043176
 2943.4  0.94444444  0.96600014  0.06295852  0.96804961 -0.25043177
 2943.5  0.94444444  0.96600011  0.06295889  0.96804961 -0.25043179
 2943.6  0.94444444  0.96600011  0.06295892  0.96804961 -0.25043181
 2943.7  0.94444444  0.96600013  0.06295859  0.96804960 -0.25043182
 2943.8  0.94444444  0.96600017  0.06295795  0.96804960 -0.25043184
 2943.9  0.94444444  0.96600023  0.06295707  0.96804960 -0.25043185
 2944.0  0.94444444  0.96600029  0.06295605  0.96804960 -0.25043185
 2944.1  0.94444444  0.96600036  0.06295500  0.96804960 -0.25043185
 2944.2  0.94444444  0.96600042  0.06295406  0.96804960 -0.25043184
 2944.3  0.94444444  0.96600047  0.06295330  0.96804960 -0.25043183
 2944.4  0.94444444  0.96600050  0.06295282  0.96804960 -0.25043182
 2944.5  0.94444444  0.96600051  0.06295265  0.96804960 -0.25043180
 2944.6  0.94444444  0.96600050  0.06295285  0.96804960 -0.25043178
 2944.7  0.94444444  0.96600047  0.06295340  0.96804960 -0.25043177
 2944.8  0.94444444  0.96600042  0.06295421  0.96804961 -0.25043176
 2944.9  0.94444444  0.96600035  0.06295519  0.96804961 -0.25043175
 2945.0  0.94444444  0.96600029  0.06295625  0.96804961 -0.25043175
 2945.1  0.94444444  0.96600022  0.06295724  0.96804961 -0.25043175
 2945.2  0.94444444  0.96600017  0.06295806  0.96804961 -0.25043177
 2945.3  0.94444444  0.96600013  0.06295864  0.96804961 -0.25043178
 2945.4  0.94444444  0.96600011  0.06295890  0.96804961 -0.25043180
 2945.5  0.94444444  0.96600012  0.06295881  0.96804961 -0.25043181
 2945.6  0.94444444  0.96600014  0.06295839  0.96804960 -0.25043183
 2945.7  0.94444444  0.96600019  0.06295766  0.96804960 -0.25043184
 2945.8  0.94444444  0.96600025  0.06295671  0.96804960 -0.25043185
 2945.9  0.94444444  0.96600032  0.06295566  0.96804960 -0.25043185
 2946.0  0.94444444  0.96600038  0.06295462  0.96804960 -0.25043185
 2946.1  0.94444444  0.96600044  0.06295371  0.96804960 -0.25043184
 2946.2  0.94444444  0.96600049  0.06295304  0.96804960 -0.25043183
 2946.3  0.94444444  0.96600051  0.06295268  0.96804960 -0.25043181
 2946.4  0.94444444  0.96600051  0.06295267  0.96804960 -0.25043179
 2946.5  0.94444444  0.96600049  0.06295302  0.96804960 -0.25043178
 2946.6  0.94444444  0.96600045  0.06295367  0.96804960 -0.25043176
 2946.7  0.94444444  0.96600039  0.06295458  0.96804961 -0.25043175
 2946.8  0.94444444  0.96600033  0.06295563  0.96804961 -0.25043175
 2946.9  0.94444444  0.96600026  0.06295669  0.96804961 -0.25043175
 2947.0  0.94444444  0.96600020  0.06295765  0.96804961 -0.25043176
 2947.1  0.94444444  0.96600015  0.06295840  0.96804961 -0.25043177
 2947.2  0.94444444  0.96600012  0.06295884  0.96804961 -0.25043179
 2947.3  0.94444444  0.96600011  0.06295893  0.96804961 -0.25043180
 2947.4  0.94444444  0.96600013  0.06295869  0.96804961 -0.25043182
 2947.5  0.94444444  0.96600016  0.06295813  0.96804960 -0.25043184
 2947.6  0.94444444  0.96600021  0.06295730  0.96804960 -0.25043185
 2947.7  0.94444444  0.96600027  0.06295629  0.96804960 -0.25043185
 2947.8  0.94444444  0.96600034  0.06295520  0.96804960 -0.25043185
 2947.9  0.94444444  0.96600041  0.06295415  0.96804960 -0.25043185
 2948.0  0.94444444  0.96600047  0.06295328  0.96804960 -0.25043183
 2948.1  0.94444444  0.96600051  0.06295272  0.96804960 -0.25043182
 2948.2  0.94444444  0.96600052  0.06295253  0.96804960 -0.25043180
 2948.3  0.94444444  0.96600051  0.06295274  0.96804960 -0.25043178
 2948.4  0.94444444  0.96600047  0.06295330  0.96804960 -0.25043177
 2948.5  0.94444444  0.96600042  0.06295410  0.96804961 -0.25043176
 2948.6  0.94444444  0.96600036  0.06295506  0.96804961 -0.25043175
 2948.7  0.94444444  0.96600029  0.06295614  0.96804961 -0.25043175
 2948.8  0.94444444  0.96600023  0.06295716  0.96804961 -0.25043175
 2948.9  0.94444444  0.96600017  0.06295798  0.96804961 -0.25043177
 2949.0  0.94444444  0.96600014  0.06295849  0.96804961 -0.25043178
 2949.1  0.94444444  0.96600013  0.06295873  0.96804961 -0.25043179
 2949.2  0.94444444  0.96600013  0.06295870  0.96804961 -0.25043181
 2949.3  0.94444444  0.96600015  0.06295836  0.96804960 -0.25043183
 2949.4  0.94444444  0.96600019  0.06295771  0.96804960 -0.25043184
 2949.5  0.94444444  0.96600024  0.06295684  0.96804960 -0.25043185
 2949.6  0.94444444  0.96600030  0.06295587  0.96804960 -0.25043185
 2949.7  0.94444444  0.96600036  0.06295494  0.96804960 -0.25043185
 2949.8  0.94444444  0.96600041  0.06295414  0.96804960 -0.25043184
 2949.9  0.94444444  0.96600046  0.06295351  0.96804960 -0.25043183
 2950.0  0.94444444  0.96600048  0.06295316  0.96804960 -0.25043181
 2950.1  0.94444444  0.96600049  0.06295312  0.96804960 -0.25043180
 2950.2  0.94444444  0.96600047  0.06295337  0.96804960 -0.25043178
 2950.3  0.94444444  0.96600044  0.06295387  0.96804960 -0.25043177
 2950.4  0.94444444  0.96600040  0.06295454  0.96804961 -0.25043176
 2950.5  0.94444444  0.96600034  0.06295533  0.96804961 -0.25043176
 2950.6  0.94444444  0.96600029  0.06295615  0.96804961 -0.25043176
 2950.7  0.94444444  0.96600024  0.06295692  0.96804961 -0.25043176
 2950.8  0.94444444  0.96600020  0.06295755  0.96804961 -0.25043177
 2950.9  0.94444444  0.96600017  0.06295800  0.96804961 -0.25043178
 2951.0  0.94444444  0.96600016  0.06295822  0.96804961 -0.25043180
 2951.1  0.94444444  0.96600016  0.06295817  0.96804961 -0.25043181
 2951.2  0.94444444  0.96600018  0.06295786  0.96804960 -0.25043182
 2951.3  0.94444444  0.96600021  0.06295732  0.96804960 -0.25043183
 2951.4  0.94444444  0.96600026  0.06295660  0.96804960 -0.25043184
 2951.5  0.94444444  0.96600031  0.06295578  0.96804960 -0.25043184
 2951.6  0.94444444  0.96600036  0.06295496  0.96804960 -0.25043184
 2951.7  0.94444444  0.96600041  0.06295423  0.96804960 -0.25043183
 2951.8  0.94444444  0.96600045  0.06295367  0.96804960 -0.25043182
 2951.9  0.94444444  0.96600047  0.06295336  0.96804960 -0.25043181
 2952.0  0.94444444  0.96600047  0.06295332  0.96804960 -0.25043180
 2952.1  0.94444444  0.96600046  0.06295358  0.96804960 -0.25043178
 2952.2  0.94444444  0.96600043  0.06295408  0.96804961 -0.25043177
 2952.3  0.94444444  0.96600038  0.06295477  0.96804961 -0.25043176
 2952.4  0.94444444  0.96600033  0.06295557  0.96804961 -0.25043176
 2952.5  0.94444444  0.96600028  0.06295638  0.96804961 -0.25043176
 2952.6  0.94444444  0.96600023  0.06295711  0.96804961 -0.25043177
 2952.7  0.94444444  0.96600019  0.06295770  0.96804961 -0.25043178
 2952.8  0.94444444  0.96600017  0.06295807  0.96804961 -0.25043179
 2952.9  0.94444444  0.96600016  0.06295819  0.96804961 -0.25043180
 2953.0  0.94444444  0.96600017  0.06295806  0.96804961 -0.25043181
 2953.1  0.94444444  0.96600019  0.06295768  0.96804960 -0.25043183
 2953.2  0.94444444  0.96600023  0.06295711  0.96804960 -0.25043183
 2953.3  0.94444444  0.96600027  0.06295638  0.96804960 -0.25043184
 2953.4  0.94444444  0.96600032  0.06295558  0.96804960 -0.25043184
 2953.5  0.94444444  0.96600037  0.06295479  0.96804960 -0.25043184
 2953.6  0.94444444  0.96600042  0.06295410  0.96804960 -0.25043183
 2953.7  0.94444444  0.96600045  0.06295360  0.96804960 -0.25043182
 2953.8  0.94444444  0.96600047  0.06295333  0.96804960 -0.25043181
 2953.9  0.94444444  0.96600047  0.06295337  0.96804960 -0.25043179
 2954.0  0.94444444  0.96600045  0.06295368  0.96804960 -0.25043178
 2954.1  0.94444444  0.96600042  0.06295424  0.96804961 -0.25043177
 2954.2  0.94444444  0.96600037  0.06295497  0.96804961 -0.25043176
 2954.3  0.94444444  0.96600031  0.06295580  0.96804961 -0.25043176
 2954.4  0.94444444  0.96600026  0.06295660  0.96804961 -0.25043176
 2954.5  0.94444444  0.96600022  0.06295730  0.96804961 -0.25043177
 2954.6  0.94444444  0.96600018  0.06295781  0.96804961 -0.25043178
 2954.7  0.94444444  0.96600016  0.06295810  0.96804961 -0.25043179
 2954.8  0.94444444  0.96600016  0.06295813  0.96804961 -0.25043180
 2954.9  0.94444444  0.96600018  0.06295791  0.96804961 -0.25043182
 2955.0  0.94444444  0.96600020  0.06295748  0.96804961 -0.25043183
 2955.1  0.94444444  0.96600024  0.06295686  0.96804960 -0.25043184
 2955.2  0.94444444  0.96600029  0.06295613  0.96804960 -0.25043184
 2955.3  0.94444444  0.96600034  0.06295536  0.96804960 -0.25043184
 2955.4  0.94444444  0.96600038  0.06295460  0.96804960 -0.25043184
 2955.5  0.94444444  0.96600042  0.06295394  0.96804959 -0.25043183
 2955.6  0.94444444  0.96600046  0.06295345  0.96804959 -0.25043182
 2955.7  0.94444444  0.96600047  0.06295319  0.96804960 -0.25043180
 2955.8  0.94444444  0.96600048  0.06295322  0.96804960 -0.25043179
 2955.9  0.94444444  0.96600046  0.06295355  0.96804961 -0.25043177
 2956.0  0.94444444  0.96600042  0.06295419  0.96804961 -0.25043176
 2956.1  0.94444444  0.96600037  0.06295507  0.96804961 -0.25043176
 2956.2  0.94444444  0.96600030  0.06295606  0.96804961 -0.25043176
 2956.3  0.94444444  0.96600024  0.06295703  0.96804961 -0.25043176
 2956.4  0.94444444  0.96600018  0.06295782  0.96804960 -0.25043177
 2956.5  0.94444444  0.96600015  0.06295831  0.96804960 -0.25043178
 2956.6  0.94444444  0.96600013  0.06295845  0.96804960 -0.25043180
 2956.7  0.94444444  0.96600015  0.06295825  0.96804960 -0.25043181
 2956.8  0.94444444  0.96600018  0.06295778  0.96804960 -0.25043182
 2956.9  0.94444444  0.96600023  0.06295714  0.96804961 -0.25043183
 2957.0  0.94444444  0.96600028  0.06295644  0.96804961 -0.25043184
 2957.1  0.94444444  0.96600032  0.06295575  0.96804961 -0.25043184
 2957.2  0.94444444  0.96600036  0.06295509  0.96804960 -0.25043184
 2957.3  0.94444444  0.96600039  0.06295448  0.96804959 -0.25043183
 2957.4  0.94444444  0.96600042  0.06295392  0.96804959 -0.25043182
 2957.5  0.94444444  0.96600045  0.06295348  0.96804959 -0.25043181
 2957.6  0.94444444  0.96600047  0.06295325  0.96804959 -0.25043180
 2957.7  0.94444444  0.96600047  0.06295332  0.96804960 -0.25043178
 2957.8  0.94444444  0.96600045  0.06295375  0.96804961 -0.25043177
 2957.9  0.94444444  0.96600041  0.06295454  0.96804962 -0.25043176
 2958.0  0.94444444  0.96600034  0.06295558  0.96804962 -0.25043176
 2958.1  0.94444444  0.96600026  0.06295668  0.96804961 -0.25043176
 2958.2  0.94444444  0.96600019  0.06295761  0.96804960 -0.25043177
 2958.3  0.94444444  0.96600015  0.06295818  0.96804959 -0.25043178
 2958.4  0.94444444  0.96600013  0.06295830  0.96804959 -0.25043180
 2958.5  0.94444444  0.96600016  0.06295801  0.96804960 -0.25043181
