 # TIME  LP  TMAB  TMDS  TMPC  TMZ
 3108.5  1.00000000  0.96593689  0.06358273  0.96802729 -0.25059590
 3108.6  1.00000000  0.96593689  0.06358273  0.96802729 -0.25059590
 3108.7  1.00000000  0.96603734  0.06205169  0.96802817 -0.25059229
 3108.8  1.00000000  0.96614723  0.06035304  0.96803046 -0.25057929
 3108.9  1.00000000  0.96622705  0.05910949  0.96803339 -0.25055866
 3109.0  1.00000000  0.96626964  0.05846347  0.96803667 -0.25053275
 3109.1  1.00000000  0.96627041  0.05849166  0.96803914 -0.25050574
 3109.2  1.00000000  0.96623192  0.05914214  0.96804025 -0.25048153
 3109.3  1.00000000  0.96616357  0.06026173  0.96804107 -0.25046212
 3109.4  1.00000000  0.96607403  0.06169503  0.96804200 -0.25044975
 3109.5  1.00000000  0.96597350  0.06326660  0.96804311 -0.25044628
 3109.6  1.00000000  0.96587513  0.06477743  0.96804487 -0.25045131
 3109.7  1.00000000  0.96578898  0.06607781  0.96804681 -0.25046392
 3109.8  1.00000000  0.96572211  0.06705454  0.96804727 -0.25048339
 3109.9  1.00000000  0.96568470  0.06756651  0.96804554 -0.25050722
 3110.0  1.00000000  0.96568440  0.06751764  0.96804183 -0.25053183
 3110.1  1.00000000  0.96572202  0.06690031  0.96803650 -0.25055431
 3110.2  1.00000000  0.96579388  0.06577602  0.96803115 -0.25057149
 3110.3  1.00000000  0.96589057  0.06429474  0.96802811 -0.25058044
 3110.4  1.00000000  0.96599567  0.06269717  0.96802818 -0.25058034
 3110.5  1.00000000  0.96609264  0.06122528  0.96803075 -0.25057184
 3110.6  1.00000000  0.96616825  0.06008410  0.96803470 -0.25055605
 3110.7  1.00000000  0.96621209  0.05943152  0.96803818 -0.25053568
 3110.8  1.00000000  0.96621990  0.05933112  0.96803981 -0.25051403
 3110.9  1.00000000  0.96619487  0.05973925  0.96803993 -0.25049359
 3111.0  1.00000000  0.96614335  0.06056071  0.96803955 -0.25047658
 3111.1  1.00000000  0.96607328  0.06166778  0.96803952 -0.25046517
 3111.2  1.00000000  0.96599466  0.06290657  0.96804076 -0.25046028
 3111.3  1.00000000  0.96591611  0.06414032  0.96804334 -0.25046206
 3111.4  1.00000000  0.96584349  0.06526349  0.96804595 -0.25047063
 3111.5  1.00000000  0.96578376  0.06615754  0.96804705 -0.25048521
 3111.6  1.00000000  0.96574525  0.06669956  0.96804583 -0.25050382
 3111.7  1.00000000  0.96573459  0.06679998  0.96804211 -0.25052417
 3111.8  1.00000000  0.96575583  0.06641595  0.96803688 -0.25054350
 3111.9  1.00000000  0.96580834  0.06557884  0.96803219 -0.25055872
 3112.0  1.00000000  0.96588403  0.06441793  0.96802977 -0.25056768
 3112.1  1.00000000  0.96597010  0.06311890  0.96803008 -0.25056952
 3112.2  1.00000000  0.96605298  0.06187789  0.96803266 -0.25056410
 3112.3  1.00000000  0.96611968  0.06088001  0.96803595 -0.25055254
 3112.4  1.00000000  0.96616094  0.06025811  0.96803822 -0.25053701
 3112.5  1.00000000  0.96617382  0.06006232  0.96803891 -0.25051968
 3112.6  1.00000000  0.96615995  0.06027978  0.96803858 -0.25050257
 3112.7  1.00000000  0.96612360  0.06085261  0.96803815 -0.25048786
 3112.8  1.00000000  0.96607140  0.06168327  0.96803862 -0.25047712
 3112.9  1.00000000  0.96601027  0.06266264  0.96804052 -0.25047129
 3113.0  1.00000000  0.96594556  0.06369347  0.96804322 -0.25047112
 3113.1  1.00000000  0.96588268  0.06467299  0.96804542 -0.25047686
 3113.2  1.00000000  0.96582860  0.06548531  0.96804608 -0.25048777
 3113.3  1.00000000  0.96579056  0.06602162  0.96804456 -0.25050254
 3113.4  1.00000000  0.96577534  0.06619317  0.96804109 -0.25051930
 3113.5  1.00000000  0.96578757  0.06595349  0.96803693 -0.25053549
 3113.6  1.00000000  0.96582650  0.06533209  0.96803363 -0.25054870
 3113.7  1.00000000  0.96588560  0.06442986  0.96803213 -0.25055726
 3113.8  1.00000000  0.96595507  0.06338721  0.96803261 -0.25056011
 3113.9  1.00000000  0.96602356  0.06236278  0.96803442 -0.25055704
 3114.0  1.00000000  0.96608035  0.06150631  0.96803629 -0.25054892
 3114.1  1.00000000  0.96611843  0.06092206  0.96803736 -0.25053714
 3114.2  1.00000000  0.96613495  0.06066349  0.96803760 -0.25052321
 3114.3  1.00000000  0.96612993  0.06074179  0.96803750 -0.25050896
 3114.4  1.00000000  0.96610601  0.06112495  0.96803775 -0.25049616
 3114.5  1.00000000  0.96606753  0.06174900  0.96803895 -0.25048616
 3114.6  1.00000000  0.96601877  0.06253864  0.96804098 -0.25048011
 3114.7  1.00000000  0.96596417  0.06340838  0.96804308 -0.25047889
 3114.8  1.00000000  0.96590946  0.06425645  0.96804441 -0.25048265
 3114.9  1.00000000  0.96586120  0.06497736  0.96804437 -0.25049091
 3115.0  1.00000000  0.96582609  0.06547383  0.96804280 -0.25050265
 3115.1  1.00000000  0.96581029  0.06566774  0.96804017 -0.25051621
 3115.2  1.00000000  0.96581722  0.06552541  0.96803743 -0.25052958
 3115.3  1.00000000  0.96584583  0.06507197  0.96803539 -0.25054093
 3115.4  1.00000000  0.96589130  0.06437945  0.96803446 -0.25054880
 3115.5  1.00000000  0.96594617  0.06355300  0.96803460 -0.25055220
 3115.6  1.00000000  0.96600161  0.06271576  0.96803532 -0.25055088
 3115.7  1.00000000  0.96604962  0.06198237  0.96803599 -0.25054531
 3115.8  1.00000000  0.96608464  0.06144108  0.96803643 -0.25053631
 3115.9  1.00000000  0.96610335  0.06115136  0.96803676 -0.25052511
 3116.0  1.00000000  0.96610465  0.06113830  0.96803723 -0.25051324
 3116.1  1.00000000  0.96608963  0.06138977  0.96803815 -0.25050215
 3116.2  1.00000000  0.96606065  0.06186656  0.96803959 -0.25049314
 3116.3  1.00000000  0.96602088  0.06250898  0.96804117 -0.25048739
 3116.4  1.00000000  0.96597479  0.06323644  0.96804242 -0.25048564
 3116.5  1.00000000  0.96592793  0.06395645  0.96804297 -0.25048804
 3116.6  1.00000000  0.96588626  0.06457744  0.96804262 -0.25049425
 3116.7  1.00000000  0.96585563  0.06501662  0.96804145 -0.25050344
 3116.8  1.00000000  0.96584079  0.06521318  0.96803987 -0.25051427
 3116.9  1.00000000  0.96584391  0.06514353  0.96803829 -0.25052523
 3117.0  1.00000000  0.96586418  0.06482275  0.96803699 -0.25053489
 3117.1  1.00000000  0.96589832  0.06429912  0.96803613 -0.25054199
 3117.2  1.00000000  0.96594094  0.06364922  0.96803571 -0.25054564
 3117.3  1.00000000  0.96598564  0.06296502  0.96803557 -0.25054552
 3117.4  1.00000000  0.96602645  0.06233717  0.96803565 -0.25054173
 3117.5  1.00000000  0.96605839  0.06184574  0.96803600 -0.25053485
 3117.6  1.00000000  0.96607782  0.06155150  0.96803664 -0.25052588
 3117.7  1.00000000  0.96608291  0.06148599  0.96803756 -0.25051603
 3117.8  1.00000000  0.96607361  0.06164988  0.96803870 -0.25050657
 3117.9  1.00000000  0.96605131  0.06201649  0.96803986 -0.25049873
 3118.0  1.00000000  0.96601892  0.06253363  0.96804081 -0.25049351
 3118.1  1.00000000  0.96598072  0.06313019  0.96804141 -0.25049150
 3118.2  1.00000000  0.96594164  0.06372818  0.96804160 -0.25049288
 3118.3  1.00000000  0.96590673  0.06425169  0.96804136 -0.25049744
 3118.4  1.00000000  0.96588063  0.06463443  0.96804081 -0.25050449
 3118.5  1.00000000  0.96586675  0.06482984  0.96804003 -0.25051307
 3118.6  1.00000000  0.96586668  0.06481663  0.96803907 -0.25052204
 3118.7  1.00000000  0.96588021  0.06459886  0.96803801 -0.25053024
 3118.8  1.00000000  0.96590532  0.06420697  0.96803699 -0.25053657
 3118.9  1.00000000  0.96593834  0.06369560  0.96803616 -0.25054025
 3119.0  1.00000000  0.96597467  0.06313469  0.96803567 -0.25054084
 3119.1  1.00000000  0.96600946  0.06260015  0.96803567 -0.25053831
 3119.2  1.00000000  0.96603808  0.06216443  0.96803616 -0.25053308
 3119.3  1.00000000  0.96605689  0.06188459  0.96803699 -0.25052593
 3119.4  1.00000000  0.96606373  0.06179333  0.96803799 -0.25051787
 3119.5  1.00000000  0.96605806  0.06189659  0.96803893 -0.25050997
 3119.6  1.00000000  0.96604101  0.06217353  0.96803966 -0.25050327
 3119.7  1.00000000  0.96601522  0.06258055  0.96804015 -0.25049860
 3119.8  1.00000000  0.96598437  0.06305987  0.96804046 -0.25049646
 3119.9  1.00000000  0.96595250  0.06354910  0.96804066 -0.25049706
 3120.0  1.00000000  0.96592362  0.06398765  0.96804073 -0.25050027
 3120.1  1.00000000  0.96590124  0.06432303  0.96804063 -0.25050561
 3120.2  1.00000000  0.96588795  0.06451630  0.96804023 -0.25051240
 3120.3  1.00000000  0.96588533  0.06454424  0.96803948 -0.25051975
 3120.4  1.00000000  0.96589373  0.06440275  0.96803844 -0.25052669
 3120.5  1.00000000  0.96591208  0.06411018  0.96803732 -0.25053228
 3120.6  1.00000000  0.96593789  0.06370628  0.96803641 -0.25053580
 3120.7  1.00000000  0.96596762  0.06324687  0.96803596 -0.25053679
 3120.8  1.00000000  0.96599710  0.06279663  0.96803606 -0.25053517
 3120.9  1.00000000  0.96602217  0.06241865  0.96803663 -0.25053125
 3121.0  1.00000000  0.96603943  0.06216323  0.96803742 -0.25052563
 3121.1  1.00000000  0.96604681  0.06206055  0.96803820 -0.25051911
 3121.2  1.00000000  0.96604373  0.06211784  0.96803880 -0.25051260
 3121.3  1.00000000  0.96603114  0.06231962  0.96803921 -0.25050692
 3121.4  1.00000000  0.96601123  0.06263241  0.96803952 -0.25050275
 3121.5  1.00000000  0.96598684  0.06301244  0.96803985 -0.25050055
 3121.6  1.00000000  0.96596108  0.06341145  0.96804020 -0.25050056
 3121.7  1.00000000  0.96593704  0.06378111  0.96804049 -0.25050273
 3121.8  1.00000000  0.96591748  0.06407750  0.96804055 -0.25050677
 3121.9  1.00000000  0.96590472  0.06426481  0.96804023 -0.25051216
 3122.0  1.00000000  0.96590041  0.06431845  0.96803949 -0.25051818
 3122.1  1.00000000  0.96590528  0.06423020  0.96803849 -0.25052401
 3122.2  1.00000000  0.96591878  0.06401153  0.96803748 -0.25052887
 3122.3  1.00000000  0.96593911  0.06369271  0.96803674 -0.25053211
 3122.4  1.00000000  0.96596338  0.06331930  0.96803646 -0.25053331
 3122.5  1.00000000  0.96598799  0.06294536  0.96803663 -0.25053237
 3122.6  1.00000000  0.96600940  0.06262333  0.96803711 -0.25052950
 3122.7  1.00000000  0.96602472  0.06239529  0.96803767 -0.25052515
 3122.8  1.00000000  0.96603216  0.06228752  0.96803815 -0.25051996
 3122.9  1.00000000  0.96603118  0.06230816  0.96803851 -0.25051462
 3123.0  1.00000000  0.96602245  0.06244796  0.96803880 -0.25050980
 3123.1  1.00000000  0.96600751  0.06268394  0.96803914 -0.25050607
 3123.2  1.00000000  0.96598840  0.06298413  0.96803956 -0.25050388
 3123.3  1.00000000  0.96596749  0.06331079  0.96804001 -0.25050348
 3123.4  1.00000000  0.96594724  0.06362398  0.96804033 -0.25050490
 3123.5  1.00000000  0.96593002  0.06388530  0.96804036 -0.25050794
 3123.6  1.00000000  0.96591801  0.06406135  0.96804001 -0.25051220
 3123.7  1.00000000  0.96591287  0.06412841  0.96803932 -0.25051711
 3123.8  1.00000000  0.96591543  0.06407705  0.96803847 -0.25052197
 3123.9  1.00000000  0.96592540  0.06391471  0.96803769 -0.25052614
 3124.0  1.00000000  0.96594136  0.06366529  0.96803718 -0.25052906
 3124.1  1.00000000  0.96596091  0.06336547  0.96803702 -0.25053037
 3124.2  1.00000000  0.96598113  0.06305841  0.96803714 -0.25052994
 3124.3  1.00000000  0.96599913  0.06278635  0.96803742 -0.25052791
 3124.4  1.00000000  0.96601257  0.06258402  0.96803773 -0.25052459
 3124.5  1.00000000  0.96601993  0.06247463  0.96803800 -0.25052046
 3124.6  1.00000000  0.96602062  0.06246801  0.96803827 -0.25051607
 3124.7  1.00000000  0.96601493  0.06256075  0.96803858 -0.25051198
 3124.8  1.00000000  0.96600385  0.06273790  0.96803899 -0.25050867
 3124.9  1.00000000  0.96598884  0.06297582  0.96803946 -0.25050658
 3125.0  1.00000000  0.96597173  0.06324421  0.96803988 -0.25050594
 3125.1  1.00000000  0.96595458  0.06350908  0.96804011 -0.25050683
 3125.2  1.00000000  0.96593954  0.06373647  0.96804005 -0.25050911
 3125.3  1.00000000  0.96592861  0.06389646  0.96803969 -0.25051248
 3125.4  1.00000000  0.96592333  0.06396764  0.96803912 -0.25051645
 3125.5  1.00000000  0.96592446  0.06394117  0.96803850 -0.25052047
 3125.6  1.00000000  0.96593179  0.06382237  0.96803797 -0.25052401
 3125.7  1.00000000  0.96594416  0.06362968  0.96803763 -0.25052659
 3125.8  1.00000000  0.96595967  0.06339149  0.96803749 -0.25052792
 3125.9  1.00000000  0.96597606  0.06314137  0.96803749 -0.25052786
 3126.0  1.00000000  0.96599106  0.06291273  0.96803757 -0.25052646
 3126.1  1.00000000  0.96600280  0.06273427  0.96803771 -0.25052395
 3126.2  1.00000000  0.96600994  0.06262710  0.96803789 -0.25052067
 3126.3  1.00000000  0.96601181  0.06260250  0.96803817 -0.25051707
 3126.4  1.00000000  0.96600838  0.06266112  0.96803854 -0.25051361
 3126.5  1.00000000  0.96600019  0.06279396  0.96803897 -0.25051072
 3126.6  1.00000000  0.96598831  0.06298285  0.96803939 -0.25050878
 3126.7  1.00000000  0.96597426  0.06320262  0.96803969 -0.25050803
 3126.8  1.00000000  0.96595984  0.06342440  0.96803980 -0.25050855
 3126.9  1.00000000  0.96594695  0.06361880  0.96803970 -0.25051025
 3127.0  1.00000000  0.96593733  0.06376028  0.96803941 -0.25051287
 3127.1  1.00000000  0.96593227  0.06383088  0.96803902 -0.25051604
 3127.2  1.00000000  0.96593241  0.06382270  0.96803861 -0.25051934
 3127.3  1.00000000  0.96593758  0.06373892  0.96803826 -0.25052231
 3127.4  1.00000000  0.96594695  0.06359269  0.96803798 -0.25052460
 3127.5  1.00000000  0.96595909  0.06340507  0.96803779 -0.25052591
 3127.6  1.00000000  0.96597229  0.06320175  0.96803767 -0.25052610
 3127.7  1.00000000  0.96598483  0.06300938  0.96803764 -0.25052517
 3127.8  1.00000000  0.96599512  0.06285253  0.96803771 -0.25052328
 3127.9  1.00000000  0.96600193  0.06275064  0.96803790 -0.25052068
 3128.0  1.00000000  0.96600451  0.06271562  0.96803820 -0.25051774
 3128.1  1.00000000  0.96600260  0.06275073  0.96803857 -0.25051483
 3128.2  1.00000000  0.96599652  0.06285003  0.96803895 -0.25051234
 3128.3  1.00000000  0.96598712  0.06299917  0.96803926 -0.25051060
 3128.4  1.00000000  0.96597566  0.06317747  0.96803945 -0.25050981
 3128.5  1.00000000  0.96596371  0.06336076  0.96803950 -0.25051006
 3128.6  1.00000000  0.96595286  0.06352476  0.96803942 -0.25051128
 3128.7  1.00000000  0.96594454  0.06364843  0.96803924 -0.25051329
 3128.8  1.00000000  0.96593980  0.06371674  0.96803901 -0.25051581
 3128.9  1.00000000  0.96593917  0.06372230  0.96803874 -0.25051850
 3129.0  1.00000000  0.96594260  0.06366595  0.96803846 -0.25052101
 3129.1  1.00000000  0.96594954  0.06355639  0.96803819 -0.25052301
 3129.2  1.00000000  0.96595899  0.06340894  0.96803795 -0.25052426
 3129.3  1.00000000  0.96596968  0.06324340  0.96803778 -0.25052461
 3129.4  1.00000000  0.96598019  0.06308174  0.96803772 -0.25052403
 3129.5  1.00000000  0.96598917  0.06294516  0.96803780 -0.25052261
 3129.6  1.00000000  0.96599549  0.06285127  0.96803800 -0.25052056
 3129.7  1.00000000  0.96599834  0.06281170  0.96803828 -0.25051817
 3129.8  1.00000000  0.96599743  0.06283049  0.96803859 -0.25051575
 3129.9  1.00000000  0.96599296  0.06290364  0.96803887 -0.25051364
 3130.0  1.00000000  0.96598559  0.06301991  0.96803908 -0.25051209
 3130.1  1.00000000  0.96597639  0.06316271  0.96803921 -0.25051130
 3130.2  1.00000000  0.96596662  0.06331264  0.96803926 -0.25051134
 3130.3  1.00000000  0.96595759  0.06345012  0.96803924 -0.25051219
 3130.4  1.00000000  0.96595042  0.06355795  0.96803916 -0.25051372
 3130.5  1.00000000  0.96594598  0.06362320  0.96803902 -0.25051571
 3130.6  1.00000000  0.96594477  0.06363846  0.96803882 -0.25051790
 3130.7  1.00000000  0.96594687  0.06360266  0.96803856 -0.25052001
 3130.8  1.00000000  0.96595196  0.06352117  0.96803829 -0.25052176
 3130.9  1.00000000  0.96595934  0.06340521  0.96803805 -0.25052292
 3131.0  1.00000000  0.96596801  0.06327054  0.96803789 -0.25052335
 3131.1  1.00000000  0.96597681  0.06313543  0.96803785 -0.25052301
 3131.2  1.00000000  0.96598456  0.06301805  0.96803793 -0.25052196
 3131.3  1.00000000  0.96599023  0.06293382  0.96803811 -0.25052036
 3131.4  1.00000000  0.96599310  0.06289320  0.96803834 -0.25051843
 3131.5  1.00000000  0.96599286  0.06290044  0.96803857 -0.25051645
 3131.6  1.00000000  0.96598965  0.06295270  0.96803876 -0.25051466
 3131.7  1.00000000  0.96598400  0.06304175  0.96803892 -0.25051330
 3131.8  1.00000000  0.96597672  0.06315486  0.96803903 -0.25051253
 3131.9  1.00000000  0.96596882  0.06327686  0.96803911 -0.25051242
 3132.0  1.00000000  0.96596130  0.06339209  0.96803914 -0.25051299
 3132.1  1.00000000  0.96595509  0.06348621  0.96803912 -0.25051413
 3132.2  1.00000000  0.96595095  0.06354768  0.96803902 -0.25051571
 3132.3  1.00000000  0.96594935  0.06356909  0.96803883 -0.25051750
 3132.4  1.00000000  0.96595050  0.06354807  0.96803859 -0.25051926
 3132.5  1.00000000  0.96595421  0.06348772  0.96803834 -0.25052077
 3132.6  1.00000000  0.96595999  0.06339653  0.96803813 -0.25052183
 3132.7  1.00000000  0.96596703  0.06328729  0.96803801 -0.25052230
 3132.8  1.00000000  0.96597436  0.06317511  0.96803800 -0.25052213
 3132.9  1.00000000  0.96598096  0.06307527  0.96803807 -0.25052137
 3133.0  1.00000000  0.96598595  0.06300094  0.96803821 -0.25052013
 3133.1  1.00000000  0.96598869  0.06296123  0.96803836 -0.25051859
 3133.2  1.00000000  0.96598894  0.06295979  0.96803852 -0.25051697
 3133.3  1.00000000  0.96598676  0.06299546  0.96803866 -0.25051547
 3133.4  1.00000000  0.96598252  0.06306245  0.96803879 -0.25051427
 3133.5  1.00000000  0.96597683  0.06315151  0.96803892 -0.25051353
 3133.6  1.00000000  0.96597044  0.06325080  0.96803902 -0.25051332
 3133.7  1.00000000  0.96596415  0.06334757  0.96803908 -0.25051368
 3133.8  1.00000000  0.96595876  0.06342957  0.96803907 -0.25051453
 3133.9  1.00000000  0.96595493  0.06348648  0.96803897 -0.25051577
 3134.0  1.00000000  0.96595314  0.06351111  0.96803880 -0.25051722
 3134.1  1.00000000  0.96595363  0.06350049  0.96803859 -0.25051869
 3134.2  1.00000000  0.96595631  0.06345645  0.96803839 -0.25051999
 3134.3  1.00000000  0.96596081  0.06338548  0.96803823 -0.25052093
 3134.4  1.00000000  0.96596649  0.06329764  0.96803814 -0.25052141
 3134.5  1.00000000  0.96597252  0.06320534  0.96803813 -0.25052137
 3134.6  1.00000000  0.96597808  0.06312110  0.96803818 -0.25052084
 3134.7  1.00000000  0.96598242  0.06305582  0.96803826 -0.25051989
 3134.8  1.00000000  0.96598503  0.06301729  0.96803836 -0.25051868
 3134.9  1.00000000  0.96598565  0.06300956  0.96803847 -0.25051734
 3135.0  1.00000000  0.96598426  0.06303272  0.96803859 -0.25051608
 3135.1  1.00000000  0.96598112  0.06308291  0.96803872 -0.25051503
 3135.2  1.00000000  0.96597666  0.06315307  0.96803886 -0.25051434
 3135.3  1.00000000  0.96597148  0.06323399  0.96803896 -0.25051408
 3135.4  1.00000000  0.96596621  0.06331520  0.96803902 -0.25051428
 3135.5  1.00000000  0.96596155  0.06338597  0.96803900 -0.25051492
 3135.6  1.00000000  0.96595810  0.06343709  0.96803891 -0.25051589
 3135.7  1.00000000  0.96595630  0.06346228  0.96803876 -0.25051706
 3135.8  1.00000000  0.96595639  0.06345850  0.96803859 -0.25051828
 3135.9  1.00000000  0.96595832  0.06342683  0.96803845 -0.25051937
 3136.0  1.00000000  0.96596178  0.06337238  0.96803833 -0.25052019
 3136.1  1.00000000  0.96596626  0.06330297  0.96803826 -0.25052066
 3136.2  1.00000000  0.96597114  0.06322802  0.96803824 -0.25052072
 3136.3  1.00000000  0.96597577  0.06315739  0.96803825 -0.25052036
 3136.4  1.00000000  0.96597954  0.06310037  0.96803829 -0.25051966
 3136.5  1.00000000  0.96598199  0.06306373  0.96803835 -0.25051870
 3136.6  1.00000000  0.96598288  0.06305159  0.96803844 -0.25051762
 3136.7  1.00000000  0.96598212  0.06306505  0.96803856 -0.25051655
 3136.8  1.00000000  0.96597985  0.06310186  0.96803869 -0.25051564
 3136.9  1.00000000  0.96597638  0.06315677  0.96803881 -0.25051500
 3137.0  1.00000000  0.96597218  0.06322242  0.96803890 -0.25051471
 3137.1  1.00000000  0.96596778  0.06329016  0.96803894 -0.25051481
 3137.2  1.00000000  0.96596377  0.06335087  0.96803891 -0.25051527
 3137.3  1.00000000  0.96596070  0.06339654  0.96803884 -0.25051602
 3137.4  1.00000000  0.96595895  0.06342152  0.96803873 -0.25051696
 3137.5  1.00000000  0.96595874  0.06342296  0.96803861 -0.25051796
 3137.6  1.00000000  0.96596006  0.06340109  0.96803850 -0.25051888
 3137.7  1.00000000  0.96596270  0.06335958  0.96803842 -0.25051961
 3137.8  1.00000000  0.96596624  0.06330462  0.96803835 -0.25052006
 3137.9  1.00000000  0.96597019  0.06324355  0.96803831 -0.25052018
 3138.0  1.00000000  0.96597406  0.06318427  0.96803829 -0.25051995
 3138.1  1.00000000  0.96597732  0.06313469  0.96803831 -0.25051942
 3138.2  1.00000000  0.96597958  0.06310086  0.96803836 -0.25051867
 3138.3  1.00000000  0.96598061  0.06308643  0.96803845 -0.25051778
 3138.4  1.00000000  0.96598026  0.06309349  0.96803856 -0.25051689
 3138.5  1.00000000  0.96597859  0.06312076  0.96803867 -0.25051612
 3138.6  1.00000000  0.96597590  0.06316348  0.96803877 -0.25051554
 3138.7  1.00000000  0.96597250  0.06321650  0.96803885 -0.25051524
 3138.8  1.00000000  0.96596883  0.06327273  0.96803886 -0.25051528
 3138.9  1.00000000  0.96596547  0.06332371  0.96803884 -0.25051560
 3139.0  1.00000000  0.96596284  0.06336329  0.96803879 -0.25051617
 3139.1  1.00000000  0.96596119  0.06338719  0.96803872 -0.25051692
 3139.2  1.00000000  0.96596079  0.06339197  0.96803863 -0.25051774
 3139.3  1.00000000  0.96596167  0.06337740  0.96803856 -0.25051850
 3139.4  1.00000000  0.96596360  0.06334681  0.96803848 -0.25051913
 3139.5  1.00000000  0.96596633  0.06330402  0.96803840 -0.25051956
 3139.6  1.00000000  0.96596953  0.06325430  0.96803835 -0.25051971
 3139.7  1.00000000  0.96597275  0.06320483  0.96803833 -0.25051958
 3139.8  1.00000000  0.96597554  0.06316226  0.96803834 -0.25051920
 3139.9  1.00000000  0.96597761  0.06313125  0.96803838 -0.25051861
 3140.0  1.00000000  0.96597870  0.06311594  0.96803847 -0.25051789
 3140.1  1.00000000  0.96597862  0.06311868  0.96803856 -0.25051715
 3140.2  1.00000000  0.96597743  0.06313813  0.96803865 -0.25051650
 3140.3  1.00000000  0.96597536  0.06317108  0.96803873 -0.25051598
 3140.4  1.00000000  0.96597263  0.06321349  0.96803878 -0.25051570
 3140.5  1.00000000  0.96596964  0.06325945  0.96803879 -0.25051568
 3140.6  1.00000000  0.96596684  0.06330209  0.96803878 -0.25051589
 3140.7  1.00000000  0.96596456  0.06333658  0.96803877 -0.25051632
 3140.8  1.00000000  0.96596304  0.06335900  0.96803871 -0.25051691
 3140.9  1.00000000  0.96596251  0.06336601  0.96803865 -0.25051758
 3141.0  1.00000000  0.96596303  0.06335722  0.96803859 -0.25051821
 3141.1  1.00000000  0.96596442  0.06333484  0.96803851 -0.25051877
 3141.2  1.00000000  0.96596654  0.06330129  0.96803843 -0.25051916
 3141.3  1.00000000  0.96596914  0.06326089  0.96803839 -0.25051932
 3141.4  1.00000000  0.96597180  0.06321996  0.96803837 -0.25051926
 3141.5  1.00000000  0.96597419  0.06318347  0.96803837 -0.25051898
 3141.6  1.00000000  0.96597605  0.06315575  0.96803842 -0.25051852
 3141.7  1.00000000  0.96597710  0.06314085  0.96803849 -0.25051794
 3141.8  1.00000000  0.96597718  0.06314062  0.96803856 -0.25051735
 3141.9  1.00000000  0.96597637  0.06315392  0.96803862 -0.25051679
 3142.0  1.00000000  0.96597480  0.06317902  0.96803868 -0.25051634
 3142.1  1.00000000  0.96597264  0.06321259  0.96803872 -0.25051608
 3142.2  1.00000000  0.96597023  0.06324962  0.96803874 -0.25051601
 3142.3  1.00000000  0.96596792  0.06328511  0.96803875 -0.25051615
 3142.4  1.00000000  0.96596595  0.06331507  0.96803874 -0.25051646
 3142.5  1.00000000  0.96596455  0.06333579  0.96803871 -0.25051693
 3142.6  1.00000000  0.96596395  0.06334425  0.96803866 -0.25051746
 3142.7  1.00000000  0.96596417  0.06333992  0.96803860 -0.25051800
 3142.8  1.00000000  0.96596516  0.06332377  0.96803852 -0.25051847
 3142.9  1.00000000  0.96596680  0.06329774  0.96803846 -0.25051882
 3143.0  1.00000000  0.96596888  0.06326533  0.96803842 -0.25051900
 3143.1  1.00000000  0.96597109  0.06323142  0.96803841 -0.25051898
 3143.2  1.00000000  0.96597312  0.06320042  0.96803841 -0.25051879
 3143.3  1.00000000  0.96597476  0.06317601  0.96803845 -0.25051844
 3143.4  1.00000000  0.96597575  0.06316162  0.96803850 -0.25051798
 3143.5  1.00000000  0.96597597  0.06315904  0.96803855 -0.25051749
 3143.6  1.00000000  0.96597544  0.06316782  0.96803860 -0.25051702
 3143.7  1.00000000  0.96597427  0.06318650  0.96803865 -0.25051663
 3143.8  1.00000000  0.96597258  0.06321288  0.96803869 -0.25051638
 3143.9  1.00000000  0.96597063  0.06324298  0.96803871 -0.25051630
 3144.0  1.00000000  0.96596871  0.06327261  0.96803873 -0.25051637
 3144.1  1.00000000  0.96596701  0.06329853  0.96803873 -0.25051660
 3144.2  1.00000000  0.96596575  0.06331734  0.96803870 -0.25051697
 3144.3  1.00000000  0.96596512  0.06332633  0.96803865 -0.25051740
 3144.4  1.00000000  0.96596516  0.06332481  0.96803860 -0.25051784
 3144.5  1.00000000  0.96596585  0.06331337  0.96803854 -0.25051824
 3144.6  1.00000000  0.96596712  0.06329325  0.96803848 -0.25051856
 3144.7  1.00000000  0.96596879  0.06326730  0.96803846 -0.25051872
 3144.8  1.00000000  0.96597060  0.06323953  0.96803844 -0.25051874
 3144.9  1.00000000  0.96597230  0.06321349  0.96803845 -0.25051861
 3145.0  1.00000000  0.96597372  0.06319221  0.96803847 -0.25051835
 3145.1  1.00000000  0.96597464  0.06317871  0.96803851 -0.25051798
 3145.2  1.00000000  0.96597493  0.06317475  0.96803854 -0.25051759
 3145.3  1.00000000  0.96597462  0.06318003  0.96803858 -0.25051720
 3145.4  1.00000000  0.96597378  0.06319363  0.96803862 -0.25051686
 3145.5  1.00000000  0.96597247  0.06321424  0.96803866 -0.25051662
 3145.6  1.00000000  0.96597089  0.06323867  0.96803868 -0.25051653
 3145.7  1.00000000  0.96596930  0.06326327  0.96803871 -0.25051656
 3145.8  1.00000000  0.96596785  0.06328543  0.96803871 -0.25051673
 3145.9  1.00000000  0.96596670  0.06330253  0.96803868 -0.25051701
 3146.0  1.00000000  0.96596607  0.06331157  0.96803864 -0.25051736
 3146.1  1.00000000  0.96596603  0.06331166  0.96803860 -0.25051772
 3146.2  1.00000000  0.96596649  0.06330388  0.96803855 -0.25051806
 3146.3  1.00000000  0.96596744  0.06328858  0.96803850 -0.25051835
 3146.4  1.00000000  0.96596880  0.06326769  0.96803849 -0.25051850
 3146.5  1.00000000  0.96597027  0.06324506  0.96803848 -0.25051854
 3146.6  1.00000000  0.96597167  0.06322360  0.96803847 -0.25051846
 3146.7  1.00000000  0.96597289  0.06320501  0.96803848 -0.25051826
 3146.8  1.00000000  0.96597375  0.06319245  0.96803852 -0.25051797
 3146.9  1.00000000  0.96597405  0.06318801  0.96803853 -0.25051765
 3147.0  1.00000000  0.96597392  0.06319060  0.96803856 -0.25051733
 3147.1  1.00000000  0.96597333  0.06320037  0.96803861 -0.25051703
 3147.2  1.00000000  0.96597230  0.06321652  0.96803865 -0.25051683
 3147.3  1.00000000  0.96597102  0.06323636  0.96803867 -0.25051673
 3147.4  1.00000000  0.96596974  0.06325634  0.96803869 -0.25051673
 3147.5  1.00000000  0.96596849  0.06327551  0.96803869 -0.25051684
 3147.6  1.00000000  0.96596747  0.06329045  0.96803865 -0.25051708
 3147.7  1.00000000  0.96596690  0.06329890  0.96803863 -0.25051734
 3147.8  1.00000000  0.96596677  0.06330038  0.96803860 -0.25051764
 3147.9  1.00000000  0.96596706  0.06329541  0.96803856 -0.25051793
 3148.0  1.00000000  0.96596778  0.06328373  0.96803853 -0.25051817
 3148.1  1.00000000  0.96596884  0.06326741  0.96803852 -0.25051831
 3148.2  1.00000000  0.96597001  0.06324935  0.96803850 -0.25051837
 3148.3  1.00000000  0.96597118  0.06323126  0.96803849 -0.25051833
 3148.4  1.00000000  0.96597223  0.06321529  0.96803850 -0.25051817
 3148.5  1.00000000  0.96597299  0.06320402  0.96803851 -0.25051795
 3148.6  1.00000000  0.96597334  0.06319902  0.96803853 -0.25051770
 3148.7  1.00000000  0.96597332  0.06319963  0.96803856 -0.25051743
 3148.8  1.00000000  0.96597291  0.06320669  0.96803861 -0.25051717
 3148.9  1.00000000  0.96597211  0.06321916  0.96803863 -0.25051700
 3149.0  1.00000000  0.96597112  0.06323475  0.96803865 -0.25051689
 3149.1  1.00000000  0.96597004  0.06325136  0.96803866 -0.25051687
 3149.2  1.00000000  0.96596900  0.06326733  0.96803866 -0.25051695
 3149.3  1.00000000  0.96596811  0.06328048  0.96803864 -0.25051712
 3149.4  1.00000000  0.96596758  0.06328832  0.96803862 -0.25051734
 3149.5  1.00000000  0.96596739  0.06329093  0.96803861 -0.25051757
 3149.6  1.00000000  0.96596755  0.06328790  0.96803857 -0.25051783
 3149.7  1.00000000  0.96596809  0.06327937  0.96803855 -0.25051802
 3149.8  1.00000000  0.96596890  0.06326665  0.96803853 -0.25051816
 3149.9  1.00000000  0.96596984  0.06325217  0.96803852 -0.25051822
 3150.0  1.00000000  0.96597081  0.06323711  0.96803850 -0.25051821
 3150.1  1.00000000  0.96597172  0.06322337  0.96803851 -0.25051809
 3150.2  1.00000000  0.96597238  0.06321341  0.96803852 -0.25051793
 3150.3  1.00000000  0.96597275  0.06320803  0.96803854 -0.25051772
 3150.4  1.00000000  0.96597281  0.06320759  0.96803856 -0.25051750
 3150.5  1.00000000  0.96597253  0.06321239  0.96803860 -0.25051728
 3150.6  1.00000000  0.96597191  0.06322208  0.96803862 -0.25051713
 3150.7  1.00000000  0.96597113  0.06323421  0.96803863 -0.25051703
 3150.8  1.00000000  0.96597025  0.06324797  0.96803865 -0.25051699
 3150.9  1.00000000  0.96596936  0.06326135  0.96803864 -0.25051706
 3151.0  1.00000000  0.96596862  0.06327259  0.96803864 -0.25051717
 3151.1  1.00000000  0.96596814  0.06327970  0.96803862 -0.25051735
 3151.2  1.00000000  0.96596792  0.06328301  0.96803861 -0.25051753
 3151.3  1.00000000  0.96596799  0.06328133  0.96803857 -0.25051775
 3151.4  1.00000000  0.96596839  0.06327507  0.96803856 -0.25051791
 3151.5  1.00000000  0.96596900  0.06326542  0.96803854 -0.25051804
 3151.6  1.00000000  0.96596974  0.06325377  0.96803853 -0.25051810
 3151.7  1.00000000  0.96597055  0.06324129  0.96803851 -0.25051810
 3151.8  1.00000000  0.96597132  0.06322967  0.96803852 -0.25051802
 3151.9  1.00000000  0.96597190  0.06322092  0.96803853 -0.25051790
 3152.0  1.00000000  0.96597226  0.06321561  0.96803854 -0.25051774
 3152.1  1.00000000  0.96597236  0.06321440  0.96803857 -0.25051755
 3152.2  1.00000000  0.96597218  0.06321756  0.96803859 -0.25051737
 3152.3  1.00000000  0.96597174  0.06322459  0.96803861 -0.25051723
 3152.4  1.00000000  0.96597112  0.06323423  0.96803862 -0.25051714
 3152.5  1.00000000  0.96597041  0.06324519  0.96803863 -0.25051710
 3152.6  1.00000000  0.96596969  0.06325633  0.96803863 -0.25051713
 3152.7  1.00000000  0.96596904  0.06326601  0.96803863 -0.25051722
 3152.8  1.00000000  0.96596859  0.06327277  0.96803862 -0.25051735
 3152.9  1.00000000  0.96596836  0.06327616  0.96803861 -0.25051751
 3153.0  1.00000000  0.96596836  0.06327579  0.96803858 -0.25051768
 3153.1  1.00000000  0.96596862  0.06327155  0.96803857 -0.25051783
 3153.2  1.00000000  0.96596910  0.06326403  0.96803855 -0.25051794
 3153.3  1.00000000  0.96596969  0.06325474  0.96803854 -0.25051800
 3153.4  1.00000000  0.96597034  0.06324460  0.96803852 -0.25051802
 3153.5  1.00000000  0.96597100  0.06323462  0.96803853 -0.25051796
 3153.6  1.00000000  0.96597152  0.06322691  0.96803854 -0.25051786
 3153.7  1.00000000  0.96597185  0.06322191  0.96803855 -0.25051774
 3153.8  1.00000000  0.96597198  0.06322026  0.96803857 -0.25051759
 3153.9  1.00000000  0.96597188  0.06322196  0.96803858 -0.25051744
 3154.0  1.00000000  0.96597154  0.06322747  0.96803860 -0.25051731
 3154.1  1.00000000  0.96597107  0.06323475  0.96803860 -0.25051724
 3154.2  1.00000000  0.96597050  0.06324375  0.96803863 -0.25051718
 3154.3  1.00000000  0.96596989  0.06325291  0.96803862 -0.25051721
 3154.4  1.00000000  0.96596936  0.06326128  0.96803863 -0.25051727
 3154.5  1.00000000  0.96596895  0.06326711  0.96803861 -0.25051738
 3154.6  1.00000000  0.96596873  0.06327069  0.96803862 -0.25051749
 3154.7  1.00000000  0.96596867  0.06327096  0.96803857 -0.25051765
 3154.8  1.00000000  0.96596887  0.06326794  0.96803858 -0.25051775
 3154.9  1.00000000  0.96596921  0.06326225  0.96803855 -0.25051786
 3155.0  1.00000000  0.96596969  0.06325498  0.96803855 -0.25051792
 3155.1  1.00000000  0.96597022  0.06324647  0.96803853 -0.25051795
 3155.2  1.00000000  0.96597078  0.06323834  0.96803855 -0.25051790
 3155.3  1.00000000  0.96597120  0.06323166  0.96803854 -0.25051784
 3155.4  1.00000000  0.96597152  0.06322707  0.96803856 -0.25051773
 3155.5  1.00000000  0.96597166  0.06322509  0.96803856 -0.25051761
 3155.6  1.00000000  0.96597161  0.06322622  0.96803858 -0.25051748
 3155.7  1.00000000  0.96597136  0.06322996  0.96803858 -0.25051739
 3155.8  1.00000000  0.96597101  0.06323566  0.96803861 -0.25051730
 3155.9  1.00000000  0.96597054  0.06324290  0.96803861 -0.25051727
 3156.0  1.00000000  0.96597005  0.06325052  0.96803862 -0.25051727
 3156.1  1.00000000  0.96596960  0.06325735  0.96803861 -0.25051732
 3156.2  1.00000000  0.96596925  0.06326272  0.96803862 -0.25051739
 3156.3  1.00000000  0.96596901  0.06326612  0.96803860 -0.25051750
 3156.4  1.00000000  0.96596896  0.06326671  0.96803859 -0.25051760
 3156.5  1.00000000  0.96596908  0.06326471  0.96803857 -0.25051771
 3156.6  1.00000000  0.96596934  0.06326054  0.96803856 -0.25051780
 3156.7  1.00000000  0.96596971  0.06325470  0.96803855 -0.25051786
 3156.8  1.00000000  0.96597016  0.06324780  0.96803855 -0.25051787
 3156.9  1.00000000  0.96597059  0.06324116  0.96803855 -0.25051785
 3157.0  1.00000000  0.96597097  0.06323540  0.96803855 -0.25051780
 3157.1  1.00000000  0.96597125  0.06323122  0.96803856 -0.25051772
 3157.2  1.00000000  0.96597139  0.06322921  0.96803857 -0.25051762
 3157.3  1.00000000  0.96597137  0.06322968  0.96803857 -0.25051753
 3157.4  1.00000000  0.96597122  0.06323222  0.96803859 -0.25051743
 3157.5  1.00000000  0.96597093  0.06323671  0.96803860 -0.25051736
 3157.6  1.00000000  0.96597056  0.06324248  0.96803860 -0.25051733
 3157.7  1.00000000  0.96597016  0.06324868  0.96803861 -0.25051732
 3157.8  1.00000000  0.96596979  0.06325445  0.96803861 -0.25051735
 3157.9  1.00000000  0.96596947  0.06325925  0.96803861 -0.25051741
 3158.0  1.00000000  0.96596926  0.06326227  0.96803860 -0.25051749
 3158.1  1.00000000  0.96596919  0.06326317  0.96803859 -0.25051758
 3158.2  1.00000000  0.96596926  0.06326197  0.96803858 -0.25051767
 3158.3  1.00000000  0.96596945  0.06325889  0.96803857 -0.25051775
 3158.4  1.00000000  0.96596975  0.06325422  0.96803856 -0.25051780
 3158.5  1.00000000  0.96597010  0.06324878  0.96803856 -0.25051782
 3158.6  1.00000000  0.96597046  0.06324326  0.96803855 -0.25051781
 3158.7  1.00000000  0.96597078  0.06323832  0.96803855 -0.25051777
 3158.8  1.00000000  0.96597103  0.06323459  0.96803856 -0.25051771
 3158.9  1.00000000  0.96597117  0.06323265  0.96803857 -0.25051763
 3159.0  1.00000000  0.96597118  0.06323256  0.96803857 -0.25051755
 3159.1  1.00000000  0.96597108  0.06323435  0.96803858 -0.25051747
 3159.2  1.00000000  0.96597086  0.06323778  0.96803859 -0.25051741
 3159.3  1.00000000  0.96597057  0.06324236  0.96803860 -0.25051738
 3159.4  1.00000000  0.96597024  0.06324738  0.96803860 -0.25051737
 3159.5  1.00000000  0.96596992  0.06325228  0.96803860 -0.25051739
 3159.6  1.00000000  0.96596965  0.06325638  0.96803860 -0.25051743
 3159.7  1.00000000  0.96596946  0.06325912  0.96803860 -0.25051750
 3159.8  1.00000000  0.96596939  0.06326021  0.96803859 -0.25051757
 3159.9  1.00000000  0.96596942  0.06325958  0.96803858 -0.25051764
 3160.0  1.00000000  0.96596956  0.06325729  0.96803857 -0.25051771
 3160.1  1.00000000  0.96596979  0.06325370  0.96803856 -0.25051775
 3160.2  1.00000000  0.96597007  0.06324935  0.96803856 -0.25051777
 3160.3  1.00000000  0.96597036  0.06324479  0.96803856 -0.25051777
 3160.4  1.00000000  0.96597064  0.06324059  0.96803856 -0.25051775
 3160.5  1.00000000  0.96597085  0.06323734  0.96803856 -0.25051770
 3160.6  1.00000000  0.96597098  0.06323543  0.96803857 -0.25051764
 3160.7  1.00000000  0.96597102  0.06323505  0.96803857 -0.25051757
 3160.8  1.00000000  0.96597095  0.06323625  0.96803858 -0.25051750
 3160.9  1.00000000  0.96597079  0.06323885  0.96803859 -0.25051745
 3161.0  1.00000000  0.96597056  0.06324243  0.96803860 -0.25051742
 3161.1  1.00000000  0.96597029  0.06324653  0.96803860 -0.25051741
 3161.2  1.00000000  0.96597003  0.06325061  0.96803860 -0.25051742
 3161.3  1.00000000  0.96596979  0.06325410  0.96803860 -0.25051745
 3161.4  1.00000000  0.96596963  0.06325656  0.96803859 -0.25051750
 3161.5  1.00000000  0.96596955  0.06325774  0.96803859 -0.25051756
 3161.6  1.00000000  0.96596956  0.06325749  0.96803858 -0.25051762
 3161.7  1.00000000  0.96596966  0.06325585  0.96803857 -0.25051767
 3161.8  1.00000000  0.96596983  0.06325312  0.96803857 -0.25051771
 3161.9  1.00000000  0.96597005  0.06324965  0.96803856 -0.25051774
 3162.0  1.00000000  0.96597030  0.06324589  0.96803856 -0.25051774
 3162.1  1.00000000  0.96597053  0.06324236  0.96803856 -0.25051772
 3162.2  1.00000000  0.96597071  0.06323953  0.96803856 -0.25051769
 3162.3  1.00000000  0.96597084  0.06323772  0.96803857 -0.25051764
 3162.4  1.00000000  0.96597088  0.06323722  0.96803857 -0.25051758
 3162.5  1.00000000  0.96597083  0.06323796  0.96803858 -0.25051753
 3162.6  1.00000000  0.96597072  0.06323981  0.96803859 -0.25051749
 3162.7  1.00000000  0.96597055  0.06324252  0.96803859 -0.25051745
 3162.8  1.00000000  0.96597034  0.06324573  0.96803859 -0.25051744
 3162.9  1.00000000  0.96597012  0.06324904  0.96803860 -0.25051744
 3163.0  1.00000000  0.96596992  0.06325208  0.96803859 -0.25051747
 3163.1  1.00000000  0.96596977  0.06325442  0.96803859 -0.25051750
 3163.2  1.00000000  0.96596968  0.06325574  0.96803859 -0.25051755
 3163.3  1.00000000  0.96596966  0.06325589  0.96803858 -0.25051760
 3163.4  1.00000000  0.96596972  0.06325489  0.96803858 -0.25051765
 3163.5  1.00000000  0.96596985  0.06325289  0.96803857 -0.25051769
 3163.6  1.00000000  0.96597002  0.06325013  0.96803857 -0.25051771
 3163.7  1.00000000  0.96597023  0.06324700  0.96803856 -0.25051772
 3163.8  1.00000000  0.96597043  0.06324391  0.96803856 -0.25051771
 3163.9  1.00000000  0.96597060  0.06324126  0.96803856 -0.25051768
 3164.0  1.00000000  0.96597073  0.06323941  0.96803857 -0.25051764
 3164.1  1.00000000  0.96597079  0.06323857  0.96803857 -0.25051760
 3164.2  1.00000000  0.96597077  0.06323884  0.96803858 -0.25051755
 3164.3  1.00000000  0.96597069  0.06324016  0.96803858 -0.25051751
 3164.4  1.00000000  0.96597055  0.06324237  0.96803859 -0.25051748
 3164.5  1.00000000  0.96597038  0.06324515  0.96803859 -0.25051746
 3164.6  1.00000000  0.96597018  0.06324811  0.96803859 -0.25051746
 3164.7  1.00000000  0.96597000  0.06325088  0.96803859 -0.25051747
 3164.8  1.00000000  0.96596986  0.06325308  0.96803859 -0.25051750
 3164.9  1.00000000  0.96596976  0.06325447  0.96803859 -0.25051754
 3165.0  1.00000000  0.96596973  0.06325488  0.96803858 -0.25051759
 3165.1  1.00000000  0.96596977  0.06325425  0.96803858 -0.25051763
 3165.2  1.00000000  0.96596986  0.06325268  0.96803857 -0.25051767
 3165.3  1.00000000  0.96597001  0.06325038  0.96803857 -0.25051769
 3165.4  1.00000000  0.96597018  0.06324768  0.96803857 -0.25051770
 3165.5  1.00000000  0.96597036  0.06324494  0.96803856 -0.25051770
 3165.6  1.00000000  0.96597052  0.06324249  0.96803856 -0.25051768
 3165.7  1.00000000  0.96597065  0.06324065  0.96803857 -0.25051764
 3165.8  1.00000000  0.96597072  0.06323965  0.96803857 -0.25051761
 3165.9  1.00000000  0.96597072  0.06323966  0.96803858 -0.25051756
 3166.0  1.00000000  0.96597066  0.06324064  0.96803858 -0.25051753
 3166.1  1.00000000  0.96597055  0.06324242  0.96803859 -0.25051750
 3166.2  1.00000000  0.96597040  0.06324476  0.96803859 -0.25051748
 3166.3  1.00000000  0.96597023  0.06324733  0.96803859 -0.25051747
 3166.4  1.00000000  0.96597007  0.06324983  0.96803859 -0.25051748
 3166.5  1.00000000  0.96596993  0.06325193  0.96803859 -0.25051751
 3166.6  1.00000000  0.96596983  0.06325335  0.96803859 -0.25051754
 3166.7  1.00000000  0.96596979  0.06325390  0.96803858 -0.25051758
 3166.8  1.00000000  0.96596981  0.06325355  0.96803858 -0.25051761
 3166.9  1.00000000  0.96596989  0.06325239  0.96803858 -0.25051765
 3167.0  1.00000000  0.96597000  0.06325057  0.96803857 -0.25051767
 3167.1  1.00000000  0.96597014  0.06324832  0.96803857 -0.25051768
 3167.2  1.00000000  0.96597030  0.06324593  0.96803857 -0.25051768
 3167.3  1.00000000  0.96597044  0.06324372  0.96803857 -0.25051767
 3167.4  1.00000000  0.96597056  0.06324199  0.96803857 -0.25051765
 3167.5  1.00000000  0.96597063  0.06324093  0.96803857 -0.25051761
 3167.6  1.00000000  0.96597065  0.06324065  0.96803858 -0.25051758
 3167.7  1.00000000  0.96597062  0.06324117  0.96803858 -0.25051755
 3167.8  1.00000000  0.96597055  0.06324241  0.96803858 -0.25051752
 3167.9  1.00000000  0.96597043  0.06324420  0.96803859 -0.25051750
 3168.0  1.00000000  0.96597030  0.06324629  0.96803859 -0.25051749
 3168.1  1.00000000  0.96597016  0.06324840  0.96803859 -0.25051749
 3168.2  1.00000000  0.96597004  0.06325028  0.96803859 -0.25051751
 3168.3  1.00000000  0.96596994  0.06325174  0.96803859 -0.25051753
 3168.4  1.00000000  0.96596988  0.06325259  0.96803858 -0.25051756
 3168.5  1.00000000  0.96596987  0.06325268  0.96803858 -0.25051759
 3168.6  1.00000000  0.96596991  0.06325203  0.96803858 -0.25051762
 3168.7  1.00000000  0.96596999  0.06325073  0.96803857 -0.25051765
 3168.8  1.00000000  0.96597011  0.06324895  0.96803857 -0.25051766
 3168.9  1.00000000  0.96597024  0.06324693  0.96803857 -0.25051767
 3169.0  1.00000000  0.96597037  0.06324494  0.96803857 -0.25051766
 3169.1  1.00000000  0.96597048  0.06324325  0.96803857 -0.25051764
 3169.2  1.00000000  0.96597056  0.06324210  0.96803857 -0.25051762
 3169.3  1.00000000  0.96597059  0.06324165  0.96803858 -0.25051759
 3169.4  1.00000000  0.96597057  0.06324192  0.96803858 -0.25051756
 3169.5  1.00000000  0.96597052  0.06324285  0.96803858 -0.25051753
 3169.6  1.00000000  0.96597042  0.06324430  0.96803858 -0.25051752
 3169.7  1.00000000  0.96597031  0.06324605  0.96803859 -0.25051751
 3169.8  1.00000000  0.96597019  0.06324789  0.96803859 -0.25051751
 3169.9  1.00000000  0.96597008  0.06324955  0.96803859 -0.25051752
 3170.0  1.00000000  0.96597000  0.06325080  0.96803859 -0.25051754
 3170.1  1.00000000  0.96596995  0.06325155  0.96803859 -0.25051756
 3170.2  1.00000000  0.96596993  0.06325178  0.96803858 -0.25051759
 3170.3  1.00000000  0.96596995  0.06325136  0.96803858 -0.25051762
 3170.4  1.00000000  0.96597002  0.06325028  0.96803857 -0.25051764
 3170.5  1.00000000  0.96597012  0.06324875  0.96803857 -0.25051765
 3170.6  1.00000000  0.96597022  0.06324716  0.96803857 -0.25051765
 3170.7  1.00000000  0.96597032  0.06324560  0.96803857 -0.25051765
 3170.8  1.00000000  0.96597043  0.06324406  0.96803857 -0.25051764
 3170.9  1.00000000  0.96597050  0.06324299  0.96803858 -0.25051761
 3171.0  1.00000000  0.96597052  0.06324266  0.96803858 -0.25051759
 3171.1  1.00000000  0.96597051  0.06324285  0.96803858 -0.25051757
 3171.2  1.00000000  0.96597048  0.06324339  0.96803858 -0.25051755
 3171.3  1.00000000  0.96597042  0.06324441  0.96803858 -0.25051753
 3171.4  1.00000000  0.96597032  0.06324588  0.96803858 -0.25051752
 3171.5  1.00000000  0.96597022  0.06324741  0.96803858 -0.25051752
 3171.6  1.00000000  0.96597014  0.06324872  0.96803859 -0.25051753
 3171.7  1.00000000  0.96597007  0.06324983  0.96803859 -0.25051754
 3171.8  1.00000000  0.96597001  0.06325067  0.96803859 -0.25051756
 3171.9  1.00000000  0.96596998  0.06325099  0.96803858 -0.25051758
 3172.0  1.00000000  0.96597000  0.06325071  0.96803858 -0.25051760
 3172.1  1.00000000  0.96597004  0.06324998  0.96803858 -0.25051762
 3172.2  1.00000000  0.96597011  0.06324892  0.96803857 -0.25051763
 3172.3  1.00000000  0.96597019  0.06324762  0.96803857 -0.25051764
 3172.4  1.00000000  0.96597028  0.06324623  0.96803857 -0.25051764
 3172.5  1.00000000  0.96597037  0.06324500  0.96803857 -0.25051763
 3172.6  1.00000000  0.96597043  0.06324408  0.96803857 -0.25051762
 3172.7  1.00000000  0.96597046  0.06324355  0.96803858 -0.25051760
 3172.8  1.00000000  0.96597047  0.06324346  0.96803858 -0.25051758
 3172.9  1.00000000  0.96597045  0.06324379  0.96803858 -0.25051756
 3173.0  1.00000000  0.96597041  0.06324449  0.96803858 -0.25051755
 3173.1  1.00000000  0.96597034  0.06324548  0.96803858 -0.25051754
 3173.2  1.00000000  0.96597027  0.06324661  0.96803858 -0.25051753
 3173.3  1.00000000  0.96597020  0.06324777  0.96803858 -0.25051753
 3173.4  1.00000000  0.96597013  0.06324881  0.96803859 -0.25051754
 3173.5  1.00000000  0.96597007  0.06324963  0.96803858 -0.25051755
 3173.6  1.00000000  0.96597004  0.06325009  0.96803858 -0.25051757
 3173.7  1.00000000  0.96597003  0.06325017  0.96803858 -0.25051759
 3173.8  1.00000000  0.96597005  0.06324984  0.96803858 -0.25051761
 3173.9  1.00000000  0.96597010  0.06324913  0.96803858 -0.25051762
 3174.0  1.00000000  0.96597016  0.06324814  0.96803857 -0.25051763
 3174.1  1.00000000  0.96597024  0.06324700  0.96803857 -0.25051763
 3174.2  1.00000000  0.96597031  0.06324588  0.96803857 -0.25051763
 3174.3  1.00000000  0.96597037  0.06324492  0.96803857 -0.25051762
 3174.4  1.00000000  0.96597042  0.06324425  0.96803858 -0.25051761
 3174.5  1.00000000  0.96597044  0.06324394  0.96803858 -0.25051759
 3174.6  1.00000000  0.96597044  0.06324402  0.96803858 -0.25051757
 3174.7  1.00000000  0.96597041  0.06324448  0.96803858 -0.25051756
 3174.8  1.00000000  0.96597036  0.06324526  0.96803858 -0.25051755
 3174.9  1.00000000  0.96597029  0.06324625  0.96803858 -0.25051754
 3175.0  1.00000000  0.96597022  0.06324733  0.96803858 -0.25051754
 3175.1  1.00000000  0.96597016  0.06324835  0.96803858 -0.25051754
 3175.2  1.00000000  0.96597010  0.06324918  0.96803859 -0.25051755
 3175.3  1.00000000  0.96597007  0.06324972  0.96803858 -0.25051757
 3175.4  1.00000000  0.96597005  0.06324989  0.96803858 -0.25051758
 3175.5  1.00000000  0.96597007  0.06324966  0.96803858 -0.25051760
 3175.6  1.00000000  0.96597010  0.06324906  0.96803857 -0.25051761
 3175.7  1.00000000  0.96597016  0.06324817  0.96803857 -0.25051762
 3175.8  1.00000000  0.96597023  0.06324713  0.96803857 -0.25051763
 3175.9  1.00000000  0.96597029  0.06324610  0.96803857 -0.25051762
 3176.0  1.00000000  0.96597036  0.06324522  0.96803858 -0.25051762
 3176.1  1.00000000  0.96597040  0.06324461  0.96803858 -0.25051760
 3176.2  1.00000000  0.96597042  0.06324435  0.96803858 -0.25051759
 3176.3  1.00000000  0.96597041  0.06324448  0.96803858 -0.25051757
 3176.4  1.00000000  0.96597037  0.06324493  0.96803858 -0.25051756
 3176.5  1.00000000  0.96597033  0.06324557  0.96803858 -0.25051755
 3176.6  1.00000000  0.96597029  0.06324630  0.96803858 -0.25051755
 3176.7  1.00000000  0.96597024  0.06324713  0.96803858 -0.25051754
 3176.8  1.00000000  0.96597018  0.06324800  0.96803859 -0.25051755
 3176.9  1.00000000  0.96597013  0.06324876  0.96803859 -0.25051756
 3177.0  1.00000000  0.96597010  0.06324925  0.96803859 -0.25051757
 3177.1  1.00000000  0.96597009  0.06324945  0.96803858 -0.25051758
 3177.2  1.00000000  0.96597009  0.06324935  0.96803858 -0.25051760
 3177.3  1.00000000  0.96597011  0.06324891  0.96803857 -0.25051761
 3177.4  1.00000000  0.96597016  0.06324812  0.96803857 -0.25051762
 3177.5  1.00000000  0.96597022  0.06324716  0.96803857 -0.25051762
 3177.6  1.00000000  0.96597029  0.06324631  0.96803858 -0.25051762
 3177.7  1.00000000  0.96597033  0.06324566  0.96803858 -0.25051761
 3177.8  1.00000000  0.96597036  0.06324517  0.96803858 -0.25051760
 3177.9  1.00000000  0.96597038  0.06324491  0.96803858 -0.25051759
 3178.0  1.00000000  0.96597038  0.06324493  0.96803858 -0.25051758
 3178.1  1.00000000  0.96597036  0.06324519  0.96803858 -0.25051757
 3178.2  1.00000000  0.96597033  0.06324561  0.96803858 -0.25051756
 3178.3  1.00000000  0.96597030  0.06324616  0.96803858 -0.25051755
 3178.4  1.00000000  0.96597026  0.06324682  0.96803858 -0.25051755
 3178.5  1.00000000  0.96597021  0.06324751  0.96803858 -0.25051755
 3178.6  1.00000000  0.96597017  0.06324814  0.96803859 -0.25051756
 3178.7  1.00000000  0.96597014  0.06324863  0.96803858 -0.25051757
 3178.8  1.00000000  0.96597012  0.06324891  0.96803858 -0.25051758
 3178.9  1.00000000  0.96597011  0.06324893  0.96803858 -0.25051759
 3179.0  1.00000000  0.96597013  0.06324869  0.96803858 -0.25051760
 3179.1  1.00000000  0.96597016  0.06324823  0.96803857 -0.25051761
 3179.2  1.00000000  0.96597020  0.06324762  0.96803857 -0.25051761
 3179.3  1.00000000  0.96597024  0.06324696  0.96803858 -0.25051761
 3179.4  1.00000000  0.96597028  0.06324634  0.96803858 -0.25051761
 3179.5  1.00000000  0.96597032  0.06324584  0.96803858 -0.25051760
 3179.6  1.00000000  0.96597034  0.06324551  0.96803858 -0.25051760
 3179.7  1.00000000  0.96597035  0.06324535  0.96803858 -0.25051759
 3179.8  1.00000000  0.96597035  0.06324539  0.96803858 -0.25051758
 3179.9  1.00000000  0.96597033  0.06324560  0.96803858 -0.25051757
 3180.0  1.00000000  0.96597031  0.06324596  0.96803858 -0.25051756
 3180.1  1.00000000  0.96597028  0.06324643  0.96803858 -0.25051756
 3180.2  1.00000000  0.96597025  0.06324695  0.96803858 -0.25051756
 3180.3  1.00000000  0.96597021  0.06324746  0.96803858 -0.25051756
 3180.4  1.00000000  0.96597019  0.06324790  0.96803858 -0.25051757
 3180.5  1.00000000  0.96597016  0.06324821  0.96803858 -0.25051757
 3180.6  1.00000000  0.96597015  0.06324837  0.96803858 -0.25051758
 3180.7  1.00000000  0.96597015  0.06324836  0.96803858 -0.25051759
 3180.8  1.00000000  0.96597016  0.06324819  0.96803858 -0.25051759
 3180.9  1.00000000  0.96597018  0.06324789  0.96803858 -0.25051760
 3181.0  1.00000000  0.96597021  0.06324751  0.96803858 -0.25051760
 3181.1  1.00000000  0.96597023  0.06324706  0.96803858 -0.25051760
 3181.2  1.00000000  0.96597026  0.06324661  0.96803858 -0.25051760
 3181.3  1.00000000  0.96597029  0.06324622  0.96803858 -0.25051760
 3181.4  1.00000000  0.96597031  0.06324593  0.96803858 -0.25051759
 3181.5  1.00000000  0.96597032  0.06324577  0.96803858 -0.25051759
 3181.6  1.00000000  0.96597032  0.06324575  0.96803858 -0.25051758
 3181.7  1.00000000  0.96597032  0.06324587  0.96803858 -0.25051758
 3181.8  1.00000000  0.96597030  0.06324611  0.96803858 -0.25051757
 3181.9  1.00000000  0.96597028  0.06324643  0.96803858 -0.25051757
 3182.0  1.00000000  0.96597026  0.06324681  0.96803858 -0.25051757
 3182.1  1.00000000  0.96597023  0.06324719  0.96803858 -0.25051757
 3182.2  1.00000000  0.96597021  0.06324755  0.96803858 -0.25051757
 3182.3  1.00000000  0.96597019  0.06324783  0.96803858 -0.25051757
 3182.4  1.00000000  0.96597018  0.06324801  0.96803858 -0.25051758
 3182.5  1.00000000  0.96597017  0.06324808  0.96803858 -0.25051758
 3182.6  1.00000000  0.96597017  0.06324802  0.96803858 -0.25051759
 3182.7  1.00000000  0.96597019  0.06324785  0.96803858 -0.25051759
 3182.8  1.00000000  0.96597020  0.06324755  0.96803858 -0.25051760
 3182.9  1.00000000  0.96597023  0.06324717  0.96803858 -0.25051760
 3183.0  1.00000000  0.96597025  0.06324676  0.96803858 -0.25051760
 3183.1  1.00000000  0.96597028  0.06324637  0.96803858 -0.25051760
 3183.2  1.00000000  0.96597030  0.06324605  0.96803858 -0.25051759
 3183.3  1.00000000  0.96597032  0.06324584  0.96803858 -0.25051759
 3183.4  1.00000000  0.96597032  0.06324577  0.96803858 -0.25051758
 3183.5  1.00000000  0.96597032  0.06324586  0.96803858 -0.25051758
 3183.6  1.00000000  0.96597030  0.06324609  0.96803858 -0.25051757
 3183.7  1.00000000  0.96597028  0.06324643  0.96803858 -0.25051757
 3183.8  1.00000000  0.96597025  0.06324685  0.96803858 -0.25051756
 3183.9  1.00000000  0.96597022  0.06324728  0.96803858 -0.25051756
 3184.0  1.00000000  0.96597020  0.06324769  0.96803858 -0.25051757
 3184.1  1.00000000  0.96597018  0.06324801  0.96803858 -0.25051757
 3184.2  1.00000000  0.96597016  0.06324820  0.96803858 -0.25051758
 3184.3  1.00000000  0.96597016  0.06324824  0.96803858 -0.25051759
 3184.4  1.00000000  0.96597017  0.06324814  0.96803858 -0.25051759
 3184.5  1.00000000  0.96597018  0.06324788  0.96803858 -0.25051760
 3184.6  1.00000000  0.96597021  0.06324752  0.96803858 -0.25051760
 3184.7  1.00000000  0.96597023  0.06324711  0.96803858 -0.25051760
 3184.8  1.00000000  0.96597026  0.06324669  0.96803858 -0.25051760
 3184.9  1.00000000  0.96597028  0.06324630  0.96803858 -0.25051760
 3185.0  1.00000000  0.96597031  0.06324599  0.96803858 -0.25051759
 3185.1  1.00000000  0.96597032  0.06324578  0.96803858 -0.25051759
 3185.2  1.00000000  0.96597032  0.06324571  0.96803858 -0.25051758
 3185.3  1.00000000  0.96597032  0.06324580  0.96803858 -0.25051757
 3185.4  1.00000000  0.96597031  0.06324604  0.96803858 -0.25051757
 3185.5  1.00000000  0.96597028  0.06324642  0.96803858 -0.25051756
 3185.6  1.00000000  0.96597025  0.06324688  0.96803858 -0.25051756
 3185.7  1.00000000  0.96597022  0.06324736  0.96803858 -0.25051756
 3185.8  1.00000000  0.96597019  0.06324781  0.96803858 -0.25051757
 3185.9  1.00000000  0.96597017  0.06324816  0.96803858 -0.25051757
 3186.0  1.00000000  0.96597015  0.06324836  0.96803858 -0.25051758
 3186.1  1.00000000  0.96597015  0.06324838  0.96803858 -0.25051759
 3186.2  1.00000000  0.96597016  0.06324822  0.96803858 -0.25051759
 3186.3  1.00000000  0.96597018  0.06324789  0.96803858 -0.25051760
 3186.4  1.00000000  0.96597021  0.06324743  0.96803858 -0.25051760
 3186.5  1.00000000  0.96597024  0.06324693  0.96803858 -0.25051760
 3186.6  1.00000000  0.96597028  0.06324643  0.96803858 -0.25051760
 3186.7  1.00000000  0.96597031  0.06324600  0.96803858 -0.25051760
 3186.8  1.00000000  0.96597033  0.06324570  0.96803858 -0.25051759
 3186.9  1.00000000  0.96597033  0.06324557  0.96803858 -0.25051759
 3187.0  1.00000000  0.96597033  0.06324559  0.96803858 -0.25051758
 3187.1  1.00000000  0.96597032  0.06324579  0.96803858 -0.25051757
 3187.2  1.00000000  0.96597030  0.06324612  0.96803858 -0.25051757
 3187.3  1.00000000  0.96597027  0.06324655  0.96803858 -0.25051756
 3187.4  1.00000000  0.96597024  0.06324704  0.96803858 -0.25051756
 3187.5  1.00000000  0.96597021  0.06324754  0.96803858 -0.25051756
 3187.6  1.00000000  0.96597018  0.06324800  0.96803859 -0.25051757
 3187.7  1.00000000  0.96597016  0.06324836  0.96803859 -0.25051757
 3187.8  1.00000000  0.96597014  0.06324858  0.96803859 -0.25051758
 3187.9  1.00000000  0.96597014  0.06324860  0.96803858 -0.25051759
 3188.0  1.00000000  0.96597015  0.06324840  0.96803858 -0.25051760
 3188.1  1.00000000  0.96597017  0.06324798  0.96803857 -0.25051761
 3188.2  1.00000000  0.96597021  0.06324739  0.96803857 -0.25051761
 3188.3  1.00000000  0.96597025  0.06324671  0.96803857 -0.25051761
 3188.4  1.00000000  0.96597030  0.06324605  0.96803857 -0.25051760
 3188.5  1.00000000  0.96597034  0.06324554  0.96803858 -0.25051760
 3188.6  1.00000000  0.96597036  0.06324528  0.96803859 -0.25051759
 3188.7  1.00000000  0.96597036  0.06324530  0.96803859 -0.25051758
 3188.8  1.00000000  0.96597034  0.06324559  0.96803859 -0.25051757
 3188.9  1.00000000  0.96597031  0.06324605  0.96803858 -0.25051757
 3189.0  1.00000000  0.96597027  0.06324656  0.96803857 -0.25051756
 3189.1  1.00000000  0.96597023  0.06324702  0.96803857 -0.25051756
 3189.2  1.00000000  0.96597021  0.06324741  0.96803857 -0.25051756
 3189.3  1.00000000  0.96597019  0.06324775  0.96803858 -0.25051757
 3189.4  1.00000000  0.96597018  0.06324804  0.96803858 -0.25051757
 3189.5  1.00000000  0.96597017  0.06324827  0.96803859 -0.25051758
 3189.6  1.00000000  0.96597016  0.06324839  0.96803859 -0.25051758
 3189.7  1.00000000  0.96597016  0.06324834  0.96803858 -0.25051759
 3189.8  1.00000000  0.96597017  0.06324808  0.96803858 -0.25051760
 3189.9  1.00000000  0.96597019  0.06324764  0.96803857 -0.25051760
 3190.0  1.00000000  0.96597023  0.06324706  0.96803857 -0.25051761
 3190.1  1.00000000  0.96597027  0.06324644  0.96803857 -0.25051760
 3190.2  1.00000000  0.96597031  0.06324592  0.96803858 -0.25051760
 3190.3  1.00000000  0.96597034  0.06324559  0.96803858 -0.25051759
 3190.4  1.00000000  0.96597035  0.06324552  0.96803859 -0.25051758
 3190.5  1.00000000  0.96597034  0.06324568  0.96803859 -0.25051758
 3190.6  1.00000000  0.96597031  0.06324601  0.96803858 -0.25051757
 3190.7  1.00000000  0.96597028  0.06324642  0.96803858 -0.25051757
 3190.8  1.00000000  0.96597025  0.06324682  0.96803857 -0.25051757
 3190.9  1.00000000  0.96597022  0.06324718  0.96803857 -0.25051757
 3191.0  1.00000000  0.96597021  0.06324750  0.96803858 -0.25051757
 3191.1  1.00000000  0.96597020  0.06324777  0.96803858 -0.25051757
 3191.2  1.00000000  0.96597018  0.06324801  0.96803859 -0.25051757
 3191.3  1.00000000  0.96597017  0.06324819  0.96803859 -0.25051758
 3191.4  1.00000000  0.96597017  0.06324823  0.96803858 -0.25051759
 3191.5  1.00000000  0.96597017  0.06324808  0.96803858 -0.25051760
 3191.6  1.00000000  0.96597019  0.06324772  0.96803857 -0.25051760
 3191.7  1.00000000  0.96597022  0.06324719  0.96803857 -0.25051760
 3191.8  1.00000000  0.96597026  0.06324660  0.96803857 -0.25051760
 3191.9  1.00000000  0.96597030  0.06324609  0.96803858 -0.25051760
 3192.0  1.00000000  0.96597033  0.06324577  0.96803858 -0.25051759
 3192.1  1.00000000  0.96597034  0.06324570  0.96803859 -0.25051758
 3192.2  1.00000000  0.96597032  0.06324585  0.96803859 -0.25051758
 3192.3  1.00000000  0.96597030  0.06324615  0.96803858 -0.25051757
 3192.4  1.00000000  0.96597027  0.06324649  0.96803857 -0.25051757
 3192.5  1.00000000  0.96597025  0.06324679  0.96803857 -0.25051757
 3192.6  1.00000000  0.96597023  0.06324704  0.96803857 -0.25051757
 3192.7  1.00000000  0.96597022  0.06324727  0.96803858 -0.25051757
 3192.8  1.00000000  0.96597021  0.06324751  0.96803858 -0.25051757
 3192.9  1.00000000  0.96597020  0.06324778  0.96803859 -0.25051757
 3193.0  1.00000000  0.96597019  0.06324802  0.96803859 -0.25051758
 3193.1  1.00000000  0.96597017  0.06324816  0.96803859 -0.25051759
 3193.2  1.00000000  0.96597017  0.06324809  0.96803858 -0.25051759
 3193.3  1.00000000  0.96597018  0.06324778  0.96803857 -0.25051760
 3193.4  1.00000000  0.96597021  0.06324728  0.96803856 -0.25051760
 3193.5  1.00000000  0.96597025  0.06324669  0.96803857 -0.25051760
 3193.6  1.00000000  0.96597029  0.06324619  0.96803858 -0.25051760
 3193.7  1.00000000  0.96597032  0.06324589  0.96803859 -0.25051759
 3193.8  1.00000000  0.96597033  0.06324585  0.96803859 -0.25051758
 3193.9  1.00000000  0.96597032  0.06324602  0.96803859 -0.25051758
 3194.0  1.00000000  0.96597029  0.06324631  0.96803858 -0.25051758
 3194.1  1.00000000  0.96597026  0.06324659  0.96803857 -0.25051757
 3194.2  1.00000000  0.96597024  0.06324679  0.96803857 -0.25051757
 3194.3  1.00000000  0.96597024  0.06324691  0.96803857 -0.25051757
 3194.4  1.00000000  0.96597024  0.06324704  0.96803858 -0.25051757
 3194.5  1.00000000  0.96597023  0.06324725  0.96803859 -0.25051757
 3194.6  1.00000000  0.96597022  0.06324757  0.96803860 -0.25051757
 3194.7  1.00000000  0.96597020  0.06324792  0.96803859 -0.25051758
 3194.8  1.00000000  0.96597017  0.06324815  0.96803858 -0.25051759
 3194.9  1.00000000  0.96597016  0.06324814  0.96803857 -0.25051759
 3195.0  1.00000000  0.96597017  0.06324782  0.96803856 -0.25051760
 3195.1  1.00000000  0.96597021  0.06324726  0.96803856 -0.25051760
 3195.2  1.00000000  0.96597026  0.06324664  0.96803857 -0.25051760
 3195.3  1.00000000  0.96597030  0.06324617  0.96803858 -0.25051759
 3195.4  1.00000000  0.96597033  0.06324597  0.96803860 -0.25051759
 3195.5  1.00000000  0.96597032  0.06324608  0.96803860 -0.25051758
 3195.6  1.00000000  0.96597029  0.06324635  0.96803859 -0.25051758
 3195.7  1.00000000  0.96597026  0.06324662  0.96803857 -0.25051758
 3195.8  1.00000000  0.96597024  0.06324675  0.96803856 -0.25051758
 3195.9  1.00000000  0.96597024  0.06324673  0.96803856 -0.25051758
 3196.0  1.00000000  0.96597025  0.06324667  0.96803857 -0.25051757
 3196.1  1.00000000  0.96597026  0.06324672  0.96803858 -0.25051757
 3196.2  1.00000000  0.96597026  0.06324699  0.96803860 -0.25051757
 3196.3  1.00000000  0.96597024  0.06324746  0.96803860 -0.25051757
 3196.4  1.00000000  0.96597020  0.06324795  0.96803860 -0.25051758
 3196.5  1.00000000  0.96597016  0.06324825  0.96803858 -0.25051759
 3196.6  1.00000000  0.96597015  0.06324819  0.96803856 -0.25051759
 3196.7  1.00000000  0.96597017  0.06324775  0.96803855 -0.25051760
 3196.8  1.00000000  0.96597021  0.06324711  0.96803856 -0.25051760
 3196.9  1.00000000  0.96597027  0.06324649  0.96803858 -0.25051760
 3197.0  1.00000000  0.96597031  0.06324614  0.96803859 -0.25051759
 3197.1  1.00000000  0.96597032  0.06324614  0.96803860 -0.25051759
 3197.2  1.00000000  0.96597030  0.06324639  0.96803860 -0.25051758
 3197.3  1.00000000  0.96597026  0.06324670  0.96803858 -0.25051758
 3197.4  1.00000000  0.96597023  0.06324686  0.96803856 -0.25051758
 3197.5  1.00000000  0.96597023  0.06324678  0.96803855 -0.25051758
 3197.6  1.00000000  0.96597025  0.06324657  0.96803856 -0.25051758
 3197.7  1.00000000  0.96597027  0.06324640  0.96803857 -0.25051757
 3197.8  1.00000000  0.96597029  0.06324649  0.96803860 -0.25051757
 3197.9  1.00000000  0.96597028  0.06324691  0.96803861 -0.25051757
 3198.0  1.00000000  0.96597023  0.06324754  0.96803861 -0.25051757
 3198.1  1.00000000  0.96597018  0.06324809  0.96803859 -0.25051758
 3198.2  1.00000000  0.96597014  0.06324832  0.96803856 -0.25051759
 3198.3  1.00000000  0.96597014  0.06324809  0.96803855 -0.25051759
 3198.4  1.00000000  0.96597018  0.06324750  0.96803855 -0.25051760
 3198.5  1.00000000  0.96597024  0.06324681  0.96803857 -0.25051759
 3198.6  1.00000000  0.96597030  0.06324633  0.96803859 -0.25051759
 3198.7  1.00000000  0.96597032  0.06324625  0.96803861 -0.25051759
 3198.8  1.00000000  0.96597030  0.06324651  0.96803861 -0.25051758
 3198.9  1.00000000  0.96597026  0.06324689  0.96803859 -0.25051759
 3199.0  1.00000000  0.96597022  0.06324708  0.96803857 -0.25051759
 3199.1  1.00000000  0.96597021  0.06324694  0.96803855 -0.25051759
 3199.2  1.00000000  0.96597024  0.06324655  0.96803855 -0.25051759
 3199.3  1.00000000  0.96597028  0.06324618  0.96803857 -0.25051758
 3199.4  1.00000000  0.96597031  0.06324610  0.96803859 -0.25051757
 3199.5  1.00000000  0.96597031  0.06324645  0.96803861 -0.25051757
 3199.6  1.00000000  0.96597027  0.06324712  0.96803861 -0.25051757
 3199.7  1.00000000  0.96597020  0.06324783  0.96803860 -0.25051757
 3199.8  1.00000000  0.96597015  0.06324824  0.96803857 -0.25051758
 3199.9  1.00000000  0.96597013  0.06324818  0.96803855 -0.25051759
 3200.0  1.00000000  0.96597016  0.06324769  0.96803854 -0.25051759
 3200.1  1.00000000  0.96597022  0.06324704  0.96803856 -0.25051759
 3200.2  1.00000000  0.96597028  0.06324654  0.96803859 -0.25051759
 3200.3  1.00000000  0.96597031  0.06324640  0.96803861 -0.25051758
 3200.4  1.00000000  0.96597030  0.06324663  0.96803861 -0.25051758
 3200.5  1.00000000  0.96597026  0.06324700  0.96803860 -0.25051759
 3200.6  1.00000000  0.96597022  0.06324723  0.96803857 -0.25051759
 3200.7  1.00000000  0.96597020  0.06324714  0.96803855 -0.25051759
 3200.8  1.00000000  0.96597022  0.06324674  0.96803854 -0.25051759
 3200.9  1.00000000  0.96597027  0.06324626  0.96803856 -0.25051758
 3201.0  1.00000000  0.96597031  0.06324598  0.96803858 -0.25051758
 3201.1  1.00000000  0.96597033  0.06324611  0.96803861 -0.25051757
 3201.2  1.00000000  0.96597030  0.06324666  0.96803861 -0.25051757
 3201.3  1.00000000  0.96597024  0.06324739  0.96803860 -0.25051757
 3201.4  1.00000000  0.96597018  0.06324796  0.96803858 -0.25051758
 3201.5  1.00000000  0.96597014  0.06324813  0.96803856 -0.25051759
 3201.6  1.00000000  0.96597015  0.06324784  0.96803854 -0.25051759
 3201.7  1.00000000  0.96597020  0.06324728  0.96803855 -0.25051759
 3201.8  1.00000000  0.96597026  0.06324675  0.96803858 -0.25051759
 3201.9  1.00000000  0.96597030  0.06324651  0.96803860 -0.25051758
 3202.0  1.00000000  0.96597030  0.06324665  0.96803861 -0.25051758
 3202.1  1.00000000  0.96597027  0.06324703  0.96803861 -0.25051758
 3202.2  1.00000000  0.96597022  0.06324736  0.96803858 -0.25051759
 3202.3  1.00000000  0.96597019  0.06324739  0.96803856 -0.25051759
 3202.4  1.00000000  0.96597020  0.06324704  0.96803854 -0.25051759
 3202.5  1.00000000  0.96597025  0.06324647  0.96803855 -0.25051759
 3202.6  1.00000000  0.96597030  0.06324599  0.96803857 -0.25051758
 3202.7  1.00000000  0.96597033  0.06324589  0.96803860 -0.25051757
 3202.8  1.00000000  0.96597033  0.06324628  0.96803862 -0.25051757
 3202.9  1.00000000  0.96597028  0.06324699  0.96803861 -0.25051757
 3203.0  1.00000000  0.96597021  0.06324769  0.96803859 -0.25051757
 3203.1  1.00000000  0.96597015  0.06324805  0.96803856 -0.25051758
 3203.2  1.00000000  0.96597014  0.06324792  0.96803854 -0.25051759
 3203.3  1.00000000  0.96597018  0.06324741  0.96803854 -0.25051759
 3203.4  1.00000000  0.96597024  0.06324682  0.96803857 -0.25051759
 3203.5  1.00000000  0.96597029  0.06324649  0.96803860 -0.25051758
 3203.6  1.00000000  0.96597030  0.06324661  0.96803862 -0.25051758
 3203.7  1.00000000  0.96597027  0.06324705  0.96803861 -0.25051758
 3203.8  1.00000000  0.96597022  0.06324752  0.96803859 -0.25051759
 3203.9  1.00000000  0.96597018  0.06324767  0.96803856 -0.25051759
 3204.0  1.00000000  0.96597018  0.06324736  0.96803854 -0.25051760
 3204.1  1.00000000  0.96597022  0.06324672  0.96803854 -0.25051759
 3204.2  1.00000000  0.96597029  0.06324606  0.96803856 -0.25051759
 3204.3  1.00000000  0.96597034  0.06324576  0.96803859 -0.25051758
 3204.4  1.00000000  0.96597035  0.06324600  0.96803862 -0.25051757
 3204.5  1.00000000  0.96597030  0.06324668  0.96803862 -0.25051757
 3204.6  1.00000000  0.96597023  0.06324746  0.96803860 -0.25051757
 3204.7  1.00000000  0.96597017  0.06324796  0.96803857 -0.25051758
 3204.8  1.00000000  0.96597014  0.06324794  0.96803854 -0.25051759
 3204.9  1.00000000  0.96597017  0.06324745  0.96803854 -0.25051759
 3205.0  1.00000000  0.96597023  0.06324681  0.96803856 -0.25051759
 3205.1  1.00000000  0.96597029  0.06324641  0.96803859 -0.25051758
 3205.2  1.00000000  0.96597031  0.06324650  0.96803862 -0.25051758
 3205.3  1.00000000  0.96597028  0.06324700  0.96803862 -0.25051758
 3205.4  1.00000000  0.96597022  0.06324760  0.96803860 -0.25051758
 3205.5  1.00000000  0.96597017  0.06324790  0.96803857 -0.25051759
 3205.6  1.00000000  0.96597016  0.06324767  0.96803854 -0.25051760
 3205.7  1.00000000  0.96597020  0.06324699  0.96803853 -0.25051760
 3205.8  1.00000000  0.96597027  0.06324621  0.96803856 -0.25051759
 3205.9  1.00000000  0.96597033  0.06324574  0.96803859 -0.25051758
 3206.0  1.00000000  0.96597036  0.06324584  0.96803862 -0.25051757
 3206.1  1.00000000  0.96597032  0.06324647  0.96803862 -0.25051757
 3206.2  1.00000000  0.96597025  0.06324730  0.96803860 -0.25051757
 3206.3  1.00000000  0.96597017  0.06324788  0.96803857 -0.25051758
 3206.4  1.00000000  0.96597014  0.06324791  0.96803854 -0.25051759
 3206.5  1.00000000  0.96597017  0.06324741  0.96803853 -0.25051759
 3206.6  1.00000000  0.96597023  0.06324674  0.96803855 -0.25051759
 3206.7  1.00000000  0.96597030  0.06324630  0.96803859 -0.25051758
 3206.8  1.00000000  0.96597032  0.06324636  0.96803862 -0.25051757
 3206.9  1.00000000  0.96597030  0.06324691  0.96803863 -0.25051757
 3207.0  1.00000000  0.96597023  0.06324763  0.96803861 -0.25051758
 3207.1  1.00000000  0.96597016  0.06324809  0.96803857 -0.25051759
 3207.2  1.00000000  0.96597014  0.06324795  0.96803854 -0.25051760
 3207.3  1.00000000  0.96597017  0.06324725  0.96803853 -0.25051760
 3207.4  1.00000000  0.96597025  0.06324638  0.96803855 -0.25051759
 3207.5  1.00000000  0.96597033  0.06324578  0.96803858 -0.25051758
 3207.6  1.00000000  0.96597036  0.06324576  0.96803862 -0.25051757
 3207.7  1.00000000  0.96597034  0.06324632  0.96803863 -0.25051757
 3207.8  1.00000000  0.96597026  0.06324717  0.96803861 -0.25051757
 3207.9  1.00000000  0.96597018  0.06324783  0.96803857 -0.25051758
 3208.0  1.00000000  0.96597014  0.06324791  0.96803854 -0.25051759
 3208.1  1.00000000  0.96597016  0.06324742  0.96803853 -0.25051759
 3208.2  1.00000000  0.96597023  0.06324671  0.96803855 -0.25051759
 3208.3  1.00000000  0.96597030  0.06324621  0.96803858 -0.25051758
 3208.4  1.00000000  0.96597033  0.06324620  0.96803862 -0.25051757
