 # TIME  LP  TMAB  TMDS  TMPC  TMZ
 4430.2  1.50000000  0.96669934  0.00865987  0.96673813 -0.25612999
 4430.3  1.50000000  0.96669934  0.00865987  0.96673813 -0.25612999
 4430.4  1.50000000  0.96669934  0.00865987  0.96673813 -0.25612999
 4430.5  1.50000000  0.96670737  0.00778939  0.96673875 -0.25612763
 4430.6  1.50000000  0.96672643  0.00589163  0.96674438 -0.25610578
 4430.7  1.50000000  0.96674616  0.00417658  0.96675518 -0.25606308
 4430.8  1.50000000  0.96676656  0.00275240  0.96677048 -0.25600287
 4430.9  1.50000000  0.96678753  0.00170515  0.96678904 -0.25592972
 4431.0  1.50000000  0.96680891  0.00109298  0.96680953 -0.25584887
 4431.1  1.50000000  0.96683015  0.00094367  0.96683061 -0.25576584
 4431.2  1.50000000  0.96685003  0.00125376  0.96685084 -0.25568623
 4431.3  1.50000000  0.96686686  0.00198919  0.96686891 -0.25561518
 4431.4  1.50000000  0.96687879  0.00308901  0.96688373 -0.25555715
 4431.5  1.50000000  0.96688403  0.00446974  0.96689436 -0.25551564
 4431.6  1.50000000  0.96688145  0.00603153  0.96690026 -0.25549292
 4431.7  1.50000000  0.96687076  0.00766539  0.96690115 -0.25549000
 4431.8  1.50000000  0.96685274  0.00926044  0.96689709 -0.25550653
 4431.9  1.50000000  0.96682917  0.01071145  0.96688850 -0.25554086
 4432.0  1.50000000  0.96680252  0.01192576  0.96687607 -0.25559021
 4432.1  1.50000000  0.96677559  0.01282905  0.96686071 -0.25565088
 4432.2  1.50000000  0.96675108  0.01336989  0.96684353 -0.25571848
 4432.3  1.50000000  0.96673115  0.01352259  0.96682572 -0.25578828
 4432.4  1.50000000  0.96671716  0.01328813  0.96680848 -0.25585556
 4432.5  1.50000000  0.96670962  0.01269340  0.96679295 -0.25591588
 4432.6  1.50000000  0.96670824  0.01178861  0.96678011 -0.25596542
 4432.7  1.50000000  0.96671216  0.01064321  0.96677075 -0.25600117
 4432.8  1.50000000  0.96672027  0.00934069  0.96676540 -0.25602115
 4432.9  1.50000000  0.96673143  0.00797253  0.96676430 -0.25602452
 4433.0  1.50000000  0.96674468  0.00663186  0.96676742 -0.25601152
 4433.1  1.50000000  0.96675932  0.00540720  0.96677444 -0.25598354
 4433.2  1.50000000  0.96677487  0.00437672  0.96678478 -0.25594286
 4433.3  1.50000000  0.96679093  0.00360336  0.96679765 -0.25589257
 4433.4  1.50000000  0.96680706  0.00313110  0.96681213 -0.25583630
 4433.5  1.50000000  0.96682260  0.00298263  0.96682720 -0.25577795
 4433.6  1.50000000  0.96683667  0.00315848  0.96684183 -0.25572148
 4433.7  1.50000000  0.96684822  0.00363759  0.96685507 -0.25567057
 4433.8  1.50000000  0.96685613  0.00437932  0.96686605 -0.25562846
 4433.9  1.50000000  0.96685944  0.00532670  0.96687412 -0.25559770
 4434.0  1.50000000  0.96685756  0.00641066  0.96687881 -0.25558002
 4434.1  1.50000000  0.96685039  0.00755495  0.96687991 -0.25557625
 4434.2  1.50000000  0.96683847  0.00868141  0.96687744 -0.25558624
 4434.3  1.50000000  0.96682286  0.00971528  0.96687167 -0.25560893
 4434.4  1.50000000  0.96680508  0.01059009  0.96686308 -0.25564246
 4434.5  1.50000000  0.96678683  0.01125189  0.96685230 -0.25568427
 4434.6  1.50000000  0.96676979  0.01166256  0.96684013 -0.25573132
 4434.7  1.50000000  0.96675537  0.01180190  0.96682741 -0.25578030
 4434.8  1.50000000  0.96674460  0.01166850  0.96681501 -0.25582788
 4434.9  1.50000000  0.96673797  0.01127927  0.96680377 -0.25587090
 4435.0  1.50000000  0.96673554  0.01066777  0.96679440 -0.25590662
 4435.1  1.50000000  0.96673700  0.00988147  0.96678750 -0.25593285
 4435.2  1.50000000  0.96674177  0.00897812  0.96678346 -0.25594814
 4435.3  1.50000000  0.96674919  0.00802157  0.96678247 -0.25595177
 4435.4  1.50000000  0.96675861  0.00707731  0.96678452 -0.25594387
 4435.5  1.50000000  0.96676944  0.00620802  0.96678937 -0.25592531
 4435.6  1.50000000  0.96678114  0.00546950  0.96679661 -0.25589764
 4435.7  1.50000000  0.96679322  0.00490713  0.96680568 -0.25586300
 4435.8  1.50000000  0.96680518  0.00455321  0.96681590 -0.25582389
 4435.9  1.50000000  0.96681643  0.00442516  0.96682656 -0.25578305
 4436.0  1.50000000  0.96682633  0.00452482  0.96683692 -0.25574327
 4436.1  1.50000000  0.96683420  0.00483882  0.96684631 -0.25570715
 4436.2  1.50000000  0.96683937  0.00533988  0.96685411 -0.25567701
 4436.3  1.50000000  0.96684133  0.00598906  0.96685988 -0.25565467
 4436.4  1.50000000  0.96683979  0.00673866  0.96686327 -0.25564139
 4436.5  1.50000000  0.96683477  0.00753568  0.96686414 -0.25563781
 4436.6  1.50000000  0.96682665  0.00832549  0.96686250 -0.25564387
 4436.7  1.50000000  0.96681612  0.00905554  0.96685853 -0.25565889
 4436.8  1.50000000  0.96680413  0.00967881  0.96685257 -0.25568160
 4436.9  1.50000000  0.96679174  0.01015673  0.96684509 -0.25571025
 4437.0  1.50000000  0.96678000  0.01046200  0.96683661 -0.25574277
 4437.1  1.50000000  0.96676987  0.01057904  0.96682775 -0.25577684
 4437.2  1.50000000  0.96676202  0.01050569  0.96681910 -0.25581016
 4437.3  1.50000000  0.96675690  0.01025261  0.96681126 -0.25584050
 4437.4  1.50000000  0.96675463  0.00984206  0.96680473 -0.25586594
 4437.5  1.50000000  0.96675510  0.00930621  0.96679989 -0.25588491
 4437.6  1.50000000  0.96675802  0.00868461  0.96679703 -0.25589636
 4437.7  1.50000000  0.96676299  0.00802132  0.96679627 -0.25589974
 4437.8  1.50000000  0.96676956  0.00736184  0.96679759 -0.25589507
 4437.9  1.50000000  0.96677727  0.00674998  0.96680083 -0.25588293
 4438.0  1.50000000  0.96678569  0.00622505  0.96680573 -0.25586433
 4438.1  1.50000000  0.96679437  0.00581942  0.96681188 -0.25584073
 4438.2  1.50000000  0.96680289  0.00555653  0.96681886 -0.25581383
 4438.3  1.50000000  0.96681080  0.00544961  0.96682616 -0.25578553
 4438.4  1.50000000  0.96681763  0.00550106  0.96683328 -0.25575776
 4438.5  1.50000000  0.96682296  0.00570274  0.96683978 -0.25573233
 4438.6  1.50000000  0.96682637  0.00603673  0.96684522 -0.25571088
 4438.7  1.50000000  0.96682760  0.00647684  0.96684929 -0.25569471
 4438.8  1.50000000  0.96682649  0.00699066  0.96685176 -0.25568475
 4438.9  1.50000000  0.96682310  0.00754178  0.96685251 -0.25568147
 4439.0  1.50000000  0.96681768  0.00809239  0.96685155 -0.25568489
 4439.1  1.50000000  0.96681069  0.00860586  0.96684899 -0.25569458
 4439.2  1.50000000  0.96680271  0.00904909  0.96684506 -0.25570972
 4439.3  1.50000000  0.96679440  0.00939459  0.96684005 -0.25572915
 4439.4  1.50000000  0.96678645  0.00962224  0.96683433 -0.25575142
 4439.5  1.50000000  0.96677944  0.00972041  0.96682830 -0.25577499
 4439.6  1.50000000  0.96677386  0.00968635  0.96682238 -0.25579823
 4439.7  1.50000000  0.96677002  0.00952630  0.96681695 -0.25581961
 4439.8  1.50000000  0.96676806  0.00925464  0.96681236 -0.25583777
 4439.9  1.50000000  0.96676798  0.00889277  0.96680888 -0.25585157
 4440.0  1.50000000  0.96676964  0.00846748  0.96680672 -0.25586025
 4440.1  1.50000000  0.96677279  0.00800895  0.96680597 -0.25586338
 4440.2  1.50000000  0.96677717  0.00754867  0.96680664 -0.25586090
 4440.3  1.50000000  0.96678244  0.00711732  0.96680864 -0.25585316
 4440.4  1.50000000  0.96678829  0.00674273  0.96681180 -0.25584083
 4440.5  1.50000000  0.96679438  0.00644813  0.96681588 -0.25582487
 4440.6  1.50000000  0.96680037  0.00625075  0.96682058 -0.25580642
 4440.7  1.50000000  0.96680593  0.00616086  0.96682556 -0.25578682
 4440.8  1.50000000  0.96681074  0.00618124  0.96683050 -0.25576738
 4440.9  1.50000000  0.96681450  0.00630734  0.96683507 -0.25574938
 4441.0  1.50000000  0.96681693  0.00652769  0.96683897 -0.25573400
 4441.1  1.50000000  0.96681789  0.00682485  0.96684197 -0.25572216
 4441.2  1.50000000  0.96681727  0.00717685  0.96684391 -0.25571456
 4441.3  1.50000000  0.96681512  0.00755867  0.96684467 -0.25571158
 4441.4  1.50000000  0.96681161  0.00794402  0.96684424 -0.25571328
 4441.5  1.50000000  0.96680701  0.00830718  0.96684269 -0.25571942
 4441.6  1.50000000  0.96680168  0.00862458  0.96684015 -0.25572946
 4441.7  1.50000000  0.96679607  0.00887643  0.96683682 -0.25574261
 4441.8  1.50000000  0.96679060  0.00904786  0.96683293 -0.25575792
 4441.9  1.50000000  0.96678566  0.00912977  0.96682877 -0.25577430
 4442.0  1.50000000  0.96678160  0.00911930  0.96682461 -0.25579063
 4442.1  1.50000000  0.96677865  0.00901983  0.96682073 -0.25580581
 4442.2  1.50000000  0.96677696  0.00884056  0.96681738 -0.25581889
 4442.3  1.50000000  0.96677655  0.00859575  0.96681477 -0.25582903
 4442.4  1.50000000  0.96677739  0.00830363  0.96681304 -0.25583566
 4442.5  1.50000000  0.96677933  0.00798500  0.96681230 -0.25583843
 4442.6  1.50000000  0.96678220  0.00766187  0.96681256 -0.25583727
 4442.7  1.50000000  0.96678580  0.00735589  0.96681378 -0.25583238
 4442.8  1.50000000  0.96678988  0.00708692  0.96681585 -0.25582418
 4442.9  1.50000000  0.96679419  0.00687180  0.96681861 -0.25581332
 4443.0  1.50000000  0.96679848  0.00672333  0.96682185 -0.25580060
 4443.1  1.50000000  0.96680249  0.00664949  0.96682536 -0.25578691
 4443.2  1.50000000  0.96680599  0.00665307  0.96682888 -0.25577320
 4443.3  1.50000000  0.96680875  0.00673157  0.96683218 -0.25576038
 4443.4  1.50000000  0.96681059  0.00687761  0.96683506 -0.25574928
 4443.5  1.50000000  0.96681140  0.00707951  0.96683732 -0.25574059
 4443.6  1.50000000  0.96681110  0.00732219  0.96683883 -0.25573483
 4443.7  1.50000000  0.96680974  0.00758830  0.96683952 -0.25573228
 4443.8  1.50000000  0.96680741  0.00785944  0.96683936 -0.25573303
 4443.9  1.50000000  0.96680431  0.00811740  0.96683838 -0.25573694
 4444.0  1.50000000  0.96680066  0.00834532  0.96683668 -0.25574366
 4444.1  1.50000000  0.96679676  0.00852885  0.96683438 -0.25575265
 4444.2  1.50000000  0.96679289  0.00865697  0.96683165 -0.25576325
 4444.3  1.50000000  0.96678935  0.00872263  0.96682869 -0.25577472
 4444.4  1.50000000  0.96678636  0.00872336  0.96682571 -0.25578624
 4444.5  1.50000000  0.96678411  0.00866100  0.96682290 -0.25579706
 4444.6  1.50000000  0.96678272  0.00854155  0.96682045 -0.25580646
 4444.7  1.50000000  0.96678224  0.00837463  0.96681851 -0.25581387
 4444.8  1.50000000  0.96678266  0.00817277  0.96681720 -0.25581885
 4444.9  1.50000000  0.96678390  0.00795050  0.96681659 -0.25582112
 4445.0  1.50000000  0.96678585  0.00772325  0.96681670 -0.25582063
 4445.1  1.50000000  0.96678836  0.00750633  0.96681750 -0.25581748
 4445.2  1.50000000  0.96679126  0.00731391  0.96681893 -0.25581197
 4445.3  1.50000000  0.96679436  0.00715811  0.96682085 -0.25580452
 4445.4  1.50000000  0.96679745  0.00704826  0.96682314 -0.25579570
 4445.5  1.50000000  0.96680036  0.00699037  0.96682563 -0.25578613
 4445.6  1.50000000  0.96680290  0.00698679  0.96682815 -0.25577648
 4445.7  1.50000000  0.96680491  0.00703618  0.96683051 -0.25576739
 4445.8  1.50000000  0.96680626  0.00713370  0.96683258 -0.25575944
 4445.9  1.50000000  0.96680688  0.00727144  0.96683422 -0.25575315
 4446.0  1.50000000  0.96680671  0.00743900  0.96683533 -0.25574888
 4446.1  1.50000000  0.96680580  0.00762426  0.96683586 -0.25574685
 4446.2  1.50000000  0.96680419  0.00781439  0.96683577 -0.25574715
 4446.3  1.50000000  0.96680204  0.00799646  0.96683511 -0.25574968
 4446.4  1.50000000  0.96679952  0.00815864  0.96683394 -0.25575419
 4446.5  1.50000000  0.96679678  0.00829064  0.96683232 -0.25576035
 4446.6  1.50000000  0.96679406  0.00838452  0.96683042 -0.25576767
 4446.7  1.50000000  0.96679154  0.00843519  0.96682834 -0.25577565
 4446.8  1.50000000  0.96678940  0.00844048  0.96682624 -0.25578372
 4446.9  1.50000000  0.96678776  0.00840143  0.96682426 -0.25579135
 4447.0  1.50000000  0.96678671  0.00832195  0.96682253 -0.25579804
 4447.1  1.50000000  0.96678630  0.00820854  0.96682115 -0.25580337
 4447.2  1.50000000  0.96678654  0.00806979  0.96682022 -0.25580702
 4447.3  1.50000000  0.96678736  0.00791573  0.96681977 -0.25580881
 4447.4  1.50000000  0.96678870  0.00775708  0.96681982 -0.25580866
 4447.5  1.50000000  0.96679046  0.00760458  0.96682037 -0.25580665
 4447.6  1.50000000  0.96679249  0.00746822  0.96682133 -0.25580296
 4447.7  1.50000000  0.96679467  0.00735661  0.96682266 -0.25579790
 4447.8  1.50000000  0.96679686  0.00727645  0.96682424 -0.25579183
 4447.9  1.50000000  0.96679891  0.00723216  0.96682596 -0.25578520
 4448.0  1.50000000  0.96680070  0.00722561  0.96682770 -0.25577847
 4448.1  1.50000000  0.96680212  0.00725611  0.96682935 -0.25577208
 4448.2  1.50000000  0.96680308  0.00732053  0.96683079 -0.25576646
 4448.3  1.50000000  0.96680352  0.00741351  0.96683194 -0.25576195
 4448.4  1.50000000  0.96680342  0.00752801  0.96683273 -0.25575882
 4448.5  1.50000000  0.96680281  0.00765577  0.96683312 -0.25575724
 4448.6  1.50000000  0.96680173  0.00778794  0.96683309 -0.25575727
 4448.7  1.50000000  0.96680026  0.00791556  0.96683267 -0.25575885
 4448.8  1.50000000  0.96679853  0.00803024  0.96683188 -0.25576184
 4448.9  1.50000000  0.96679666  0.00812472  0.96683080 -0.25576599
 4449.0  1.50000000  0.96679479  0.00819332  0.96682950 -0.25577100
 4449.1  1.50000000  0.96679304  0.00823224  0.96682809 -0.25577650
 4449.2  1.50000000  0.96679153  0.00823976  0.96682665 -0.25578211
 4449.3  1.50000000  0.96679036  0.00821632  0.96682528 -0.25578746
 4449.4  1.50000000  0.96678960  0.00816439  0.96682407 -0.25579220
 4449.5  1.50000000  0.96678927  0.00808829  0.96682310 -0.25579603
 4449.6  1.50000000  0.96678938  0.00799379  0.96682243 -0.25579872
 4449.7  1.50000000  0.96678990  0.00788774  0.96682208 -0.25580012
 4449.8  1.50000000  0.96679079  0.00777755  0.96682208 -0.25580019
 4449.9  1.50000000  0.96679198  0.00767067  0.96682241 -0.25579896
 4450.0  1.50000000  0.96679337  0.00757412  0.96682303 -0.25579654
 4450.1  1.50000000  0.96679487  0.00749400  0.96682391 -0.25579314
 4450.2  1.50000000  0.96679638  0.00743518  0.96682497 -0.25578901
 4450.3  1.50000000  0.96679781  0.00740098  0.96682614 -0.25578444
 4450.4  1.50000000  0.96679907  0.00739292  0.96682734 -0.25577976
 4450.5  1.50000000  0.96680007  0.00741076  0.96682848 -0.25577527
 4450.6  1.50000000  0.96680077  0.00745254  0.96682949 -0.25577127
 4450.7  1.50000000  0.96680111  0.00751478  0.96683031 -0.25576802
 4450.8  1.50000000  0.96680109  0.00759273  0.96683090 -0.25576571
 4450.9  1.50000000  0.96680070  0.00768074  0.96683121 -0.25576445
 4451.0  1.50000000  0.96680000  0.00777266  0.96683124 -0.25576432
 4451.1  1.50000000  0.96679903  0.00786225  0.96683100 -0.25576527
 4451.2  1.50000000  0.96679786  0.00794361  0.96683050 -0.25576722
 4451.3  1.50000000  0.96679659  0.00801158  0.96682979 -0.25577001
 4451.4  1.50000000  0.96679530  0.00806201  0.96682892 -0.25577342
 4451.5  1.50000000  0.96679409  0.00809208  0.96682795 -0.25577722
 4451.6  1.50000000  0.96679302  0.00810036  0.96682696 -0.25578113
 4451.7  1.50000000  0.96679217  0.00808695  0.96682600 -0.25578490
 4451.8  1.50000000  0.96679159  0.00805338  0.96682514 -0.25578827
 4451.9  1.50000000  0.96679131  0.00800248  0.96682443 -0.25579104
 4452.0  1.50000000  0.96679133  0.00793813  0.96682392 -0.25579303
 4452.1  1.50000000  0.96679164  0.00786502  0.96682363 -0.25579414
 4452.2  1.50000000  0.96679221  0.00778828  0.96682358 -0.25579433
 4452.3  1.50000000  0.96679300  0.00771311  0.96682377 -0.25579359
 4452.4  1.50000000  0.96679394  0.00764448  0.96682417 -0.25579202
 4452.5  1.50000000  0.96679498  0.00758678  0.96682475 -0.25578973
 4452.6  1.50000000  0.96679604  0.00754352  0.96682546 -0.25578691
 4452.7  1.50000000  0.96679705  0.00751716  0.96682627 -0.25578375
 4452.8  1.50000000  0.96679795  0.00750898  0.96682711 -0.25578048
 4452.9  1.50000000  0.96679868  0.00751898  0.96682792 -0.25577731
 4453.0  1.50000000  0.96679920  0.00754598  0.96682865 -0.25577446
 4453.1  1.50000000  0.96679948  0.00758769  0.96682925 -0.25577210
 4453.2  1.50000000  0.96679951  0.00764089  0.96682970 -0.25577038
 4453.3  1.50000000  0.96679928  0.00770171  0.96682996 -0.25576940
 4453.4  1.50000000  0.96679883  0.00776587  0.96683002 -0.25576920
 4453.5  1.50000000  0.96679818  0.00782899  0.96682988 -0.25576976
 4453.6  1.50000000  0.96679739  0.00788690  0.96682956 -0.25577104
 4453.7  1.50000000  0.96679651  0.00793588  0.96682908 -0.25577292
 4453.8  1.50000000  0.96679561  0.00797293  0.96682848 -0.25577526
 4453.9  1.50000000  0.96679474  0.00799591  0.96682781 -0.25577789
 4454.0  1.50000000  0.96679397  0.00800371  0.96682710 -0.25578063
 4454.1  1.50000000  0.96679335  0.00799624  0.96682641 -0.25578330
 4454.2  1.50000000  0.96679290  0.00797444  0.96682579 -0.25578571
 4454.3  1.50000000  0.96679267  0.00794018  0.96682527 -0.25578771
 4454.4  1.50000000  0.96679264  0.00789612  0.96682489 -0.25578918
 4454.5  1.50000000  0.96679283  0.00784548  0.96682466 -0.25579004
 4454.6  1.50000000  0.96679320  0.00779183  0.96682460 -0.25579025
 4454.7  1.50000000  0.96679374  0.00773884  0.96682471 -0.25578981
 4454.8  1.50000000  0.96679439  0.00769003  0.96682497 -0.25578877
 4454.9  1.50000000  0.96679511  0.00764854  0.96682537 -0.25578723
 4455.0  1.50000000  0.96679587  0.00761693  0.96682587 -0.25578528
 4455.1  1.50000000  0.96679659  0.00759702  0.96682644 -0.25578309
 4455.2  1.50000000  0.96679724  0.00758979  0.96682703 -0.25578079
 4455.3  1.50000000  0.96679778  0.00759535  0.96682761 -0.25577856
 4455.4  1.50000000  0.96679817  0.00761297  0.96682814 -0.25577653
 4455.5  1.50000000  0.96679838  0.00764111  0.96682858 -0.25577483
 4455.6  1.50000000  0.96679842  0.00767756  0.96682891 -0.25577357
 4455.7  1.50000000  0.96679829  0.00771970  0.96682911 -0.25577282
 4455.8  1.50000000  0.96679798  0.00776451  0.96682916 -0.25577262
 4455.9  1.50000000  0.96679754  0.00780892  0.96682907 -0.25577296
 4456.0  1.50000000  0.96679699  0.00785002  0.96682886 -0.25577380
 4456.1  1.50000000  0.96679637  0.00788512  0.96682852 -0.25577508
 4456.2  1.50000000  0.96679573  0.00791204  0.96682811 -0.25577669
 4456.3  1.50000000  0.96679512  0.00792927  0.96682763 -0.25577851
 4456.4  1.50000000  0.96679456  0.00793591  0.96682713 -0.25578043
 4456.5  1.50000000  0.96679411  0.00793181  0.96682665 -0.25578231
 4456.6  1.50000000  0.96679378  0.00791761  0.96682620 -0.25578402
 4456.7  1.50000000  0.96679360  0.00789452  0.96682583 -0.25578545
 4456.8  1.50000000  0.96679357  0.00786434  0.96682555 -0.25578653
 4456.9  1.50000000  0.96679368  0.00782932  0.96682539 -0.25578717
 4457.0  1.50000000  0.96679393  0.00779192  0.96682533 -0.25578737
 4457.1  1.50000000  0.96679430  0.00775471  0.96682540 -0.25578711
 4457.2  1.50000000  0.96679476  0.00772018  0.96682559 -0.25578642
 4457.3  1.50000000  0.96679527  0.00769055  0.96682586 -0.25578538
 4457.4  1.50000000  0.96679580  0.00766764  0.96682621 -0.25578404
 4457.5  1.50000000  0.96679631  0.00765280  0.96682660 -0.25578252
 4457.6  1.50000000  0.96679677  0.00764677  0.96682702 -0.25578093
 4457.7  1.50000000  0.96679716  0.00764968  0.96682742 -0.25577935
 4457.8  1.50000000  0.96679744  0.00766110  0.96682780 -0.25577792
 4457.9  1.50000000  0.96679760  0.00767999  0.96682811 -0.25577670
 4458.0  1.50000000  0.96679764  0.00770489  0.96682834 -0.25577579
 4458.1  1.50000000  0.96679755  0.00773396  0.96682848 -0.25577523
 4458.2  1.50000000  0.96679734  0.00776513  0.96682853 -0.25577505
 4458.3  1.50000000  0.96679704  0.00779625  0.96682847 -0.25577524
 4458.4  1.50000000  0.96679666  0.00782524  0.96682833 -0.25577579
 4458.5  1.50000000  0.96679623  0.00785025  0.96682810 -0.25577665
 4458.6  1.50000000  0.96679578  0.00786972  0.96682781 -0.25577776
 4458.7  1.50000000  0.96679536  0.00788252  0.96682749 -0.25577901
 4458.8  1.50000000  0.96679497  0.00788800  0.96682715 -0.25578035
 4458.9  1.50000000  0.96679464  0.00788600  0.96682680 -0.25578166
 4459.0  1.50000000  0.96679441  0.00787686  0.96682650 -0.25578287
 4459.1  1.50000000  0.96679427  0.00786145  0.96682624 -0.25578389
 4459.2  1.50000000  0.96679424  0.00784094  0.96682603 -0.25578467
 4459.3  1.50000000  0.96679431  0.00781685  0.96682591 -0.25578516
 4459.4  1.50000000  0.96679449  0.00779091  0.96682588 -0.25578533
 4459.5  1.50000000  0.96679473  0.00776491  0.96682591 -0.25578519
 4459.6  1.50000000  0.96679504  0.00774054  0.96682603 -0.25578474
 4459.7  1.50000000  0.96679540  0.00771943  0.96682622 -0.25578404
 4459.8  1.50000000  0.96679576  0.00770288  0.96682645 -0.25578314
 4459.9  1.50000000  0.96679612  0.00769182  0.96682671 -0.25578209
 4460.0  1.50000000  0.96679645  0.00768686  0.96682700 -0.25578098
 4460.1  1.50000000  0.96679671  0.00768812  0.96682728 -0.25577989
 4460.2  1.50000000  0.96679691  0.00769529  0.96682754 -0.25577888
 4460.3  1.50000000  0.96679704  0.00770775  0.96682776 -0.25577801
 4460.4  1.50000000  0.96679707  0.00772452  0.96682793 -0.25577734
 4460.5  1.50000000  0.96679702  0.00774434  0.96682803 -0.25577692
 4460.6  1.50000000  0.96679689  0.00776582  0.96682808 -0.25577675
 4460.7  1.50000000  0.96679669  0.00778749  0.96682805 -0.25577685
 4460.8  1.50000000  0.96679643  0.00780792  0.96682796 -0.25577719
 4460.9  1.50000000  0.96679614  0.00782578  0.96682781 -0.25577776
 4461.0  1.50000000  0.96679584  0.00784003  0.96682762 -0.25577850
 4461.1  1.50000000  0.96679554  0.00784978  0.96682740 -0.25577936
 4461.2  1.50000000  0.96679526  0.00785447  0.96682717 -0.25578028
 4461.3  1.50000000  0.96679503  0.00785396  0.96682693 -0.25578120
 4461.4  1.50000000  0.96679486  0.00784844  0.96682671 -0.25578206
 4461.5  1.50000000  0.96679475  0.00783840  0.96682653 -0.25578280
 4461.6  1.50000000  0.96679472  0.00782465  0.96682638 -0.25578338
 4461.7  1.50000000  0.96679475  0.00780821  0.96682628 -0.25578375
 4461.8  1.50000000  0.96679486  0.00779024  0.96682624 -0.25578391
 4461.9  1.50000000  0.96679502  0.00777200  0.96682626 -0.25578385
 4462.0  1.50000000  0.96679523  0.00775469  0.96682633 -0.25578358
 4462.1  1.50000000  0.96679547  0.00773945  0.96682645 -0.25578312
 4462.2  1.50000000  0.96679572  0.00772723  0.96682660 -0.25578251
 4462.3  1.50000000  0.96679597  0.00771876  0.96682679 -0.25578179
 4462.4  1.50000000  0.96679620  0.00771448  0.96682698 -0.25578102
 4462.5  1.50000000  0.96679640  0.00771457  0.96682718 -0.25578024
 4462.6  1.50000000  0.96679655  0.00771890  0.96682737 -0.25577952
 4462.7  1.50000000  0.96679665  0.00772707  0.96682753 -0.25577889
 4462.8  1.50000000  0.96679668  0.00773843  0.96682765 -0.25577839
 4462.9  1.50000000  0.96679666  0.00775216  0.96682774 -0.25577806
 4463.0  1.50000000  0.96679658  0.00776725  0.96682778 -0.25577792
 4463.1  1.50000000  0.96679644  0.00778264  0.96682777 -0.25577796
 4463.2  1.50000000  0.96679627  0.00779727  0.96682771 -0.25577817
 4463.3  1.50000000  0.96679607  0.00781021  0.96682762 -0.25577855
 4463.4  1.50000000  0.96679586  0.00782065  0.96682749 -0.25577906
 4463.5  1.50000000  0.96679564  0.00782795  0.96682733 -0.25577966
 4463.6  1.50000000  0.96679545  0.00783173  0.96682717 -0.25578031
 4463.7  1.50000000  0.96679528  0.00783182  0.96682700 -0.25578096
 4463.8  1.50000000  0.96679515  0.00782834  0.96682684 -0.25578157
 4463.9  1.50000000  0.96679507  0.00782163  0.96682671 -0.25578211
 4464.0  1.50000000  0.96679503  0.00781221  0.96682660 -0.25578253
 4464.1  1.50000000  0.96679505  0.00780081  0.96682652 -0.25578281
 4464.2  1.50000000  0.96679512  0.00778824  0.96682649 -0.25578294
 4464.3  1.50000000  0.96679523  0.00777537  0.96682649 -0.25578292
 4464.4  1.50000000  0.96679537  0.00776307  0.96682654 -0.25578274
 4464.5  1.50000000  0.96679554  0.00775215  0.96682662 -0.25578243
 4464.6  1.50000000  0.96679571  0.00774330  0.96682672 -0.25578201
 4464.7  1.50000000  0.96679589  0.00773703  0.96682685 -0.25578151
 4464.8  1.50000000  0.96679606  0.00773371  0.96682699 -0.25578097
 4464.9  1.50000000  0.96679620  0.00773345  0.96682713 -0.25578043
 4465.0  1.50000000  0.96679631  0.00773619  0.96682727 -0.25577991
 4465.1  1.50000000  0.96679639  0.00774167  0.96682738 -0.25577946
 4465.2  1.50000000  0.96679642  0.00774942  0.96682748 -0.25577910
 4465.3  1.50000000  0.96679641  0.00775888  0.96682754 -0.25577886
 4465.4  1.50000000  0.96679635  0.00776936  0.96682757 -0.25577874
 4465.5  1.50000000  0.96679626  0.00778012  0.96682757 -0.25577875
 4465.6  1.50000000  0.96679615  0.00779046  0.96682753 -0.25577889
 4465.7  1.50000000  0.96679601  0.00779967  0.96682747 -0.25577915
 4465.8  1.50000000  0.96679586  0.00780719  0.96682738 -0.25577949
 4465.9  1.50000000  0.96679571  0.00781257  0.96682727 -0.25577991
 4466.0  1.50000000  0.96679556  0.00781550  0.96682715 -0.25578036
 4466.1  1.50000000  0.96679544  0.00781586  0.96682704 -0.25578082
 4466.2  1.50000000  0.96679535  0.00781370  0.96682692 -0.25578125
 4466.3  1.50000000  0.96679529  0.00780925  0.96682682 -0.25578163
 4466.4  1.50000000  0.96679526  0.00780286  0.96682675 -0.25578193
 4466.5  1.50000000  0.96679527  0.00779501  0.96682669 -0.25578214
 4466.6  1.50000000  0.96679531  0.00778629  0.96682666 -0.25578225
 4466.7  1.50000000  0.96679538  0.00777728  0.96682666 -0.25578224
 4466.8  1.50000000  0.96679548  0.00776861  0.96682669 -0.25578213
 4466.9  1.50000000  0.96679560  0.00776086  0.96682675 -0.25578193
 4467.0  1.50000000  0.96679572  0.00775450  0.96682682 -0.25578164
 4467.1  1.50000000  0.96679585  0.00774991  0.96682691 -0.25578130
 4467.2  1.50000000  0.96679597  0.00774733  0.96682701 -0.25578093
 4467.3  1.50000000  0.96679607  0.00774687  0.96682711 -0.25578055
 4467.4  1.50000000  0.96679615  0.00774848  0.96682720 -0.25578019
 4467.5  1.50000000  0.96679620  0.00775197  0.96682728 -0.25577987
 4467.6  1.50000000  0.96679623  0.00775707  0.96682735 -0.25577961
 4467.7  1.50000000  0.96679623  0.00776343  0.96682740 -0.25577942
 4467.8  1.50000000  0.96679619  0.00777058  0.96682742 -0.25577932
 4467.9  1.50000000  0.96679614  0.00777811  0.96682742 -0.25577932
 4468.0  1.50000000  0.96679605  0.00778546  0.96682740 -0.25577940
 4468.1  1.50000000  0.96679596  0.00779212  0.96682736 -0.25577956
 4468.2  1.50000000  0.96679585  0.00779768  0.96682730 -0.25577979
 4468.3  1.50000000  0.96679575  0.00780178  0.96682723 -0.25578007
 4468.4  1.50000000  0.96679565  0.00780419  0.96682714 -0.25578039
 4468.5  1.50000000  0.96679556  0.00780478  0.96682706 -0.25578071
 4468.6  1.50000000  0.96679549  0.00780357  0.96682698 -0.25578102
 4468.7  1.50000000  0.96679544  0.00780070  0.96682691 -0.25578130
 4468.8  1.50000000  0.96679542  0.00779641  0.96682685 -0.25578152
 4468.9  1.50000000  0.96679542  0.00779103  0.96682681 -0.25578168
 4469.0  1.50000000  0.96679545  0.00778496  0.96682679 -0.25578177
 4469.1  1.50000000  0.96679550  0.00777862  0.96682679 -0.25578178
 4469.2  1.50000000  0.96679556  0.00777244  0.96682681 -0.25578171
 4469.3  1.50000000  0.96679564  0.00776683  0.96682684 -0.25578157
 4469.4  1.50000000  0.96679573  0.00776216  0.96682689 -0.25578138
 4469.5  1.50000000  0.96679582  0.00775870  0.96682695 -0.25578114
 4469.6  1.50000000  0.96679590  0.00775666  0.96682702 -0.25578088
 4469.7  1.50000000  0.96679598  0.00775613  0.96682709 -0.25578061
 4469.8  1.50000000  0.96679604  0.00775710  0.96682716 -0.25578035
 4469.9  1.50000000  0.96679608  0.00775947  0.96682722 -0.25578012
 4470.0  1.50000000  0.96679610  0.00776302  0.96682726 -0.25577993
 4470.1  1.50000000  0.96679610  0.00776750  0.96682730 -0.25577979
 4470.2  1.50000000  0.96679607  0.00777258  0.96682732 -0.25577972
 4470.3  1.50000000  0.96679603  0.00777788  0.96682732 -0.25577971
 4470.4  1.50000000  0.96679598  0.00778307  0.96682730 -0.25577977
 4470.5  1.50000000  0.96679591  0.00778778  0.96682727 -0.25577988
 4470.6  1.50000000  0.96679584  0.00779171  0.96682723 -0.25578004
 4470.7  1.50000000  0.96679576  0.00779462  0.96682718 -0.25578023
 4470.8  1.50000000  0.96679569  0.00779634  0.96682713 -0.25578045
 4470.9  1.50000000  0.96679563  0.00779681  0.96682707 -0.25578068
 4471.0  1.50000000  0.96679558  0.00779602  0.96682701 -0.25578090
 4471.1  1.50000000  0.96679555  0.00779408  0.96682696 -0.25578109
 4471.2  1.50000000  0.96679553  0.00779114  0.96682692 -0.25578125
 4471.3  1.50000000  0.96679553  0.00778744  0.96682689 -0.25578136
 4471.4  1.50000000  0.96679555  0.00778325  0.96682688 -0.25578143
 4471.5  1.50000000  0.96679558  0.00777885  0.96682688 -0.25578144
 4471.6  1.50000000  0.96679563  0.00777454  0.96682689 -0.25578139
 4471.7  1.50000000  0.96679568  0.00777062  0.96682691 -0.25578130
 4471.8  1.50000000  0.96679574  0.00776732  0.96682695 -0.25578117
 4471.9  1.50000000  0.96679581  0.00776486  0.96682699 -0.25578101
 4472.0  1.50000000  0.96679586  0.00776338  0.96682703 -0.25578083
 4472.1  1.50000000  0.96679591  0.00776293  0.96682708 -0.25578064
 4472.2  1.50000000  0.96679596  0.00776353  0.96682713 -0.25578046
 4472.3  1.50000000  0.96679598  0.00776509  0.96682717 -0.25578030
 4472.4  1.50000000  0.96679600  0.00776748  0.96682720 -0.25578016
 4472.5  1.50000000  0.96679600  0.00777052  0.96682723 -0.25578007
 4472.6  1.50000000  0.96679599  0.00777399  0.96682724 -0.25578001
 4472.7  1.50000000  0.96679596  0.00777764  0.96682724 -0.25578000
 4472.8  1.50000000  0.96679592  0.00778122  0.96682724 -0.25578003
 4472.9  1.50000000  0.96679588  0.00778451  0.96682722 -0.25578011
 4473.0  1.50000000  0.96679583  0.00778729  0.96682719 -0.25578021
 4473.1  1.50000000  0.96679578  0.00778939  0.96682715 -0.25578035
 4473.2  1.50000000  0.96679573  0.00779068  0.96682712 -0.25578050
 4473.3  1.50000000  0.96679569  0.00779112  0.96682708 -0.25578065
 4473.4  1.50000000  0.96679565  0.00779069  0.96682704 -0.25578081
 4473.5  1.50000000  0.96679563  0.00778943  0.96682700 -0.25578094
 4473.6  1.50000000  0.96679561  0.00778749  0.96682698 -0.25578105
 4473.7  1.50000000  0.96679561  0.00778499  0.96682695 -0.25578114
 4473.8  1.50000000  0.96679562  0.00778212  0.96682694 -0.25578119
 4473.9  1.50000000  0.96679564  0.00777910  0.96682694 -0.25578120
 4474.0  1.50000000  0.96679567  0.00777611  0.96682694 -0.25578117
 4474.1  1.50000000  0.96679571  0.00777335  0.96682696 -0.25578112
 4474.2  1.50000000  0.96679575  0.00777100  0.96682698 -0.25578103
 4474.3  1.50000000  0.96679579  0.00776920  0.96682701 -0.25578092
 4474.4  1.50000000  0.96679583  0.00776804  0.96682704 -0.25578080
 4474.5  1.50000000  0.96679587  0.00776759  0.96682707 -0.25578067
 4474.6  1.50000000  0.96679590  0.00776784  0.96682710 -0.25578055
 4474.7  1.50000000  0.96679592  0.00776875  0.96682713 -0.25578043
 4474.8  1.50000000  0.96679593  0.00777025  0.96682716 -0.25578033
 4474.9  1.50000000  0.96679594  0.00777225  0.96682718 -0.25578026
 4475.0  1.50000000  0.96679593  0.00777461  0.96682719 -0.25578021
 4475.1  1.50000000  0.96679592  0.00777715  0.96682720 -0.25578019
 4475.2  1.50000000  0.96679589  0.00777971  0.96682719 -0.25578021
 4475.3  1.50000000  0.96679586  0.00778210  0.96682718 -0.25578025
 4475.4  1.50000000  0.96679583  0.00778419  0.96682716 -0.25578032
 4475.5  1.50000000  0.96679579  0.00778584  0.96682714 -0.25578041
 4475.6  1.50000000  0.96679575  0.00778695  0.96682711 -0.25578051
 4475.7  1.50000000  0.96679572  0.00778746  0.96682709 -0.25578062
 4475.8  1.50000000  0.96679569  0.00778734  0.96682706 -0.25578073
 4475.9  1.50000000  0.96679567  0.00778664  0.96682703 -0.25578083
 4476.0  1.50000000  0.96679566  0.00778539  0.96682701 -0.25578092
 4476.1  1.50000000  0.96679566  0.00778370  0.96682699 -0.25578099
 4476.2  1.50000000  0.96679566  0.00778169  0.96682698 -0.25578103
 4476.3  1.50000000  0.96679567  0.00777949  0.96682697 -0.25578105
 4476.4  1.50000000  0.96679570  0.00777726  0.96682698 -0.25578104
 4476.5  1.50000000  0.96679572  0.00777515  0.96682699 -0.25578101
 4476.6  1.50000000  0.96679575  0.00777330  0.96682700 -0.25578095
 4476.7  1.50000000  0.96679578  0.00777182  0.96682702 -0.25578087
 4476.8  1.50000000  0.96679581  0.00777081  0.96682704 -0.25578078
 4476.9  1.50000000  0.96679584  0.00777031  0.96682707 -0.25578069
 4477.0  1.50000000  0.96679587  0.00777037  0.96682709 -0.25578059
 4477.1  1.50000000  0.96679589  0.00777096  0.96682712 -0.25578050
 4477.2  1.50000000  0.96679590  0.00777201  0.96682714 -0.25578042
 4477.3  1.50000000  0.96679590  0.00777347  0.96682715 -0.25578036
 4477.4  1.50000000  0.96679590  0.00777521  0.96682716 -0.25578032
 4477.5  1.50000000  0.96679589  0.00777712  0.96682717 -0.25578030
 4477.6  1.50000000  0.96679587  0.00777907  0.96682717 -0.25578031
 4477.7  1.50000000  0.96679585  0.00778093  0.96682716 -0.25578034
 4477.8  1.50000000  0.96679582  0.00778257  0.96682715 -0.25578039
 4477.9  1.50000000  0.96679579  0.00778389  0.96682713 -0.25578045
 4478.0  1.50000000  0.96679577  0.00778482  0.96682711 -0.25578053
 4478.1  1.50000000  0.96679574  0.00778529  0.96682709 -0.25578062
 4478.2  1.50000000  0.96679572  0.00778529  0.96682706 -0.25578070
 4478.3  1.50000000  0.96679570  0.00778482  0.96682704 -0.25578078
 4478.4  1.50000000  0.96679569  0.00778392  0.96682703 -0.25578085
 4478.5  1.50000000  0.96679569  0.00778267  0.96682701 -0.25578091
 4478.6  1.50000000  0.96679569  0.00778115  0.96682700 -0.25578094
 4478.7  1.50000000  0.96679570  0.00777947  0.96682700 -0.25578096
 4478.8  1.50000000  0.96679571  0.00777775  0.96682700 -0.25578095
 4478.9  1.50000000  0.96679573  0.00777611  0.96682701 -0.25578093
 4479.0  1.50000000  0.96679576  0.00777465  0.96682702 -0.25578089
 4479.1  1.50000000  0.96679578  0.00777346  0.96682703 -0.25578083
 4479.2  1.50000000  0.96679581  0.00777263  0.96682705 -0.25578076
 4479.3  1.50000000  0.96679583  0.00777219  0.96682707 -0.25578069
 4479.4  1.50000000  0.96679585  0.00777217  0.96682709 -0.25578061
 4479.5  1.50000000  0.96679586  0.00777256  0.96682711 -0.25578054
 4479.6  1.50000000  0.96679587  0.00777333  0.96682712 -0.25578048
 4479.7  1.50000000  0.96679588  0.00777441  0.96682713 -0.25578043
 4479.8  1.50000000  0.96679587  0.00777573  0.96682714 -0.25578040
 4479.9  1.50000000  0.96679587  0.00777719  0.96682715 -0.25578038
 4480.0  1.50000000  0.96679585  0.00777869  0.96682715 -0.25578039
 4480.1  1.50000000  0.96679584  0.00778014  0.96682714 -0.25578041
 4480.2  1.50000000  0.96679582  0.00778143  0.96682713 -0.25578044
 4480.3  1.50000000  0.96679579  0.00778251  0.96682712 -0.25578049
 4480.4  1.50000000  0.96679577  0.00778329  0.96682710 -0.25578055
 4480.5  1.50000000  0.96679575  0.00778371  0.96682709 -0.25578061
 4480.6  1.50000000  0.96679574  0.00778377  0.96682707 -0.25578068
 4480.7  1.50000000  0.96679572  0.00778347  0.96682705 -0.25578074
 4480.8  1.50000000  0.96679571  0.00778282  0.96682704 -0.25578080
 4480.9  1.50000000  0.96679571  0.00778190  0.96682703 -0.25578084
 4481.0  1.50000000  0.96679571  0.00778076  0.96682702 -0.25578087
 4481.1  1.50000000  0.96679572  0.00777947  0.96682702 -0.25578089
 4481.2  1.50000000  0.96679573  0.00777814  0.96682702 -0.25578089
 4481.3  1.50000000  0.96679574  0.00777685  0.96682702 -0.25578087
 4481.4  1.50000000  0.96679576  0.00777568  0.96682703 -0.25578084
 4481.5  1.50000000  0.96679578  0.00777470  0.96682704 -0.25578080
 4481.6  1.50000000  0.96679580  0.00777399  0.96682705 -0.25578075
 4481.7  1.50000000  0.96679582  0.00777357  0.96682707 -0.25578070
 4481.8  1.50000000  0.96679583  0.00777347  0.96682708 -0.25578064
 4481.9  1.50000000  0.96679584  0.00777370  0.96682710 -0.25578058
 4482.0  1.50000000  0.96679585  0.00777422  0.96682711 -0.25578053
 4482.1  1.50000000  0.96679586  0.00777500  0.96682712 -0.25578049
 4482.2  1.50000000  0.96679586  0.00777599  0.96682713 -0.25578046
 4482.3  1.50000000  0.96679585  0.00777710  0.96682713 -0.25578044
 4482.4  1.50000000  0.96679584  0.00777827  0.96682713 -0.25578044
 4482.5  1.50000000  0.96679583  0.00777942  0.96682713 -0.25578045
 4482.6  1.50000000  0.96679581  0.00778047  0.96682712 -0.25578048
 4482.7  1.50000000  0.96679580  0.00778136  0.96682711 -0.25578051
 4482.8  1.50000000  0.96679578  0.00778202  0.96682710 -0.25578056
 4482.9  1.50000000  0.96679577  0.00778243  0.96682709 -0.25578061
 4483.0  1.50000000  0.96679575  0.00778256  0.96682708 -0.25578066
 4483.1  1.50000000  0.96679574  0.00778241  0.96682706 -0.25578071
 4483.2  1.50000000  0.96679573  0.00778199  0.96682705 -0.25578075
 4483.3  1.50000000  0.96679573  0.00778135  0.96682704 -0.25578079
 4483.4  1.50000000  0.96679573  0.00778051  0.96682703 -0.25578082
 4483.5  1.50000000  0.96679573  0.00777954  0.96682703 -0.25578084
 4483.6  1.50000000  0.96679574  0.00777851  0.96682703 -0.25578084
 4483.7  1.50000000  0.96679575  0.00777749  0.96682703 -0.25578083
 4483.8  1.50000000  0.96679576  0.00777654  0.96682704 -0.25578081
 4483.9  1.50000000  0.96679577  0.00777573  0.96682704 -0.25578078
 4484.0  1.50000000  0.96679579  0.00777509  0.96682705 -0.25578075
 4484.1  1.50000000  0.96679580  0.00777468  0.96682706 -0.25578070
 4484.2  1.50000000  0.96679582  0.00777451  0.96682708 -0.25578066
 4484.3  1.50000000  0.96679583  0.00777458  0.96682709 -0.25578061
 4484.4  1.50000000  0.96679584  0.00777490  0.96682710 -0.25578057
 4484.5  1.50000000  0.96679584  0.00777544  0.96682711 -0.25578054
 4484.6  1.50000000  0.96679584  0.00777614  0.96682711 -0.25578051
 4484.7  1.50000000  0.96679584  0.00777698  0.96682712 -0.25578049
 4484.8  1.50000000  0.96679583  0.00777788  0.96682712 -0.25578049
 4484.9  1.50000000  0.96679583  0.00777880  0.96682712 -0.25578049
 4485.0  1.50000000  0.96679581  0.00777966  0.96682711 -0.25578051
 4485.1  1.50000000  0.96679580  0.00778042  0.96682711 -0.25578053
 4485.2  1.50000000  0.96679579  0.00778103  0.96682710 -0.25578056
 4485.3  1.50000000  0.96679578  0.00778145  0.96682709 -0.25578060
 4485.4  1.50000000  0.96679576  0.00778165  0.96682708 -0.25578064
 4485.5  1.50000000  0.96679575  0.00778164  0.96682707 -0.25578068
 4485.6  1.50000000  0.96679575  0.00778140  0.96682706 -0.25578072
 4485.7  1.50000000  0.96679574  0.00778098  0.96682705 -0.25578075
 4485.8  1.50000000  0.96679574  0.00778038  0.96682705 -0.25578077
 4485.9  1.50000000  0.96679574  0.00777966  0.96682704 -0.25578079
 4486.0  1.50000000  0.96679575  0.00777887  0.96682704 -0.25578080
 4486.1  1.50000000  0.96679575  0.00777805  0.96682704 -0.25578080
 4486.2  1.50000000  0.96679576  0.00777727  0.96682704 -0.25578079
 4486.3  1.50000000  0.96679577  0.00777657  0.96682705 -0.25578077
 4486.4  1.50000000  0.96679578  0.00777599  0.96682705 -0.25578074
 4486.5  1.50000000  0.96679579  0.00777558  0.96682706 -0.25578071
 4486.6  1.50000000  0.96679581  0.00777535  0.96682707 -0.25578067
 4486.7  1.50000000  0.96679581  0.00777532  0.96682708 -0.25578064
 4486.8  1.50000000  0.96679582  0.00777547  0.96682709 -0.25578060
 4486.9  1.50000000  0.96679583  0.00777582  0.96682710 -0.25578057
 4487.0  1.50000000  0.96679583  0.00777631  0.96682710 -0.25578055
 4487.1  1.50000000  0.96679583  0.00777693  0.96682711 -0.25578053
 4487.2  1.50000000  0.96679583  0.00777762  0.96682711 -0.25578052
 4487.3  1.50000000  0.96679582  0.00777835  0.96682711 -0.25578052
 4487.4  1.50000000  0.96679581  0.00777905  0.96682711 -0.25578053
 4487.5  1.50000000  0.96679580  0.00777970  0.96682710 -0.25578055
 4487.6  1.50000000  0.96679579  0.00778025  0.96682710 -0.25578057
 4487.7  1.50000000  0.96679578  0.00778066  0.96682709 -0.25578060
 4487.8  1.50000000  0.96679577  0.00778091  0.96682708 -0.25578063
 4487.9  1.50000000  0.96679576  0.00778099  0.96682708 -0.25578066
 4488.0  1.50000000  0.96679576  0.00778090  0.96682707 -0.25578069
 4488.1  1.50000000  0.96679575  0.00778064  0.96682706 -0.25578072
 4488.2  1.50000000  0.96679575  0.00778023  0.96682705 -0.25578074
 4488.3  1.50000000  0.96679575  0.00777970  0.96682705 -0.25578076
 4488.4  1.50000000  0.96679575  0.00777910  0.96682705 -0.25578077
 4488.5  1.50000000  0.96679576  0.00777844  0.96682705 -0.25578077
 4488.6  1.50000000  0.96679576  0.00777779  0.96682705 -0.25578077
 4488.7  1.50000000  0.96679577  0.00777717  0.96682705 -0.25578076
 4488.8  1.50000000  0.96679578  0.00777664  0.96682705 -0.25578074
 4488.9  1.50000000  0.96679579  0.00777622  0.96682706 -0.25578071
 4489.0  1.50000000  0.96679580  0.00777594  0.96682707 -0.25578069
 4489.1  1.50000000  0.96679581  0.00777582  0.96682708 -0.25578066
 4489.2  1.50000000  0.96679581  0.00777586  0.96682708 -0.25578063
 4489.3  1.50000000  0.96679582  0.00777605  0.96682709 -0.25578060
 4489.4  1.50000000  0.96679582  0.00777639  0.96682710 -0.25578058
 4489.5  1.50000000  0.96679582  0.00777685  0.96682710 -0.25578056
 4489.6  1.50000000  0.96679582  0.00777739  0.96682710 -0.25578055
 4489.7  1.50000000  0.96679582  0.00777799  0.96682711 -0.25578054
 4489.8  1.50000000  0.96679581  0.00777860  0.96682711 -0.25578054
 4489.9  1.50000000  0.96679581  0.00777918  0.96682710 -0.25578055
 4490.0  1.50000000  0.96679580  0.00777969  0.96682710 -0.25578057
 4490.1  1.50000000  0.96679579  0.00778011  0.96682709 -0.25578059
 4490.2  1.50000000  0.96679578  0.00778041  0.96682709 -0.25578061
 4490.3  1.50000000  0.96679577  0.00778057  0.96682708 -0.25578064
 4490.4  1.50000000  0.96679576  0.00778057  0.96682707 -0.25578067
 4490.5  1.50000000  0.96679576  0.00778044  0.96682707 -0.25578069
 4490.6  1.50000000  0.96679576  0.00778016  0.96682706 -0.25578072
 4490.7  1.50000000  0.96679575  0.00777977  0.96682706 -0.25578073
 4490.8  1.50000000  0.96679575  0.00777929  0.96682705 -0.25578075
 4490.9  1.50000000  0.96679576  0.00777875  0.96682705 -0.25578075
 4491.0  1.50000000  0.96679576  0.00777819  0.96682705 -0.25578075
 4491.1  1.50000000  0.96679577  0.00777765  0.96682705 -0.25578075
 4491.2  1.50000000  0.96679578  0.00777715  0.96682706 -0.25578073
 4491.3  1.50000000  0.96679578  0.00777673  0.96682706 -0.25578072
 4491.4  1.50000000  0.96679579  0.00777642  0.96682707 -0.25578070
 4491.5  1.50000000  0.96679580  0.00777624  0.96682707 -0.25578067
 4491.6  1.50000000  0.96679581  0.00777619  0.96682708 -0.25578065
 4491.7  1.50000000  0.96679581  0.00777628  0.96682709 -0.25578062
 4491.8  1.50000000  0.96679582  0.00777649  0.96682709 -0.25578060
 4491.9  1.50000000  0.96679582  0.00777683  0.96682710 -0.25578058
 4492.0  1.50000000  0.96679582  0.00777724  0.96682710 -0.25578057
 4492.1  1.50000000  0.96679582  0.00777773  0.96682710 -0.25578056
 4492.2  1.50000000  0.96679581  0.00777824  0.96682710 -0.25578056
 4492.3  1.50000000  0.96679581  0.00777875  0.96682710 -0.25578056
 4492.4  1.50000000  0.96679580  0.00777923  0.96682710 -0.25578057
 4492.5  1.50000000  0.96679579  0.00777963  0.96682709 -0.25578059
 4492.6  1.50000000  0.96679579  0.00777995  0.96682709 -0.25578061
 4492.7  1.50000000  0.96679578  0.00778016  0.96682708 -0.25578063
 4492.8  1.50000000  0.96679577  0.00778025  0.96682708 -0.25578065
 4492.9  1.50000000  0.96679577  0.00778022  0.96682707 -0.25578067
 4493.0  1.50000000  0.96679576  0.00778005  0.96682707 -0.25578069
 4493.1  1.50000000  0.96679576  0.00777978  0.96682706 -0.25578071
 4493.2  1.50000000  0.96679576  0.00777941  0.96682706 -0.25578073
 4493.3  1.50000000  0.96679576  0.00777898  0.96682706 -0.25578074
 4493.4  1.50000000  0.96679576  0.00777851  0.96682705 -0.25578074
 4493.5  1.50000000  0.96679577  0.00777804  0.96682706 -0.25578074
 4493.6  1.50000000  0.96679577  0.00777758  0.96682706 -0.25578073
 4493.7  1.50000000  0.96679578  0.00777718  0.96682706 -0.25578072
 4493.8  1.50000000  0.96679579  0.00777686  0.96682707 -0.25578070
 4493.9  1.50000000  0.96679579  0.00777664  0.96682707 -0.25578068
 4494.0  1.50000000  0.96679580  0.00777653  0.96682708 -0.25578066
 4494.1  1.50000000  0.96679581  0.00777652  0.96682708 -0.25578064
 4494.2  1.50000000  0.96679581  0.00777665  0.96682709 -0.25578062
 4494.3  1.50000000  0.96679581  0.00777686  0.96682709 -0.25578060
 4494.4  1.50000000  0.96679581  0.00777718  0.96682709 -0.25578059
 4494.5  1.50000000  0.96679581  0.00777756  0.96682710 -0.25578058
 4494.6  1.50000000  0.96679581  0.00777799  0.96682710 -0.25578057
 4494.7  1.50000000  0.96679581  0.00777842  0.96682710 -0.25578057
 4494.8  1.50000000  0.96679580  0.00777885  0.96682710 -0.25578058
 4494.9  1.50000000  0.96679580  0.00777923  0.96682709 -0.25578059
 4495.0  1.50000000  0.96679579  0.00777955  0.96682709 -0.25578060
 4495.1  1.50000000  0.96679578  0.00777978  0.96682708 -0.25578062
 4495.2  1.50000000  0.96679578  0.00777991  0.96682708 -0.25578064
 4495.3  1.50000000  0.96679577  0.00777995  0.96682708 -0.25578066
 4495.4  1.50000000  0.96679577  0.00777987  0.96682707 -0.25578068
 4495.5  1.50000000  0.96679577  0.00777969  0.96682707 -0.25578069
 4495.6  1.50000000  0.96679576  0.00777943  0.96682706 -0.25578071
 4495.7  1.50000000  0.96679576  0.00777909  0.96682706 -0.25578072
 4495.8  1.50000000  0.96679577  0.00777871  0.96682706 -0.25578072
 4495.9  1.50000000  0.96679577  0.00777831  0.96682706 -0.25578073
 4496.0  1.50000000  0.96679577  0.00777791  0.96682706 -0.25578072
 4496.1  1.50000000  0.96679578  0.00777755  0.96682706 -0.25578071
 4496.2  1.50000000  0.96679578  0.00777723  0.96682706 -0.25578070
 4496.3  1.50000000  0.96679579  0.00777699  0.96682707 -0.25578069
 4496.4  1.50000000  0.96679579  0.00777684  0.96682707 -0.25578067
 4496.5  1.50000000  0.96679580  0.00777678  0.96682708 -0.25578065
 4496.6  1.50000000  0.96679580  0.00777682  0.96682708 -0.25578063
 4496.7  1.50000000  0.96679581  0.00777696  0.96682709 -0.25578062
 4496.8  1.50000000  0.96679581  0.00777717  0.96682709 -0.25578060
 4496.9  1.50000000  0.96679581  0.00777746  0.96682709 -0.25578059
 4497.0  1.50000000  0.96679581  0.00777780  0.96682709 -0.25578059
 4497.1  1.50000000  0.96679581  0.00777817  0.96682709 -0.25578059
 4497.2  1.50000000  0.96679580  0.00777853  0.96682709 -0.25578059
 4497.3  1.50000000  0.96679580  0.00777888  0.96682709 -0.25578059
 4497.4  1.50000000  0.96679579  0.00777919  0.96682709 -0.25578060
 4497.5  1.50000000  0.96679579  0.00777943  0.96682709 -0.25578062
 4497.6  1.50000000  0.96679578  0.00777960  0.96682708 -0.25578063
 4497.7  1.50000000  0.96679578  0.00777968  0.96682708 -0.25578065
 4497.8  1.50000000  0.96679577  0.00777967  0.96682707 -0.25578066
 4497.9  1.50000000  0.96679577  0.00777958  0.96682707 -0.25578068
 4498.0  1.50000000  0.96679577  0.00777941  0.96682707 -0.25578069
 4498.1  1.50000000  0.96679577  0.00777918  0.96682706 -0.25578070
 4498.2  1.50000000  0.96679577  0.00777888  0.96682706 -0.25578071
 4498.3  1.50000000  0.96679577  0.00777857  0.96682706 -0.25578071
 4498.4  1.50000000  0.96679577  0.00777824  0.96682706 -0.25578071
 4498.5  1.50000000  0.96679578  0.00777791  0.96682706 -0.25578071
 4498.6  1.50000000  0.96679578  0.00777762  0.96682706 -0.25578070
 4498.7  1.50000000  0.96679578  0.00777738  0.96682707 -0.25578069
 4498.8  1.50000000  0.96679579  0.00777719  0.96682707 -0.25578068
 4498.9  1.50000000  0.96679579  0.00777708  0.96682707 -0.25578067
 4499.0  1.50000000  0.96679580  0.00777704  0.96682708 -0.25578065
 4499.1  1.50000000  0.96679580  0.00777707  0.96682708 -0.25578064
 4499.2  1.50000000  0.96679580  0.00777718  0.96682708 -0.25578062
 4499.3  1.50000000  0.96679581  0.00777736  0.96682709 -0.25578061
 4499.4  1.50000000  0.96679581  0.00777760  0.96682709 -0.25578060
 4499.5  1.50000000  0.96679581  0.00777789  0.96682709 -0.25578060
 4499.6  1.50000000  0.96679580  0.00777820  0.96682709 -0.25578059
 4499.7  1.50000000  0.96679580  0.00777852  0.96682709 -0.25578060
 4499.8  1.50000000  0.96679580  0.00777882  0.96682709 -0.25578060
 4499.9  1.50000000  0.96679579  0.00777909  0.96682709 -0.25578061
 4500.0  1.50000000  0.96679579  0.00777931  0.96682709 -0.25578062
 4500.1  1.50000000  0.96679578  0.00777947  0.96682708 -0.25578063
 4500.2  1.50000000  0.96679578  0.00777955  0.96682708 -0.25578065
 4500.3  1.50000000  0.96679577  0.00777954  0.96682707 -0.25578066
 4500.4  1.50000000  0.96679577  0.00777946  0.96682707 -0.25578068
 4500.5  1.50000000  0.96679577  0.00777930  0.96682707 -0.25578069
 4500.6  1.50000000  0.96679577  0.00777907  0.96682706 -0.25578070
 4500.7  1.50000000  0.96679577  0.00777880  0.96682706 -0.25578071
 4500.8  1.50000000  0.96679577  0.00777849  0.96682706 -0.25578071
 4500.9  1.50000000  0.96679577  0.00777817  0.96682706 -0.25578071
 4501.0  1.50000000  0.96679578  0.00777786  0.96682706 -0.25578071
 4501.1  1.50000000  0.96679578  0.00777757  0.96682706 -0.25578070
 4501.2  1.50000000  0.96679579  0.00777733  0.96682707 -0.25578069
 4501.3  1.50000000  0.96679579  0.00777716  0.96682707 -0.25578067
 4501.4  1.50000000  0.96679580  0.00777705  0.96682707 -0.25578066
 4501.5  1.50000000  0.96679580  0.00777703  0.96682708 -0.25578065
 4501.6  1.50000000  0.96679580  0.00777709  0.96682708 -0.25578063
 4501.7  1.50000000  0.96679581  0.00777724  0.96682709 -0.25578062
 4501.8  1.50000000  0.96679581  0.00777745  0.96682709 -0.25578061
 4501.9  1.50000000  0.96679581  0.00777771  0.96682709 -0.25578060
 4502.0  1.50000000  0.96679581  0.00777802  0.96682709 -0.25578059
 4502.1  1.50000000  0.96679580  0.00777834  0.96682709 -0.25578059
 4502.2  1.50000000  0.96679580  0.00777867  0.96682709 -0.25578060
 4502.3  1.50000000  0.96679579  0.00777896  0.96682709 -0.25578060
 4502.4  1.50000000  0.96679579  0.00777922  0.96682709 -0.25578061
 4502.5  1.50000000  0.96679579  0.00777942  0.96682708 -0.25578063
 4502.6  1.50000000  0.96679578  0.00777954  0.96682708 -0.25578064
 4502.7  1.50000000  0.96679578  0.00777959  0.96682708 -0.25578066
 4502.8  1.50000000  0.96679577  0.00777956  0.96682707 -0.25578067
 4502.9  1.50000000  0.96679577  0.00777944  0.96682707 -0.25578068
 4503.0  1.50000000  0.96679577  0.00777925  0.96682707 -0.25578070
 4503.1  1.50000000  0.96679577  0.00777900  0.96682706 -0.25578070
 4503.2  1.50000000  0.96679577  0.00777870  0.96682706 -0.25578071
 4503.3  1.50000000  0.96679577  0.00777837  0.96682706 -0.25578071
 4503.4  1.50000000  0.96679577  0.00777804  0.96682706 -0.25578071
 4503.5  1.50000000  0.96679578  0.00777773  0.96682706 -0.25578070
 4503.6  1.50000000  0.96679578  0.00777746  0.96682707 -0.25578070
 4503.7  1.50000000  0.96679579  0.00777723  0.96682707 -0.25578068
 4503.8  1.50000000  0.96679579  0.00777709  0.96682707 -0.25578067
 4503.9  1.50000000  0.96679580  0.00777701  0.96682708 -0.25578065
 4504.0  1.50000000  0.96679580  0.00777703  0.96682708 -0.25578064
 4504.1  1.50000000  0.96679580  0.00777712  0.96682708 -0.25578062
 4504.2  1.50000000  0.96679581  0.00777729  0.96682709 -0.25578061
 4504.3  1.50000000  0.96679581  0.00777754  0.96682709 -0.25578060
 4504.4  1.50000000  0.96679581  0.00777782  0.96682709 -0.25578060
 4504.5  1.50000000  0.96679580  0.00777814  0.96682709 -0.25578059
 4504.6  1.50000000  0.96679580  0.00777847  0.96682709 -0.25578059
 4504.7  1.50000000  0.96679580  0.00777879  0.96682709 -0.25578060
 4504.8  1.50000000  0.96679579  0.00777908  0.96682709 -0.25578061
 4504.9  1.50000000  0.96679579  0.00777931  0.96682709 -0.25578062
 4505.0  1.50000000  0.96679578  0.00777949  0.96682708 -0.25578063
 4505.1  1.50000000  0.96679578  0.00777959  0.96682708 -0.25578065
 4505.2  1.50000000  0.96679577  0.00777960  0.96682707 -0.25578066
 4505.3  1.50000000  0.96679577  0.00777953  0.96682707 -0.25578068
 4505.4  1.50000000  0.96679577  0.00777939  0.96682707 -0.25578069
 4505.5  1.50000000  0.96679577  0.00777917  0.96682706 -0.25578070
 4505.6  1.50000000  0.96679577  0.00777890  0.96682706 -0.25578071
 4505.7  1.50000000  0.96679577  0.00777858  0.96682706 -0.25578071
 4505.8  1.50000000  0.96679577  0.00777825  0.96682706 -0.25578071
 4505.9  1.50000000  0.96679578  0.00777793  0.96682706 -0.25578071
 4506.0  1.50000000  0.96679578  0.00777762  0.96682706 -0.25578070
 4506.1  1.50000000  0.96679579  0.00777736  0.96682707 -0.25578069
 4506.2  1.50000000  0.96679579  0.00777716  0.96682707 -0.25578068
 4506.3  1.50000000  0.96679579  0.00777703  0.96682707 -0.25578067
 4506.4  1.50000000  0.96679580  0.00777698  0.96682708 -0.25578065
 4506.5  1.50000000  0.96679580  0.00777701  0.96682708 -0.25578063
 4506.6  1.50000000  0.96679581  0.00777713  0.96682709 -0.25578062
 4506.7  1.50000000  0.96679581  0.00777733  0.96682709 -0.25578061
 4506.8  1.50000000  0.96679581  0.00777758  0.96682709 -0.25578060
 4506.9  1.50000000  0.96679581  0.00777789  0.96682709 -0.25578059
 4507.0  1.50000000  0.96679580  0.00777821  0.96682709 -0.25578059
 4507.1  1.50000000  0.96679580  0.00777855  0.96682709 -0.25578059
 4507.2  1.50000000  0.96679580  0.00777887  0.96682709 -0.25578060
 4507.3  1.50000000  0.96679579  0.00777915  0.96682709 -0.25578061
 4507.4  1.50000000  0.96679579  0.00777938  0.96682708 -0.25578062
 4507.5  1.50000000  0.96679578  0.00777955  0.96682708 -0.25578063
 4507.6  1.50000000  0.96679578  0.00777962  0.96682708 -0.25578065
 4507.7  1.50000000  0.96679577  0.00777963  0.96682707 -0.25578066
 4507.8  1.50000000  0.96679577  0.00777956  0.96682707 -0.25578068
 4507.9  1.50000000  0.96679577  0.00777939  0.96682707 -0.25578069
 4508.0  1.50000000  0.96679577  0.00777916  0.96682706 -0.25578070
 4508.1  1.50000000  0.96679577  0.00777886  0.96682706 -0.25578071
 4508.2  1.50000000  0.96679577  0.00777854  0.96682706 -0.25578071
 4508.3  1.50000000  0.96679577  0.00777820  0.96682706 -0.25578071
 4508.4  1.50000000  0.96679578  0.00777787  0.96682706 -0.25578071
 4508.5  1.50000000  0.96679578  0.00777756  0.96682706 -0.25578070
 4508.6  1.50000000  0.96679579  0.00777731  0.96682707 -0.25578069
 4508.7  1.50000000  0.96679579  0.00777713  0.96682707 -0.25578068
 4508.8  1.50000000  0.96679580  0.00777702  0.96682707 -0.25578066
 4508.9  1.50000000  0.96679580  0.00777699  0.96682708 -0.25578065
 4509.0  1.50000000  0.96679580  0.00777705  0.96682708 -0.25578063
 4509.1  1.50000000  0.96679580  0.00777718  0.96682708 -0.25578062
 4509.2  1.50000000  0.96679581  0.00777739  0.96682709 -0.25578061
 4509.3  1.50000000  0.96679581  0.00777765  0.96682709 -0.25578060
 4509.4  1.50000000  0.96679580  0.00777796  0.96682709 -0.25578060
 4509.5  1.50000000  0.96679580  0.00777828  0.96682709 -0.25578059
 4509.6  1.50000000  0.96679580  0.00777859  0.96682709 -0.25578060
 4509.7  1.50000000  0.96679580  0.00777889  0.96682709 -0.25578060
 4509.8  1.50000000  0.96679579  0.00777914  0.96682709 -0.25578061
 4509.9  1.50000000  0.96679579  0.00777934  0.96682708 -0.25578062
 4510.0  1.50000000  0.96679578  0.00777947  0.96682708 -0.25578064
 4510.1  1.50000000  0.96679578  0.00777952  0.96682708 -0.25578065
 4510.2  1.50000000  0.96679577  0.00777950  0.96682707 -0.25578067
 4510.3  1.50000000  0.96679577  0.00777939  0.96682707 -0.25578068
 4510.4  1.50000000  0.96679577  0.00777922  0.96682707 -0.25578069
 4510.5  1.50000000  0.96679577  0.00777899  0.96682707 -0.25578070
 4510.6  1.50000000  0.96679577  0.00777872  0.96682706 -0.25578071
 4510.7  1.50000000  0.96679577  0.00777842  0.96682706 -0.25578071
 4510.8  1.50000000  0.96679578  0.00777813  0.96682706 -0.25578071
 4510.9  1.50000000  0.96679578  0.00777784  0.96682706 -0.25578070
 4511.0  1.50000000  0.96679578  0.00777759  0.96682707 -0.25578069
 4511.1  1.50000000  0.96679579  0.00777738  0.96682707 -0.25578068
 4511.2  1.50000000  0.96679579  0.00777723  0.96682707 -0.25578067
 4511.3  1.50000000  0.96679579  0.00777714  0.96682707 -0.25578066
 4511.4  1.50000000  0.96679580  0.00777714  0.96682708 -0.25578064
 4511.5  1.50000000  0.96679580  0.00777720  0.96682708 -0.25578063
 4511.6  1.50000000  0.96679580  0.00777734  0.96682708 -0.25578062
 4511.7  1.50000000  0.96679580  0.00777754  0.96682709 -0.25578061
 4511.8  1.50000000  0.96679580  0.00777778  0.96682709 -0.25578060
 4511.9  1.50000000  0.96679580  0.00777806  0.96682709 -0.25578060
 4512.0  1.50000000  0.96679580  0.00777836  0.96682709 -0.25578060
 4512.1  1.50000000  0.96679580  0.00777865  0.96682709 -0.25578060
 4512.2  1.50000000  0.96679579  0.00777893  0.96682709 -0.25578061
 4512.3  1.50000000  0.96679579  0.00777916  0.96682709 -0.25578062
 4512.4  1.50000000  0.96679579  0.00777934  0.96682708 -0.25578063
 4512.5  1.50000000  0.96679578  0.00777945  0.96682708 -0.25578064
 4512.6  1.50000000  0.96679578  0.00777949  0.96682708 -0.25578066
 4512.7  1.50000000  0.96679577  0.00777946  0.96682707 -0.25578067
 4512.8  1.50000000  0.96679577  0.00777935  0.96682707 -0.25578068
 4512.9  1.50000000  0.96679577  0.00777917  0.96682707 -0.25578069
 4513.0  1.50000000  0.96679577  0.00777894  0.96682706 -0.25578070
 4513.1  1.50000000  0.96679577  0.00777867  0.96682706 -0.25578071
 4513.2  1.50000000  0.96679577  0.00777839  0.96682706 -0.25578071
 4513.3  1.50000000  0.96679577  0.00777810  0.96682706 -0.25578071
 4513.4  1.50000000  0.96679578  0.00777783  0.96682706 -0.25578070
 4513.5  1.50000000  0.96679578  0.00777760  0.96682707 -0.25578069
 4513.6  1.50000000  0.96679579  0.00777741  0.96682707 -0.25578068
 4513.7  1.50000000  0.96679579  0.00777726  0.96682707 -0.25578067
 4513.8  1.50000000  0.96679579  0.00777718  0.96682708 -0.25578066
 4513.9  1.50000000  0.96679580  0.00777717  0.96682708 -0.25578064
 4514.0  1.50000000  0.96679580  0.00777723  0.96682708 -0.25578063
 4514.1  1.50000000  0.96679580  0.00777736  0.96682709 -0.25578062
 4514.2  1.50000000  0.96679580  0.00777755  0.96682709 -0.25578061
 4514.3  1.50000000  0.96679580  0.00777780  0.96682709 -0.25578060
 4514.4  1.50000000  0.96679580  0.00777807  0.96682709 -0.25578060
 4514.5  1.50000000  0.96679580  0.00777836  0.96682709 -0.25578060
 4514.6  1.50000000  0.96679580  0.00777865  0.96682709 -0.25578060
 4514.7  1.50000000  0.96679579  0.00777892  0.96682709 -0.25578061
 4514.8  1.50000000  0.96679579  0.00777915  0.96682709 -0.25578062
 4514.9  1.50000000  0.96679579  0.00777933  0.96682708 -0.25578063
 4515.0  1.50000000  0.96679578  0.00777943  0.96682708 -0.25578064
 4515.1  1.50000000  0.96679578  0.00777947  0.96682708 -0.25578066
 4515.2  1.50000000  0.96679577  0.00777943  0.96682707 -0.25578067
 4515.3  1.50000000  0.96679577  0.00777932  0.96682707 -0.25578068
 4515.4  1.50000000  0.96679577  0.00777914  0.96682707 -0.25578069
 4515.5  1.50000000  0.96679577  0.00777890  0.96682706 -0.25578070
 4515.6  1.50000000  0.96679577  0.00777862  0.96682706 -0.25578071
 4515.7  1.50000000  0.96679577  0.00777832  0.96682706 -0.25578071
 4515.8  1.50000000  0.96679578  0.00777802  0.96682706 -0.25578071
 4515.9  1.50000000  0.96679578  0.00777774  0.96682706 -0.25578070
 4516.0  1.50000000  0.96679578  0.00777749  0.96682707 -0.25578069
 4516.1  1.50000000  0.96679579  0.00777729  0.96682707 -0.25578068
 4516.2  1.50000000  0.96679579  0.00777716  0.96682707 -0.25578067
 4516.3  1.50000000  0.96679580  0.00777710  0.96682708 -0.25578065
 4516.4  1.50000000  0.96679580  0.00777713  0.96682708 -0.25578064
 4516.5  1.50000000  0.96679580  0.00777722  0.96682709 -0.25578062
 4516.6  1.50000000  0.96679581  0.00777739  0.96682709 -0.25578061
 4516.7  1.50000000  0.96679581  0.00777762  0.96682709 -0.25578060
 4516.8  1.50000000  0.96679581  0.00777789  0.96682709 -0.25578060
 4516.9  1.50000000  0.96679580  0.00777819  0.96682709 -0.25578060
 4517.0  1.50000000  0.96679580  0.00777850  0.96682709 -0.25578060
 4517.1  1.50000000  0.96679580  0.00777880  0.96682709 -0.25578060
 4517.2  1.50000000  0.96679579  0.00777906  0.96682709 -0.25578061
 4517.3  1.50000000  0.96679579  0.00777927  0.96682708 -0.25578062
 4517.4  1.50000000  0.96679578  0.00777943  0.96682708 -0.25578063
 4517.5  1.50000000  0.96679578  0.00777951  0.96682708 -0.25578065
 4517.6  1.50000000  0.96679577  0.00777951  0.96682707 -0.25578066
 4517.7  1.50000000  0.96679577  0.00777943  0.96682707 -0.25578068
 4517.8  1.50000000  0.96679577  0.00777928  0.96682707 -0.25578069
 4517.9  1.50000000  0.96679577  0.00777907  0.96682706 -0.25578070
 4518.0  1.50000000  0.96679577  0.00777880  0.96682706 -0.25578071
 4518.1  1.50000000  0.96679577  0.00777850  0.96682706 -0.25578071
 4518.2  1.50000000  0.96679577  0.00777819  0.96682706 -0.25578071
 4518.3  1.50000000  0.96679578  0.00777788  0.96682706 -0.25578070
 4518.4  1.50000000  0.96679578  0.00777761  0.96682707 -0.25578070
 4518.5  1.50000000  0.96679579  0.00777737  0.96682707 -0.25578069
 4518.6  1.50000000  0.96679579  0.00777720  0.96682707 -0.25578067
 4518.7  1.50000000  0.96679580  0.00777710  0.96682708 -0.25578066
 4518.8  1.50000000  0.96679580  0.00777707  0.96682708 -0.25578065
 4518.9  1.50000000  0.96679580  0.00777712  0.96682708 -0.25578063
 4519.0  1.50000000  0.96679581  0.00777725  0.96682709 -0.25578062
 4519.1  1.50000000  0.96679581  0.00777745  0.96682709 -0.25578061
 4519.2  1.50000000  0.96679581  0.00777770  0.96682709 -0.25578060
 4519.3  1.50000000  0.96679580  0.00777799  0.96682709 -0.25578060
 4519.4  1.50000000  0.96679580  0.00777830  0.96682709 -0.25578060
 4519.5  1.50000000  0.96679580  0.00777862  0.96682709 -0.25578060
 4519.6  1.50000000  0.96679579  0.00777892  0.96682709 -0.25578060
 4519.7  1.50000000  0.96679579  0.00777917  0.96682708 -0.25578061
 4519.8  1.50000000  0.96679578  0.00777938  0.96682708 -0.25578063
 4519.9  1.50000000  0.96679578  0.00777950  0.96682708 -0.25578064
 4520.0  1.50000000  0.96679578  0.00777954  0.96682707 -0.25578066
 4520.1  1.50000000  0.96679577  0.00777949  0.96682707 -0.25578067
 4520.2  1.50000000  0.96679577  0.00777936  0.96682707 -0.25578068
 4520.3  1.50000000  0.96679577  0.00777916  0.96682707 -0.25578070
 4520.4  1.50000000  0.96679577  0.00777890  0.96682707 -0.25578070
 4520.5  1.50000000  0.96679577  0.00777861  0.96682706 -0.25578071
 4520.6  1.50000000  0.96679578  0.00777831  0.96682706 -0.25578071
 4520.7  1.50000000  0.96679578  0.00777801  0.96682707 -0.25578070
 4520.8  1.50000000  0.96679578  0.00777774  0.96682707 -0.25578070
 4520.9  1.50000000  0.96679579  0.00777750  0.96682707 -0.25578069
 4521.0  1.50000000  0.96679579  0.00777732  0.96682707 -0.25578068
 4521.1  1.50000000  0.96679579  0.00777721  0.96682707 -0.25578067
 4521.2  1.50000000  0.96679580  0.00777717  0.96682708 -0.25578065
 4521.3  1.50000000  0.96679580  0.00777720  0.96682708 -0.25578064
 4521.4  1.50000000  0.96679580  0.00777729  0.96682708 -0.25578063
 4521.5  1.50000000  0.96679580  0.00777745  0.96682708 -0.25578062
 4521.6  1.50000000  0.96679580  0.00777765  0.96682709 -0.25578061
 4521.7  1.50000000  0.96679580  0.00777790  0.96682709 -0.25578061
 4521.8  1.50000000  0.96679580  0.00777816  0.96682709 -0.25578060
 4521.9  1.50000000  0.96679580  0.00777843  0.96682709 -0.25578060
 4522.0  1.50000000  0.96679579  0.00777869  0.96682709 -0.25578061
 4522.1  1.50000000  0.96679579  0.00777891  0.96682709 -0.25578061
 4522.2  1.50000000  0.96679579  0.00777910  0.96682708 -0.25578062
 4522.3  1.50000000  0.96679579  0.00777924  0.96682708 -0.25578063
 4522.4  1.50000000  0.96679578  0.00777931  0.96682708 -0.25578065
 4522.5  1.50000000  0.96679578  0.00777932  0.96682708 -0.25578066
 4522.6  1.50000000  0.96679578  0.00777927  0.96682707 -0.25578067
 4522.7  1.50000000  0.96679578  0.00777915  0.96682707 -0.25578068
 4522.8  1.50000000  0.96679577  0.00777899  0.96682707 -0.25578069
 4522.9  1.50000000  0.96679577  0.00777879  0.96682707 -0.25578069
 4523.0  1.50000000  0.96679578  0.00777856  0.96682707 -0.25578070
 4523.1  1.50000000  0.96679578  0.00777831  0.96682707 -0.25578070
 4523.2  1.50000000  0.96679578  0.00777807  0.96682707 -0.25578070
 4523.3  1.50000000  0.96679578  0.00777784  0.96682707 -0.25578069
 4523.4  1.50000000  0.96679578  0.00777765  0.96682707 -0.25578068
 4523.5  1.50000000  0.96679579  0.00777750  0.96682707 -0.25578067
 4523.6  1.50000000  0.96679579  0.00777741  0.96682707 -0.25578066
 4523.7  1.50000000  0.96679579  0.00777737  0.96682708 -0.25578065
 4523.8  1.50000000  0.96679580  0.00777739  0.96682708 -0.25578064
 4523.9  1.50000000  0.96679580  0.00777746  0.96682708 -0.25578063
 4524.0  1.50000000  0.96679580  0.00777760  0.96682708 -0.25578062
 4524.1  1.50000000  0.96679580  0.00777778  0.96682708 -0.25578062
 4524.2  1.50000000  0.96679580  0.00777799  0.96682709 -0.25578061
 4524.3  1.50000000  0.96679580  0.00777820  0.96682709 -0.25578061
 4524.4  1.50000000  0.96679580  0.00777841  0.96682709 -0.25578062
 4524.5  1.50000000  0.96679579  0.00777858  0.96682709 -0.25578062
 4524.6  1.50000000  0.96679579  0.00777872  0.96682708 -0.25578063
 4524.7  1.50000000  0.96679579  0.00777882  0.96682708 -0.25578063
 4524.8  1.50000000  0.96679579  0.00777886  0.96682708 -0.25578064
 4524.9  1.50000000  0.96679578  0.00777891  0.96682708 -0.25578065
 4525.0  1.50000000  0.96679578  0.00777891  0.96682708 -0.25578066
 4525.1  1.50000000  0.96679578  0.00777888  0.96682708 -0.25578066
 4525.2  1.50000000  0.96679578  0.00777882  0.96682707 -0.25578067
 4525.3  1.50000000  0.96679578  0.00777873  0.96682707 -0.25578067
 4525.4  1.50000000  0.96679578  0.00777861  0.96682707 -0.25578068
 4525.5  1.50000000  0.96679578  0.00777849  0.96682707 -0.25578068
 4525.6  1.50000000  0.96679578  0.00777836  0.96682707 -0.25578068
 4525.7  1.50000000  0.96679578  0.00777823  0.96682707 -0.25578068
 4525.8  1.50000000  0.96679578  0.00777812  0.96682707 -0.25578068
 4525.9  1.50000000  0.96679578  0.00777800  0.96682707 -0.25578067
 4526.0  1.50000000  0.96679579  0.00777791  0.96682707 -0.25578067
 4526.1  1.50000000  0.96679579  0.00777784  0.96682707 -0.25578066
 4526.2  1.50000000  0.96679579  0.00777779  0.96682708 -0.25578066
 4526.3  1.50000000  0.96679579  0.00777777  0.96682708 -0.25578065
 4526.4  1.50000000  0.96679579  0.00777779  0.96682708 -0.25578064
 4526.5  1.50000000  0.96679579  0.00777784  0.96682708 -0.25578064
 4526.6  1.50000000  0.96679580  0.00777791  0.96682708 -0.25578063
 4526.7  1.50000000  0.96679580  0.00777801  0.96682708 -0.25578063
 4526.8  1.50000000  0.96679580  0.00777813  0.96682708 -0.25578063
 4526.9  1.50000000  0.96679579  0.00777825  0.96682708 -0.25578063
 4527.0  1.50000000  0.96679579  0.00777838  0.96682708 -0.25578063
 4527.1  1.50000000  0.96679579  0.00777851  0.96682708 -0.25578063
 4527.2  1.50000000  0.96679579  0.00777862  0.96682708 -0.25578063
 4527.3  1.50000000  0.96679579  0.00777871  0.96682708 -0.25578064
 4527.4  1.50000000  0.96679579  0.00777878  0.96682708 -0.25578064
 4527.5  1.50000000  0.96679578  0.00777882  0.96682708 -0.25578065
 4527.6  1.50000000  0.96679578  0.00777883  0.96682708 -0.25578066
 4527.7  1.50000000  0.96679578  0.00777880  0.96682707 -0.25578066
 4527.8  1.50000000  0.96679578  0.00777875  0.96682707 -0.25578067
 4527.9  1.50000000  0.96679578  0.00777867  0.96682707 -0.25578067
 4528.0  1.50000000  0.96679578  0.00777856  0.96682707 -0.25578067
 4528.1  1.50000000  0.96679578  0.00777845  0.96682707 -0.25578068
 4528.2  1.50000000  0.96679578  0.00777832  0.96682707 -0.25578068
 4528.3  1.50000000  0.96679578  0.00777819  0.96682707 -0.25578068
 4528.4  1.50000000  0.96679578  0.00777807  0.96682707 -0.25578067
 4528.5  1.50000000  0.96679579  0.00777796  0.96682707 -0.25578067
 4528.6  1.50000000  0.96679579  0.00777787  0.96682707 -0.25578067
 4528.7  1.50000000  0.96679579  0.00777781  0.96682707 -0.25578066
 4528.8  1.50000000  0.96679579  0.00777778  0.96682708 -0.25578065
 4528.9  1.50000000  0.96679579  0.00777778  0.96682708 -0.25578065
 4529.0  1.50000000  0.96679579  0.00777781  0.96682708 -0.25578064
 4529.1  1.50000000  0.96679580  0.00777787  0.96682708 -0.25578064
 4529.2  1.50000000  0.96679580  0.00777796  0.96682708 -0.25578063
 4529.3  1.50000000  0.96679580  0.00777806  0.96682708 -0.25578063
 4529.4  1.50000000  0.96679580  0.00777818  0.96682708 -0.25578063
 4529.5  1.50000000  0.96679579  0.00777831  0.96682708 -0.25578063
 4529.6  1.50000000  0.96679579  0.00777843  0.96682708 -0.25578063
 4529.7  1.50000000  0.96679579  0.00777855  0.96682708 -0.25578063
 4529.8  1.50000000  0.96679579  0.00777865  0.96682708 -0.25578064
 4529.9  1.50000000  0.96679579  0.00777873  0.96682708 -0.25578064
 4530.0  1.50000000  0.96679578  0.00777878  0.96682708 -0.25578065
 4530.1  1.50000000  0.96679578  0.00777881  0.96682708 -0.25578065
 4530.2  1.50000000  0.96679578  0.00777881  0.96682707 -0.25578066
