 # TIME  LP  TMAB  TMDS  TMPC  TMZ
 1630.2  1.11111111  0.96722284  0.00809414  0.96725671 -0.25399773
 1630.3  1.11111111  0.96724068  0.00613608  0.96726015 -0.25398416
 1630.4  1.11111111  0.96725637  0.00428034  0.96726584 -0.25396139
 1630.5  1.11111111  0.96727024  0.00257642  0.96727367 -0.25393018
 1630.6  1.11111111  0.96728279  0.00106897  0.96728339 -0.25389154
 1630.7  1.11111111  0.96729464 -0.00020369  0.96729466 -0.25384672
 1630.8  1.11111111  0.96730636 -0.00121075  0.96730712 -0.25379711
 1630.9  1.11111111  0.96731853 -0.00192942  0.96732046 -0.25374412
 1631.0  1.11111111  0.96733147 -0.00234489  0.96733431 -0.25368928
 1631.1  1.11111111  0.96734512 -0.00245122  0.96734822 -0.25363419
 1631.2  1.11111111  0.96735922 -0.00225126  0.96736184 -0.25358034
 1631.3  1.11111111  0.96737322 -0.00175618  0.96737481 -0.25352920
 1631.4  1.11111111  0.96738630 -0.00098499  0.96738680 -0.25348212
 1631.5  1.11111111  0.96739745  0.00003595  0.96739745 -0.25344037
 1631.6  1.11111111  0.96740566  0.00127363  0.96740650 -0.25340501
 1631.7  1.11111111  0.96741001  0.00268972  0.96741374 -0.25337688
 1631.8  1.11111111  0.96740970  0.00424163  0.96741900 -0.25335667
 1631.9  1.11111111  0.96740426  0.00588366  0.96742215 -0.25334481
 1632.0  1.11111111  0.96739351  0.00756829  0.96742312 -0.25334149
 1632.1  1.11111111  0.96737773  0.00924755  0.96742193 -0.25334666
 1632.2  1.11111111  0.96735755  0.01087457  0.96741867 -0.25336003
 1632.3  1.11111111  0.96733389  0.01240469  0.96741343 -0.25338109
 1632.4  1.11111111  0.96730800  0.01379664  0.96740638 -0.25340913
 1632.5  1.11111111  0.96728126  0.01501375  0.96739777 -0.25344323
 1632.6  1.11111111  0.96725513  0.01602495  0.96738787 -0.25348232
 1632.7  1.11111111  0.96723097  0.01680555  0.96737696 -0.25352521
 1632.8  1.11111111  0.96720997  0.01733772  0.96736536 -0.25357065
 1632.9  1.11111111  0.96719309  0.01761097  0.96735341 -0.25361728
 1633.0  1.11111111  0.96718095  0.01762236  0.96734148 -0.25366376
 1633.1  1.11111111  0.96717381  0.01737643  0.96732989 -0.25370880
 1633.2  1.11111111  0.96717157  0.01688484  0.96731895 -0.25375114
 1633.3  1.11111111  0.96717389  0.01616597  0.96730898 -0.25378964
 1633.4  1.11111111  0.96718013  0.01524433  0.96730026 -0.25382327
 1633.5  1.11111111  0.96718950  0.01414967  0.96729300 -0.25385119
 1633.6  1.11111111  0.96720114  0.01291600  0.96728738 -0.25387273
 1633.7  1.11111111  0.96721422  0.01158060  0.96728355 -0.25388740
 1633.8  1.11111111  0.96722798  0.01018291  0.96728158 -0.25389492
 1633.9  1.11111111  0.96724179  0.00876334  0.96728149 -0.25389522
 1634.0  1.11111111  0.96725522  0.00736207  0.96728324 -0.25388845
 1634.1  1.11111111  0.96726804  0.00601800  0.96728676 -0.25387493
 1634.2  1.11111111  0.96728015  0.00476767  0.96729190 -0.25385516
 1634.3  1.11111111  0.96729162  0.00364424  0.96729848 -0.25382984
 1634.4  1.11111111  0.96730258  0.00267668  0.96730629 -0.25379977
 1634.5  1.11111111  0.96731322  0.00188904  0.96731507 -0.25376589
 1634.6  1.11111111  0.96732368  0.00129989  0.96732456 -0.25372922
 1634.7  1.11111111  0.96733403  0.00092189  0.96733447 -0.25369083
 1634.8  1.11111111  0.96734421  0.00076158  0.96734451 -0.25365183
 1634.9  1.11111111  0.96735406  0.00081930  0.96735441 -0.25361331
 1635.0  1.11111111  0.96736326  0.00108934  0.96736388 -0.25357633
 1635.1  1.11111111  0.96737141  0.00156015  0.96737267 -0.25354191
 1635.2  1.11111111  0.96737801  0.00221482  0.96738055 -0.25351093
 1635.3  1.11111111  0.96738257  0.00303163  0.96738732 -0.25348422
 1635.4  1.11111111  0.96738461  0.00398475  0.96739281 -0.25346243
 1635.5  1.11111111  0.96738375  0.00504499  0.96739690 -0.25344608
 1635.6  1.11111111  0.96737975  0.00618073  0.96739950 -0.25343553
 1635.7  1.11111111  0.96737257  0.00735880  0.96740056 -0.25343097
 1635.8  1.11111111  0.96736235  0.00854545  0.96740009 -0.25343241
 1635.9  1.11111111  0.96734943  0.00970733  0.96739813 -0.25343972
 1636.0  1.11111111  0.96733434  0.01081235  0.96739476 -0.25345257
 1636.1  1.11111111  0.96731777  0.01183063  0.96739011 -0.25347051
 1636.2  1.11111111  0.96730050  0.01273526  0.96738433 -0.25349294
 1636.3  1.11111111  0.96728336  0.01350301  0.96737760 -0.25351914
 1636.4  1.11111111  0.96726716  0.01411494  0.96737014 -0.25354832
 1636.5  1.11111111  0.96725263  0.01455681  0.96736217 -0.25357960
 1636.6  1.11111111  0.96724039  0.01481945  0.96735391 -0.25361206
 1636.7  1.11111111  0.96723087  0.01489887  0.96734562 -0.25364477
 1636.8  1.11111111  0.96722434  0.01479632  0.96733751 -0.25367680
 1636.9  1.11111111  0.96722087  0.01451813  0.96732982 -0.25370726
 1637.0  1.11111111  0.96722034  0.01407541  0.96732275 -0.25373534
 1637.1  1.11111111  0.96722250  0.01348370  0.96731648 -0.25376028
 1637.2  1.11111111  0.96722698  0.01276240  0.96731118 -0.25378147
 1637.3  1.11111111  0.96723334  0.01193416  0.96730696 -0.25379836
 1637.4  1.11111111  0.96724110  0.01102417  0.96730392 -0.25381058
 1637.5  1.11111111  0.96724982  0.01005943  0.96730213 -0.25381787
 1637.6  1.11111111  0.96725909  0.00906791  0.96730160 -0.25382013
 1637.7  1.11111111  0.96726859  0.00807782  0.96730232 -0.25381740
 1637.8  1.11111111  0.96727807  0.00711674  0.96730425 -0.25380985
 1637.9  1.11111111  0.96728738  0.00621092  0.96730732 -0.25379777
 1638.0  1.11111111  0.96729642  0.00538456  0.96731140 -0.25378161
 1638.1  1.11111111  0.96730516  0.00465918  0.96731638 -0.25376188
 1638.2  1.11111111  0.96731361  0.00405309  0.96732210 -0.25373920
 1638.3  1.11111111  0.96732176  0.00358094  0.96732839 -0.25371426
 1638.4  1.11111111  0.96732958  0.00325336  0.96733506 -0.25368781
 1638.5  1.11111111  0.96733703  0.00307658  0.96734192 -0.25366057
 1638.6  1.11111111  0.96734397  0.00305293  0.96734879 -0.25363334
 1638.7  1.11111111  0.96735025  0.00318025  0.96735548 -0.25360688
 1638.8  1.11111111  0.96735563  0.00345220  0.96736179 -0.25358189
 1638.9  1.11111111  0.96735988  0.00385856  0.96736758 -0.25355906
 1639.0  1.11111111  0.96736274  0.00438555  0.96737268 -0.25353898
 1639.1  1.11111111  0.96736397  0.00501629  0.96737697 -0.25352215
 1639.2  1.11111111  0.96736337  0.00573132  0.96738034 -0.25350899
 1639.3  1.11111111  0.96736082  0.00650914  0.96738272 -0.25349980
 1639.4  1.11111111  0.96735630  0.00732689  0.96738404 -0.25349477
 1639.5  1.11111111  0.96734988  0.00816102  0.96738431 -0.25349396
 1639.6  1.11111111  0.96734175  0.00898789  0.96738351 -0.25349733
 1639.7  1.11111111  0.96733221  0.00978449  0.96738169 -0.25350470
 1639.8  1.11111111  0.96732162  0.01052907  0.96737892 -0.25351581
 1639.9  1.11111111  0.96731044  0.01120170  0.96737529 -0.25353027
 1640.0  1.11111111  0.96729914  0.01178487  0.96737092 -0.25354761
 1640.1  1.11111111  0.96728819  0.01226383  0.96736593 -0.25356732
 1640.2  1.11111111  0.96727807  0.01262701  0.96736049 -0.25358877
 1640.3  1.11111111  0.96726917  0.01286639  0.96735474 -0.25361135
 1640.4  1.11111111  0.96726180  0.01297745  0.96734886 -0.25363439
 1640.5  1.11111111  0.96725620  0.01295948  0.96734301 -0.25365724
 1640.6  1.11111111  0.96725246  0.01281530  0.96733735 -0.25367927
 1640.7  1.11111111  0.96725063  0.01255131  0.96733206 -0.25369986
 1640.8  1.11111111  0.96725061  0.01217715  0.96732726 -0.25371847
 1640.9  1.11111111  0.96725226  0.01170531  0.96732309 -0.25373460
 1641.0  1.11111111  0.96725537  0.01115089  0.96731965 -0.25374785
 1641.1  1.11111111  0.96725970  0.01053096  0.96731703 -0.25375790
 1641.2  1.11111111  0.96726499  0.00986414  0.96731529 -0.25376454
 1641.3  1.11111111  0.96727099  0.00917000  0.96731446 -0.25376764
 1641.4  1.11111111  0.96727749  0.00846849  0.96731456 -0.25376718
 1641.5  1.11111111  0.96728428  0.00777944  0.96731556 -0.25376323
 1641.6  1.11111111  0.96729119  0.00712189  0.96731741 -0.25375599
 1641.7  1.11111111  0.96729813  0.00651366  0.96732006 -0.25374571
 1641.8  1.11111111  0.96730497  0.00597086  0.96732340 -0.25373274
 1641.9  1.11111111  0.96731165  0.00550745  0.96732733 -0.25371750
 1642.0  1.11111111  0.96731810  0.00513491  0.96733173 -0.25370045
 1642.1  1.11111111  0.96732424  0.00486194  0.96733646 -0.25368210
 1642.2  1.11111111  0.96732999  0.00469431  0.96734138 -0.25366300
 1642.3  1.11111111  0.96733525  0.00463472  0.96734636 -0.25364369
 1642.4  1.11111111  0.96733990  0.00468282  0.96735124 -0.25362471
 1642.5  1.11111111  0.96734381  0.00483523  0.96735589 -0.25360660
 1642.6  1.11111111  0.96734682  0.00508573  0.96736019 -0.25358983
 1642.7  1.11111111  0.96734880  0.00542549  0.96736402 -0.25357485
 1642.8  1.11111111  0.96734963  0.00584332  0.96736728 -0.25356205
 1642.9  1.11111111  0.96734921  0.00632607  0.96736990 -0.25355175
 1643.0  1.11111111  0.96734749  0.00685902  0.96737180 -0.25354418
 1643.1  1.11111111  0.96734446  0.00742631  0.96737296 -0.25353951
 1643.2  1.11111111  0.96734018  0.00801141  0.96737336 -0.25353782
 1643.3  1.11111111  0.96733478  0.00859762  0.96737299 -0.25353909
 1643.4  1.11111111  0.96732844  0.00916850  0.96737189 -0.25354324
 1643.5  1.11111111  0.96732138  0.00970835  0.96737009 -0.25355010
 1643.6  1.11111111  0.96731387  0.01020264  0.96736767 -0.25355942
 1643.7  1.11111111  0.96730621  0.01063837  0.96736471 -0.25357090
 1643.8  1.11111111  0.96729870  0.01100444  0.96736129 -0.25358417
 1643.9  1.11111111  0.96729163  0.01129192  0.96735753 -0.25359883
 1644.0  1.11111111  0.96728525  0.01149424  0.96735354 -0.25361445
 1644.1  1.11111111  0.96727979  0.01160733  0.96734943 -0.25363056
 1644.2  1.11111111  0.96727541  0.01162972  0.96734532 -0.25364670
 1644.3  1.11111111  0.96727222  0.01156251  0.96734133 -0.25366243
 1644.4  1.11111111  0.96727027  0.01140928  0.96733756 -0.25367731
 1644.5  1.11111111  0.96726956  0.01117594  0.96733412 -0.25369093
 1644.6  1.11111111  0.96727001  0.01087055  0.96733109 -0.25370295
 1644.7  1.11111111  0.96727154  0.01050302  0.96732856 -0.25371305
 1644.8  1.11111111  0.96727401  0.01008481  0.96732658 -0.25372099
 1644.9  1.11111111  0.96727727  0.00962857  0.96732519 -0.25372659
 1645.0  1.11111111  0.96728117  0.00914778  0.96732442 -0.25372974
 1645.1  1.11111111  0.96728555  0.00865634  0.96732429 -0.25373040
 1645.2  1.11111111  0.96729028  0.00816816  0.96732477 -0.25372860
 1645.3  1.11111111  0.96729522  0.00769681  0.96732584 -0.25372443
 1645.4  1.11111111  0.96730026  0.00725513  0.96732747 -0.25371807
 1645.5  1.11111111  0.96730531  0.00685489  0.96732960 -0.25370971
 1645.6  1.11111111  0.96731027  0.00650645  0.96733215 -0.25369965
 1645.7  1.11111111  0.96731506  0.00621857  0.96733505 -0.25368819
 1645.8  1.11111111  0.96731962  0.00599814  0.96733821 -0.25367567
 1645.9  1.11111111  0.96732386  0.00585003  0.96734155 -0.25366246
 1646.0  1.11111111  0.96732771  0.00577703  0.96734496 -0.25364896
 1646.1  1.11111111  0.96733108  0.00577978  0.96734835 -0.25363552
 1646.2  1.11111111  0.96733389  0.00585678  0.96735162 -0.25362254
 1646.3  1.11111111  0.96733606  0.00600451  0.96735470 -0.25361036
 1646.4  1.11111111  0.96733751  0.00621756  0.96735749 -0.25359931
 1646.5  1.11111111  0.96733817  0.00648877  0.96735993 -0.25358966
 1646.6  1.11111111  0.96733799  0.00680950  0.96736196 -0.25358168
 1646.7  1.11111111  0.96733695  0.00716990  0.96736352 -0.25357555
 1646.8  1.11111111  0.96733505  0.00755918  0.96736459 -0.25357140
 1646.9  1.11111111  0.96733233  0.00796594  0.96736513 -0.25356932
 1647.0  1.11111111  0.96732886  0.00837849  0.96736515 -0.25356932
 1647.1  1.11111111  0.96732475  0.00878521  0.96736464 -0.25357138
 1647.2  1.11111111  0.96732014  0.00917483  0.96736365 -0.25357540
 1647.3  1.11111111  0.96731518  0.00953676  0.96736219 -0.25358122
 1647.4  1.11111111  0.96731006  0.00986139  0.96736032 -0.25358865
 1647.5  1.11111111  0.96730495  0.01014032  0.96735810 -0.25359747
 1647.6  1.11111111  0.96730005  0.01036656  0.96735560 -0.25360738
 1647.7  1.11111111  0.96729551  0.01053476  0.96735288 -0.25361811
 1647.8  1.11111111  0.96729150  0.01064126  0.96735003 -0.25362932
 1647.9  1.11111111  0.96728813  0.01068420  0.96734713 -0.25364071
 1648.0  1.11111111  0.96728549  0.01066356  0.96734427 -0.25365194
 1648.1  1.11111111  0.96728364  0.01058107  0.96734151 -0.25366270
 1648.2  1.11111111  0.96728261  0.01044018  0.96733895 -0.25367271
 1648.3  1.11111111  0.96728238  0.01024593  0.96733664 -0.25368169
 1648.4  1.11111111  0.96728291  0.01000472  0.96733465 -0.25368941
 1648.5  1.11111111  0.96728415  0.00972420  0.96733303 -0.25369568
 1648.6  1.11111111  0.96728601  0.00941294  0.96733181 -0.25370035
 1648.7  1.11111111  0.96728841  0.00908023  0.96733103 -0.25370331
 1648.8  1.11111111  0.96729126  0.00873580  0.96733070 -0.25370453
 1648.9  1.11111111  0.96729444  0.00838950  0.96733083 -0.25370398
 1649.0  1.11111111  0.96729788  0.00805108  0.96733139 -0.25370174
 1649.1  1.11111111  0.96730148  0.00772985  0.96733237 -0.25369788
 1649.2  1.11111111  0.96730516  0.00743451  0.96733373 -0.25369254
 1649.3  1.11111111  0.96730883  0.00717287  0.96733543 -0.25368592
 1649.4  1.11111111  0.96731243  0.00695154  0.96733741 -0.25367820
 1649.5  1.11111111  0.96731588  0.00677598  0.96733961 -0.25366963
 1649.6  1.11111111  0.96731910  0.00665029  0.96734196 -0.25366047
 1649.7  1.11111111  0.96732205  0.00657705  0.96734440 -0.25365098
 1649.8  1.11111111  0.96732463  0.00655734  0.96734686 -0.25364144
 1649.9  1.11111111  0.96732681  0.00659076  0.96734926 -0.25363211
 1650.0  1.11111111  0.96732850  0.00667536  0.96735154 -0.25362325
 1650.1  1.11111111  0.96732967  0.00680776  0.96735363 -0.25361510
 1650.2  1.11111111  0.96733028  0.00698340  0.96735548 -0.25360787
 1650.3  1.11111111  0.96733028  0.00719657  0.96735705 -0.25360175
 1650.4  1.11111111  0.96732967  0.00744057  0.96735829 -0.25359690
 1650.5  1.11111111  0.96732846  0.00770801  0.96735917 -0.25359341
 1650.6  1.11111111  0.96732668  0.00799094  0.96735969 -0.25359137
 1650.7  1.11111111  0.96732437  0.00828116  0.96735982 -0.25359081
 1650.8  1.11111111  0.96732161  0.00857040  0.96735957 -0.25359171
 1650.9  1.11111111  0.96731848  0.00885055  0.96735897 -0.25359402
 1651.0  1.11111111  0.96731509  0.00911397  0.96735802 -0.25359765
 1651.1  1.11111111  0.96731155  0.00935358  0.96735677 -0.25360248
 1651.2  1.11111111  0.96730798  0.00956310  0.96735525 -0.25360834
 1651.3  1.11111111  0.96730452  0.00973726  0.96735353 -0.25361504
 1651.4  1.11111111  0.96730127  0.00987186  0.96735164 -0.25362240
 1651.5  1.11111111  0.96729832  0.00996385  0.96734964 -0.25363019
 1651.6  1.11111111  0.96729579  0.01001146  0.96734760 -0.25363818
 1651.7  1.11111111  0.96729373  0.01001422  0.96734557 -0.25364615
 1651.8  1.11111111  0.96729219  0.00997290  0.96734360 -0.25365386
 1651.9  1.11111111  0.96729121  0.00988955  0.96734176 -0.25366111
 1652.0  1.11111111  0.96729077  0.00976727  0.96734008 -0.25366772
 1652.1  1.11111111  0.96729089  0.00961009  0.96733863 -0.25367350
 1652.2  1.11111111  0.96729152  0.00942318  0.96733742 -0.25367831
 1652.3  1.11111111  0.96729262  0.00921229  0.96733648 -0.25368203
 1652.4  1.11111111  0.96729414  0.00898378  0.96733586 -0.25368458
 1652.5  1.11111111  0.96729601  0.00874440  0.96733553 -0.25368591
 1652.6  1.11111111  0.96729817  0.00850101  0.96733553 -0.25368601
 1652.7  1.11111111  0.96730055  0.00826053  0.96733582 -0.25368490
 1652.8  1.11111111  0.96730308  0.00802956  0.96733641 -0.25368263
 1652.9  1.11111111  0.96730571  0.00781443  0.96733728 -0.25367928
 1653.0  1.11111111  0.96730835  0.00762083  0.96733837 -0.25367498
 1653.1  1.11111111  0.96731096  0.00745373  0.96733968 -0.25366985
 1653.2  1.11111111  0.96731347  0.00731733  0.96734114 -0.25366407
 1653.3  1.11111111  0.96731583  0.00721483  0.96734274 -0.25365779
 1653.4  1.11111111  0.96731799  0.00714850  0.96734440 -0.25365122
 1653.5  1.11111111  0.96731989  0.00711946  0.96734609 -0.25364453
 1653.6  1.11111111  0.96732151  0.00712785  0.96734777 -0.25363790
 1653.7  1.11111111  0.96732278  0.00717274  0.96734937 -0.25363154
 1653.8  1.11111111  0.96732368  0.00725219  0.96735087 -0.25362561
 1653.9  1.11111111  0.96732420  0.00736334  0.96735222 -0.25362026
 1654.0  1.11111111  0.96732429  0.00750250  0.96735338 -0.25361564
 1654.1  1.11111111  0.96732397  0.00766526  0.96735434 -0.25361186
 1654.2  1.11111111  0.96732324  0.00784666  0.96735506 -0.25360901
 1654.3  1.11111111  0.96732211  0.00804125  0.96735553 -0.25360716
 1654.4  1.11111111  0.96732062  0.00824340  0.96735575 -0.25360632
 1654.5  1.11111111  0.96731882  0.00844729  0.96735570 -0.25360653
 1654.6  1.11111111  0.96731675  0.00864721  0.96735540 -0.25360773
 1654.7  1.11111111  0.96731449  0.00883764  0.96735486 -0.25360989
 1654.8  1.11111111  0.96731210  0.00901343  0.96735410 -0.25361293
 1654.9  1.11111111  0.96730967  0.00916994  0.96735314 -0.25361675
 1655.0  1.11111111  0.96730727  0.00930315  0.96735201 -0.25362122
 1655.1  1.11111111  0.96730498  0.00940976  0.96735075 -0.25362621
 1655.2  1.11111111  0.96730287  0.00948728  0.96734939 -0.25363156
 1655.3  1.11111111  0.96730100  0.00953407  0.96734798 -0.25363713
 1655.4  1.11111111  0.96729942  0.00954940  0.96734655 -0.25364275
 1655.5  1.11111111  0.96729817  0.00953340  0.96734515 -0.25364827
 1655.6  1.11111111  0.96729729  0.00948710  0.96734381 -0.25365353
 1655.7  1.11111111  0.96729677  0.00941236  0.96734257 -0.25365839
 1655.8  1.11111111  0.96729664  0.00931180  0.96734146 -0.25366272
 1655.9  1.11111111  0.96729687  0.00918869  0.96734051 -0.25366641
 1656.0  1.11111111  0.96729744  0.00904691  0.96733975 -0.25366936
 1656.1  1.11111111  0.96729833  0.00889077  0.96733919 -0.25367152
 1656.2  1.11111111  0.96729950  0.00872489  0.96733884 -0.25367283
 1656.3  1.11111111  0.96730090  0.00855411  0.96733872 -0.25367327
 1656.4  1.11111111  0.96730250  0.00838330  0.96733882 -0.25367284
 1656.5  1.11111111  0.96730423  0.00821723  0.96733914 -0.25367158
 1656.6  1.11111111  0.96730607  0.00806047  0.96733965 -0.25366954
 1656.7  1.11111111  0.96730795  0.00791724  0.96734035 -0.25366678
 1656.8  1.11111111  0.96730984  0.00779130  0.96734122 -0.25366339
 1656.9  1.11111111  0.96731168  0.00768584  0.96734221 -0.25365949
 1657.0  1.11111111  0.96731343  0.00760345  0.96734331 -0.25365520
 1657.1  1.11111111  0.96731505  0.00754600  0.96734448 -0.25365063
 1657.2  1.11111111  0.96731650  0.00751463  0.96734569 -0.25364592
 1657.3  1.11111111  0.96731775  0.00750975  0.96734690 -0.25364121
 1657.4  1.11111111  0.96731876  0.00753100  0.96734808 -0.25363663
 1657.5  1.11111111  0.96731951  0.00757729  0.96734919 -0.25363230
 1657.6  1.11111111  0.96731998  0.00764687  0.96735021 -0.25362835
 1657.7  1.11111111  0.96732016  0.00773735  0.96735110 -0.25362487
 1657.8  1.11111111  0.96732003  0.00784581  0.96735185 -0.25362195
 1657.9  1.11111111  0.96731961  0.00796888  0.96735243 -0.25361967
 1658.0  1.11111111  0.96731891  0.00810284  0.96735284 -0.25361808
 1658.1  1.11111111  0.96731794  0.00824372  0.96735306 -0.25361720
 1658.2  1.11111111  0.96731674  0.00838747  0.96735310 -0.25361705
 1658.3  1.11111111  0.96731534  0.00852999  0.96735295 -0.25361763
 1658.4  1.11111111  0.96731379  0.00866731  0.96735262 -0.25361890
 1658.5  1.11111111  0.96731214  0.00879570  0.96735212 -0.25362080
 1658.6  1.11111111  0.96731043  0.00891171  0.96735148 -0.25362329
 1658.7  1.11111111  0.96730873  0.00901233  0.96735071 -0.25362627
 1658.8  1.11111111  0.96730708  0.00909504  0.96734984 -0.25362966
 1658.9  1.11111111  0.96730554  0.00915785  0.96734889 -0.25363334
 1659.0  1.11111111  0.96730415  0.00919938  0.96734790 -0.25363722
 1659.1  1.11111111  0.96730295  0.00921887  0.96734688 -0.25364118
 1659.2  1.11111111  0.96730198  0.00921618  0.96734588 -0.25364511
 1659.3  1.11111111  0.96730124  0.00919182  0.96734491 -0.25364889
 1659.4  1.11111111  0.96730077  0.00914686  0.96734401 -0.25365243
 1659.5  1.11111111  0.96730056  0.00908297  0.96734320 -0.25365563
 1659.6  1.11111111  0.96730061  0.00900229  0.96734250 -0.25365841
 1659.7  1.11111111  0.96730091  0.00890739  0.96734192 -0.25366069
 1659.8  1.11111111  0.96730145  0.00880119  0.96734148 -0.25366243
 1659.9  1.11111111  0.96730219  0.00868689  0.96734120 -0.25366358
 1660.0  1.11111111  0.96730312  0.00856783  0.96734107 -0.25366412
 1660.1  1.11111111  0.96730421  0.00844743  0.96734109 -0.25366406
 1660.2  1.11111111  0.96730541  0.00832908  0.96734127 -0.25366340
 1660.3  1.11111111  0.96730670  0.00821604  0.96734159 -0.25366217
 1660.4  1.11111111  0.96730803  0.00811139  0.96734204 -0.25366043
 1660.5  1.11111111  0.96730938  0.00801789  0.96734260 -0.25365821
 1660.6  1.11111111  0.96731070  0.00793793  0.96734327 -0.25365561
 1660.7  1.11111111  0.96731197  0.00787349  0.96734401 -0.25365270
 1660.8  1.11111111  0.96731315  0.00782609  0.96734481 -0.25364955
 1660.9  1.11111111  0.96731422  0.00779672  0.96734564 -0.25364628
 1661.0  1.11111111  0.96731515  0.00778587  0.96734648 -0.25364297
 1661.1  1.11111111  0.96731591  0.00779349  0.96734731 -0.25363971
 1661.2  1.11111111  0.96731649  0.00781902  0.96734809 -0.25363660
 1661.3  1.11111111  0.96731688  0.00786142  0.96734882 -0.25363371
 1661.4  1.11111111  0.96731706  0.00791918  0.96734947 -0.25363113
 1661.5  1.11111111  0.96731703  0.00799041  0.96735003 -0.25362892
 1661.6  1.11111111  0.96731679  0.00807286  0.96735048 -0.25362714
 1661.7  1.11111111  0.96731636  0.00816403  0.96735081 -0.25362582
 1661.8  1.11111111  0.96731574  0.00826120  0.96735102 -0.25362500
 1661.9  1.11111111  0.96731496  0.00836155  0.96735110 -0.25362468
 1662.0  1.11111111  0.96731403  0.00846222  0.96735105 -0.25362488
 1662.1  1.11111111  0.96731300  0.00856038  0.96735087 -0.25362557
 1662.2  1.11111111  0.96731188  0.00865335  0.96735058 -0.25362672
 1662.3  1.11111111  0.96731071  0.00873863  0.96735018 -0.25362830
 1662.4  1.11111111  0.96730954  0.00881396  0.96734969 -0.25363026
 1662.5  1.11111111  0.96730838  0.00887728  0.96734912 -0.25363252
 1662.6  1.11111111  0.96730729  0.00892732  0.96734848 -0.25363503
 1662.7  1.11111111  0.96730629  0.00896283  0.96734781 -0.25363770
 1662.8  1.11111111  0.96730540  0.00898306  0.96734711 -0.25364046
 1662.9  1.11111111  0.96730465  0.00898771  0.96734641 -0.25364324
 1663.0  1.11111111  0.96730406  0.00897694  0.96734572 -0.25364594
 1663.1  1.11111111  0.96730365  0.00895132  0.96734506 -0.25364851
 1663.2  1.11111111  0.96730341  0.00891188  0.96734446 -0.25365087
 1663.3  1.11111111  0.96730336  0.00885996  0.96734393 -0.25365295
 1663.4  1.11111111  0.96730348  0.00879725  0.96734348 -0.25365471
 1663.5  1.11111111  0.96730377  0.00872568  0.96734313 -0.25365610
 1663.6  1.11111111  0.96730422  0.00864743  0.96734287 -0.25365709
 1663.7  1.11111111  0.96730480  0.00856481  0.96734272 -0.25365765
 1663.8  1.11111111  0.96730551  0.00848022  0.96734268 -0.25365779
 1663.9  1.11111111  0.96730631  0.00839605  0.96734275 -0.25365750
 1664.0  1.11111111  0.96730719  0.00831466  0.96734293 -0.25365680
 1664.1  1.11111111  0.96730812  0.00823828  0.96734320 -0.25365572
 1664.2  1.11111111  0.96730907  0.00816895  0.96734356 -0.25365430
 1664.3  1.11111111  0.96731001  0.00810848  0.96734400 -0.25365258
 1664.4  1.11111111  0.96731093  0.00805840  0.96734450 -0.25365061
 1664.5  1.11111111  0.96731180  0.00801993  0.96734505 -0.25364845
 1664.6  1.11111111  0.96731260  0.00799393  0.96734563 -0.25364617
 1664.7  1.11111111  0.96731330  0.00798089  0.96734623 -0.25364384
 1664.8  1.11111111  0.96731390  0.00798093  0.96734682 -0.25364152
 1664.9  1.11111111  0.96731437  0.00799382  0.96734740 -0.25363928
 1665.0  1.11111111  0.96731470  0.00801896  0.96734794 -0.25363717
 1665.1  1.11111111  0.96731489  0.00805541  0.96734843 -0.25363525
 1665.2  1.11111111  0.96731493  0.00810194  0.96734886 -0.25363358
 1665.3  1.11111111  0.96731482  0.00815706  0.96734921 -0.25363220
 1665.4  1.11111111  0.96731457  0.00821905  0.96734949 -0.25363113
 1665.5  1.11111111  0.96731419  0.00828606  0.96734968 -0.25363041
 1665.6  1.11111111  0.96731368  0.00835614  0.96734977 -0.25363004
 1665.7  1.11111111  0.96731306  0.00842726  0.96734977 -0.25363004
 1665.8  1.11111111  0.96731236  0.00849738  0.96734968 -0.25363039
 1665.9  1.11111111  0.96731159  0.00856456  0.96734950 -0.25363108
 1666.0  1.11111111  0.96731078  0.00862702  0.96734925 -0.25363207
 1666.1  1.11111111  0.96730995  0.00868309  0.96734892 -0.25363335
 1666.2  1.11111111  0.96730912  0.00873125  0.96734852 -0.25363488
 1666.3  1.11111111  0.96730833  0.00877033  0.96734809 -0.25363658
 1666.4  1.11111111  0.96730760  0.00879947  0.96734762 -0.25363842
 1666.5  1.11111111  0.96730693  0.00881798  0.96734712 -0.25364035
 1666.6  1.11111111  0.96730635  0.00882554  0.96734661 -0.25364231
 1666.7  1.11111111  0.96730589  0.00882214  0.96734612 -0.25364425
 1666.8  1.11111111  0.96730555  0.00880812  0.96734565 -0.25364609
 1666.9  1.11111111  0.96730533  0.00878407  0.96734521 -0.25364782
 1667.0  1.11111111  0.96730523  0.00875080  0.96734481 -0.25364937
 1667.1  1.11111111  0.96730527  0.00870942  0.96734448 -0.25365070
 1667.2  1.11111111  0.96730543  0.00866131  0.96734421 -0.25365177
 1667.3  1.11111111  0.96730570  0.00860791  0.96734400 -0.25365258
 1667.4  1.11111111  0.96730608  0.00855078  0.96734387 -0.25365310
 1667.5  1.11111111  0.96730655  0.00849161  0.96734382 -0.25365331
 1667.6  1.11111111  0.96730710  0.00843210  0.96734385 -0.25365322
 1667.7  1.11111111  0.96730771  0.00837394  0.96734395 -0.25365284
 1667.8  1.11111111  0.96730835  0.00831870  0.96734412 -0.25365218
 1667.9  1.11111111  0.96730902  0.00826784  0.96734435 -0.25365127
 1668.0  1.11111111  0.96730970  0.00822277  0.96734465 -0.25365013
 1668.1  1.11111111  0.96731036  0.00818463  0.96734498 -0.25364881
 1668.2  1.11111111  0.96731099  0.00815431  0.96734536 -0.25364735
 1668.3  1.11111111  0.96731157  0.00813252  0.96734576 -0.25364578
 1668.4  1.11111111  0.96731210  0.00811974  0.96734617 -0.25364415
 1668.5  1.11111111  0.96731254  0.00811615  0.96734659 -0.25364251
 1668.6  1.11111111  0.96731290  0.00812167  0.96734699 -0.25364091
 1668.7  1.11111111  0.96731316  0.00813594  0.96734738 -0.25363939
 1668.8  1.11111111  0.96731333  0.00815845  0.96734774 -0.25363798
 1668.9  1.11111111  0.96731339  0.00818841  0.96734805 -0.25363674
 1669.0  1.11111111  0.96731335  0.00822483  0.96734831 -0.25363569
 1669.1  1.11111111  0.96731320  0.00826655  0.96734852 -0.25363485
 1669.2  1.11111111  0.96731297  0.00831233  0.96734868 -0.25363424
 1669.3  1.11111111  0.96731264  0.00836083  0.96734877 -0.25363388
 1669.4  1.11111111  0.96731223  0.00841064  0.96734879 -0.25363378
 1669.5  1.11111111  0.96731176  0.00846031  0.96734875 -0.25363392
 1669.6  1.11111111  0.96731124  0.00850847  0.96734866 -0.25363431
 1669.7  1.11111111  0.96731068  0.00855383  0.96734850 -0.25363492
 1669.8  1.11111111  0.96731011  0.00859516  0.96734829 -0.25363574
 1669.9  1.11111111  0.96730953  0.00863135  0.96734804 -0.25363675
 1670.0  1.11111111  0.96730897  0.00866150  0.96734775 -0.25363789
 1670.1  1.11111111  0.96730845  0.00868491  0.96734744 -0.25363914
 1670.2  1.11111111  0.96730796  0.00870105  0.96734709 -0.25364048
 1670.3  1.11111111  0.96730753  0.00870954  0.96734674 -0.25364186
 1670.4  1.11111111  0.96730718  0.00871033  0.96734640 -0.25364322
 1670.5  1.11111111  0.96730691  0.00870355  0.96734607 -0.25364455
 1670.6  1.11111111  0.96730672  0.00868954  0.96734575 -0.25364580
 1670.7  1.11111111  0.96730661  0.00866877  0.96734545 -0.25364695
 1670.8  1.11111111  0.96730660  0.00864196  0.96734520 -0.25364795
 1670.9  1.11111111  0.96730667  0.00861002  0.96734499 -0.25364878
 1671.0  1.11111111  0.96730682  0.00857392  0.96734482 -0.25364943
 1671.1  1.11111111  0.96730705  0.00853470  0.96734470 -0.25364988
 1671.2  1.11111111  0.96730735  0.00849354  0.96734464 -0.25365012
 1671.3  1.11111111  0.96730772  0.00845164  0.96734464 -0.25365014
 1671.4  1.11111111  0.96730812  0.00841021  0.96734468 -0.25364996
 1671.5  1.11111111  0.96730856  0.00837034  0.96734477 -0.25364958
 1671.6  1.11111111  0.96730902  0.00833313  0.96734491 -0.25364902
 1671.7  1.11111111  0.96730950  0.00829960  0.96734511 -0.25364828
 1671.8  1.11111111  0.96730997  0.00827062  0.96734533 -0.25364740
 1671.9  1.11111111  0.96731042  0.00824690  0.96734557 -0.25364641
 1672.0  1.11111111  0.96731085  0.00822899  0.96734585 -0.25364533
 1672.1  1.11111111  0.96731124  0.00821732  0.96734614 -0.25364420
 1672.2  1.11111111  0.96731158  0.00821208  0.96734644 -0.25364304
 1672.3  1.11111111  0.96731186  0.00821327  0.96734673 -0.25364190
 1672.4  1.11111111  0.96731207  0.00822074  0.96734701 -0.25364081
 1672.5  1.11111111  0.96731223  0.00823417  0.96734727 -0.25363978
 1672.6  1.11111111  0.96731231  0.00825314  0.96734751 -0.25363885
 1672.7  1.11111111  0.96731231  0.00827698  0.96734772 -0.25363805
 1672.8  1.11111111  0.96731223  0.00830492  0.96734788 -0.25363739
 1672.9  1.11111111  0.96731209  0.00833610  0.96734801 -0.25363689
 1673.0  1.11111111  0.96731189  0.00836961  0.96734810 -0.25363656
 1673.1  1.11111111  0.96731163  0.00840448  0.96734814 -0.25363641
 1673.2  1.11111111  0.96731131  0.00843967  0.96734813 -0.25363644
 1673.3  1.11111111  0.96731096  0.00847418  0.96734808 -0.25363665
 1673.4  1.11111111  0.96731058  0.00850709  0.96734799 -0.25363701
 1673.5  1.11111111  0.96731018  0.00853753  0.96734785 -0.25363753
 1673.6  1.11111111  0.96730976  0.00856466  0.96734768 -0.25363819
 1673.7  1.11111111  0.96730936  0.00858774  0.96734748 -0.25363896
 1673.8  1.11111111  0.96730898  0.00860624  0.96734727 -0.25363981
 1673.9  1.11111111  0.96730863  0.00861978  0.96734703 -0.25364073
 1674.0  1.11111111  0.96730830  0.00862802  0.96734678 -0.25364170
 1674.1  1.11111111  0.96730802  0.00863078  0.96734653 -0.25364268
 1674.2  1.11111111  0.96730781  0.00862814  0.96734629 -0.25364362
 1674.3  1.11111111  0.96730765  0.00862033  0.96734606 -0.25364452
 1674.4  1.11111111  0.96730754  0.00860759  0.96734584 -0.25364537
 1674.5  1.11111111  0.96730750  0.00859034  0.96734565 -0.25364612
 1674.6  1.11111111  0.96730754  0.00856920  0.96734549 -0.25364675
 1674.7  1.11111111  0.96730762  0.00854487  0.96734536 -0.25364726
 1674.8  1.11111111  0.96730776  0.00851806  0.96734526 -0.25364764
 1674.9  1.11111111  0.96730794  0.00848950  0.96734520 -0.25364788
 1675.0  1.11111111  0.96730820  0.00846007  0.96734519 -0.25364794
 1675.1  1.11111111  0.96730848  0.00843071  0.96734522 -0.25364787
 1675.2  1.11111111  0.96730876  0.00840211  0.96734525 -0.25364767
 1675.3  1.11111111  0.96730910  0.00837504  0.96734535 -0.25364732
 1675.4  1.11111111  0.96730944  0.00835032  0.96734548 -0.25364684
 1675.5  1.11111111  0.96730977  0.00832858  0.96734563 -0.25364626
 1675.6  1.11111111  0.96731010  0.00831036  0.96734580 -0.25364560
 1675.7  1.11111111  0.96731040  0.00829605  0.96734598 -0.25364486
 1675.8  1.11111111  0.96731070  0.00828602  0.96734619 -0.25364407
 1675.9  1.11111111  0.96731096  0.00828054  0.96734640 -0.25364326
 1676.0  1.11111111  0.96731116  0.00827958  0.96734659 -0.25364246
 1676.1  1.11111111  0.96731133  0.00828307  0.96734680 -0.25364167
 1676.2  1.11111111  0.96731146  0.00829090  0.96734699 -0.25364092
 1676.3  1.11111111  0.96731153  0.00830276  0.96734716 -0.25364024
 1676.4  1.11111111  0.96731155  0.00831822  0.96734731 -0.25363964
 1676.5  1.11111111  0.96731151  0.00833675  0.96734743 -0.25363914
 1676.6  1.11111111  0.96731144  0.00835780  0.96734754 -0.25363874
 1676.7  1.11111111  0.96731131  0.00838081  0.96734761 -0.25363846
 1676.8  1.11111111  0.96731113  0.00840500  0.96734764 -0.25363831
 1676.9  1.11111111  0.96731092  0.00842967  0.96734765 -0.25363828
 1677.0  1.11111111  0.96731069  0.00845418  0.96734763 -0.25363837
 1677.1  1.11111111  0.96731043  0.00847784  0.96734758 -0.25363858
 1677.2  1.11111111  0.96731015  0.00849999  0.96734749 -0.25363891
 1677.3  1.11111111  0.96730986  0.00852001  0.96734738 -0.25363933
 1677.4  1.11111111  0.96730958  0.00853740  0.96734726 -0.25363984
 1677.5  1.11111111  0.96730931  0.00855178  0.96734711 -0.25364042
 1677.6  1.11111111  0.96730904  0.00856274  0.96734694 -0.25364105
 1677.7  1.11111111  0.96730881  0.00857003  0.96734678 -0.25364172
 1677.8  1.11111111  0.96730861  0.00857355  0.96734661 -0.25364239
 1677.9  1.11111111  0.96730845  0.00857328  0.96734644 -0.25364307
 1678.0  1.11111111  0.96730831  0.00856927  0.96734627 -0.25364372
 1678.1  1.11111111  0.96730822  0.00856169  0.96734611 -0.25364434
 1678.2  1.11111111  0.96730818  0.00855083  0.96734597 -0.25364489
 1678.3  1.11111111  0.96730818  0.00853710  0.96734586 -0.25364536
 1678.4  1.11111111  0.96730822  0.00852089  0.96734575 -0.25364577
 1678.5  1.11111111  0.96730830  0.00850268  0.96734567 -0.25364607
 1678.6  1.11111111  0.96730843  0.00848305  0.96734562 -0.25364627
 1678.7  1.11111111  0.96730858  0.00846259  0.96734560 -0.25364637
 1678.8  1.11111111  0.96730876  0.00844186  0.96734560 -0.25364637
 1678.9  1.11111111  0.96730896  0.00842144  0.96734562 -0.25364626
 1679.0  1.11111111  0.96730919  0.00840189  0.96734567 -0.25364605
 1679.1  1.11111111  0.96730942  0.00838378  0.96734575 -0.25364575
 1679.2  1.11111111  0.96730966  0.00836758  0.96734585 -0.25364538
 1679.3  1.11111111  0.96730988  0.00835367  0.96734595 -0.25364494
 1679.4  1.11111111  0.96731011  0.00834240  0.96734608 -0.25364443
 1679.5  1.11111111  0.96731033  0.00833409  0.96734623 -0.25364389
 1679.6  1.11111111  0.96731051  0.00832889  0.96734637 -0.25364333
 1679.7  1.11111111  0.96731067  0.00832686  0.96734651 -0.25364276
 1679.8  1.11111111  0.96731081  0.00832802  0.96734665 -0.25364220
 1679.9  1.11111111  0.96731091  0.00833229  0.96734680 -0.25364165
 1680.0  1.11111111  0.96731098  0.00833949  0.96734692 -0.25364115
 1680.1  1.11111111  0.96731100  0.00834936  0.96734703 -0.25364071
 1680.2  1.11111111  0.96731099  0.00836154  0.96734713 -0.25364032
 1680.3  1.11111111  0.96731096  0.00837570  0.96734722 -0.25364001
 1680.4  1.11111111  0.96731088  0.00839140  0.96734728 -0.25363978
 1680.5  1.11111111  0.96731077  0.00840815  0.96734731 -0.25363964
 1680.6  1.11111111  0.96731063  0.00842544  0.96734733 -0.25363958
 1680.7  1.11111111  0.96731048  0.00844283  0.96734732 -0.25363961
 1680.8  1.11111111  0.96731030  0.00845982  0.96734729 -0.25363972
 1680.9  1.11111111  0.96731010  0.00847592  0.96734724 -0.25363992
 1681.0  1.11111111  0.96730990  0.00849068  0.96734717 -0.25364019
 1681.1  1.11111111  0.96730971  0.00850374  0.96734709 -0.25364052
 1681.2  1.11111111  0.96730951  0.00851479  0.96734699 -0.25364091
 1681.3  1.11111111  0.96730932  0.00852353  0.96734687 -0.25364135
 1681.4  1.11111111  0.96730915  0.00852972  0.96734675 -0.25364181
 1681.5  1.11111111  0.96730900  0.00853328  0.96734664 -0.25364228
 1681.6  1.11111111  0.96730887  0.00853418  0.96734651 -0.25364276
 1681.7  1.11111111  0.96730876  0.00853241  0.96734639 -0.25364323
 1681.8  1.11111111  0.96730868  0.00852805  0.96734628 -0.25364368
 1681.9  1.11111111  0.96730864  0.00852129  0.96734617 -0.25364409
 1682.0  1.11111111  0.96730863  0.00851239  0.96734609 -0.25364444
 1682.1  1.11111111  0.96730865  0.00850164  0.96734601 -0.25364475
 1682.2  1.11111111  0.96730868  0.00848932  0.96734593 -0.25364500
 1682.3  1.11111111  0.96730877  0.00847581  0.96734590 -0.25364516
 1682.4  1.11111111  0.96730887  0.00846160  0.96734588 -0.25364526
 1682.5  1.11111111  0.96730898  0.00844704  0.96734586 -0.25364529
 1682.6  1.11111111  0.96730912  0.00843250  0.96734588 -0.25364525
 1682.7  1.11111111  0.96730928  0.00841843  0.96734591 -0.25364512
 1682.8  1.11111111  0.96730944  0.00840524  0.96734596 -0.25364494
 1682.9  1.11111111  0.96730961  0.00839327  0.96734602 -0.25364469
 1683.0  1.11111111  0.96730977  0.00838280  0.96734609 -0.25364440
 1683.1  1.11111111  0.96730994  0.00837409  0.96734618 -0.25364406
 1683.2  1.11111111  0.96731010  0.00836741  0.96734629 -0.25364368
 1683.3  1.11111111  0.96731023  0.00836290  0.96734638 -0.25364330
 1683.4  1.11111111  0.96731035  0.00836057  0.96734648 -0.25364290
 1683.5  1.11111111  0.96731046  0.00836049  0.96734659 -0.25364249
 1683.6  1.11111111  0.96731054  0.00836265  0.96734669 -0.25364211
 1683.7  1.11111111  0.96731059  0.00836693  0.96734678 -0.25364174
 1683.8  1.11111111  0.96731062  0.00837315  0.96734686 -0.25364142
 1683.9  1.11111111  0.96731062  0.00838108  0.96734693 -0.25364113
 1684.0  1.11111111  0.96731061  0.00839053  0.96734700 -0.25364088
 1684.1  1.11111111  0.96731056  0.00840120  0.96734704 -0.25364070
 1684.2  1.11111111  0.96731048  0.00841270  0.96734707 -0.25364058
 1684.3  1.11111111  0.96731040  0.00842473  0.96734709 -0.25364051
 1684.4  1.11111111  0.96731030  0.00843697  0.96734709 -0.25364050
 1684.5  1.11111111  0.96731017  0.00844907  0.96734707 -0.25364056
 1684.6  1.11111111  0.96731004  0.00846066  0.96734704 -0.25364068
 1684.7  1.11111111  0.96730990  0.00847142  0.96734700 -0.25364085
 1684.8  1.11111111  0.96730977  0.00848110  0.96734695 -0.25364106
 1684.9  1.11111111  0.96730963  0.00848947  0.96734688 -0.25364132
 1685.0  1.11111111  0.96730949  0.00849627  0.96734680 -0.25364162
 1685.1  1.11111111  0.96730936  0.00850135  0.96734672 -0.25364194
 1685.2  1.11111111  0.96730925  0.00850462  0.96734664 -0.25364226
 1685.3  1.11111111  0.96730916  0.00850603  0.96734656 -0.25364260
 1685.4  1.11111111  0.96730907  0.00850556  0.96734647 -0.25364293
 1685.5  1.11111111  0.96730901  0.00850326  0.96734639 -0.25364325
 1685.6  1.11111111  0.96730897  0.00849923  0.96734631 -0.25364355
 1685.7  1.11111111  0.96730896  0.00849363  0.96734625 -0.25364382
 1685.8  1.11111111  0.96730896  0.00848663  0.96734619 -0.25364405
 1685.9  1.11111111  0.96730898  0.00847845  0.96734614 -0.25364424
 1686.0  1.11111111  0.96730903  0.00846934  0.96734610 -0.25364438
 1686.1  1.11111111  0.96730909  0.00845957  0.96734608 -0.25364447
 1686.2  1.11111111  0.96730917  0.00844943  0.96734607 -0.25364451
 1686.3  1.11111111  0.96730926  0.00843921  0.96734607 -0.25364450
 1686.4  1.11111111  0.96730936  0.00842919  0.96734609 -0.25364444
 1686.5  1.11111111  0.96730947  0.00841964  0.96734611 -0.25364433
 1686.6  1.11111111  0.96730959  0.00841083  0.96734615 -0.25364418
 1686.7  1.11111111  0.96730970  0.00840297  0.96734620 -0.25364399
 1686.8  1.11111111  0.96730982  0.00839627  0.96734626 -0.25364377
 1686.9  1.11111111  0.96730993  0.00839090  0.96734632 -0.25364352
 1687.0  1.11111111  0.96731003  0.00838696  0.96734639 -0.25364325
 1687.1  1.11111111  0.96731012  0.00838456  0.96734646 -0.25364297
 1687.2  1.11111111  0.96731020  0.00838375  0.96734653 -0.25364269
 1687.3  1.11111111  0.96731027  0.00838451  0.96734660 -0.25364241
 1687.4  1.11111111  0.96731031  0.00838676  0.96734667 -0.25364215
 1687.5  1.11111111  0.96731034  0.00839044  0.96734673 -0.25364190
 1687.6  1.11111111  0.96731036  0.00839541  0.96734679 -0.25364168
 1687.7  1.11111111  0.96731035  0.00840151  0.96734683 -0.25364150
 1687.8  1.11111111  0.96731033  0.00840854  0.96734687 -0.25364135
 1687.9  1.11111111  0.96731029  0.00841634  0.96734690 -0.25364124
 1688.0  1.11111111  0.96731023  0.00842467  0.96734692 -0.25364117
 1688.1  1.11111111  0.96731017  0.00843327  0.96734693 -0.25364114
 1688.2  1.11111111  0.96731009  0.00844189  0.96734692 -0.25364116
 1688.3  1.11111111  0.96731000  0.00845029  0.96734691 -0.25364122
 1688.4  1.11111111  0.96730990  0.00845824  0.96734688 -0.25364132
 1688.5  1.11111111  0.96730980  0.00846553  0.96734685 -0.25364146
 1688.6  1.11111111  0.96730970  0.00847196  0.96734680 -0.25364163
 1688.7  1.11111111  0.96730961  0.00847737  0.96734675 -0.25364182
 1688.8  1.11111111  0.96730951  0.00848161  0.96734670 -0.25364204
 1688.9  1.11111111  0.96730943  0.00848459  0.96734664 -0.25364227
 1689.0  1.11111111  0.96730935  0.00848625  0.96734658 -0.25364251
 1689.1  1.11111111  0.96730929  0.00848657  0.96734652 -0.25364275
 1689.2  1.11111111  0.96730924  0.00848556  0.96734646 -0.25364298
 1689.3  1.11111111  0.96730920  0.00848328  0.96734640 -0.25364320
 1689.4  1.11111111  0.96730918  0.00847981  0.96734635 -0.25364340
 1689.5  1.11111111  0.96730918  0.00847527  0.96734630 -0.25364358
 1689.6  1.11111111  0.96730919  0.00846982  0.96734627 -0.25364373
 1689.7  1.11111111  0.96730921  0.00846361  0.96734624 -0.25364384
 1689.8  1.11111111  0.96730925  0.00845684  0.96734622 -0.25364392
 1689.9  1.11111111  0.96730930  0.00844971  0.96734620 -0.25364397
 1690.0  1.11111111  0.96730936  0.00844243  0.96734620 -0.25364398
 1690.1  1.11111111  0.96730943  0.00843520  0.96734621 -0.25364395
 1690.2  1.11111111  0.96730951  0.00842824  0.96734623 -0.25364389
 1690.3  1.11111111  0.96730959  0.00842172  0.96734625 -0.25364379
 1690.4  1.11111111  0.96730967  0.00841583  0.96734628 -0.25364367
 1690.5  1.11111111  0.96730976  0.00841071  0.96734632 -0.25364352
 1690.6  1.11111111  0.96730984  0.00840650  0.96734636 -0.25364335
 1690.7  1.11111111  0.96730991  0.00840329  0.96734641 -0.25364316
 1690.8  1.11111111  0.96730998  0.00840117  0.96734646 -0.25364296
 1690.9  1.11111111  0.96731004  0.00840016  0.96734651 -0.25364276
 1691.0  1.11111111  0.96731009  0.00840028  0.96734657 -0.25364256
 1691.1  1.11111111  0.96731013  0.00840150  0.96734661 -0.25364237
 1691.2  1.11111111  0.96731016  0.00840376  0.96734666 -0.25364219
 1691.3  1.11111111  0.96731017  0.00840699  0.96734670 -0.25364203
 1691.4  1.11111111  0.96731017  0.00841107  0.96734674 -0.25364189
 1691.5  1.11111111  0.96731016  0.00841588  0.96734677 -0.25364177
 1691.6  1.11111111  0.96731013  0.00842127  0.96734679 -0.25364168
 1691.7  1.11111111  0.96731010  0.00842707  0.96734680 -0.25364162
 1691.8  1.11111111  0.96731005  0.00843312  0.96734681 -0.25364160
 1691.9  1.11111111  0.96731000  0.00843923  0.96734681 -0.25364160
 1692.0  1.11111111  0.96730993  0.00844523  0.96734680 -0.25364163
 1692.1  1.11111111  0.96730987  0.00845097  0.96734678 -0.25364170
 1692.2  1.11111111  0.96730980  0.00845628  0.96734676 -0.25364178
 1692.3  1.11111111  0.96730973  0.00846102  0.96734673 -0.25364190
 1692.4  1.11111111  0.96730966  0.00846508  0.96734670 -0.25364203
 1692.5  1.11111111  0.96730959  0.00846834  0.96734666 -0.25364218
 1692.6  1.11111111  0.96730953  0.00847073  0.96734662 -0.25364234
 1692.7  1.11111111  0.96730948  0.00847221  0.96734658 -0.25364250
 1692.8  1.11111111  0.96730943  0.00847275  0.96734654 -0.25364267
 1692.9  1.11111111  0.96730939  0.00847234  0.96734649 -0.25364284
 1693.0  1.11111111  0.96730936  0.00847098  0.96734645 -0.25364299
 1693.1  1.11111111  0.96730934  0.00846882  0.96734642 -0.25364314
 1693.2  1.11111111  0.96730934  0.00846589  0.96734638 -0.25364327
 1693.3  1.11111111  0.96730934  0.00846227  0.96734636 -0.25364338
 1693.4  1.11111111  0.96730936  0.00845809  0.96734633 -0.25364347
 1693.5  1.11111111  0.96730938  0.00845347  0.96734632 -0.25364354
 1693.6  1.11111111  0.96730941  0.00844855  0.96734630 -0.25364358
 1693.7  1.11111111  0.96730945  0.00844346  0.96734630 -0.25364360
 1693.8  1.11111111  0.96730950  0.00843836  0.96734630 -0.25364359
 1693.9  1.11111111  0.96730955  0.00843338  0.96734631 -0.25364355
 1694.0  1.11111111  0.96730961  0.00842868  0.96734633 -0.25364349
 1694.1  1.11111111  0.96730966  0.00842436  0.96734635 -0.25364341
 1694.2  1.11111111  0.96730972  0.00842054  0.96734637 -0.25364331
 1694.3  1.11111111  0.96730978  0.00841733  0.96734640 -0.25364320
 1694.4  1.11111111  0.96730984  0.00841480  0.96734644 -0.25364307
 1694.5  1.11111111  0.96730988  0.00841301  0.96734647 -0.25364293
 1694.6  1.11111111  0.96730993  0.00841199  0.96734650 -0.25364279
 1694.7  1.11111111  0.96730997  0.00841176  0.96734654 -0.25364265
 1694.8  1.11111111  0.96731000  0.00841232  0.96734658 -0.25364252
 1694.9  1.11111111  0.96731002  0.00841363  0.96734661 -0.25364238
 1695.0  1.11111111  0.96731003  0.00841564  0.96734664 -0.25364227
 1695.1  1.11111111  0.96731003  0.00841829  0.96734667 -0.25364216
 1695.2  1.11111111  0.96731003  0.00842147  0.96734669 -0.25364207
 1695.3  1.11111111  0.96731002  0.00842511  0.96734671 -0.25364200
 1695.4  1.11111111  0.96731000  0.00842909  0.96734672 -0.25364195
 1695.5  1.11111111  0.96730997  0.00843329  0.96734673 -0.25364192
 1695.6  1.11111111  0.96730993  0.00843759  0.96734673 -0.25364192
 1695.7  1.11111111  0.96730989  0.00844186  0.96734672 -0.25364193
 1695.8  1.11111111  0.96730984  0.00844599  0.96734672 -0.25364197
 1695.9  1.11111111  0.96730980  0.00844987  0.96734670 -0.25364202
 1696.0  1.11111111  0.96730975  0.00845340  0.96734668 -0.25364209
 1696.1  1.11111111  0.96730970  0.00845646  0.96734666 -0.25364218
 1696.2  1.11111111  0.96730965  0.00845900  0.96734664 -0.25364228
 1696.3  1.11111111  0.96730961  0.00846095  0.96734661 -0.25364239
 1696.4  1.11111111  0.96730956  0.00846227  0.96734658 -0.25364251
 1696.5  1.11111111  0.96730953  0.00846293  0.96734655 -0.25364263
 1696.6  1.11111111  0.96730950  0.00846292  0.96734652 -0.25364274
 1696.7  1.11111111  0.96730947  0.00846226  0.96734649 -0.25364286
 1696.8  1.11111111  0.96730946  0.00846097  0.96734646 -0.25364297
 1696.9  1.11111111  0.96730945  0.00845912  0.96734644 -0.25364306
 1697.0  1.11111111  0.96730945  0.00845675  0.96734641 -0.25364315
 1697.1  1.11111111  0.96730945  0.00845394  0.96734640 -0.25364322
 1697.2  1.11111111  0.96730947  0.00845078  0.96734638 -0.25364327
 1697.3  1.11111111  0.96730949  0.00844736  0.96734637 -0.25364331
 1697.4  1.11111111  0.96730952  0.00844379  0.96734637 -0.25364333
 1697.5  1.11111111  0.96730955  0.00844017  0.96734637 -0.25364333
 1697.6  1.11111111  0.96730958  0.00843660  0.96734637 -0.25364331
 1697.7  1.11111111  0.96730962  0.00843317  0.96734638 -0.25364328
 1697.8  1.11111111  0.96730966  0.00842998  0.96734639 -0.25364322
 1697.9  1.11111111  0.96730970  0.00842712  0.96734641 -0.25364316
 1698.0  1.11111111  0.96730975  0.00842467  0.96734643 -0.25364308
 1698.1  1.11111111  0.96730979  0.00842271  0.96734645 -0.25364299
 1698.2  1.11111111  0.96730982  0.00842123  0.96734648 -0.25364290
 1698.3  1.11111111  0.96730986  0.00842029  0.96734650 -0.25364280
 1698.4  1.11111111  0.96730988  0.00841991  0.96734653 -0.25364270
 1698.5  1.11111111  0.96730991  0.00842007  0.96734655 -0.25364260
 1698.6  1.11111111  0.96730993  0.00842077  0.96734658 -0.25364251
 1698.7  1.11111111  0.96730994  0.00842197  0.96734660 -0.25364242
 1698.8  1.11111111  0.96730994  0.00842364  0.96734662 -0.25364235
 1698.9  1.11111111  0.96730994  0.00842571  0.96734664 -0.25364228
 1699.0  1.11111111  0.96730994  0.00842814  0.96734665 -0.25364222
 1699.1  1.11111111  0.96730992  0.00843085  0.96734666 -0.25364218
 1699.2  1.11111111  0.96730990  0.00843376  0.96734667 -0.25364215
 1699.3  1.11111111  0.96730988  0.00843678  0.96734667 -0.25364214
 1699.4  1.11111111  0.96730985  0.00843982  0.96734667 -0.25364214
 1699.5  1.11111111  0.96730982  0.00844280  0.96734667 -0.25364216
 1699.6  1.11111111  0.96730979  0.00844564  0.96734666 -0.25364220
 1699.7  1.11111111  0.96730975  0.00844825  0.96734665 -0.25364224
 1699.8  1.11111111  0.96730972  0.00845058  0.96734663 -0.25364230
 1699.9  1.11111111  0.96730968  0.00845255  0.96734661 -0.25364237
 1700.0  1.11111111  0.96730965  0.00845412  0.96734659 -0.25364244
 1700.1  1.11111111  0.96730962  0.00845525  0.96734657 -0.25364252
 1700.2  1.11111111  0.96730959  0.00845592  0.96734655 -0.25364261
 1700.3  1.11111111  0.96730957  0.00845612  0.96734653 -0.25364269
 1700.4  1.11111111  0.96730955  0.00845584  0.96734651 -0.25364277
 1700.5  1.11111111  0.96730954  0.00845510  0.96734649 -0.25364285
 1700.6  1.11111111  0.96730953  0.00845397  0.96734647 -0.25364292
 1700.7  1.11111111  0.96730953  0.00845246  0.96734646 -0.25364298
 1700.8  1.11111111  0.96730953  0.00845062  0.96734644 -0.25364304
 1700.9  1.11111111  0.96730954  0.00844850  0.96734643 -0.25364308
 1701.0  1.11111111  0.96730955  0.00844617  0.96734642 -0.25364311
 1701.1  1.11111111  0.96730957  0.00844372  0.96734642 -0.25364313
 1701.2  1.11111111  0.96730959  0.00844120  0.96734642 -0.25364314
 1701.3  1.11111111  0.96730961  0.00843868  0.96734642 -0.25364313
 1701.4  1.11111111  0.96730964  0.00843626  0.96734643 -0.25364311
 1701.5  1.11111111  0.96730967  0.00843401  0.96734643 -0.25364308
 1701.6  1.11111111  0.96730969  0.00843193  0.96734644 -0.25364304
 1701.7  1.11111111  0.96730972  0.00843009  0.96734646 -0.25364299
 1701.8  1.11111111  0.96730975  0.00842856  0.96734647 -0.25364293
 1701.9  1.11111111  0.96730978  0.00842735  0.96734649 -0.25364287
 1702.0  1.11111111  0.96730980  0.00842650  0.96734650 -0.25364280
 1702.1  1.11111111  0.96730982  0.00842603  0.96734652 -0.25364273
 1702.2  1.11111111  0.96730984  0.00842594  0.96734654 -0.25364266
 1702.3  1.11111111  0.96730986  0.00842623  0.96734656 -0.25364260
 1702.4  1.11111111  0.96730987  0.00842690  0.96734657 -0.25364253
 1702.5  1.11111111  0.96730987  0.00842790  0.96734659 -0.25364247
 1702.6  1.11111111  0.96730987  0.00842922  0.96734660 -0.25364242
 1702.7  1.11111111  0.96730987  0.00843080  0.96734661 -0.25364238
 1702.8  1.11111111  0.96730986  0.00843260  0.96734662 -0.25364235
 1702.9  1.11111111  0.96730985  0.00843456  0.96734663 -0.25364232
 1703.0  1.11111111  0.96730984  0.00843663  0.96734663 -0.25364231
 1703.1  1.11111111  0.96730982  0.00843874  0.96734663 -0.25364231
 1703.2  1.11111111  0.96730980  0.00844084  0.96734663 -0.25364231
 1703.3  1.11111111  0.96730978  0.00844287  0.96734662 -0.25364233
 1703.4  1.11111111  0.96730975  0.00844478  0.96734662 -0.25364236
 1703.5  1.11111111  0.96730973  0.00844650  0.96734661 -0.25364240
 1703.6  1.11111111  0.96730971  0.00844800  0.96734660 -0.25364244
 1703.7  1.11111111  0.96730968  0.00844924  0.96734658 -0.25364249
 1703.8  1.11111111  0.96730966  0.00845018  0.96734657 -0.25364254
 1703.9  1.11111111  0.96730964  0.00845082  0.96734655 -0.25364260
 1704.0  1.11111111  0.96730962  0.00845113  0.96734654 -0.25364266
 1704.1  1.11111111  0.96730961  0.00845111  0.96734652 -0.25364272
 1704.2  1.11111111  0.96730960  0.00845077  0.96734651 -0.25364277
 1704.3  1.11111111  0.96730959  0.00845013  0.96734650 -0.25364283
 1704.4  1.11111111  0.96730958  0.00844920  0.96734648 -0.25364287
 1704.5  1.11111111  0.96730958  0.00844801  0.96734647 -0.25364292
 1704.6  1.11111111  0.96730959  0.00844662  0.96734647 -0.25364295
 1704.7  1.11111111  0.96730959  0.00844505  0.96734646 -0.25364298
 1704.8  1.11111111  0.96730960  0.00844335  0.96734645 -0.25364299
 1704.9  1.11111111  0.96730962  0.00844158  0.96734645 -0.25364300
 1705.0  1.11111111  0.96730963  0.00843978  0.96734645 -0.25364300
 1705.1  1.11111111  0.96730965  0.00843801  0.96734645 -0.25364300
 1705.2  1.11111111  0.96730967  0.00843631  0.96734646 -0.25364298
 1705.3  1.11111111  0.96730969  0.00843473  0.96734646 -0.25364295
 1705.4  1.11111111  0.96730971  0.00843331  0.96734647 -0.25364292
 1705.5  1.11111111  0.96730973  0.00843208  0.96734648 -0.25364288
 1705.6  1.11111111  0.96730975  0.00843108  0.96734649 -0.25364284
 1705.7  1.11111111  0.96730977  0.00843033  0.96734651 -0.25364279
 1705.8  1.11111111  0.96730979  0.00842986  0.96734652 -0.25364274
 1705.9  1.11111111  0.96730980  0.00842965  0.96734653 -0.25364269
 1706.0  1.11111111  0.96730981  0.00842973  0.96734654 -0.25364264
 1706.1  1.11111111  0.96730982  0.00843008  0.96734656 -0.25364259
 1706.2  1.11111111  0.96730983  0.00843069  0.96734657 -0.25364255
 1706.3  1.11111111  0.96730983  0.00843154  0.96734658 -0.25364251
 1706.4  1.11111111  0.96730983  0.00843260  0.96734659 -0.25364248
 1706.5  1.11111111  0.96730983  0.00843383  0.96734659 -0.25364245
 1706.6  1.11111111  0.96730982  0.00843521  0.96734660 -0.25364243
 1706.7  1.11111111  0.96730981  0.00843669  0.96734660 -0.25364241
 1706.8  1.11111111  0.96730980  0.00843822  0.96734660 -0.25364241
 1706.9  1.11111111  0.96730979  0.00843977  0.96734660 -0.25364241
 1707.0  1.11111111  0.96730977  0.00844129  0.96734660 -0.25364242
 1707.1  1.11111111  0.96730975  0.00844273  0.96734660 -0.25364243
 1707.2  1.11111111  0.96730974  0.00844407  0.96734659 -0.25364246
 1707.3  1.11111111  0.96730972  0.00844526  0.96734658 -0.25364249
 1707.4  1.11111111  0.96730970  0.00844627  0.96734657 -0.25364252
 1707.5  1.11111111  0.96730968  0.00844708  0.96734656 -0.25364256
 1707.6  1.11111111  0.96730967  0.00844768  0.96734655 -0.25364260
 1707.7  1.11111111  0.96730965  0.00844803  0.96734654 -0.25364264
 1707.8  1.11111111  0.96730964  0.00844815  0.96734653 -0.25364269
 1707.9  1.11111111  0.96730963  0.00844802  0.96734652 -0.25364273
 1708.0  1.11111111  0.96730962  0.00844767  0.96734651 -0.25364277
 1708.1  1.11111111  0.96730962  0.00844709  0.96734650 -0.25364281
 1708.2  1.11111111  0.96730962  0.00844632  0.96734649 -0.25364284
 1708.3  1.11111111  0.96730962  0.00844536  0.96734649 -0.25364287
 1708.4  1.11111111  0.96730962  0.00844427  0.96734648 -0.25364289
 1708.5  1.11111111  0.96730963  0.00844306  0.96734648 -0.25364291
 1708.6  1.11111111  0.96730964  0.00844177  0.96734647 -0.25364292
 1708.7  1.11111111  0.96730965  0.00844044  0.96734647 -0.25364292
 1708.8  1.11111111  0.96730966  0.00843911  0.96734647 -0.25364292
 1708.9  1.11111111  0.96730968  0.00843782  0.96734648 -0.25364291
 1709.0  1.11111111  0.96730969  0.00843659  0.96734648 -0.25364289
 1709.1  1.11111111  0.96730971  0.00843547  0.96734649 -0.25364287
 1709.2  1.11111111  0.96730972  0.00843447  0.96734649 -0.25364285
 1709.3  1.11111111  0.96730974  0.00843364  0.96734650 -0.25364282
 1709.4  1.11111111  0.96730975  0.00843298  0.96734651 -0.25364278
 1709.5  1.11111111  0.96730976  0.00843252  0.96734652 -0.25364275
 1709.6  1.11111111  0.96730977  0.00843225  0.96734653 -0.25364271
 1709.7  1.11111111  0.96730978  0.00843220  0.96734654 -0.25364267
 1709.8  1.11111111  0.96730979  0.00843235  0.96734655 -0.25364264
 1709.9  1.11111111  0.96730980  0.00843271  0.96734655 -0.25364260
 1710.0  1.11111111  0.96730980  0.00843324  0.96734656 -0.25364257
 1710.1  1.11111111  0.96730980  0.00843394  0.96734657 -0.25364254
 1710.2  1.11111111  0.96730980  0.00843479  0.96734658 -0.25364252
 1710.3  1.11111111  0.96730980  0.00843576  0.96734658 -0.25364250
 1710.4  1.11111111  0.96730979  0.00843682  0.96734658 -0.25364249
 1710.5  1.11111111  0.96730978  0.00843794  0.96734659 -0.25364248
 1710.6  1.11111111  0.96730977  0.00843909  0.96734659 -0.25364248
 1710.7  1.11111111  0.96730976  0.00844024  0.96734658 -0.25364248
 1710.8  1.11111111  0.96730975  0.00844135  0.96734658 -0.25364249
 1710.9  1.11111111  0.96730974  0.00844239  0.96734658 -0.25364251
 1711.0  1.11111111  0.96730972  0.00844334  0.96734657 -0.25364252
 1711.1  1.11111111  0.96730971  0.00844417  0.96734657 -0.25364255
 1711.2  1.11111111  0.96730970  0.00844486  0.96734656 -0.25364258
 1711.3  1.11111111  0.96730969  0.00844539  0.96734655 -0.25364260
 1711.4  1.11111111  0.96730968  0.00844575  0.96734655 -0.25364264
 1711.5  1.11111111  0.96730967  0.00844593  0.96734654 -0.25364267
 1711.6  1.11111111  0.96730966  0.00844594  0.96734653 -0.25364270
 1711.7  1.11111111  0.96730965  0.00844577  0.96734652 -0.25364273
 1711.8  1.11111111  0.96730965  0.00844543  0.96734651 -0.25364276
 1711.9  1.11111111  0.96730964  0.00844493  0.96734651 -0.25364279
 1712.0  1.11111111  0.96730964  0.00844430  0.96734650 -0.25364281
 1712.1  1.11111111  0.96730965  0.00844356  0.96734650 -0.25364283
 1712.2  1.11111111  0.96730965  0.00844272  0.96734649 -0.25364284
 1712.3  1.11111111  0.96730965  0.00844181  0.96734649 -0.25364285
 1712.4  1.11111111  0.96730966  0.00844086  0.96734649 -0.25364286
 1712.5  1.11111111  0.96730967  0.00843989  0.96734649 -0.25364286
 1712.6  1.11111111  0.96730968  0.00843893  0.96734649 -0.25364286
 1712.7  1.11111111  0.96730969  0.00843800  0.96734649 -0.25364285
 1712.8  1.11111111  0.96730970  0.00843714  0.96734649 -0.25364284
 1712.9  1.11111111  0.96730971  0.00843634  0.96734650 -0.25364282
 1713.0  1.11111111  0.96730972  0.00843563  0.96734650 -0.25364280
 1713.1  1.11111111  0.96730973  0.00843505  0.96734651 -0.25364278
 1713.2  1.11111111  0.96730974  0.00843458  0.96734652 -0.25364275
 1713.3  1.11111111  0.96730975  0.00843426  0.96734652 -0.25364272
 1713.4  1.11111111  0.96730976  0.00843410  0.96734653 -0.25364270
 1713.5  1.11111111  0.96730977  0.00843408  0.96734654 -0.25364267
 1713.6  1.11111111  0.96730977  0.00843423  0.96734654 -0.25364264
 1713.7  1.11111111  0.96730978  0.00843452  0.96734655 -0.25364262
 1713.8  1.11111111  0.96730978  0.00843494  0.96734656 -0.25364259
 1713.9  1.11111111  0.96730978  0.00843549  0.96734656 -0.25364257
 1714.0  1.11111111  0.96730978  0.00843615  0.96734657 -0.25364256
 1714.1  1.11111111  0.96730978  0.00843690  0.96734657 -0.25364254
 1714.2  1.11111111  0.96730977  0.00843771  0.96734657 -0.25364253
 1714.3  1.11111111  0.96730977  0.00843857  0.96734657 -0.25364253
 1714.4  1.11111111  0.96730976  0.00843944  0.96734657 -0.25364253
 1714.5  1.11111111  0.96730975  0.00844032  0.96734657 -0.25364253
 1714.6  1.11111111  0.96730974  0.00844116  0.96734657 -0.25364254
 1714.7  1.11111111  0.96730973  0.00844194  0.96734657 -0.25364255
 1714.8  1.11111111  0.96730972  0.00844264  0.96734656 -0.25364257
 1714.9  1.11111111  0.96730971  0.00844325  0.96734656 -0.25364259
 1715.0  1.11111111  0.96730970  0.00844373  0.96734655 -0.25364261
 1715.1  1.11111111  0.96730969  0.00844409  0.96734655 -0.25364263
 1715.2  1.11111111  0.96730968  0.00844431  0.96734654 -0.25364266
 1715.3  1.11111111  0.96730968  0.00844439  0.96734653 -0.25364268
 1715.4  1.11111111  0.96730967  0.00844433  0.96734653 -0.25364271
 1715.5  1.11111111  0.96730967  0.00844413  0.96734652 -0.25364273
 1715.6  1.11111111  0.96730966  0.00844381  0.96734652 -0.25364275
 1715.7  1.11111111  0.96730966  0.00844337  0.96734651 -0.25364277
 1715.8  1.11111111  0.96730966  0.00844283  0.96734651 -0.25364279
 1715.9  1.11111111  0.96730966  0.00844220  0.96734650 -0.25364280
 1716.0  1.11111111  0.96730967  0.00844150  0.96734650 -0.25364281
 1716.1  1.11111111  0.96730967  0.00844075  0.96734650 -0.25364282
 1716.2  1.11111111  0.96730968  0.00843999  0.96734650 -0.25364282
 1716.3  1.11111111  0.96730969  0.00843923  0.96734650 -0.25364282
 1716.4  1.11111111  0.96730969  0.00843849  0.96734650 -0.25364281
 1716.5  1.11111111  0.96730970  0.00843779  0.96734650 -0.25364280
 1716.6  1.11111111  0.96730971  0.00843715  0.96734651 -0.25364279
 1716.7  1.11111111  0.96730972  0.00843659  0.96734651 -0.25364277
 1716.8  1.11111111  0.96730973  0.00843613  0.96734652 -0.25364275
 1716.9  1.11111111  0.96730974  0.00843578  0.96734652 -0.25364273
 1717.0  1.11111111  0.96730974  0.00843554  0.96734653 -0.25364271
 1717.1  1.11111111  0.96730975  0.00843543  0.96734653 -0.25364269
 1717.2  1.11111111  0.96730976  0.00843544  0.96734654 -0.25364267
 1717.3  1.11111111  0.96730976  0.00843557  0.96734654 -0.25364265
 1717.4  1.11111111  0.96730976  0.00843581  0.96734655 -0.25364263
 1717.5  1.11111111  0.96730976  0.00843617  0.96734655 -0.25364261
 1717.6  1.11111111  0.96730976  0.00843662  0.96734656 -0.25364260
 1717.7  1.11111111  0.96730976  0.00843715  0.96734656 -0.25364259
 1717.8  1.11111111  0.96730976  0.00843774  0.96734656 -0.25364258
 1717.9  1.11111111  0.96730976  0.00843838  0.96734656 -0.25364257
 1718.0  1.11111111  0.96730975  0.00843904  0.96734656 -0.25364257
 1718.1  1.11111111  0.96730975  0.00843970  0.96734656 -0.25364257
 1718.2  1.11111111  0.96730974  0.00844035  0.96734656 -0.25364257
 1718.3  1.11111111  0.96730973  0.00844097  0.96734656 -0.25364258
 1718.4  1.11111111  0.96730972  0.00844153  0.96734656 -0.25364259
 1718.5  1.11111111  0.96730972  0.00844203  0.96734655 -0.25364260
 1718.6  1.11111111  0.96730971  0.00844245  0.96734655 -0.25364262
 1718.7  1.11111111  0.96730970  0.00844277  0.96734655 -0.25364264
 1718.8  1.11111111  0.96730970  0.00844299  0.96734654 -0.25364265
 1718.9  1.11111111  0.96730969  0.00844311  0.96734654 -0.25364267
 1719.0  1.11111111  0.96730968  0.00844312  0.96734653 -0.25364269
 1719.1  1.11111111  0.96730968  0.00844303  0.96734653 -0.25364271
 1719.2  1.11111111  0.96730968  0.00844284  0.96734652 -0.25364273
 1719.3  1.11111111  0.96730968  0.00844255  0.96734652 -0.25364274
 1719.4  1.11111111  0.96730968  0.00844218  0.96734652 -0.25364275
 1719.5  1.11111111  0.96730968  0.00844174  0.96734651 -0.25364277
 1719.6  1.11111111  0.96730968  0.00844125  0.96734651 -0.25364277
 1719.7  1.11111111  0.96730968  0.00844071  0.96734651 -0.25364278
 1719.8  1.11111111  0.96730969  0.00844015  0.96734651 -0.25364278
 1719.9  1.11111111  0.96730969  0.00843959  0.96734651 -0.25364278
 1720.0  1.11111111  0.96730970  0.00843903  0.96734651 -0.25364278
 1720.1  1.11111111  0.96730970  0.00843850  0.96734651 -0.25364277
 1720.2  1.11111111  0.96730971  0.00843801  0.96734651 -0.25364276
 1720.3  1.11111111  0.96730972  0.00843758  0.96734652 -0.25364275
 1720.4  1.11111111  0.96730972  0.00843721  0.96734652 -0.25364274
 1720.5  1.11111111  0.96730973  0.00843691  0.96734652 -0.25364273
 1720.6  1.11111111  0.96730973  0.00843671  0.96734653 -0.25364271
 1720.7  1.11111111  0.96730974  0.00843658  0.96734653 -0.25364270
 1720.8  1.11111111  0.96730974  0.00843655  0.96734653 -0.25364268
 1720.9  1.11111111  0.96730975  0.00843660  0.96734654 -0.25364267
 1721.0  1.11111111  0.96730975  0.00843674  0.96734654 -0.25364265
 1721.1  1.11111111  0.96730975  0.00843696  0.96734655 -0.25364264
 1721.2  1.11111111  0.96730975  0.00843724  0.96734655 -0.25364263
 1721.3  1.11111111  0.96730975  0.00843759  0.96734655 -0.25364262
 1721.4  1.11111111  0.96730975  0.00843798  0.96734655 -0.25364261
 1721.5  1.11111111  0.96730975  0.00843842  0.96734655 -0.25364260
 1721.6  1.11111111  0.96730975  0.00843888  0.96734656 -0.25364260
 1721.7  1.11111111  0.96730974  0.00843935  0.96734656 -0.25364260
 1721.8  1.11111111  0.96730974  0.00843982  0.96734656 -0.25364260
 1721.9  1.11111111  0.96730973  0.00844028  0.96734655 -0.25364260
 1722.0  1.11111111  0.96730973  0.00844072  0.96734655 -0.25364261
 1722.1  1.11111111  0.96730972  0.00844111  0.96734655 -0.25364262
 1722.2  1.11111111  0.96730972  0.00844146  0.96734655 -0.25364263
 1722.3  1.11111111  0.96730971  0.00844175  0.96734654 -0.25364264
 1722.4  1.11111111  0.96730970  0.00844197  0.96734654 -0.25364265
 1722.5  1.11111111  0.96730970  0.00844213  0.96734654 -0.25364266
 1722.6  1.11111111  0.96730970  0.00844221  0.96734653 -0.25364268
 1722.7  1.11111111  0.96730969  0.00844222  0.96734653 -0.25364269
 1722.8  1.11111111  0.96730969  0.00844215  0.96734653 -0.25364270
 1722.9  1.11111111  0.96730969  0.00844201  0.96734652 -0.25364271
 1723.0  1.11111111  0.96730969  0.00844181  0.96734652 -0.25364273
 1723.1  1.11111111  0.96730969  0.00844155  0.96734652 -0.25364274
 1723.2  1.11111111  0.96730969  0.00844124  0.96734652 -0.25364274
 1723.3  1.11111111  0.96730969  0.00844089  0.96734652 -0.25364275
 1723.4  1.11111111  0.96730969  0.00844050  0.96734651 -0.25364275
 1723.5  1.11111111  0.96730969  0.00844010  0.96734651 -0.25364276
 1723.6  1.11111111  0.96730970  0.00843968  0.96734651 -0.25364276
 1723.7  1.11111111  0.96730970  0.00843927  0.96734651 -0.25364276
 1723.8  1.11111111  0.96730971  0.00843888  0.96734652 -0.25364275
 1723.9  1.11111111  0.96730971  0.00843851  0.96734652 -0.25364275
 1724.0  1.11111111  0.96730972  0.00843817  0.96734652 -0.25364274
 1724.1  1.11111111  0.96730972  0.00843788  0.96734652 -0.25364273
 1724.2  1.11111111  0.96730973  0.00843763  0.96734652 -0.25364272
 1724.3  1.11111111  0.96730973  0.00843744  0.96734653 -0.25364271
 1724.4  1.11111111  0.96730973  0.00843731  0.96734653 -0.25364270
 1724.5  1.11111111  0.96730974  0.00843724  0.96734653 -0.25364269
 1724.6  1.11111111  0.96730974  0.00843724  0.96734654 -0.25364268
 1724.7  1.11111111  0.96730974  0.00843731  0.96734654 -0.25364266
 1724.8  1.11111111  0.96730974  0.00843743  0.96734654 -0.25364265
 1724.9  1.11111111  0.96730974  0.00843760  0.96734654 -0.25364264
 1725.0  1.11111111  0.96730974  0.00843784  0.96734655 -0.25364264
 1725.1  1.11111111  0.96730974  0.00843812  0.96734655 -0.25364263
 1725.2  1.11111111  0.96730974  0.00843843  0.96734655 -0.25364262
 1725.3  1.11111111  0.96730974  0.00843877  0.96734655 -0.25364262
 1725.4  1.11111111  0.96730974  0.00843914  0.96734655 -0.25364262
 1725.5  1.11111111  0.96730973  0.00843951  0.96734655 -0.25364262
 1725.6  1.11111111  0.96730973  0.00843988  0.96734655 -0.25364262
 1725.7  1.11111111  0.96730973  0.00844024  0.96734655 -0.25364262
 1725.8  1.11111111  0.96730972  0.00844058  0.96734655 -0.25364263
 1725.9  1.11111111  0.96730972  0.00844089  0.96734655 -0.25364263
 1726.0  1.11111111  0.96730971  0.00844116  0.96734654 -0.25364264
 1726.1  1.11111111  0.96730971  0.00844139  0.96734654 -0.25364265
 1726.2  1.11111111  0.96730971  0.00844157  0.96734654 -0.25364266
 1726.3  1.11111111  0.96730970  0.00844169  0.96734654 -0.25364267
 1726.4  1.11111111  0.96730970  0.00844176  0.96734653 -0.25364268
 1726.5  1.11111111  0.96730970  0.00844176  0.96734653 -0.25364269
 1726.6  1.11111111  0.96730969  0.00844171  0.96734653 -0.25364270
 1726.7  1.11111111  0.96730969  0.00844160  0.96734653 -0.25364271
 1726.8  1.11111111  0.96730969  0.00844143  0.96734652 -0.25364272
 1726.9  1.11111111  0.96730969  0.00844122  0.96734652 -0.25364273
 1727.0  1.11111111  0.96730969  0.00844096  0.96734652 -0.25364273
 1727.1  1.11111111  0.96730969  0.00844067  0.96734652 -0.25364274
 1727.2  1.11111111  0.96730970  0.00844035  0.96734652 -0.25364274
 1727.3  1.11111111  0.96730970  0.00844001  0.96734652 -0.25364275
 1727.4  1.11111111  0.96730970  0.00843966  0.96734652 -0.25364275
 1727.5  1.11111111  0.96730970  0.00843931  0.96734652 -0.25364275
 1727.6  1.11111111  0.96730971  0.00843897  0.96734652 -0.25364274
 1727.7  1.11111111  0.96730971  0.00843865  0.96734652 -0.25364274
 1727.8  1.11111111  0.96730972  0.00843835  0.96734652 -0.25364273
 1727.9  1.11111111  0.96730972  0.00843810  0.96734652 -0.25364272
 1728.0  1.11111111  0.96730972  0.00843787  0.96734652 -0.25364272
 1728.1  1.11111111  0.96730973  0.00843770  0.96734653 -0.25364271
 1728.2  1.11111111  0.96730973  0.00843757  0.96734653 -0.25364270
 1728.3  1.11111111  0.96730973  0.00843752  0.96734653 -0.25364269
 1728.4  1.11111111  0.96730974  0.00843751  0.96734653 -0.25364268
 1728.5  1.11111111  0.96730974  0.00843755  0.96734654 -0.25364267
 1728.6  1.11111111  0.96730974  0.00843766  0.96734654 -0.25364266
 1728.7  1.11111111  0.96730974  0.00843781  0.96734654 -0.25364265
 1728.8  1.11111111  0.96730974  0.00843801  0.96734654 -0.25364264
 1728.9  1.11111111  0.96730974  0.00843825  0.96734655 -0.25364263
 1729.0  1.11111111  0.96730974  0.00843853  0.96734655 -0.25364263
 1729.1  1.11111111  0.96730974  0.00843883  0.96734655 -0.25364263
 1729.2  1.11111111  0.96730974  0.00843916  0.96734655 -0.25364262
 1729.3  1.11111111  0.96730973  0.00843949  0.96734655 -0.25364262
 1729.4  1.11111111  0.96730973  0.00843983  0.96734655 -0.25364262
 1729.5  1.11111111  0.96730973  0.00844015  0.96734655 -0.25364263
 1729.6  1.11111111  0.96730972  0.00844046  0.96734655 -0.25364263
 1729.7  1.11111111  0.96730972  0.00844075  0.96734655 -0.25364264
 1729.8  1.11111111  0.96730972  0.00844100  0.96734654 -0.25364264
 1729.9  1.11111111  0.96730971  0.00844121  0.96734654 -0.25364265
 1730.0  1.11111111  0.96730971  0.00844139  0.96734654 -0.25364266
 1730.1  1.11111111  0.96730970  0.00844151  0.96734654 -0.25364267
 1730.2  1.11111111  0.96730970  0.00844158  0.96734653 -0.25364268
