 # TIME  LP  TMAB  TMDS  TMPC  TMZ
 4339.4  1.11111111  0.96735499  0.00247131  0.96735814 -0.25367937
 4339.5  1.11111111  0.96736440  0.00054021  0.96736455 -0.25365440
 4339.6  1.11111111  0.96737540 -0.00118880  0.96737613 -0.25360803
 4339.7  1.11111111  0.96738868 -0.00260465  0.96739219 -0.25354362
 4339.8  1.11111111  0.96740490 -0.00361833  0.96741166 -0.25346570
 4339.9  1.11111111  0.96742426 -0.00416879  0.96743324 -0.25337968
 4340.0  1.11111111  0.96744606 -0.00422689  0.96745529 -0.25329152
 4340.1  1.11111111  0.96746886 -0.00379771  0.96747632 -0.25320717
 4340.2  1.11111111  0.96749071 -0.00291825  0.96749511 -0.25313202
 4340.3  1.11111111  0.96750903 -0.00165419  0.96751045 -0.25307096
 4340.4  1.11111111  0.96752131 -0.00009608  0.96752131 -0.25302786
 4340.5  1.11111111  0.96752559  0.00164714  0.96752700 -0.25300537
 4340.6  1.11111111  0.96752105  0.00345545  0.96752722 -0.25300466
 4340.7  1.11111111  0.96750814  0.00520673  0.96752215 -0.25302539
 4340.8  1.11111111  0.96748836  0.00678482  0.96751215 -0.25306586
 4340.9  1.11111111  0.96746411  0.00808665  0.96749790 -0.25312311
 4341.0  1.11111111  0.96743828  0.00902902  0.96748041 -0.25319305
 4341.1  1.11111111  0.96741377  0.00955416  0.96746094 -0.25327072
 4341.2  1.11111111  0.96739293  0.00963377  0.96744090 -0.25335071
 4341.3  1.11111111  0.96737715  0.00927017  0.96742156 -0.25342764
 4341.4  1.11111111  0.96736688  0.00849507  0.96740418 -0.25349643
 4341.5  1.11111111  0.96736188  0.00736725  0.96738993 -0.25355253
 4341.6  1.11111111  0.96736136  0.00596858  0.96737978 -0.25359235
 4341.7  1.11111111  0.96736431  0.00439785  0.96737430 -0.25361354
 4341.8  1.11111111  0.96736980  0.00276332  0.96737374 -0.25361505
 4341.9  1.11111111  0.96737739  0.00117547  0.96737811 -0.25359709
 4342.0  1.11111111  0.96738703 -0.00025998  0.96738706 -0.25356118
 4342.1  1.11111111  0.96739881 -0.00144934  0.96739989 -0.25351008
 4342.2  1.11111111  0.96741287 -0.00231725  0.96741564 -0.25344748
 4342.3  1.11111111  0.96742915 -0.00281120  0.96743324 -0.25337775
 4342.4  1.11111111  0.96744713 -0.00290432  0.96745148 -0.25330563
 4342.5  1.11111111  0.96746564 -0.00259692  0.96746913 -0.25323601
 4342.6  1.11111111  0.96748307 -0.00191619  0.96748497 -0.25317351
 4342.7  1.11111111  0.96749756 -0.00091393  0.96749799 -0.25312219
 4342.8  1.11111111  0.96750732  0.00033745  0.96750738 -0.25308529
 4342.9  1.11111111  0.96751098  0.00175007  0.96751257 -0.25306506
 4343.0  1.11111111  0.96750788  0.00322651  0.96751326 -0.25306263
 4343.1  1.11111111  0.96749822  0.00466648  0.96750948 -0.25307788
 4343.2  1.11111111  0.96748311  0.00597367  0.96750156 -0.25310951
 4343.3  1.11111111  0.96746432  0.00706229  0.96749010 -0.25315512
 4343.4  1.11111111  0.96744397  0.00786271  0.96747592 -0.25321142
 4343.5  1.11111111  0.96742416  0.00832575  0.96745999 -0.25327445
 4343.6  1.11111111  0.96740671  0.00842576  0.96744340 -0.25333985
 4343.7  1.11111111  0.96739289  0.00816209  0.96742732 -0.25340314
 4343.8  1.11111111  0.96738328  0.00755876  0.96741281 -0.25346008
 4343.9  1.11111111  0.96737789  0.00666222  0.96740083 -0.25350695
 4344.0  1.11111111  0.96737629  0.00553785  0.96739214 -0.25354078
 4344.1  1.11111111  0.96737791  0.00426524  0.96738731 -0.25355949
 4344.2  1.11111111  0.96738217  0.00293263  0.96738661 -0.25356211
 4344.3  1.11111111  0.96738863  0.00163064  0.96739000 -0.25354876
 4344.4  1.11111111  0.96739708  0.00044615  0.96739718 -0.25352062
 4344.5  1.11111111  0.96740744 -0.00054338  0.96740759 -0.25347985
 4344.6  1.11111111  0.96741964 -0.00127494  0.96742048 -0.25342940
 4344.7  1.11111111  0.96743340 -0.00170392  0.96743490 -0.25337284
 4344.8  1.11111111  0.96744817 -0.00180683  0.96744986 -0.25331405
 4344.9  1.11111111  0.96746305 -0.00158241  0.96746434 -0.25325702
 4345.0  1.11111111  0.96747682 -0.00105132  0.96747739 -0.25320552
 4345.1  1.11111111  0.96748813 -0.00025442  0.96748816 -0.25316292
 4345.2  1.11111111  0.96749567  0.00075027  0.96749596 -0.25313193
 4345.3  1.11111111  0.96749849  0.00189173  0.96750034 -0.25311443
 4345.4  1.11111111  0.96749613  0.00309097  0.96750107 -0.25311137
 4345.5  1.11111111  0.96748874  0.00426643  0.96749815 -0.25312273
 4345.6  1.11111111  0.96747710  0.00533948  0.96749183 -0.25314750
 4345.7  1.11111111  0.96746248  0.00623967  0.96748260 -0.25318379
 4345.8  1.11111111  0.96744643  0.00690939  0.96747111 -0.25322896
 4345.9  1.11111111  0.96743058  0.00730755  0.96745818 -0.25327982
 4346.0  1.11111111  0.96741631  0.00741208  0.96744470 -0.25333284
 4346.1  1.11111111  0.96740465  0.00722109  0.96743160 -0.25338441
 4346.2  1.11111111  0.96739620  0.00675263  0.96741977 -0.25343107
 4346.3  1.11111111  0.96739112  0.00604317  0.96740999 -0.25346976
 4346.4  1.11111111  0.96738921  0.00514472  0.96740289 -0.25349803
 4346.5  1.11111111  0.96739012  0.00412106  0.96739890 -0.25351417
 4346.6  1.11111111  0.96739343  0.00304321  0.96739822 -0.25351731
 4346.7  1.11111111  0.96739880  0.00198448  0.96740084 -0.25350750
 4346.8  1.11111111  0.96740597  0.00101558  0.96740650 -0.25348563
 4346.9  1.11111111  0.96741475  0.00019982  0.96741477 -0.25345339
 4347.0  1.11111111  0.96742495 -0.00041089  0.96742504 -0.25341313
 4347.1  1.11111111  0.96743625 -0.00077934  0.96743657 -0.25336770
 4347.2  1.11111111  0.96744817 -0.00088517  0.96744857 -0.25332022
 4347.3  1.11111111  0.96745996 -0.00072598  0.96746023 -0.25327391
 4347.4  1.11111111  0.96747074 -0.00031712  0.96747079 -0.25323184
 4347.5  1.11111111  0.96747951  0.00030962  0.96747956 -0.25319675
 4347.6  1.11111111  0.96748535  0.00110846  0.96748599 -0.25317086
 4347.7  1.11111111  0.96748758  0.00202288  0.96748969 -0.25315575
 4347.8  1.11111111  0.96748585  0.00298959  0.96749047 -0.25315225
 4347.9  1.11111111  0.96748029  0.00394288  0.96748833 -0.25316039
 4348.0  1.11111111  0.96747145  0.00481907  0.96748345 -0.25317943
 4348.1  1.11111111  0.96746023  0.00556075  0.96747621 -0.25320791
 4348.2  1.11111111  0.96744778  0.00612050  0.96746714 -0.25324375
 4348.3  1.11111111  0.96743528  0.00646395  0.96745688 -0.25328442
 4348.4  1.11111111  0.96742381  0.00657185  0.96744613 -0.25332710
 4348.5  1.11111111  0.96741419  0.00644112  0.96743564 -0.25336890
 4348.6  1.11111111  0.96740696  0.00608475  0.96742609 -0.25340700
 4348.7  1.11111111  0.96740231  0.00553065  0.96741812 -0.25343894
 4348.8  1.11111111  0.96740023  0.00481948  0.96741223 -0.25346267
 4348.9  1.11111111  0.96740050  0.00400172  0.96740878 -0.25347675
 4349.0  1.11111111  0.96740286  0.00313403  0.96740794 -0.25348042
 4349.1  1.11111111  0.96740705  0.00227549  0.96740972 -0.25347363
 4349.2  1.11111111  0.96741283  0.00148318  0.96741396 -0.25345701
 4349.3  1.11111111  0.96741999  0.00080899  0.96742032 -0.25343187
 4349.4  1.11111111  0.96742830  0.00029596  0.96742834 -0.25340003
 4349.5  1.11111111  0.96743746 -0.00002442  0.96743746 -0.25336373
 4349.6  1.11111111  0.96744704 -0.00013418  0.96744705 -0.25332548
 4349.7  1.11111111  0.96745645 -0.00002963  0.96745645 -0.25328787
 4349.8  1.11111111  0.96746502  0.00027853  0.96746506 -0.25325339
 4349.9  1.11111111  0.96747201  0.00076620  0.96747231 -0.25322430
 4350.0  1.11111111  0.96747674  0.00139769  0.96747775 -0.25320244
 4350.1  1.11111111  0.96747870  0.00212831  0.96748104 -0.25318915
 4350.2  1.11111111  0.96747764  0.00290750  0.96748201 -0.25318518
 4350.3  1.11111111  0.96747361  0.00368231  0.96748062 -0.25319063
 4350.4  1.11111111  0.96746700  0.00440092  0.96747701 -0.25320500
 4350.5  1.11111111  0.96745846  0.00501617  0.96747146 -0.25322717
 4350.6  1.11111111  0.96744879  0.00548857  0.96746436 -0.25325552
 4350.7  1.11111111  0.96743890  0.00578888  0.96745622 -0.25328805
 4350.8  1.11111111  0.96742961  0.00589988  0.96744760 -0.25332252
 4350.9  1.11111111  0.96742158  0.00581732  0.96743907 -0.25335657
 4351.0  1.11111111  0.96741530  0.00555005  0.96743122 -0.25338792
 4351.1  1.11111111  0.96741101  0.00511912  0.96742455 -0.25341452
 4351.2  1.11111111  0.96740876  0.00455622  0.96741949 -0.25343467
 4351.3  1.11111111  0.96740849  0.00390134  0.96741636 -0.25344713
 4351.4  1.11111111  0.96741003  0.00319993  0.96741532 -0.25345120
 4351.5  1.11111111  0.96741319  0.00249975  0.96741642 -0.25344674
 4351.6  1.11111111  0.96741777  0.00184766  0.96741954 -0.25343422
 4351.7  1.11111111  0.96742358  0.00128644  0.96742444 -0.25341461
 4351.8  1.11111111  0.96743039  0.00085214  0.96743077 -0.25338933
 4351.9  1.11111111  0.96743790  0.00057166  0.96743807 -0.25336018
 4352.0  1.11111111  0.96744574  0.00046119  0.96744585 -0.25332917
 4352.1  1.11111111  0.96745343  0.00052526  0.96745357 -0.25329840
 4352.2  1.11111111  0.96746044  0.00075666  0.96746073 -0.25326993
 4352.3  1.11111111  0.96746619  0.00113712  0.96746686 -0.25324562
 4352.4  1.11111111  0.96747017  0.00163873  0.96747155 -0.25322704
 4352.5  1.11111111  0.96747197  0.00222585  0.96747453 -0.25321532
 4352.6  1.11111111  0.96747139  0.00285776  0.96747562 -0.25321115
 4352.7  1.11111111  0.96746847  0.00349134  0.96747477 -0.25321468
 4352.8  1.11111111  0.96746345  0.00408409  0.96747207 -0.25322556
 4352.9  1.11111111  0.96745681  0.00459691  0.96746773 -0.25324294
 4353.0  1.11111111  0.96744916  0.00499666  0.96746206 -0.25326555
 4353.1  1.11111111  0.96744119  0.00525840  0.96745548 -0.25329177
 4353.2  1.11111111  0.96743354  0.00536681  0.96744842 -0.25331979
 4353.3  1.11111111  0.96742677  0.00531717  0.96744138 -0.25334771
 4353.4  1.11111111  0.96742130  0.00511544  0.96743482 -0.25337363
 4353.5  1.11111111  0.96741739  0.00477772  0.96742919 -0.25339585
 4353.6  1.11111111  0.96741515  0.00432898  0.96742483 -0.25341294
 4353.7  1.11111111  0.96741457  0.00380123  0.96742204 -0.25342384
 4353.8  1.11111111  0.96741557  0.00323124  0.96742097 -0.25342793
 4353.9  1.11111111  0.96741801  0.00265799  0.96742166 -0.25342503
 4354.0  1.11111111  0.96742172  0.00212001  0.96742405 -0.25341548
 4354.1  1.11111111  0.96742652  0.00165281  0.96742794 -0.25340002
 4354.2  1.11111111  0.96743219  0.00128655  0.96743304 -0.25337979
 4354.3  1.11111111  0.96743844  0.00104410  0.96743900 -0.25335623
 4354.4  1.11111111  0.96744494  0.00093963  0.96744540 -0.25333097
 4354.5  1.11111111  0.96745130  0.00097783  0.96745180 -0.25330574
 4354.6  1.11111111  0.96745707  0.00115375  0.96745776 -0.25328223
 4354.7  1.11111111  0.96746181  0.00145326  0.96746290 -0.25326199
 4354.8  1.11111111  0.96746510  0.00185419  0.96746688 -0.25324632
 4354.9  1.11111111  0.96746666  0.00232792  0.96746946 -0.25323620
 4355.0  1.11111111  0.96746631  0.00284141  0.96747048 -0.25323222
 4355.1  1.11111111  0.96746407  0.00335948  0.96746990 -0.25323454
 4355.2  1.11111111  0.96746014  0.00384726  0.96746779 -0.25324290
 4355.3  1.11111111  0.96745488  0.00427245  0.96746432 -0.25325665
 4355.4  1.11111111  0.96744876  0.00460753  0.96745973 -0.25327476
 4355.5  1.11111111  0.96744229  0.00483148  0.96745436 -0.25329595
 4355.6  1.11111111  0.96743601  0.00493113  0.96744858 -0.25331873
 4355.7  1.11111111  0.96743036  0.00490190  0.96744278 -0.25334155
 4355.8  1.11111111  0.96742571  0.00474797  0.96743736 -0.25336286
 4355.9  1.11111111  0.96742231  0.00448190  0.96743269 -0.25338126
 4356.0  1.11111111  0.96742027  0.00412357  0.96742905 -0.25339557
 4356.1  1.11111111  0.96741962  0.00369852  0.96742669 -0.25340489
 4356.2  1.11111111  0.96742032  0.00323643  0.96742574 -0.25340868
 4356.3  1.11111111  0.96742227  0.00276907  0.96742623 -0.25340679
 4356.4  1.11111111  0.96742531  0.00232790  0.96742812 -0.25339944
 4356.5  1.11111111  0.96742929  0.00194211  0.96743124 -0.25338723
 4356.6  1.11111111  0.96743398  0.00163664  0.96743536 -0.25337105
 4356.7  1.11111111  0.96743914  0.00143059  0.96744020 -0.25335206
 4356.8  1.11111111  0.96744447  0.00133607  0.96744540 -0.25333160
 4356.9  1.11111111  0.96744966  0.00135748  0.96745061 -0.25331105
 4357.0  1.11111111  0.96745433  0.00149137  0.96745548 -0.25329179
 4357.1  1.11111111  0.96745816  0.00172680  0.96745970 -0.25327510
 4357.2  1.11111111  0.96746082  0.00204620  0.96746298 -0.25326205
 4357.3  1.11111111  0.96746209  0.00242669  0.96746513 -0.25325346
 4357.4  1.11111111  0.96746185  0.00284164  0.96746602 -0.25324982
 4357.5  1.11111111  0.96746012  0.00326264  0.96746562 -0.25325129
 4357.6  1.11111111  0.96745705  0.00366134  0.96746397 -0.25325768
 4357.7  1.11111111  0.96745289  0.00401135  0.96746121 -0.25326849
 4357.8  1.11111111  0.96744803  0.00428997  0.96745754 -0.25328291
 4357.9  1.11111111  0.96744285  0.00447970  0.96745322 -0.25329992
 4358.0  1.11111111  0.96743777  0.00456928  0.96744856 -0.25331831
 4358.1  1.11111111  0.96743315  0.00455456  0.96744387 -0.25333683
 4358.2  1.11111111  0.96742930  0.00443835  0.96743948 -0.25335424
 4358.3  1.11111111  0.96742642  0.00423022  0.96743567 -0.25336937
 4358.4  1.11111111  0.96742465  0.00394577  0.96743270 -0.25338126
 4358.5  1.11111111  0.96742401  0.00360546  0.96743073 -0.25338917
 4358.6  1.11111111  0.96742449  0.00323312  0.96742989 -0.25339264
 4358.7  1.11111111  0.96742601  0.00285427  0.96743022 -0.25339151
 4358.8  1.11111111  0.96742845  0.00249447  0.96743166 -0.25338594
 4358.9  1.11111111  0.96743165  0.00217749  0.96743410 -0.25337639
 4359.0  1.11111111  0.96743545  0.00192383  0.96743736 -0.25336357
 4359.1  1.11111111  0.96743962  0.00174935  0.96744121 -0.25334839
 4359.2  1.11111111  0.96744393  0.00166433  0.96744536 -0.25333192
 4359.3  1.11111111  0.96744811  0.00167287  0.96744955 -0.25331528
 4359.4  1.11111111  0.96745186  0.00177277  0.96745349 -0.25329958
 4359.5  1.11111111  0.96745494  0.00195568  0.96745692 -0.25328587
 4359.6  1.11111111  0.96745711  0.00220796  0.96745963 -0.25327502
 4359.7  1.11111111  0.96745817  0.00251146  0.96746143 -0.25326771
 4359.8  1.11111111  0.96745807  0.00284495  0.96746225 -0.25326436
 4359.9  1.11111111  0.96745677  0.00318561  0.96746202 -0.25326515
 4360.0  1.11111111  0.96745442  0.00351043  0.96746079 -0.25326993
 4360.1  1.11111111  0.96745121  0.00379801  0.96745867 -0.25327831
 4360.2  1.11111111  0.96744740  0.00402968  0.96745579 -0.25328969
 4360.3  1.11111111  0.96744330  0.00419090  0.96745238 -0.25330323
 4360.4  1.11111111  0.96743924  0.00427209  0.96744867 -0.25331800
 4360.5  1.11111111  0.96743549  0.00426922  0.96744491 -0.25333299
 4360.6  1.11111111  0.96743231  0.00418399  0.96744136 -0.25334717
 4360.7  1.11111111  0.96742987  0.00402359  0.96743824 -0.25335963
 4360.8  1.11111111  0.96742830  0.00379997  0.96743577 -0.25336956
 4360.9  1.11111111  0.96742765  0.00352916  0.96743408 -0.25337633
 4361.0  1.11111111  0.96742789  0.00323017  0.96743329 -0.25337956
 4361.1  1.11111111  0.96742901  0.00292350  0.96743342 -0.25337908
 4361.2  1.11111111  0.96743089  0.00262980  0.96743446 -0.25337499
 4361.3  1.11111111  0.96743342  0.00236851  0.96743632 -0.25336763
 4361.4  1.11111111  0.96743645  0.00215657  0.96743885 -0.25335754
 4361.5  1.11111111  0.96743980  0.00200729  0.96744188 -0.25334545
 4361.6  1.11111111  0.96744328  0.00192959  0.96744521 -0.25333221
 4361.7  1.11111111  0.96744667  0.00192745  0.96744859 -0.25331871
 4361.8  1.11111111  0.96744974  0.00199969  0.96745180 -0.25330587
 4361.9  1.11111111  0.96745228  0.00214025  0.96745464 -0.25329452
 4362.0  1.11111111  0.96745410  0.00233855  0.96745692 -0.25328542
 4362.1  1.11111111  0.96745506  0.00258036  0.96745850 -0.25327911
 4362.2  1.11111111  0.96745509  0.00284874  0.96745928 -0.25327599
 4362.3  1.11111111  0.96745418  0.00312530  0.96745923 -0.25327621
 4362.4  1.11111111  0.96745242  0.00339138  0.96745836 -0.25327969
 4362.5  1.11111111  0.96744994  0.00362935  0.96745674 -0.25328615
 4362.6  1.11111111  0.96744694  0.00382373  0.96745450 -0.25329511
 4362.7  1.11111111  0.96744368  0.00396222  0.96745179 -0.25330593
 4362.8  1.11111111  0.96744038  0.00403645  0.96744880 -0.25331784
 4362.9  1.11111111  0.96743729  0.00404251  0.96744574 -0.25333005
 4363.0  1.11111111  0.96743462  0.00398111  0.96744281 -0.25334171
 4363.1  1.11111111  0.96743252  0.00385749  0.96744021 -0.25335206
 4363.2  1.11111111  0.96743110  0.00368105  0.96743810 -0.25336042
 4363.3  1.11111111  0.96743042  0.00346449  0.96743662 -0.25336627
 4363.4  1.11111111  0.96743049  0.00322302  0.96743586 -0.25336926
 4363.5  1.11111111  0.96743129  0.00297324  0.96743586 -0.25336923
 4363.6  1.11111111  0.96743274  0.00273202  0.96743660 -0.25336624
 4363.7  1.11111111  0.96743475  0.00251538  0.96743802 -0.25336054
 4363.8  1.11111111  0.96743720  0.00233742  0.96744002 -0.25335256
 4363.9  1.11111111  0.96743993  0.00220943  0.96744246 -0.25334287
 4364.0  1.11111111  0.96744279  0.00213915  0.96744515 -0.25333214
 4364.1  1.11111111  0.96744558  0.00213033  0.96744793 -0.25332112
 4364.2  1.11111111  0.96744814  0.00218252  0.96745060 -0.25331054
 4364.3  1.11111111  0.96745027  0.00229121  0.96745298 -0.25330112
 4364.4  1.11111111  0.96745182  0.00244817  0.96745492 -0.25329345
 4364.5  1.11111111  0.96745269  0.00264209  0.96745630 -0.25328803
 4364.6  1.11111111  0.96745280  0.00285935  0.96745703 -0.25328518
 4364.7  1.11111111  0.96745215  0.00308498  0.96745707 -0.25328505
 4364.8  1.11111111  0.96745079  0.00330370  0.96745644 -0.25328761
 4364.9  1.11111111  0.96744884  0.00350096  0.96745517 -0.25329265
 4365.0  1.11111111  0.96744645  0.00366385  0.96745338 -0.25329977
 4365.1  1.11111111  0.96744380  0.00378202  0.96745119 -0.25330847
 4365.2  1.11111111  0.96744110  0.00384826  0.96744875 -0.25331814
 4365.3  1.11111111  0.96743853  0.00385894  0.96744623 -0.25332811
 4365.4  1.11111111  0.96743628  0.00381432  0.96744380 -0.25333771
 4365.5  1.11111111  0.96743448  0.00371834  0.96744162 -0.25334629
 4365.6  1.11111111  0.96743322  0.00357832  0.96743984 -0.25335330
 4365.7  1.11111111  0.96743258  0.00340438  0.96743857 -0.25335830
 4365.8  1.11111111  0.96743256  0.00320880  0.96743789 -0.25336097
 4365.9  1.11111111  0.96743315  0.00300509  0.96743782 -0.25336120
 4366.0  1.11111111  0.96743431  0.00280704  0.96743838 -0.25335898
 4366.1  1.11111111  0.96743593  0.00262790  0.96743950 -0.25335453
 4366.2  1.11111111  0.96743794  0.00247933  0.96744111 -0.25334817
 4366.3  1.11111111  0.96744018  0.00237080  0.96744309 -0.25334036
 4366.4  1.11111111  0.96744254  0.00230893  0.96744530 -0.25333167
 4366.5  1.11111111  0.96744485  0.00229706  0.96744757 -0.25332267
 4366.6  1.11111111  0.96744696  0.00233516  0.96744978 -0.25331399
 4366.7  1.11111111  0.96744873  0.00241981  0.96745175 -0.25330620
 4366.8  1.11111111  0.96745003  0.00254451  0.96745338 -0.25329980
 4366.9  1.11111111  0.96745077  0.00270025  0.96745454 -0.25329521
 4367.0  1.11111111  0.96745090  0.00287599  0.96745517 -0.25329270
 4367.1  1.11111111  0.96745041  0.00305962  0.96745525 -0.25329241
 4367.2  1.11111111  0.96744934  0.00323865  0.96745476 -0.25329432
 4367.3  1.11111111  0.96744778  0.00340113  0.96745376 -0.25329825
 4367.4  1.11111111  0.96744585  0.00353644  0.96745232 -0.25330392
 4367.5  1.11111111  0.96744371  0.00363595  0.96745054 -0.25331091
 4367.6  1.11111111  0.96744151  0.00369358  0.96744856 -0.25331873
 4367.7  1.11111111  0.96743940  0.00370619  0.96744650 -0.25332684
 4367.8  1.11111111  0.96743754  0.00367371  0.96744451 -0.25333469
 4367.9  1.11111111  0.96743603  0.00359910  0.96744272 -0.25334175
 4368.0  1.11111111  0.96743496  0.00348811  0.96744125 -0.25334757
 4368.1  1.11111111  0.96743440  0.00334882  0.96744019 -0.25335177
 4368.2  1.11111111  0.96743434  0.00319109  0.96743961 -0.25335411
 4368.3  1.11111111  0.96743480  0.00302581  0.96743953 -0.25335445
 4368.4  1.11111111  0.96743571  0.00286424  0.96743995 -0.25335282
 4368.5  1.11111111  0.96743703  0.00271714  0.96744084 -0.25334934
 4368.6  1.11111111  0.96743865  0.00259414  0.96744213 -0.25334430
 4368.7  1.11111111  0.96744048  0.00250307  0.96744372 -0.25333805
 4368.8  1.11111111  0.96744240  0.00244949  0.96744550 -0.25333104
 4368.9  1.11111111  0.96744428  0.00243635  0.96744734 -0.25332375
 4369.0  1.11111111  0.96744599  0.00246379  0.96744913 -0.25331667
 4369.1  1.11111111  0.96744744  0.00252928  0.96745074 -0.25331028
 4369.2  1.11111111  0.96744850  0.00262776  0.96745207 -0.25330499
 4369.3  1.11111111  0.96744912  0.00275201  0.96745304 -0.25330114
 4369.4  1.11111111  0.96744925  0.00289323  0.96745357 -0.25329896
 4369.5  1.11111111  0.96744888  0.00304168  0.96745366 -0.25329857
 4369.6  1.11111111  0.96744805  0.00318725  0.96745330 -0.25329995
 4369.7  1.11111111  0.96744682  0.00332027  0.96745252 -0.25330299
 4369.8  1.11111111  0.96744530  0.00343211  0.96745138 -0.25330746
 4369.9  1.11111111  0.96744358  0.00351564  0.96744997 -0.25331303
 4370.0  1.11111111  0.96744181  0.00356569  0.96744838 -0.25331931
 4370.1  1.11111111  0.96744011  0.00357947  0.96744673 -0.25332586
 4370.2  1.11111111  0.96743859  0.00355673  0.96744512 -0.25333224
 4370.3  1.11111111  0.96743734  0.00349959  0.96744367 -0.25333803
 4370.4  1.11111111  0.96743644  0.00341249  0.96744246 -0.25334285
 4370.5  1.11111111  0.96743595  0.00330180  0.96744158 -0.25334639
 4370.6  1.11111111  0.96743586  0.00317534  0.96744107 -0.25334844
 4370.7  1.11111111  0.96743619  0.00304186  0.96744097 -0.25334888
 4370.8  1.11111111  0.96743690  0.00291042  0.96744128 -0.25334773
 4370.9  1.11111111  0.96743793  0.00278974  0.96744195 -0.25334507
 4371.0  1.11111111  0.96743922  0.00268774  0.96744296 -0.25334112
 4371.1  1.11111111  0.96744069  0.00261096  0.96744421 -0.25333615
 4371.2  1.11111111  0.96744223  0.00256415  0.96744563 -0.25333053
 4371.3  1.11111111  0.96744375  0.00254989  0.96744711 -0.25332463
 4371.4  1.11111111  0.96744515  0.00256862  0.96744856 -0.25331886
 4371.5  1.11111111  0.96744633  0.00261851  0.96744987 -0.25331361
 4371.6  1.11111111  0.96744722  0.00269562  0.96745097 -0.25330922
 4371.7  1.11111111  0.96744775  0.00279433  0.96745178 -0.25330596
 4371.8  1.11111111  0.96744789  0.00290767  0.96745226 -0.25330403
 4371.9  1.11111111  0.96744764  0.00302778  0.96745238 -0.25330355
 4372.0  1.11111111  0.96744701  0.00314650  0.96745213 -0.25330452
 4372.1  1.11111111  0.96744606  0.00325589  0.96745154 -0.25330684
 4372.2  1.11111111  0.96744486  0.00334880  0.96745066 -0.25331034
 4372.3  1.11111111  0.96744350  0.00341927  0.96744954 -0.25331477
 4372.4  1.11111111  0.96744208  0.00346297  0.96744828 -0.25331981
 4372.5  1.11111111  0.96744070  0.00347744  0.96744695 -0.25332512
 4372.6  1.11111111  0.96743944  0.00346219  0.96744564 -0.25333033
 4372.7  1.11111111  0.96743841  0.00341878  0.96744445 -0.25333509
 4372.8  1.11111111  0.96743764  0.00335061  0.96744344 -0.25333910
 4372.9  1.11111111  0.96743719  0.00326267  0.96744269 -0.25334210
 4373.0  1.11111111  0.96743707  0.00316115  0.96744224 -0.25334390
 4373.1  1.11111111  0.96743730  0.00305315  0.96744212 -0.25334441
 4373.2  1.11111111  0.96743783  0.00294598  0.96744231 -0.25334362
 4373.3  1.11111111  0.96743864  0.00284676  0.96744282 -0.25334159
 4373.4  1.11111111  0.96743966  0.00276208  0.96744360 -0.25333849
 4373.5  1.11111111  0.96744083  0.00269729  0.96744459 -0.25333455
 4373.6  1.11111111  0.96744209  0.00265643  0.96744573 -0.25333002
 4373.7  1.11111111  0.96744331  0.00264186  0.96744692 -0.25332525
 4373.8  1.11111111  0.96744446  0.00265402  0.96744810 -0.25332055
 4373.9  1.11111111  0.96744545  0.00269173  0.96744920 -0.25331621
 4374.0  1.11111111  0.96744619  0.00275202  0.96745011 -0.25331256
 4374.1  1.11111111  0.96744667  0.00283041  0.96745081 -0.25330979
 4374.2  1.11111111  0.96744683  0.00292142  0.96745124 -0.25330810
 4374.3  1.11111111  0.96744666  0.00301867  0.96745137 -0.25330757
 4374.4  1.11111111  0.96744620  0.00311559  0.96745122 -0.25330821
 4374.5  1.11111111  0.96744546  0.00320568  0.96745077 -0.25330998
 4374.6  1.11111111  0.96744451  0.00328296  0.96745008 -0.25331273
 4374.7  1.11111111  0.96744342  0.00334252  0.96744920 -0.25331625
 4374.8  1.11111111  0.96744227  0.00338066  0.96744818 -0.25332030
 4374.9  1.11111111  0.96744114  0.00339521  0.96744710 -0.25332460
 4375.0  1.11111111  0.96744010  0.00338562  0.96744603 -0.25332886
 4375.1  1.11111111  0.96743923  0.00335296  0.96744504 -0.25333279
 4375.2  1.11111111  0.96743857  0.00329982  0.96744419 -0.25333613
 4375.3  1.11111111  0.96743816  0.00323008  0.96744355 -0.25333867
 4375.4  1.11111111  0.96743802  0.00314868  0.96744314 -0.25334027
 4375.5  1.11111111  0.96743816  0.00306113  0.96744300 -0.25334082
 4375.6  1.11111111  0.96743856  0.00297341  0.96744313 -0.25334030
 4375.7  1.11111111  0.96743919  0.00289150  0.96744351 -0.25333877
 4375.8  1.11111111  0.96744001  0.00282076  0.96744412 -0.25333635
 4375.9  1.11111111  0.96744096  0.00276576  0.96744491 -0.25333320
 4376.0  1.11111111  0.96744198  0.00272993  0.96744583 -0.25332956
 4376.1  1.11111111  0.96744300  0.00271535  0.96744681 -0.25332568
 4376.2  1.11111111  0.96744395  0.00272266  0.96744778 -0.25332182
 4376.3  1.11111111  0.96744478  0.00275101  0.96744869 -0.25331823
 4376.4  1.11111111  0.96744542  0.00279815  0.96744947 -0.25331517
 4376.5  1.11111111  0.96744583  0.00286060  0.96745006 -0.25331281
 4376.6  1.11111111  0.96744599  0.00293392  0.96745044 -0.25331132
 4376.7  1.11111111  0.96744589  0.00301302  0.96745058 -0.25331077
 4376.8  1.11111111  0.96744554  0.00309249  0.96745048 -0.25331119
 4376.9  1.11111111  0.96744496  0.00316697  0.96745014 -0.25331253
 4377.0  1.11111111  0.96744420  0.00323156  0.96744960 -0.25331469
 4377.1  1.11111111  0.96744332  0.00328208  0.96744889 -0.25331751
 4377.2  1.11111111  0.96744238  0.00331537  0.96744806 -0.25332079
 4377.3  1.11111111  0.96744144  0.00332948  0.96744717 -0.25332430
 4377.4  1.11111111  0.96744057  0.00332378  0.96744628 -0.25332780
 4377.5  1.11111111  0.96743983  0.00329898  0.96744546 -0.25333106
 4377.6  1.11111111  0.96743926  0.00325706  0.96744475 -0.25333386
 4377.7  1.11111111  0.96743890  0.00320112  0.96744420 -0.25333602
 4377.8  1.11111111  0.96743877  0.00313511  0.96744385 -0.25333740
 4377.9  1.11111111  0.96743886  0.00306371  0.96744371 -0.25333793
 4378.0  1.11111111  0.96743918  0.00299182  0.96744380 -0.25333759
 4378.1  1.11111111  0.96743968  0.00292426  0.96744410 -0.25333641
 4378.2  1.11111111  0.96744034  0.00286549  0.96744459 -0.25333448
 4378.3  1.11111111  0.96744112  0.00281931  0.96744523 -0.25333196
 4378.4  1.11111111  0.96744196  0.00278860  0.96744598 -0.25332901
 4378.5  1.11111111  0.96744280  0.00277518  0.96744678 -0.25332585
 4378.6  1.11111111  0.96744359  0.00277964  0.96744758 -0.25332269
 4378.7  1.11111111  0.96744427  0.00280135  0.96744833 -0.25331974
 4378.8  1.11111111  0.96744481  0.00283858  0.96744897 -0.25331719
 4378.9  1.11111111  0.96744516  0.00288855  0.96744947 -0.25331522
 4379.0  1.11111111  0.96744530  0.00294769  0.96744979 -0.25331394
 4379.1  1.11111111  0.96744523  0.00301188  0.96744991 -0.25331344
 4379.2  1.11111111  0.96744495  0.00307669  0.96744984 -0.25331371
 4379.3  1.11111111  0.96744450  0.00313779  0.96744959 -0.25331474
 4379.4  1.11111111  0.96744388  0.00319118  0.96744915 -0.25331645
 4379.5  1.11111111  0.96744316  0.00323331  0.96744857 -0.25331871
 4379.6  1.11111111  0.96744241  0.00326160  0.96744790 -0.25332135
 4379.7  1.11111111  0.96744164  0.00327440  0.96744718 -0.25332419
 4379.8  1.11111111  0.96744093  0.00327110  0.96744646 -0.25332704
 4379.9  1.11111111  0.96744032  0.00325223  0.96744579 -0.25332971
 4380.0  1.11111111  0.96743984  0.00321928  0.96744520 -0.25333202
 4380.1  1.11111111  0.96743954  0.00317471  0.96744475 -0.25333382
 4380.2  1.11111111  0.96743942  0.00312178  0.96744446 -0.25333499
 4380.3  1.11111111  0.96743948  0.00306413  0.96744433 -0.25333549
 4380.4  1.11111111  0.96743973  0.00300571  0.96744440 -0.25333527
 4380.5  1.11111111  0.96744012  0.00295048  0.96744462 -0.25333437
 4380.6  1.11111111  0.96744066  0.00290206  0.96744501 -0.25333286
 4380.7  1.11111111  0.96744129  0.00286364  0.96744553 -0.25333084
 4380.8  1.11111111  0.96744195  0.00283755  0.96744612 -0.25332849
 4380.9  1.11111111  0.96744264  0.00282533  0.96744677 -0.25332593
 4381.0  1.11111111  0.96744329  0.00282762  0.96744742 -0.25332336
 4381.1  1.11111111  0.96744384  0.00284395  0.96744802 -0.25332096
 4381.2  1.11111111  0.96744428  0.00287302  0.96744855 -0.25331886
 4381.3  1.11111111  0.96744457  0.00291264  0.96744896 -0.25331722
 4381.4  1.11111111  0.96744470  0.00295994  0.96744923 -0.25331613
 4381.5  1.11111111  0.96744466  0.00301168  0.96744935 -0.25331565
 4381.6  1.11111111  0.96744444  0.00306429  0.96744930 -0.25331582
 4381.7  1.11111111  0.96744409  0.00311418  0.96744910 -0.25331660
 4381.8  1.11111111  0.96744361  0.00315812  0.96744876 -0.25331793
 4381.9  1.11111111  0.96744304  0.00319323  0.96744831 -0.25331972
 4382.0  1.11111111  0.96744243  0.00321732  0.96744778 -0.25332183
 4382.1  1.11111111  0.96744181  0.00322898  0.96744720 -0.25332412
 4382.2  1.11111111  0.96744123  0.00322761  0.96744661 -0.25332643
 4382.3  1.11111111  0.96744074  0.00321356  0.96744607 -0.25332861
 4382.4  1.11111111  0.96744034  0.00318799  0.96744559 -0.25333051
 4382.5  1.11111111  0.96744008  0.00315279  0.96744522 -0.25333202
 4382.6  1.11111111  0.96743997  0.00311052  0.96744497 -0.25333303
 4382.7  1.11111111  0.96744000  0.00306409  0.96744485 -0.25333348
 4382.8  1.11111111  0.96744018  0.00301673  0.96744489 -0.25333336
 4382.9  1.11111111  0.96744049  0.00297161  0.96744506 -0.25333269
 4383.0  1.11111111  0.96744091  0.00293170  0.96744535 -0.25333152
 4383.1  1.11111111  0.96744141  0.00289959  0.96744576 -0.25332993
 4383.2  1.11111111  0.96744195  0.00287732  0.96744623 -0.25332805
 4383.3  1.11111111  0.96744250  0.00286618  0.96744675 -0.25332599
 4383.4  1.11111111  0.96744302  0.00286675  0.96744727 -0.25332391
 4383.5  1.11111111  0.96744348  0.00287876  0.96744776 -0.25332194
 4383.6  1.11111111  0.96744385  0.00290123  0.96744820 -0.25332020
 4383.7  1.11111111  0.96744410  0.00293249  0.96744854 -0.25331883
 4383.8  1.11111111  0.96744421  0.00297027  0.96744877 -0.25331789
 4383.9  1.11111111  0.96744420  0.00301193  0.96744889 -0.25331745
 4384.0  1.11111111  0.96744404  0.00305462  0.96744886 -0.25331753
 4384.1  1.11111111  0.96744377  0.00309545  0.96744872 -0.25331810
 4384.2  1.11111111  0.96744339  0.00313172  0.96744846 -0.25331913
 4384.3  1.11111111  0.96744294  0.00316108  0.96744811 -0.25332054
 4384.4  1.11111111  0.96744245  0.00318169  0.96744768 -0.25332223
 4384.5  1.11111111  0.96744195  0.00319236  0.96744722 -0.25332407
 4384.6  1.11111111  0.96744148  0.00319251  0.96744675 -0.25332595
 4384.7  1.11111111  0.96744107  0.00318234  0.96744630 -0.25332773
 4384.8  1.11111111  0.96744074  0.00316270  0.96744591 -0.25332931
 4384.9  1.11111111  0.96744051  0.00313506  0.96744559 -0.25333057
 4385.0  1.11111111  0.96744040  0.00310140  0.96744537 -0.25333144
 4385.1  1.11111111  0.96744041  0.00306400  0.96744526 -0.25333187
 4385.2  1.11111111  0.96744054  0.00302549  0.96744527 -0.25333184
 4385.3  1.11111111  0.96744077  0.00298846  0.96744539 -0.25333135
 4385.4  1.11111111  0.96744110  0.00295536  0.96744562 -0.25333045
 4385.5  1.11111111  0.96744150  0.00292833  0.96744593 -0.25332920
 4385.6  1.11111111  0.96744194  0.00290909  0.96744631 -0.25332769
 4385.7  1.11111111  0.96744238  0.00289879  0.96744673 -0.25332603
 4385.8  1.11111111  0.96744281  0.00289799  0.96744715 -0.25332433
 4385.9  1.11111111  0.96744320  0.00290657  0.96744756 -0.25332271
 4386.0  1.11111111  0.96744351  0.00292383  0.96744793 -0.25332126
 4386.1  1.11111111  0.96744373  0.00294845  0.96744822 -0.25332010
 4386.2  1.11111111  0.96744384  0.00297867  0.96744843 -0.25331928
 4386.3  1.11111111  0.96744384  0.00301237  0.96744853 -0.25331887
 4386.4  1.11111111  0.96744373  0.00304723  0.96744853 -0.25331887
 4386.5  1.11111111  0.96744352  0.00308091  0.96744843 -0.25331929
 4386.6  1.11111111  0.96744323  0.00311118  0.96744823 -0.25332009
 4386.7  1.11111111  0.96744286  0.00313605  0.96744795 -0.25332120
 4386.8  1.11111111  0.96744247  0.00315395  0.96744761 -0.25332256
 4386.9  1.11111111  0.96744206  0.00316377  0.96744723 -0.25332406
 4387.0  1.11111111  0.96744166  0.00316498  0.96744684 -0.25332560
 4387.1  1.11111111  0.96744131  0.00315763  0.96744646 -0.25332709
 4387.2  1.11111111  0.96744103  0.00314235  0.96744613 -0.25332841
 4387.3  1.11111111  0.96744083  0.00312028  0.96744586 -0.25332948
 4387.4  1.11111111  0.96744073  0.00309305  0.96744567 -0.25333023
 4387.5  1.11111111  0.96744072  0.00306261  0.96744557 -0.25333062
 4387.6  1.11111111  0.96744082  0.00303101  0.96744556 -0.25333064
 4387.7  1.11111111  0.96744100  0.00300041  0.96744566 -0.25333027
 4387.8  1.11111111  0.96744127  0.00297286  0.96744584 -0.25332956
 4387.9  1.11111111  0.96744159  0.00295015  0.96744609 -0.25332856
 4388.0  1.11111111  0.96744194  0.00293370  0.96744639 -0.25332735
 4388.1  1.11111111  0.96744231  0.00292451  0.96744673 -0.25332599
 4388.2  1.11111111  0.96744267  0.00292309  0.96744709 -0.25332460
 4388.3  1.11111111  0.96744300  0.00292941  0.96744743 -0.25332325
 4388.4  1.11111111  0.96744326  0.00294291  0.96744773 -0.25332206
 4388.5  1.11111111  0.96744344  0.00296256  0.96744798 -0.25332108
 4388.6  1.11111111  0.96744354  0.00298692  0.96744815 -0.25332038
 4388.7  1.11111111  0.96744356  0.00301430  0.96744825 -0.25332001
 4388.8  1.11111111  0.96744347  0.00304283  0.96744826 -0.25331998
 4388.9  1.11111111  0.96744330  0.00307055  0.96744818 -0.25332030
 4389.0  1.11111111  0.96744306  0.00309559  0.96744802 -0.25332092
 4389.1  1.11111111  0.96744277  0.00311633  0.96744779 -0.25332181
 4389.2  1.11111111  0.96744245  0.00313148  0.96744752 -0.25332291
 4389.3  1.11111111  0.96744211  0.00314010  0.96744721 -0.25332413
 4389.4  1.11111111  0.96744178  0.00314170  0.96744689 -0.25332539
 4389.5  1.11111111  0.96744150  0.00313629  0.96744658 -0.25332660
 4389.6  1.11111111  0.96744126  0.00312437  0.96744631 -0.25332769
 4389.7  1.11111111  0.96744109  0.00310688  0.96744608 -0.25332858
 4389.8  1.11111111  0.96744100  0.00308504  0.96744592 -0.25332923
 4389.9  1.11111111  0.96744099  0.00306039  0.96744583 -0.25332958
 4390.0  1.11111111  0.96744106  0.00303465  0.96744582 -0.25332961
 4390.1  1.11111111  0.96744121  0.00300958  0.96744589 -0.25332934
 4390.2  1.11111111  0.96744142  0.00298685  0.96744603 -0.25332879
 4390.3  1.11111111  0.96744168  0.00296791  0.96744623 -0.25332800
 4390.4  1.11111111  0.96744197  0.00295399  0.96744648 -0.25332702
 4390.5  1.11111111  0.96744228  0.00294594  0.96744676 -0.25332592
 4390.6  1.11111111  0.96744257  0.00294422  0.96744705 -0.25332478
 4390.7  1.11111111  0.96744283  0.00294882  0.96744732 -0.25332368
 4390.8  1.11111111  0.96744305  0.00295930  0.96744757 -0.25332270
 4390.9  1.11111111  0.96744321  0.00297487  0.96744778 -0.25332188
 4391.0  1.11111111  0.96744330  0.00299442  0.96744793 -0.25332129
 4391.1  1.11111111  0.96744331  0.00301658  0.96744801 -0.25332096
 4391.2  1.11111111  0.96744324  0.00303977  0.96744802 -0.25332092
 4391.3  1.11111111  0.96744311  0.00306242  0.96744796 -0.25332115
 4391.4  1.11111111  0.96744293  0.00308305  0.96744784 -0.25332163
 4391.5  1.11111111  0.96744269  0.00310032  0.96744766 -0.25332234
 4391.6  1.11111111  0.96744242  0.00311310  0.96744743 -0.25332322
 4391.7  1.11111111  0.96744215  0.00312058  0.96744718 -0.25332421
 4391.8  1.11111111  0.96744189  0.00312238  0.96744693 -0.25332523
 4391.9  1.11111111  0.96744165  0.00311852  0.96744668 -0.25332622
 4392.0  1.11111111  0.96744145  0.00310932  0.96744645 -0.25332712
 4392.1  1.11111111  0.96744131  0.00309546  0.96744626 -0.25332786
 4392.2  1.11111111  0.96744123  0.00307797  0.96744613 -0.25332840
 4392.3  1.11111111  0.96744122  0.00305813  0.96744606 -0.25332870
 4392.4  1.11111111  0.96744127  0.00303730  0.96744604 -0.25332876
 4392.5  1.11111111  0.96744138  0.00301686  0.96744609 -0.25332857
 4392.6  1.11111111  0.96744155  0.00299818  0.96744620 -0.25332814
 4392.7  1.11111111  0.96744176  0.00298249  0.96744636 -0.25332751
 4392.8  1.11111111  0.96744200  0.00297080  0.96744656 -0.25332673
 4392.9  1.11111111  0.96744224  0.00296379  0.96744678 -0.25332585
 4393.0  1.11111111  0.96744247  0.00296184  0.96744701 -0.25332493
 4393.1  1.11111111  0.96744269  0.00296500  0.96744724 -0.25332403
 4393.2  1.11111111  0.96744287  0.00297300  0.96744744 -0.25332322
 4393.3  1.11111111  0.96744300  0.00298519  0.96744761 -0.25332255
 4393.4  1.11111111  0.96744308  0.00300067  0.96744773 -0.25332205
 4393.5  1.11111111  0.96744310  0.00301835  0.96744780 -0.25332176
 4393.6  1.11111111  0.96744306  0.00303704  0.96744782 -0.25332169
 4393.7  1.11111111  0.96744296  0.00305548  0.96744778 -0.25332185
 4393.8  1.11111111  0.96744281  0.00307244  0.96744769 -0.25332222
 4393.9  1.11111111  0.96744262  0.00308683  0.96744754 -0.25332277
 4394.0  1.11111111  0.96744241  0.00309768  0.96744737 -0.25332347
 4394.1  1.11111111  0.96744219  0.00310436  0.96744717 -0.25332425
 4394.2  1.11111111  0.96744198  0.00310648  0.96744697 -0.25332508
 4394.3  1.11111111  0.96744178  0.00310396  0.96744676 -0.25332590
 4394.4  1.11111111  0.96744162  0.00309709  0.96744657 -0.25332663
 4394.5  1.11111111  0.96744150  0.00308643  0.96744642 -0.25332725
 4394.6  1.11111111  0.96744143  0.00307274  0.96744631 -0.25332771
 4394.7  1.11111111  0.96744141  0.00305695  0.96744624 -0.25332799
 4394.8  1.11111111  0.96744144  0.00304010  0.96744622 -0.25332807
 4394.9  1.11111111  0.96744152  0.00302336  0.96744625 -0.25332794
 4395.0  1.11111111  0.96744166  0.00300788  0.96744633 -0.25332762
 4395.1  1.11111111  0.96744182  0.00299468  0.96744645 -0.25332713
 4395.2  1.11111111  0.96744200  0.00298460  0.96744661 -0.25332652
 4395.3  1.11111111  0.96744220  0.00297825  0.96744678 -0.25332581
 4395.4  1.11111111  0.96744240  0.00297600  0.96744697 -0.25332507
 4395.5  1.11111111  0.96744258  0.00297796  0.96744716 -0.25332433
 4395.6  1.11111111  0.96744273  0.00298392  0.96744733 -0.25332365
 4395.7  1.11111111  0.96744284  0.00299339  0.96744747 -0.25332309
 4395.8  1.11111111  0.96744291  0.00300567  0.96744758 -0.25332266
 4395.9  1.11111111  0.96744293  0.00301990  0.96744764 -0.25332239
 4396.0  1.11111111  0.96744291  0.00303511  0.96744767 -0.25332231
 4396.1  1.11111111  0.96744283  0.00305026  0.96744764 -0.25332242
 4396.2  1.11111111  0.96744271  0.00306431  0.96744756 -0.25332270
 4396.3  1.11111111  0.96744257  0.00307633  0.96744746 -0.25332313
 4396.4  1.11111111  0.96744240  0.00308559  0.96744732 -0.25332368
 4396.5  1.11111111  0.96744223  0.00309152  0.96744717 -0.25332431
 4396.6  1.11111111  0.96744204  0.00309376  0.96744699 -0.25332499
 4396.7  1.11111111  0.96744188  0.00309218  0.96744682 -0.25332565
 4396.8  1.11111111  0.96744175  0.00308699  0.96744667 -0.25332626
 4396.9  1.11111111  0.96744165  0.00307863  0.96744654 -0.25332678
 4397.0  1.11111111  0.96744158  0.00306768  0.96744644 -0.25332718
 4397.1  1.11111111  0.96744155  0.00305490  0.96744637 -0.25332743
 4397.2  1.11111111  0.96744157  0.00304118  0.96744635 -0.25332751
 4397.3  1.11111111  0.96744164  0.00302748  0.96744638 -0.25332742
 4397.4  1.11111111  0.96744175  0.00301474  0.96744644 -0.25332718
 4397.5  1.11111111  0.96744187  0.00300376  0.96744653 -0.25332680
 4397.6  1.11111111  0.96744202  0.00299522  0.96744665 -0.25332631
 4397.7  1.11111111  0.96744219  0.00298970  0.96744680 -0.25332573
 4397.8  1.11111111  0.96744235  0.00298753  0.96744696 -0.25332512
 4397.9  1.11111111  0.96744249  0.00298878  0.96744711 -0.25332453
 4398.0  1.11111111  0.96744261  0.00299328  0.96744724 -0.25332397
 4398.1  1.11111111  0.96744271  0.00300068  0.96744737 -0.25332349
 4398.2  1.11111111  0.96744278  0.00301048  0.96744747 -0.25332312
 4398.3  1.11111111  0.96744280  0.00302198  0.96744752 -0.25332290
 4398.4  1.11111111  0.96744278  0.00303433  0.96744754 -0.25332282
 4398.5  1.11111111  0.96744272  0.00304669  0.96744752 -0.25332289
 4398.6  1.11111111  0.96744264  0.00305827  0.96744747 -0.25332310
 4398.7  1.11111111  0.96744252  0.00306831  0.96744739 -0.25332343
 4398.8  1.11111111  0.96744238  0.00307615  0.96744727 -0.25332388
 4398.9  1.11111111  0.96744223  0.00308125  0.96744714 -0.25332440
 4399.0  1.11111111  0.96744209  0.00308335  0.96744700 -0.25332494
 4399.1  1.11111111  0.96744196  0.00308240  0.96744687 -0.25332548
 4399.2  1.11111111  0.96744184  0.00307850  0.96744674 -0.25332599
 4399.3  1.11111111  0.96744175  0.00307191  0.96744662 -0.25332643
 4399.4  1.11111111  0.96744169  0.00306313  0.96744654 -0.25332676
 4399.5  1.11111111  0.96744168  0.00305282  0.96744649 -0.25332697
 4399.6  1.11111111  0.96744169  0.00304171  0.96744647 -0.25332705
 4399.7  1.11111111  0.96744174  0.00303053  0.96744648 -0.25332700
 4399.8  1.11111111  0.96744181  0.00302000  0.96744653 -0.25332681
 4399.9  1.11111111  0.96744192  0.00301084  0.96744661 -0.25332651
 4400.0  1.11111111  0.96744205  0.00300369  0.96744671 -0.25332611
 4400.1  1.11111111  0.96744218  0.00299896  0.96744682 -0.25332565
 4400.2  1.11111111  0.96744230  0.00299691  0.96744694 -0.25332516
 4400.3  1.11111111  0.96744243  0.00299762  0.96744707 -0.25332467
 4400.4  1.11111111  0.96744254  0.00300104  0.96744719 -0.25332420
 4400.5  1.11111111  0.96744262  0.00300691  0.96744729 -0.25332381
 4400.6  1.11111111  0.96744267  0.00301475  0.96744736 -0.25332351
 4400.7  1.11111111  0.96744269  0.00302398  0.96744741 -0.25332331
 4400.8  1.11111111  0.96744268  0.00303399  0.96744744 -0.25332323
 4400.9  1.11111111  0.96744264  0.00304413  0.96744743 -0.25332327
 4401.0  1.11111111  0.96744256  0.00305368  0.96744738 -0.25332344
 4401.1  1.11111111  0.96744246  0.00306196  0.96744731 -0.25332371
 4401.2  1.11111111  0.96744236  0.00306848  0.96744723 -0.25332406
 4401.3  1.11111111  0.96744225  0.00307288  0.96744713 -0.25332447
 4401.4  1.11111111  0.96744212  0.00307487  0.96744701 -0.25332492
 4401.5  1.11111111  0.96744200  0.00307430  0.96744689 -0.25332537
 4401.6  1.11111111  0.96744192  0.00307128  0.96744679 -0.25332578
 4401.7  1.11111111  0.96744185  0.00306612  0.96744671 -0.25332613
 4401.8  1.11111111  0.96744179  0.00305917  0.96744663 -0.25332642
 4401.9  1.11111111  0.96744177  0.00305088  0.96744658 -0.25332660
 4402.0  1.11111111  0.96744178  0.00304185  0.96744656 -0.25332668
 4402.1  1.11111111  0.96744183  0.00303275  0.96744658 -0.25332663
 4402.2  1.11111111  0.96744189  0.00302418  0.96744661 -0.25332649
 4402.3  1.11111111  0.96744197  0.00301666  0.96744667 -0.25332626
 4402.4  1.11111111  0.96744206  0.00301066  0.96744675 -0.25332595
 4402.5  1.11111111  0.96744217  0.00300659  0.96744684 -0.25332558
 4402.6  1.11111111  0.96744228  0.00300471  0.96744695 -0.25332518
 4402.7  1.11111111  0.96744238  0.00300507  0.96744705 -0.25332478
 4402.8  1.11111111  0.96744246  0.00300760  0.96744714 -0.25332441
 4402.9  1.11111111  0.96744253  0.00301208  0.96744722 -0.25332408
 4403.0  1.11111111  0.96744258  0.00301821  0.96744729 -0.25332382
 4403.1  1.11111111  0.96744260  0.00302555  0.96744733 -0.25332365
 4403.2  1.11111111  0.96744259  0.00303359  0.96744735 -0.25332358
 4403.3  1.11111111  0.96744256  0.00304175  0.96744734 -0.25332360
 4403.4  1.11111111  0.96744250  0.00304952  0.96744731 -0.25332372
 4403.5  1.11111111  0.96744243  0.00305638  0.96744726 -0.25332392
 4403.6  1.11111111  0.96744235  0.00306191  0.96744719 -0.25332419
 4403.7  1.11111111  0.96744225  0.00306575  0.96744711 -0.25332452
 4403.8  1.11111111  0.96744215  0.00306768  0.96744702 -0.25332487
 4403.9  1.11111111  0.96744206  0.00306761  0.96744693 -0.25332523
 4404.0  1.11111111  0.96744199  0.00306559  0.96744684 -0.25332557
 4404.1  1.11111111  0.96744192  0.00306181  0.96744677 -0.25332587
 4404.2  1.11111111  0.96744188  0.00305654  0.96744671 -0.25332611
 4404.3  1.11111111  0.96744186  0.00305010  0.96744667 -0.25332627
 4404.4  1.11111111  0.96744186  0.00304296  0.96744665 -0.25332636
 4404.5  1.11111111  0.96744189  0.00303560  0.96744665 -0.25332635
 4404.6  1.11111111  0.96744193  0.00302847  0.96744667 -0.25332626
 4404.7  1.11111111  0.96744200  0.00302207  0.96744672 -0.25332609
 4404.8  1.11111111  0.96744207  0.00301683  0.96744678 -0.25332585
 4404.9  1.11111111  0.96744216  0.00301309  0.96744685 -0.25332556
 4405.0  1.11111111  0.96744224  0.00301107  0.96744693 -0.25332524
 4405.1  1.11111111  0.96744233  0.00301089  0.96744701 -0.25332491
 4405.2  1.11111111  0.96744240  0.00301253  0.96744709 -0.25332459
 4405.3  1.11111111  0.96744246  0.00301585  0.96744716 -0.25332431
 4405.4  1.11111111  0.96744250  0.00302059  0.96744722 -0.25332409
 4405.5  1.11111111  0.96744252  0.00302644  0.96744726 -0.25332393
 4405.6  1.11111111  0.96744252  0.00303291  0.96744728 -0.25332385
 4405.7  1.11111111  0.96744250  0.00303958  0.96744728 -0.25332385
 4405.8  1.11111111  0.96744246  0.00304602  0.96744726 -0.25332393
 4405.9  1.11111111  0.96744240  0.00305186  0.96744722 -0.25332409
 4406.0  1.11111111  0.96744233  0.00305667  0.96744716 -0.25332430
 4406.1  1.11111111  0.96744226  0.00306014  0.96744710 -0.25332456
 4406.2  1.11111111  0.96744218  0.00306207  0.96744703 -0.25332485
 4406.3  1.11111111  0.96744211  0.00306235  0.96744695 -0.25332514
 4406.4  1.11111111  0.96744204  0.00306099  0.96744688 -0.25332543
 4406.5  1.11111111  0.96744198  0.00305809  0.96744682 -0.25332568
 4406.6  1.11111111  0.96744194  0.00305389  0.96744676 -0.25332589
 4406.7  1.11111111  0.96744192  0.00304870  0.96744673 -0.25332604
 4406.8  1.11111111  0.96744192  0.00304286  0.96744671 -0.25332612
 4406.9  1.11111111  0.96744194  0.00303679  0.96744671 -0.25332612
 4407.0  1.11111111  0.96744198  0.00303088  0.96744672 -0.25332605
 4407.1  1.11111111  0.96744203  0.00302555  0.96744676 -0.25332592
 4407.2  1.11111111  0.96744209  0.00302113  0.96744681 -0.25332573
 4407.3  1.11111111  0.96744216  0.00301791  0.96744686 -0.25332550
 4407.4  1.11111111  0.96744223  0.00301608  0.96744693 -0.25332524
 4407.5  1.11111111  0.96744230  0.00301573  0.96744700 -0.25332497
 4407.6  1.11111111  0.96744236  0.00301689  0.96744706 -0.25332471
 4407.7  1.11111111  0.96744241  0.00301943  0.96744712 -0.25332447
 4407.8  1.11111111  0.96744244  0.00302312  0.96744717 -0.25332429
 4407.9  1.11111111  0.96744246  0.00302772  0.96744720 -0.25332415
 4408.0  1.11111111  0.96744247  0.00303293  0.96744722 -0.25332407
 4408.1  1.11111111  0.96744245  0.00303837  0.96744722 -0.25332406
 4408.2  1.11111111  0.96744242  0.00304373  0.96744721 -0.25332412
 4408.3  1.11111111  0.96744238  0.00304865  0.96744718 -0.25332423
 4408.4  1.11111111  0.96744232  0.00305278  0.96744714 -0.25332440
 4408.5  1.11111111  0.96744226  0.00305584  0.96744709 -0.25332461
 4408.6  1.11111111  0.96744220  0.00305764  0.96744703 -0.25332484
 4408.7  1.11111111  0.96744213  0.00305810  0.96744697 -0.25332509
 4408.8  1.11111111  0.96744208  0.00305719  0.96744691 -0.25332532
 4408.9  1.11111111  0.96744203  0.00305502  0.96744685 -0.25332554
 4409.0  1.11111111  0.96744199  0.00305177  0.96744681 -0.25332571
 4409.1  1.11111111  0.96744197  0.00304764  0.96744677 -0.25332584
 4409.2  1.11111111  0.96744197  0.00304296  0.96744676 -0.25332592
 4409.3  1.11111111  0.96744198  0.00303803  0.96744675 -0.25332593
 4409.4  1.11111111  0.96744201  0.00303316  0.96744676 -0.25332589
 4409.5  1.11111111  0.96744205  0.00302868  0.96744679 -0.25332579
 4409.6  1.11111111  0.96744210  0.00302489  0.96744682 -0.25332565
 4409.7  1.11111111  0.96744215  0.00302202  0.96744687 -0.25332546
 4409.8  1.11111111  0.96744221  0.00302025  0.96744692 -0.25332526
 4409.9  1.11111111  0.96744227  0.00301968  0.96744698 -0.25332504
 4410.0  1.11111111  0.96744232  0.00302030  0.96744703 -0.25332483
 4410.1  1.11111111  0.96744236  0.00302205  0.96744708 -0.25332463
 4410.2  1.11111111  0.96744239  0.00302481  0.96744712 -0.25332447
 4410.3  1.11111111  0.96744241  0.00302836  0.96744715 -0.25332434
 4410.4  1.11111111  0.96744242  0.00303248  0.96744717 -0.25332426
 4410.5  1.11111111  0.96744241  0.00303689  0.96744718 -0.25332424
 4410.6  1.11111111  0.96744239  0.00304130  0.96744717 -0.25332427
 4410.7  1.11111111  0.96744236  0.00304541  0.96744715 -0.25332435
 4410.8  1.11111111  0.96744232  0.00304899  0.96744712 -0.25332447
 4410.9  1.11111111  0.96744227  0.00305181  0.96744708 -0.25332463
 4411.0  1.11111111  0.96744222  0.00305366  0.96744704 -0.25332481
 4411.1  1.11111111  0.96744216  0.00305442  0.96744699 -0.25332501
 4411.2  1.11111111  0.96744212  0.00305408  0.96744694 -0.25332521
 4411.3  1.11111111  0.96744207  0.00305265  0.96744689 -0.25332539
 4411.4  1.11111111  0.96744204  0.00305026  0.96744685 -0.25332555
 4411.5  1.11111111  0.96744202  0.00304707  0.96744682 -0.25332567
 4411.6  1.11111111  0.96744201  0.00304331  0.96744680 -0.25332575
 4411.7  1.11111111  0.96744202  0.00303925  0.96744679 -0.25332578
 4411.8  1.11111111  0.96744204  0.00303515  0.96744680 -0.25332576
 4411.9  1.11111111  0.96744206  0.00303130  0.96744681 -0.25332569
 4412.0  1.11111111  0.96744210  0.00302793  0.96744684 -0.25332558
 4412.1  1.11111111  0.96744215  0.00302528  0.96744688 -0.25332544
 4412.2  1.11111111  0.96744220  0.00302351  0.96744692 -0.25332527
 4412.3  1.11111111  0.96744224  0.00302273  0.96744697 -0.25332509
 4412.4  1.11111111  0.96744229  0.00302297  0.96744701 -0.25332490
 4412.5  1.11111111  0.96744233  0.00302420  0.96744706 -0.25332473
 4412.6  1.11111111  0.96744236  0.00302634  0.96744709 -0.25332459
 4412.7  1.11111111  0.96744238  0.00302924  0.96744712 -0.25332447
 4412.8  1.11111111  0.96744239  0.00303270  0.96744714 -0.25332440
 4412.9  1.11111111  0.96744238  0.00303646  0.96744715 -0.25332437
 4413.0  1.11111111  0.96744237  0.00304027  0.96744714 -0.25332438
 4413.1  1.11111111  0.96744234  0.00304386  0.96744713 -0.25332444
 4413.2  1.11111111  0.96744230  0.00304698  0.96744710 -0.25332455
 4413.3  1.11111111  0.96744226  0.00304943  0.96744707 -0.25332468
 4413.4  1.11111111  0.96744222  0.00305106  0.96744703 -0.25332483
 4413.5  1.11111111  0.96744217  0.00305177  0.96744699 -0.25332500
 4413.6  1.11111111  0.96744213  0.00305154  0.96744694 -0.25332517
 4413.7  1.11111111  0.96744210  0.00305038  0.96744691 -0.25332533
 4413.8  1.11111111  0.96744207  0.00304839  0.96744687 -0.25332546
 4413.9  1.11111111  0.96744205  0.00304572  0.96744685 -0.25332556
 4414.0  1.11111111  0.96744204  0.00304257  0.96744683 -0.25332563
 4414.1  1.11111111  0.96744205  0.00303915  0.96744682 -0.25332566
 4414.2  1.11111111  0.96744206  0.00303570  0.96744683 -0.25332564
 4414.3  1.11111111  0.96744209  0.00303246  0.96744684 -0.25332559
 4414.4  1.11111111  0.96744212  0.00302963  0.96744686 -0.25332549
 4414.5  1.11111111  0.96744216  0.00302741  0.96744690 -0.25332537
 4414.6  1.11111111  0.96744220  0.00302594  0.96744693 -0.25332523
 4414.7  1.11111111  0.96744224  0.00302530  0.96744697 -0.25332508
 4414.8  1.11111111  0.96744228  0.00302553  0.96744701 -0.25332492
 4414.9  1.11111111  0.96744231  0.00302659  0.96744704 -0.25332478
 4415.0  1.11111111  0.96744233  0.00302841  0.96744707 -0.25332466
 4415.1  1.11111111  0.96744235  0.00303084  0.96744710 -0.25332457
 4415.2  1.11111111  0.96744236  0.00303373  0.96744711 -0.25332450
 4415.3  1.11111111  0.96744235  0.00303686  0.96744712 -0.25332448
 4415.4  1.11111111  0.96744234  0.00304002  0.96744712 -0.25332450
 4415.5  1.11111111  0.96744232  0.00304298  0.96744710 -0.25332455
 4415.6  1.11111111  0.96744229  0.00304556  0.96744708 -0.25332464
 4415.7  1.11111111  0.96744225  0.00304757  0.96744705 -0.25332475
 4415.8  1.11111111  0.96744221  0.00304888  0.96744702 -0.25332488
 4415.9  1.11111111  0.96744218  0.00304941  0.96744698 -0.25332502
 4416.0  1.11111111  0.96744214  0.00304915  0.96744695 -0.25332516
 4416.1  1.11111111  0.96744211  0.00304812  0.96744692 -0.25332529
 4416.2  1.11111111  0.96744209  0.00304641  0.96744689 -0.25332540
 4416.3  1.11111111  0.96744208  0.00304415  0.96744687 -0.25332548
 4416.4  1.11111111  0.96744207  0.00304149  0.96744685 -0.25332553
 4416.5  1.11111111  0.96744208  0.00303865  0.96744685 -0.25332555
 4416.6  1.11111111  0.96744209  0.00303580  0.96744685 -0.25332553
 4416.7  1.11111111  0.96744211  0.00303314  0.96744687 -0.25332548
 4416.8  1.11111111  0.96744214  0.00303086  0.96744689 -0.25332540
 4416.9  1.11111111  0.96744217  0.00302909  0.96744691 -0.25332530
 4417.0  1.11111111  0.96744220  0.00302796  0.96744694 -0.25332518
 4417.1  1.11111111  0.96744224  0.00302751  0.96744698 -0.25332506
 4417.2  1.11111111  0.96744227  0.00302777  0.96744701 -0.25332493
 4417.3  1.11111111  0.96744229  0.00302871  0.96744703 -0.25332482
 4417.4  1.11111111  0.96744231  0.00303025  0.96744706 -0.25332472
 4417.5  1.11111111  0.96744232  0.00303226  0.96744708 -0.25332465
 4417.6  1.11111111  0.96744233  0.00303461  0.96744709 -0.25332460
 4417.7  1.11111111  0.96744233  0.00303715  0.96744709 -0.25332458
 4417.8  1.11111111  0.96744232  0.00303969  0.96744709 -0.25332460
 4417.9  1.11111111  0.96744230  0.00304206  0.96744708 -0.25332464
 4418.0  1.11111111  0.96744227  0.00304411  0.96744706 -0.25332471
 4418.1  1.11111111  0.96744224  0.00304573  0.96744704 -0.25332480
 4418.2  1.11111111  0.96744222  0.00304681  0.96744701 -0.25332490
 4418.3  1.11111111  0.96744219  0.00304729  0.96744699 -0.25332501
 4418.4  1.11111111  0.96744216  0.00304715  0.96744696 -0.25332512
 4418.5  1.11111111  0.96744213  0.00304640  0.96744693 -0.25332523
 4418.6  1.11111111  0.96744212  0.00304511  0.96744691 -0.25332532
 4418.7  1.11111111  0.96744210  0.00304338  0.96744689 -0.25332539
 4418.8  1.11111111  0.96744210  0.00304132  0.96744688 -0.25332543
 4418.9  1.11111111  0.96744210  0.00303908  0.96744687 -0.25332546
 4419.0  1.11111111  0.96744211  0.00303679  0.96744688 -0.25332545
 4419.1  1.11111111  0.96744212  0.00303462  0.96744688 -0.25332542
 4419.2  1.11111111  0.96744214  0.00303271  0.96744690 -0.25332536
 4419.3  1.11111111  0.96744217  0.00303116  0.96744692 -0.25332528
 4419.4  1.11111111  0.96744220  0.00303008  0.96744694 -0.25332519
 4419.5  1.11111111  0.96744222  0.00302952  0.96744697 -0.25332509
 4419.6  1.11111111  0.96744225  0.00302952  0.96744699 -0.25332499
 4419.7  1.11111111  0.96744227  0.00303008  0.96744702 -0.25332489
 4419.8  1.11111111  0.96744229  0.00303116  0.96744704 -0.25332481
 4419.9  1.11111111  0.96744230  0.00303267  0.96744705 -0.25332474
 4420.0  1.11111111  0.96744231  0.00303452  0.96744707 -0.25332469
 4420.1  1.11111111  0.96744231  0.00303656  0.96744707 -0.25332467
 4420.2  1.11111111  0.96744230  0.00303867  0.96744707 -0.25332467
 4420.3  1.11111111  0.96744229  0.00304069  0.96744707 -0.25332470
 4420.4  1.11111111  0.96744227  0.00304251  0.96744705 -0.25332475
 4420.5  1.11111111  0.96744225  0.00304399  0.96744704 -0.25332481
 4420.6  1.11111111  0.96744222  0.00304505  0.96744701 -0.25332490
 4420.7  1.11111111  0.96744220  0.00304564  0.96744699 -0.25332499
 4420.8  1.11111111  0.96744217  0.00304570  0.96744697 -0.25332508
 4420.9  1.11111111  0.96744215  0.00304523  0.96744694 -0.25332517
 4421.0  1.11111111  0.96744213  0.00304428  0.96744692 -0.25332525
 4421.1  1.11111111  0.96744212  0.00304292  0.96744691 -0.25332532
 4421.2  1.11111111  0.96744212  0.00304123  0.96744690 -0.25332537
 4421.3  1.11111111  0.96744212  0.00303934  0.96744689 -0.25332539
 4421.4  1.11111111  0.96744212  0.00303737  0.96744689 -0.25332539
 4421.5  1.11111111  0.96744213  0.00303547  0.96744690 -0.25332537
 4421.6  1.11111111  0.96744215  0.00303375  0.96744691 -0.25332532
 4421.7  1.11111111  0.96744217  0.00303233  0.96744692 -0.25332526
 4421.8  1.11111111  0.96744219  0.00303129  0.96744694 -0.25332519
 4421.9  1.11111111  0.96744222  0.00303070  0.96744696 -0.25332510
 4422.0  1.11111111  0.96744224  0.00303060  0.96744699 -0.25332501
 4422.1  1.11111111  0.96744226  0.00303099  0.96744701 -0.25332493
 4422.2  1.11111111  0.96744228  0.00303185  0.96744703 -0.25332485
 4422.3  1.11111111  0.96744229  0.00303310  0.96744704 -0.25332479
 4422.4  1.11111111  0.96744229  0.00303466  0.96744705 -0.25332474
 4422.5  1.11111111  0.96744229  0.00303642  0.96744706 -0.25332472
 4422.6  1.11111111  0.96744229  0.00303826  0.96744706 -0.25332472
 4422.7  1.11111111  0.96744228  0.00304005  0.96744706 -0.25332474
 4422.8  1.11111111  0.96744226  0.00304168  0.96744705 -0.25332478
 4422.9  1.11111111  0.96744225  0.00304304  0.96744703 -0.25332483
 4423.0  1.11111111  0.96744222  0.00304404  0.96744701 -0.25332490
 4423.1  1.11111111  0.96744220  0.00304462  0.96744699 -0.25332498
 4423.2  1.11111111  0.96744218  0.00304473  0.96744697 -0.25332507
 4423.3  1.11111111  0.96744216  0.00304439  0.96744695 -0.25332515
 4423.4  1.11111111  0.96744215  0.00304361  0.96744693 -0.25332522
 4423.5  1.11111111  0.96744213  0.00304246  0.96744692 -0.25332528
 4423.6  1.11111111  0.96744213  0.00304103  0.96744691 -0.25332532
 4423.7  1.11111111  0.96744213  0.00303942  0.96744690 -0.25332534
 4423.8  1.11111111  0.96744213  0.00303774  0.96744690 -0.25332535
 4423.9  1.11111111  0.96744214  0.00303609  0.96744690 -0.25332533
 4424.0  1.11111111  0.96744215  0.00303460  0.96744691 -0.25332529
 4424.1  1.11111111  0.96744217  0.00303336  0.96744693 -0.25332524
 4424.2  1.11111111  0.96744219  0.00303242  0.96744694 -0.25332518
 4424.3  1.11111111  0.96744221  0.00303187  0.96744696 -0.25332511
 4424.4  1.11111111  0.96744223  0.00303170  0.96744698 -0.25332503
 4424.5  1.11111111  0.96744225  0.00303194  0.96744700 -0.25332496
 4424.6  1.11111111  0.96744226  0.00303258  0.96744702 -0.25332489
 4424.7  1.11111111  0.96744227  0.00303357  0.96744703 -0.25332484
 4424.8  1.11111111  0.96744228  0.00303483  0.96744704 -0.25332480
 4424.9  1.11111111  0.96744228  0.00303628  0.96744705 -0.25332477
 4425.0  1.11111111  0.96744228  0.00303782  0.96744705 -0.25332476
 4425.1  1.11111111  0.96744227  0.00303935  0.96744704 -0.25332478
 4425.2  1.11111111  0.96744226  0.00304076  0.96744704 -0.25332481
 4425.3  1.11111111  0.96744224  0.00304196  0.96744703 -0.25332485
 4425.4  1.11111111  0.96744223  0.00304288  0.96744701 -0.25332491
 4425.5  1.11111111  0.96744221  0.00304345  0.96744699 -0.25332497
 4425.6  1.11111111  0.96744219  0.00304365  0.96744698 -0.25332504
 4425.7  1.11111111  0.96744217  0.00304346  0.96744696 -0.25332511
 4425.8  1.11111111  0.96744216  0.00304290  0.96744694 -0.25332517
 4425.9  1.11111111  0.96744215  0.00304202  0.96744693 -0.25332523
 4426.0  1.11111111  0.96744214  0.00304088  0.96744692 -0.25332527
 4426.1  1.11111111  0.96744214  0.00303956  0.96744691 -0.25332529
 4426.2  1.11111111  0.96744214  0.00303814  0.96744691 -0.25332530
 4426.3  1.11111111  0.96744215  0.00303673  0.96744692 -0.25332529
 4426.4  1.11111111  0.96744216  0.00303541  0.96744692 -0.25332526
 4426.5  1.11111111  0.96744217  0.00303428  0.96744693 -0.25332522
 4426.6  1.11111111  0.96744219  0.00303341  0.96744695 -0.25332517
 4426.7  1.11111111  0.96744221  0.00303285  0.96744696 -0.25332511
 4426.8  1.11111111  0.96744222  0.00303263  0.96744698 -0.25332505
 4426.9  1.11111111  0.96744224  0.00303277  0.96744699 -0.25332498
 4427.0  1.11111111  0.96744225  0.00303324  0.96744701 -0.25332493
 4427.1  1.11111111  0.96744226  0.00303403  0.96744702 -0.25332488
 4427.2  1.11111111  0.96744227  0.00303506  0.96744703 -0.25332484
 4427.3  1.11111111  0.96744227  0.00303626  0.96744703 -0.25332482
 4427.4  1.11111111  0.96744227  0.00303757  0.96744704 -0.25332481
 4427.5  1.11111111  0.96744226  0.00303887  0.96744704 -0.25332481
 4427.6  1.11111111  0.96744225  0.00304010  0.96744703 -0.25332484
 4427.7  1.11111111  0.96744224  0.00304116  0.96744702 -0.25332487
 4427.8  1.11111111  0.96744223  0.00304199  0.96744701 -0.25332492
 4427.9  1.11111111  0.96744221  0.00304255  0.96744699 -0.25332497
 4428.0  1.11111111  0.96744220  0.00304278  0.96744698 -0.25332503
 4428.1  1.11111111  0.96744218  0.00304268  0.96744697 -0.25332509
 4428.2  1.11111111  0.96744217  0.00304227  0.96744695 -0.25332514
 4428.3  1.11111111  0.96744216  0.00304158  0.96744694 -0.25332519
 4428.4  1.11111111  0.96744215  0.00304065  0.96744693 -0.25332523
 4428.5  1.11111111  0.96744215  0.00303954  0.96744693 -0.25332525
 4428.6  1.11111111  0.96744215  0.00303835  0.96744692 -0.25332526
 4428.7  1.11111111  0.96744216  0.00303714  0.96744692 -0.25332525
 4428.8  1.11111111  0.96744217  0.00303599  0.96744693 -0.25332524
 4428.9  1.11111111  0.96744218  0.00303499  0.96744694 -0.25332520
 4429.0  1.11111111  0.96744219  0.00303418  0.96744695 -0.25332516
 4429.1  1.11111111  0.96744220  0.00303363  0.96744696 -0.25332511
 4429.2  1.11111111  0.96744222  0.00303336  0.96744697 -0.25332506
 4429.3  1.11111111  0.96744223  0.00303340  0.96744699 -0.25332500
 4429.4  1.11111111  0.96744224  0.00303373  0.96744700 -0.25332495
 4429.5  1.11111111  0.96744225  0.00303434  0.96744701 -0.25332491
 4429.6  1.11111111  0.96744226  0.00303518  0.96744702 -0.25332487
 4429.7  1.11111111  0.96744226  0.00303620  0.96744703 -0.25332485
 4429.8  1.11111111  0.96744226  0.00303733  0.96744703 -0.25332484
 4429.9  1.11111111  0.96744226  0.00303850  0.96744703 -0.25332484
 4430.0  1.11111111  0.96744225  0.00303963  0.96744702 -0.25332486
 4430.1  1.11111111  0.96744224  0.00304062  0.96744702 -0.25332489
 4430.2  1.11111111  0.96744223  0.00304141  0.96744701 -0.25332493
 4430.3  1.11111111  0.96744221  0.00304195  0.96744700 -0.25332497
 4430.4  1.11111111  0.96744220  0.00304220  0.96744698 -0.25332503
 4430.5  1.11111111  0.96744219  0.00304215  0.96744697 -0.25332508
 4430.6  1.11111111  0.96744217  0.00304181  0.96744696 -0.25332513
 4430.7  1.11111111  0.96744217  0.00304121  0.96744695 -0.25332517
 4430.8  1.11111111  0.96744216  0.00304039  0.96744694 -0.25332520
 4430.9  1.11111111  0.96744216  0.00303942  0.96744693 -0.25332522
 4431.0  1.11111111  0.96744216  0.00303836  0.96744693 -0.25332523
 4431.1  1.11111111  0.96744216  0.00303729  0.96744693 -0.25332523
 4431.2  1.11111111  0.96744217  0.00303627  0.96744694 -0.25332521
 4431.3  1.11111111  0.96744218  0.00303538  0.96744694 -0.25332518
 4431.4  1.11111111  0.96744219  0.00303467  0.96744695 -0.25332515
 4431.5  1.11111111  0.96744220  0.00303419  0.96744696 -0.25332510
 4431.6  1.11111111  0.96744222  0.00303397  0.96744697 -0.25332505
 4431.7  1.11111111  0.96744223  0.00303403  0.96744699 -0.25332501
 4431.8  1.11111111  0.96744224  0.00303435  0.96744700 -0.25332496
 4431.9  1.11111111  0.96744225  0.00303491  0.96744701 -0.25332492
 4432.0  1.11111111  0.96744225  0.00303568  0.96744702 -0.25332489
 4432.1  1.11111111  0.96744225  0.00303658  0.96744702 -0.25332487
 4432.2  1.11111111  0.96744225  0.00303757  0.96744702 -0.25332486
 4432.3  1.11111111  0.96744225  0.00303857  0.96744702 -0.25332487
 4432.4  1.11111111  0.96744224  0.00303952  0.96744702 -0.25332489
 4432.5  1.11111111  0.96744223  0.00304034  0.96744701 -0.25332491
 4432.6  1.11111111  0.96744222  0.00304099  0.96744700 -0.25332495
 4432.7  1.11111111  0.96744221  0.00304142  0.96744699 -0.25332499
 4432.8  1.11111111  0.96744220  0.00304161  0.96744698 -0.25332503
 4432.9  1.11111111  0.96744219  0.00304153  0.96744697 -0.25332508
 4433.0  1.11111111  0.96744218  0.00304121  0.96744696 -0.25332512
 4433.1  1.11111111  0.96744217  0.00304067  0.96744695 -0.25332516
 4433.2  1.11111111  0.96744217  0.00303994  0.96744694 -0.25332518
 4433.3  1.11111111  0.96744216  0.00303909  0.96744694 -0.25332520
 4433.4  1.11111111  0.96744217  0.00303815  0.96744694 -0.25332521
 4433.5  1.11111111  0.96744217  0.00303722  0.96744694 -0.25332520
 4433.6  1.11111111  0.96744218  0.00303634  0.96744694 -0.25332519
 4433.7  1.11111111  0.96744219  0.00303558  0.96744695 -0.25332516
 4433.8  1.11111111  0.96744220  0.00303498  0.96744696 -0.25332513
 4433.9  1.11111111  0.96744221  0.00303460  0.96744697 -0.25332509
 4434.0  1.11111111  0.96744222  0.00303445  0.96744698 -0.25332505
 4434.1  1.11111111  0.96744223  0.00303454  0.96744699 -0.25332500
 4434.2  1.11111111  0.96744224  0.00303486  0.96744700 -0.25332497
 4434.3  1.11111111  0.96744224  0.00303538  0.96744701 -0.25332493
 4434.4  1.11111111  0.96744225  0.00303608  0.96744701 -0.25332491
 4434.5  1.11111111  0.96744225  0.00303689  0.96744702 -0.25332489
 4434.6  1.11111111  0.96744225  0.00303776  0.96744702 -0.25332489
 4434.7  1.11111111  0.96744224  0.00303863  0.96744702 -0.25332489
 4434.8  1.11111111  0.96744224  0.00303945  0.96744701 -0.25332491
 4434.9  1.11111111  0.96744223  0.00304014  0.96744701 -0.25332493
 4435.0  1.11111111  0.96744222  0.00304067  0.96744700 -0.25332497
 4435.1  1.11111111  0.96744221  0.00304100  0.96744699 -0.25332500
 4435.2  1.11111111  0.96744220  0.00304111  0.96744698 -0.25332504
 4435.3  1.11111111  0.96744219  0.00304100  0.96744697 -0.25332508
 4435.4  1.11111111  0.96744218  0.00304068  0.96744696 -0.25332512
 4435.5  1.11111111  0.96744218  0.00304018  0.96744695 -0.25332514
 4435.6  1.11111111  0.96744217  0.00303955  0.96744695 -0.25332517
 4435.7  1.11111111  0.96744217  0.00303881  0.96744694 -0.25332518
 4435.8  1.11111111  0.96744217  0.00303802  0.96744694 -0.25332518
 4435.9  1.11111111  0.96744218  0.00303724  0.96744694 -0.25332518
 4436.0  1.11111111  0.96744218  0.00303653  0.96744695 -0.25332516
 4436.1  1.11111111  0.96744219  0.00303592  0.96744695 -0.25332514
 4436.2  1.11111111  0.96744220  0.00303546  0.96744696 -0.25332511
 4436.3  1.11111111  0.96744221  0.00303515  0.96744697 -0.25332508
 4436.4  1.11111111  0.96744222  0.00303504  0.96744698 -0.25332505
 4436.5  1.11111111  0.96744222  0.00303511  0.96744699 -0.25332501
 4436.6  1.11111111  0.96744223  0.00303536  0.96744699 -0.25332498
 4436.7  1.11111111  0.96744224  0.00303577  0.96744700 -0.25332496
 4436.8  1.11111111  0.96744224  0.00303631  0.96744700 -0.25332493
 4436.9  1.11111111  0.96744224  0.00303695  0.96744701 -0.25332492
 4437.0  1.11111111  0.96744224  0.00303765  0.96744701 -0.25332492
 4437.1  1.11111111  0.96744224  0.00303836  0.96744701 -0.25332492
 4437.2  1.11111111  0.96744223  0.00303903  0.96744701 -0.25332493
 4437.3  1.11111111  0.96744223  0.00303962  0.96744700 -0.25332495
 4437.4  1.11111111  0.96744222  0.00304008  0.96744700 -0.25332497
 4437.5  1.11111111  0.96744221  0.00304040  0.96744699 -0.25332500
 4437.6  1.11111111  0.96744220  0.00304054  0.96744698 -0.25332503
 4437.7  1.11111111  0.96744219  0.00304051  0.96744697 -0.25332507
 4437.8  1.11111111  0.96744219  0.00304030  0.96744696 -0.25332509
 4437.9  1.11111111  0.96744218  0.00303994  0.96744696 -0.25332512
 4438.0  1.11111111  0.96744218  0.00303944  0.96744695 -0.25332514
 4438.1  1.11111111  0.96744218  0.00303885  0.96744695 -0.25332515
 4438.2  1.11111111  0.96744218  0.00303821  0.96744695 -0.25332516
 4438.3  1.11111111  0.96744218  0.00303755  0.96744695 -0.25332516
 4438.4  1.11111111  0.96744218  0.00303692  0.96744695 -0.25332515
 4438.5  1.11111111  0.96744219  0.00303637  0.96744696 -0.25332513
 4438.6  1.11111111  0.96744220  0.00303593  0.96744696 -0.25332511
 4438.7  1.11111111  0.96744221  0.00303563  0.96744697 -0.25332508
 4438.8  1.11111111  0.96744221  0.00303548  0.96744698 -0.25332505
 4438.9  1.11111111  0.96744222  0.00303550  0.96744698 -0.25332502
 4439.0  1.11111111  0.96744223  0.00303567  0.96744699 -0.25332500
 4439.1  1.11111111  0.96744223  0.00303600  0.96744700 -0.25332497
 4439.2  1.11111111  0.96744224  0.00303645  0.96744700 -0.25332495
 4439.3  1.11111111  0.96744224  0.00303699  0.96744700 -0.25332494
 4439.4  1.11111111  0.96744224  0.00303759  0.96744701 -0.25332493
