# Table of LF 19.5             
    5.000000E-01   233368.500000
    5.050000E-01   232324.500000
    5.100000E-01   231260.600000
    5.150000E-01   230176.800000
    5.200000E-01   229073.200000
    5.250000E-01   227950.000000
    5.300000E-01   226807.200000
    5.350000E-01   225644.900000
    5.400000E-01   224463.300000
    5.450000E-01   223262.500000
    5.500000E-01   222042.500000
    5.549999E-01   220803.500000
    5.599999E-01   219545.500000
    5.649999E-01   218268.600000
    5.699999E-01   216972.900000
    5.749999E-01   215658.500000
    5.799999E-01   214325.400000
    5.849999E-01   212973.800000
    5.899999E-01   211603.800000
    5.949999E-01   210215.200000
    5.999999E-01   208808.400000
    6.049999E-01   207383.200000
    6.099999E-01   205939.800000
    6.149999E-01   204478.200000
    6.199999E-01   202998.500000
    6.249999E-01   201500.700000
    6.299999E-01   199984.900000
    6.349999E-01   198451.100000
    6.399999E-01   196899.300000
    6.449999E-01   195329.600000
    6.499999E-01   193742.000000
    6.549999E-01   192136.600000
    6.599998E-01   190513.300000
    6.649998E-01   188872.200000
    6.699998E-01   187213.300000
    6.749998E-01   185536.500000
    6.799998E-01   183842.000000
    6.849998E-01   182129.600000
    6.899998E-01   180399.400000
    6.949998E-01   178651.400000
    6.999998E-01   176885.500000
    7.049998E-01   175101.800000
    7.099998E-01   173300.100000
    7.149998E-01   171480.500000
    7.199998E-01   169642.800000
    7.249998E-01   167787.200000
    7.299998E-01   165913.300000
    7.349998E-01   164021.300000
    7.399998E-01   162111.000000
    7.449998E-01   160182.300000
    7.499998E-01   158235.200000
    7.549998E-01   156269.400000
    7.599998E-01   154285.000000
    7.649997E-01   152281.600000
    7.699997E-01   150259.300000
    7.749997E-01   148217.600000
    7.799997E-01   146156.600000
    7.849997E-01   144076.000000
    7.899997E-01   141975.500000
    7.949997E-01   139855.000000
    7.999997E-01   137714.000000
    8.049997E-01   135552.400000
    8.099997E-01   133369.800000
    8.149997E-01   131165.700000
    8.199997E-01   128939.900000
    8.249997E-01   126691.800000
    8.299997E-01   124421.000000
    8.349997E-01   122127.000000
    8.399997E-01   119809.000000
    8.449997E-01   117466.600000
    8.499997E-01   115098.900000
    8.549997E-01   112705.200000
    8.599997E-01   110284.600000
    8.649997E-01   107836.100000
    8.699996E-01   105358.600000
    8.749996E-01   102850.900000
    8.799996E-01   100311.500000
    8.849996E-01    97739.010000
    8.899996E-01    95131.520000
    8.949996E-01    92487.160000
    8.999996E-01    89803.590000
    9.049996E-01    87078.230000
    9.099996E-01    84308.090000
    9.149996E-01    81489.700000
    9.199996E-01    78618.950000
    9.249996E-01    75691.130000
    9.299996E-01    72700.510000
    9.349996E-01    69640.200000
    9.399996E-01    66502.090000
    9.449996E-01    63275.900000
    9.499996E-01    59948.960000
    9.549996E-01    56504.960000
    9.599996E-01    52922.770000
    9.649996E-01    49173.860000
    9.699996E-01    45219.010000
    9.749995E-01    41000.750000
    9.799995E-01    36429.950000
    9.849995E-01    31355.740000
    9.899995E-01    25482.510000
    9.949995E-01    18051.370000
    9.999995E-01     3581.043000
