# P_DO 04/05/04 16:14:12 Path=D:\Data\040504
# Sensitivity=3 mV Excitation=0.05000 V Phase=92.00
#
# 040504/11
4.65820E+0	-8.11767E-5	-2.15134E-4
4.62402E+0	-8.12777E-5	-2.15131E-4
4.58984E+0	-8.12811E-5	-2.15230E-4
4.55566E+0	-8.12847E-5	-2.15331E-4
4.52148E+0	-8.12847E-5	-2.15331E-4
4.48730E+0	-8.12847E-5	-2.15331E-4
4.45313E+0	-8.12882E-5	-2.15432E-4
4.41895E+0	-8.12917E-5	-2.15533E-4
4.38477E+0	-8.12917E-5	-2.15533E-4
4.35059E+0	-8.12917E-5	-2.15533E-4
4.31641E+0	-8.12917E-5	-2.15533E-4
4.28223E+0	-8.12882E-5	-2.15432E-4
4.24805E+0	-8.11873E-5	-2.15436E-4
4.21387E+0	-8.12847E-5	-2.15331E-4
4.17969E+0	-8.12847E-5	-2.15331E-4
4.14551E+0	-8.12847E-5	-2.15331E-4
4.11133E+0	-8.12847E-5	-2.15331E-4
4.07715E+0	-8.12847E-5	-2.15331E-4
4.04297E+0	-8.12847E-5	-2.15331E-4
4.00879E+0	-8.12847E-5	-2.15331E-4
3.97461E+0	-8.12811E-5	-2.15230E-4
3.94043E+0	-8.11802E-5	-2.15234E-4
3.90625E+0	-8.11767E-5	-2.15134E-4
3.87207E+0	-8.11732E-5	-2.15033E-4
3.83789E+0	-8.10727E-5	-2.15037E-4
3.80371E+0	-8.10727E-5	-2.15037E-4
3.76953E+0	-8.10691E-5	-2.14936E-4
3.73535E+0	-8.11662E-5	-2.14832E-4
3.70117E+0	-8.11627E-5	-2.14731E-4
3.66699E+0	-8.10656E-5	-2.14836E-4
3.63281E+0	-8.10656E-5	-2.14836E-4
3.59863E+0	-8.10691E-5	-2.14936E-4
3.56445E+0	-8.11627E-5	-2.14731E-4
3.53027E+0	-8.11592E-5	-2.14631E-4
3.49609E+0	-8.11592E-5	-2.14631E-4
3.46191E+0	-8.10551E-5	-2.14533E-4
3.42773E+0	-8.10516E-5	-2.14433E-4
3.39355E+0	-8.10480E-5	-2.14332E-4
3.35938E+0	-8.09510E-5	-2.14436E-4
3.32520E+0	-8.09475E-5	-2.14336E-4
3.29102E+0	-8.09475E-5	-2.14336E-4
3.25684E+0	-8.09475E-5	-2.14336E-4
3.22266E+0	-8.09440E-5	-2.14235E-4
3.18848E+0	-8.09370E-5	-2.14034E-4
3.15430E+0	-8.08364E-5	-2.14037E-4
3.12012E+0	-8.07320E-5	-2.13940E-4
3.08594E+0	-8.07250E-5	-2.13739E-4
3.05176E+0	-8.07214E-5	-2.13638E-4
3.01758E+0	-8.06139E-5	-2.13441E-4
2.98340E+0	-8.06068E-5	-2.13239E-4
2.94922E+0	-8.05028E-5	-2.13141E-4
2.91504E+0	-8.04958E-5	-2.12940E-4
2.88086E+0	-8.03948E-5	-2.12944E-4
2.84668E+0	-8.02908E-5	-2.12848E-4
2.81250E+0	-8.01867E-5	-2.12750E-4
2.77832E+0	-8.01867E-5	-2.12750E-4
2.74414E+0	-8.02837E-5	-2.12646E-4
2.70996E+0	-8.02767E-5	-2.12445E-4
2.67578E+0	-8.02697E-5	-2.12243E-4
2.64160E+0	-8.02591E-5	-2.11941E-4
2.60742E+0	-8.01480E-5	-2.11643E-4
2.57324E+0	-8.00405E-5	-2.11445E-4
2.53906E+0	-7.99290E-5	-2.11146E-4
2.50488E+0	-7.97209E-5	-2.10952E-4
2.47070E+0	-7.95089E-5	-2.10658E-4
2.43652E+0	-7.92973E-5	-2.10363E-4
2.40234E+0	-7.89777E-5	-2.09870E-4
2.36816E+0	-7.82520E-5	-2.09291E-4
2.33398E+0	-7.70338E-5	-2.09031E-4
2.29980E+0	-7.55417E-5	-2.09586E-4
2.26563E+0	-7.47783E-5	-2.10823E-4
2.23145E+0	-7.46194E-5	-2.12037E-4
2.19727E+0	-7.48450E-5	-2.12735E-4
2.16309E+0	-7.50642E-5	-2.13231E-4
2.12891E+0	-7.55742E-5	-2.13415E-4
2.09473E+0	-7.61783E-5	-2.13393E-4
2.06055E+0	-7.67718E-5	-2.13070E-4
2.02637E+0	-7.71603E-5	-2.12654E-4
1.99219E+0	-7.73474E-5	-2.12245E-4
1.95801E+0	-7.72292E-5	-2.11745E-4
1.92383E+0	-7.70137E-5	-2.11349E-4
1.88965E+0	-7.66910E-5	-2.10756E-4
1.85547E+0	-7.63714E-5	-2.10263E-4
1.82129E+0	-7.61524E-5	-2.09767E-4
1.78711E+0	-7.56387E-5	-2.09483E-4
1.75293E+0	-7.51180E-5	-2.08997E-4
1.71875E+0	-7.46834E-5	-2.08105E-4
1.68457E+0	-7.37356E-5	-2.06929E-4
1.65039E+0	-7.22842E-5	-2.05771E-4
1.61621E+0	-7.02504E-5	-2.05236E-4
1.58203E+0	-6.77481E-5	-2.05727E-4
1.54785E+0	-6.51911E-5	-2.07529E-4
1.51367E+0	-6.22631E-5	-2.10252E-4
1.47949E+0	-6.04256E-5	-2.15355E-4
1.44531E+0	-6.08099E-5	-2.20581E-4
1.41113E+0	-6.27587E-5	-2.24443E-4
1.37695E+0	-6.50397E-5	-2.26279E-4
1.34277E+0	-6.71741E-5	-2.26809E-4
1.30859E+0	-6.86838E-5	-2.26756E-4
1.27441E+0	-6.96869E-5	-2.26620E-4
1.24023E+0	-7.05790E-5	-2.26186E-4
1.20605E+0	-7.13805E-5	-2.26058E-4
1.17188E+0	-7.18765E-5	-2.25838E-4
1.13770E+0	-7.20711E-5	-2.25630E-4
1.10352E+0	-7.22791E-5	-2.25824E-4
1.06934E+0	-7.25986E-5	-2.26316E-4
1.03516E+0	-7.31158E-5	-2.26702E-4
1.00098E+0	-7.36194E-5	-2.26685E-4
9.66797E-1	-7.39179E-5	-2.26573E-4
9.32617E-1	-7.42124E-5	-2.26361E-4
8.98437E-1	-7.42124E-5	-2.26361E-4
8.64258E-1	-7.43134E-5	-2.26357E-4
8.30078E-1	-7.46119E-5	-2.26246E-4
7.95898E-1	-7.48165E-5	-2.26340E-4
7.61719E-1	-7.51221E-5	-2.26430E-4
7.27539E-1	-7.55176E-5	-2.26214E-4
6.93359E-1	-7.57190E-5	-2.26207E-4
6.59180E-1	-7.59166E-5	-2.26100E-4
6.25000E-1	-7.60101E-5	-2.25896E-4
5.90820E-1	-7.62081E-5	-2.25788E-4
5.56641E-1	-7.64091E-5	-2.25781E-4
5.22461E-1	-7.69302E-5	-2.26266E-4
4.88281E-1	-7.75374E-5	-2.26346E-4
4.54102E-1	-7.78394E-5	-2.26335E-4
4.19922E-1	-7.83394E-5	-2.26217E-4
3.85742E-1	-7.87349E-5	-2.26002E-4
3.51562E-1	-7.89255E-5	-2.25693E-4
3.17383E-1	-7.91199E-5	-2.25484E-4
2.83203E-1	-7.93139E-5	-2.25276E-4
2.49023E-1	-7.94043E-5	-2.24971E-4
2.14844E-1	-7.95949E-5	-2.24662E-4
1.80664E-1	-7.96849E-5	-2.24357E-4
1.46484E-1	-7.96778E-5	-2.24155E-4
1.12305E-1	-7.96673E-5	-2.23853E-4
7.81250E-2	-7.97612E-5	-2.23649E-4
4.39453E-2	-7.98582E-5	-2.23544E-4
9.76562E-3	-7.99517E-5	-2.23339E-4
-2.44141E-2	-8.00421E-5	-2.23033E-4
-5.85937E-2	-8.00386E-5	-2.22933E-4
-9.27734E-2	-8.00351E-5	-2.22833E-4
-1.26953E-1	-8.00280E-5	-2.22631E-4
-1.61133E-1	-7.99201E-5	-2.22433E-4
-1.95312E-1	-7.98231E-5	-2.22538E-4
-2.29492E-1	-7.98266E-5	-2.22638E-4
-2.63672E-1	-7.99271E-5	-2.22634E-4
-2.97852E-1	-8.00246E-5	-2.22531E-4
-3.32031E-1	-8.00175E-5	-2.22329E-4
-3.66211E-1	-8.00070E-5	-2.22027E-4
-4.00391E-1	-7.99025E-5	-2.21930E-4
-4.34570E-1	-7.98990E-5	-2.21830E-4
-4.68750E-1	-7.98990E-5	-2.21830E-4
-5.02930E-1	-7.98955E-5	-2.21729E-4
-5.37109E-1	-7.97879E-5	-2.21531E-4
-5.71289E-1	-7.96839E-5	-2.21434E-4
-6.05469E-1	-7.95865E-5	-2.21538E-4
-6.39648E-1	-7.94824E-5	-2.21441E-4
-6.73828E-1	-7.93819E-5	-2.21445E-4
-7.08008E-1	-7.92778E-5	-2.21347E-4
-7.42187E-1	-7.91698E-5	-2.21150E-4
-7.76367E-1	-7.89652E-5	-2.21056E-4
-8.10547E-1	-7.87567E-5	-2.20862E-4
-8.44727E-1	-7.85416E-5	-2.20466E-4
-8.78906E-1	-7.82255E-5	-2.20074E-4
-9.13086E-1	-7.76039E-5	-2.19592E-4
-9.47266E-1	-7.63822E-5	-2.19232E-4
-9.81445E-1	-7.39080E-5	-2.20527E-4
-1.01563E+0	-7.27791E-5	-2.25706E-4
-1.04980E+0	-7.50681E-5	-2.30665E-4
-1.08398E+0	-7.81547E-5	-2.32471E-4
-1.11816E+0	-8.03514E-5	-2.31891E-4
-1.15234E+0	-8.16034E-5	-2.30234E-4
-1.18652E+0	-8.21512E-5	-2.28603E-4
-1.22070E+0	-8.24145E-5	-2.27485E-4
-1.25488E+0	-8.24834E-5	-2.26576E-4
-1.28906E+0	-8.23583E-5	-2.25875E-4
-1.32324E+0	-8.24413E-5	-2.25368E-4
-1.35742E+0	-8.24272E-5	-2.24966E-4
-1.39160E+0	-8.24166E-5	-2.24664E-4
-1.42578E+0	-8.24096E-5	-2.24463E-4
-1.45996E+0	-8.22950E-5	-2.24063E-4
-1.49414E+0	-8.22810E-5	-2.23661E-4
-1.52832E+0	-8.22740E-5	-2.23460E-4
-1.56250E+0	-8.22704E-5	-2.23359E-4
-1.59668E+0	-8.22669E-5	-2.23258E-4
-1.63086E+0	-8.23604E-5	-2.23054E-4
-1.66504E+0	-8.23569E-5	-2.22953E-4
-1.69922E+0	-8.23569E-5	-2.22953E-4
-1.73340E+0	-8.23569E-5	-2.22953E-4
-1.76758E+0	-8.22529E-5	-2.22856E-4
-1.80176E+0	-8.22494E-5	-2.22755E-4
-1.83594E+0	-8.22494E-5	-2.22755E-4
-1.87012E+0	-8.22564E-5	-2.22956E-4
-1.90430E+0	-8.22529E-5	-2.22856E-4
-1.93848E+0	-8.22494E-5	-2.22755E-4
-1.97266E+0	-8.22494E-5	-2.22755E-4
-2.00684E+0	-8.22458E-5	-2.22654E-4
-2.04102E+0	-8.22423E-5	-2.22553E-4
-2.07520E+0	-8.21308E-5	-2.22255E-4
-2.10938E+0	-8.21273E-5	-2.22155E-4
-2.14355E+0	-8.21238E-5	-2.22054E-4
