 # TIME  LP  TMAB  TMDS  TMPC  TMZ
 3144.9  1.25000000  0.96699299  0.01083173  0.96705366 -0.25481298
 3145.0  1.25000000  0.96701154  0.00915267  0.96705485 -0.25480841
 3145.1  1.25000000  0.96703187  0.00724873  0.96705904 -0.25479192
 3145.2  1.25000000  0.96705054  0.00546905  0.96706601 -0.25476429
 3145.3  1.25000000  0.96706778  0.00387303  0.96707554 -0.25472669
 3145.4  1.25000000  0.96708395  0.00251245  0.96708722 -0.25468068
 3145.5  1.25000000  0.96709951  0.00142946  0.96710057 -0.25462810
 3145.6  1.25000000  0.96711490  0.00065539  0.96711512 -0.25457090
 3145.7  1.25000000  0.96713035  0.00021041  0.96713037 -0.25451118
 3145.8  1.25000000  0.96714571  0.00010261  0.96714571 -0.25445112
 3145.9  1.25000000  0.96716060  0.00032797  0.96716065 -0.25439278
 3146.0  1.25000000  0.96717429  0.00087118  0.96717468 -0.25433817
 3146.1  1.25000000  0.96718580  0.00170608  0.96718730 -0.25428912
 3146.2  1.25000000  0.96719405  0.00279674  0.96719810 -0.25424724
 3146.3  1.25000000  0.96719806  0.00409915  0.96720675 -0.25421381
 3146.4  1.25000000  0.96719699  0.00556315  0.96721299 -0.25418984
 3146.5  1.25000000  0.96719031  0.00713350  0.96721661 -0.25417598
 3146.6  1.25000000  0.96717797  0.00875248  0.96721757 -0.25417249
 3146.7  1.25000000  0.96716038  0.01036200  0.96721588 -0.25417928
 3146.8  1.25000000  0.96713837  0.01190550  0.96721165 -0.25419588
 3146.9  1.25000000  0.96711319  0.01332994  0.96720505 -0.25422151
 3147.0  1.25000000  0.96708637  0.01458766  0.96719639 -0.25425504
 3147.1  1.25000000  0.96705957  0.01563800  0.96718600 -0.25429513
 3147.2  1.25000000  0.96703440  0.01644851  0.96717428 -0.25434021
 3147.3  1.25000000  0.96701233  0.01699593  0.96716167 -0.25438856
 3147.4  1.25000000  0.96699451  0.01726699  0.96714866 -0.25443838
 3147.5  1.25000000  0.96698170  0.01725850  0.96713570 -0.25448788
 3147.6  1.25000000  0.96697425  0.01697723  0.96712327 -0.25453530
 3147.7  1.25000000  0.96697208  0.01643954  0.96711182 -0.25457901
 3147.8  1.25000000  0.96697476  0.01567050  0.96710173 -0.25461754
 3147.9  1.25000000  0.96698158  0.01470277  0.96709335 -0.25464965
 3148.0  1.25000000  0.96699166  0.01357526  0.96708695 -0.25467436
 3148.1  1.25000000  0.96700410  0.01233163  0.96708272 -0.25469097
 3148.2  1.25000000  0.96701798  0.01101850  0.96708075 -0.25469911
 3148.3  1.25000000  0.96703258  0.00968381  0.96708107 -0.25469869
 3148.4  1.25000000  0.96704733  0.00837511  0.96708360 -0.25468993
 3148.5  1.25000000  0.96706184  0.00713787  0.96708819 -0.25467336
 3148.6  1.25000000  0.96707591  0.00601387  0.96709460 -0.25464975
 3148.7  1.25000000  0.96708945  0.00503987  0.96710258 -0.25462011
 3148.8  1.25000000  0.96710245  0.00424651  0.96711178 -0.25458562
 3148.9  1.25000000  0.96711491  0.00365729  0.96712183 -0.25454762
 3149.0  1.25000000  0.96712677  0.00328801  0.96713236 -0.25450751
 3149.1  1.25000000  0.96713788  0.00314634  0.96714300 -0.25446677
 3149.2  1.25000000  0.96714795  0.00323188  0.96715335 -0.25442683
 3149.3  1.25000000  0.96715659  0.00353606  0.96716306 -0.25438907
 3149.4  1.25000000  0.96716337  0.00404304  0.96717182 -0.25435475
 3149.5  1.25000000  0.96716777  0.00473024  0.96717934 -0.25432501
 3149.6  1.25000000  0.96716935  0.00556926  0.96718539 -0.25430076
 3149.7  1.25000000  0.96716776  0.00652709  0.96718979 -0.25428274
 3149.8  1.25000000  0.96716283  0.00756730  0.96719243 -0.25427142
 3149.9  1.25000000  0.96715458  0.00865146  0.96719327 -0.25426705
 3150.0  1.25000000  0.96714325  0.00974045  0.96719230 -0.25426963
 3150.1  1.25000000  0.96712938  0.01079592  0.96718963 -0.25427889
 3150.2  1.25000000  0.96711362  0.01178163  0.96718538 -0.25429436
 3150.3  1.25000000  0.96709681  0.01266452  0.96717973 -0.25431535
 3150.4  1.25000000  0.96707989  0.01341601  0.96717294 -0.25434099
 3150.5  1.25000000  0.96706375  0.01401281  0.96716527 -0.25437027
 3150.6  1.25000000  0.96704925  0.01443760  0.96715701 -0.25440208
 3150.7  1.25000000  0.96703706  0.01467952  0.96714847 -0.25443524
 3150.8  1.25000000  0.96702773  0.01473439  0.96713997 -0.25446854
 3150.9  1.25000000  0.96702151  0.01460476  0.96713179 -0.25450082
 3151.0  1.25000000  0.96701850  0.01429953  0.96712422 -0.25453097
 3151.1  1.25000000  0.96701856  0.01383359  0.96711751 -0.25455796
 3151.2  1.25000000  0.96702139  0.01322713  0.96711185 -0.25458095
 3151.3  1.25000000  0.96702657  0.01250475  0.96710742 -0.25459921
 3151.4  1.25000000  0.96703363  0.01169454  0.96710434 -0.25461221
 3151.5  1.25000000  0.96704207  0.01082697  0.96710268 -0.25461964
 3151.6  1.25000000  0.96705143  0.00993380  0.96710245 -0.25462136
 3151.7  1.25000000  0.96706131  0.00904688  0.96710363 -0.25461746
 3151.8  1.25000000  0.96707140  0.00819712  0.96710614 -0.25460820
 3151.9  1.25000000  0.96708144  0.00741335  0.96710986 -0.25459404
 3152.0  1.25000000  0.96709127  0.00672145  0.96711463 -0.25457559
 3152.1  1.25000000  0.96710075  0.00614344  0.96712026 -0.25455359
 3152.2  1.25000000  0.96710977  0.00569689  0.96712654 -0.25452889
 3152.3  1.25000000  0.96711820  0.00539434  0.96713324 -0.25450243
 3152.4  1.25000000  0.96712592  0.00524304  0.96714013 -0.25447515
 3152.5  1.25000000  0.96713273  0.00524480  0.96714695 -0.25444803
 3152.6  1.25000000  0.96713843  0.00539605  0.96715348 -0.25442202
 3152.7  1.25000000  0.96714278  0.00568806  0.96715951 -0.25439799
 3152.8  1.25000000  0.96714554  0.00610744  0.96716483 -0.25437674
 3152.9  1.25000000  0.96714651  0.00663661  0.96716928 -0.25435896
 3153.0  1.25000000  0.96714551  0.00725456  0.96717272 -0.25434517
 3153.1  1.25000000  0.96714249  0.00793762  0.96717506 -0.25433579
 3153.2  1.25000000  0.96713747  0.00866039  0.96717624 -0.25433103
 3153.3  1.25000000  0.96713060  0.00939662  0.96717625 -0.25433097
 3153.4  1.25000000  0.96712214  0.01012017  0.96717509 -0.25433551
 3153.5  1.25000000  0.96711248  0.01080590  0.96717285 -0.25434438
 3153.6  1.25000000  0.96710205  0.01143056  0.96716960 -0.25435718
 3153.7  1.25000000  0.96709138  0.01197357  0.96716550 -0.25437337
 3153.8  1.25000000  0.96708097  0.01241765  0.96716069 -0.25439232
 3153.9  1.25000000  0.96707132  0.01274939  0.96715536 -0.25441327
 3154.0  1.25000000  0.96706287  0.01295966  0.96714970 -0.25443547
 3154.1  1.25000000  0.96705595  0.01304380  0.96714392 -0.25445809
 3154.2  1.25000000  0.96705082  0.01300171  0.96713822 -0.25448033
 3154.3  1.25000000  0.96704760  0.01283773  0.96713281 -0.25450141
 3154.4  1.25000000  0.96704630  0.01256043  0.96712786 -0.25452061
 3154.5  1.25000000  0.96704682  0.01218216  0.96712355 -0.25453730
 3154.6  1.25000000  0.96704901  0.01171857  0.96712001 -0.25455094
 3154.7  1.25000000  0.96705264  0.01118795  0.96711736 -0.25456113
 3154.8  1.25000000  0.96705746  0.01061054  0.96711567 -0.25456759
 3154.9  1.25000000  0.96706320  0.01000777  0.96711498 -0.25457017
 3155.0  1.25000000  0.96706960  0.00940145  0.96711530 -0.25456887
 3155.1  1.25000000  0.96707644  0.00881302  0.96711660 -0.25456383
 3155.2  1.25000000  0.96708350  0.00826279  0.96711880 -0.25455532
 3155.3  1.25000000  0.96709061  0.00776924  0.96712182 -0.25454371
 3155.4  1.25000000  0.96709761  0.00734845  0.96712552 -0.25452949
 3155.5  1.25000000  0.96710434  0.00701353  0.96712977 -0.25451322
 3155.6  1.25000000  0.96711067  0.00677428  0.96713439 -0.25449552
 3155.7  1.25000000  0.96711644  0.00663689  0.96713922 -0.25447704
 3155.8  1.25000000  0.96712152  0.00660383  0.96714407 -0.25445845
 3155.9  1.25000000  0.96712574  0.00667384  0.96714877 -0.25444042
 3156.0  1.25000000  0.96712896  0.00684205  0.96715316 -0.25442356
 3156.1  1.25000000  0.96713103  0.00710025  0.96715709 -0.25440844
 3156.2  1.25000000  0.96713183  0.00743725  0.96716042 -0.25439555
 3156.3  1.25000000  0.96713129  0.00783935  0.96716306 -0.25438530
 3156.4  1.25000000  0.96712939  0.00829086  0.96716493 -0.25437798
 3156.5  1.25000000  0.96712616  0.00877473  0.96716597 -0.25437378
 3156.6  1.25000000  0.96712171  0.00927314  0.96716617 -0.25437278
 3156.7  1.25000000  0.96711621  0.00976820  0.96716554 -0.25437494
 3156.8  1.25000000  0.96710988  0.01024254  0.96716412 -0.25438011
 3156.9  1.25000000  0.96710301  0.01067993  0.96716198 -0.25438804
 3157.0  1.25000000  0.96709590  0.01106583  0.96715921 -0.25439838
 3157.1  1.25000000  0.96708889  0.01138784  0.96715593 -0.25441071
 3157.2  1.25000000  0.96708227  0.01163615  0.96715227 -0.25442455
 3157.3  1.25000000  0.96707634  0.01180374  0.96714837 -0.25443938
 3157.4  1.25000000  0.96707133  0.01188664  0.96714438 -0.25445464
 3157.5  1.25000000  0.96706741  0.01188394  0.96714043 -0.25446979
 3157.6  1.25000000  0.96706471  0.01179778  0.96713668 -0.25448429
 3157.7  1.25000000  0.96706327  0.01163319  0.96713324 -0.25449766
 3157.8  1.25000000  0.96706308  0.01139785  0.96713024 -0.25450945
 3157.9  1.25000000  0.96706405  0.01110173  0.96712777 -0.25451928
 3158.0  1.25000000  0.96706609  0.01075670  0.96712591 -0.25452685
 3158.1  1.25000000  0.96706904  0.01037607  0.96712470 -0.25453195
 3158.2  1.25000000  0.96707273  0.00997406  0.96712416 -0.25453447
 3158.3  1.25000000  0.96707700  0.00956531  0.96712431 -0.25453438
 3158.4  1.25000000  0.96708168  0.00916432  0.96712511 -0.25453174
 3158.5  1.25000000  0.96708661  0.00878498  0.96712651 -0.25452671
 3158.6  1.25000000  0.96709162  0.00844008  0.96712845 -0.25451952
 3158.7  1.25000000  0.96709659  0.00814087  0.96713086 -0.25451049
 3158.8  1.25000000  0.96710138  0.00789674  0.96713362 -0.25449996
 3158.9  1.25000000  0.96710586  0.00771494  0.96713664 -0.25448835
 3159.0  1.25000000  0.96710993  0.00760035  0.96713980 -0.25447609
 3159.1  1.25000000  0.96711347  0.00755537  0.96714299 -0.25446362
 3159.2  1.25000000  0.96711639  0.00757995  0.96714609 -0.25445138
 3159.3  1.25000000  0.96711859  0.00767157  0.96714901 -0.25443979
 3159.4  1.25000000  0.96711999  0.00782545  0.96715165 -0.25442924
 3159.5  1.25000000  0.96712054  0.00803473  0.96715392 -0.25442009
 3159.6  1.25000000  0.96712022  0.00829078  0.96715575 -0.25441261
 3159.7  1.25000000  0.96711901  0.00858355  0.96715710 -0.25440702
 3159.8  1.25000000  0.96711695  0.00890192  0.96715792 -0.25440349
 3159.9  1.25000000  0.96711412  0.00923416  0.96715820 -0.25440208
 3160.0  1.25000000  0.96711062  0.00956829  0.96715796 -0.25440279
 3160.1  1.25000000  0.96710660  0.00989258  0.96715719 -0.25440556
 3160.2  1.25000000  0.96710221  0.01019589  0.96715596 -0.25441023
 3160.3  1.25000000  0.96709765  0.01046807  0.96715430 -0.25441660
 3160.4  1.25000000  0.96709310  0.01070031  0.96715230 -0.25442441
 3160.5  1.25000000  0.96708876  0.01088538  0.96715002 -0.25443335
 3160.6  1.25000000  0.96708478  0.01101789  0.96714755 -0.25444308
 3160.7  1.25000000  0.96708134  0.01109441  0.96714497 -0.25445324
 3160.8  1.25000000  0.96707854  0.01111364  0.96714240 -0.25446346
 3160.9  1.25000000  0.96707647  0.01107629  0.96713990 -0.25447338
 3161.0  1.25000000  0.96707518  0.01098491  0.96713756 -0.25448268
 3161.1  1.25000000  0.96707467  0.01084381  0.96713546 -0.25449103
 3161.2  1.25000000  0.96707493  0.01065906  0.96713367 -0.25449818
 3161.3  1.25000000  0.96707591  0.01043820  0.96713224 -0.25450388
 3161.4  1.25000000  0.96707754  0.01018980  0.96713122 -0.25450798
 3161.5  1.25000000  0.96707972  0.00992317  0.96713063 -0.25451037
 3161.6  1.25000000  0.96708235  0.00964808  0.96713048 -0.25451099
 3161.7  1.25000000  0.96708533  0.00937438  0.96713076 -0.25450988
 3161.8  1.25000000  0.96708855  0.00911164  0.96713147 -0.25450710
 3161.9  1.25000000  0.96709190  0.00886881  0.96713257 -0.25450280
 3162.0  1.25000000  0.96709529  0.00865399  0.96713400 -0.25449716
 3162.1  1.25000000  0.96709860  0.00847411  0.96713572 -0.25449040
 3162.2  1.25000000  0.96710175  0.00833470  0.96713767 -0.25448278
 3162.3  1.25000000  0.96710465  0.00823973  0.96713975 -0.25447461
 3162.4  1.25000000  0.96710722  0.00819160  0.96714191 -0.25446617
 3162.5  1.25000000  0.96710937  0.00819086  0.96714406 -0.25445777
 3162.6  1.25000000  0.96711106  0.00823645  0.96714613 -0.25444970
 3162.7  1.25000000  0.96711221  0.00832573  0.96714804 -0.25444224
 3162.8  1.25000000  0.96711279  0.00845457  0.96714974 -0.25443564
 3162.9  1.25000000  0.96711278  0.00861752  0.96715117 -0.25443011
 3163.0  1.25000000  0.96711217  0.00880808  0.96715228 -0.25442583
 3163.1  1.25000000  0.96711099  0.00901891  0.96715304 -0.25442290
 3163.2  1.25000000  0.96710926  0.00924214  0.96715342 -0.25442142
 3163.3  1.25000000  0.96710708  0.00946959  0.96715344 -0.25442139
 3163.4  1.25000000  0.96710450  0.00969318  0.96715308 -0.25442278
 3163.5  1.25000000  0.96710165  0.00990514  0.96715237 -0.25442552
 3163.6  1.25000000  0.96709862  0.01009824  0.96715134 -0.25442947
 3163.7  1.25000000  0.96709556  0.01026612  0.96715004 -0.25443447
 3163.8  1.25000000  0.96709257  0.01040345  0.96714852 -0.25444032
 3163.9  1.25000000  0.96708977  0.01050609  0.96714683 -0.25444679
 3164.0  1.25000000  0.96708727  0.01057121  0.96714505 -0.25445365
 3164.1  1.25000000  0.96708517  0.01059738  0.96714323 -0.25446063
 3164.2  1.25000000  0.96708352  0.01058460  0.96714144 -0.25446749
 3164.3  1.25000000  0.96708237  0.01053422  0.96713974 -0.25447399
 3164.4  1.25000000  0.96708176  0.01044887  0.96713820 -0.25447991
 3164.5  1.25000000  0.96708168  0.01033239  0.96713687 -0.25448505
 3164.6  1.25000000  0.96708211  0.01018964  0.96713579 -0.25448925
 3164.7  1.25000000  0.96708301  0.01002624  0.96713498 -0.25449239
 3164.8  1.25000000  0.96708434  0.00984841  0.96713449 -0.25449438
 3164.9  1.25000000  0.96708603  0.00966281  0.96713431 -0.25449517
 3165.0  1.25000000  0.96708801  0.00947614  0.96713443 -0.25449477
 3165.1  1.25000000  0.96709020  0.00929498  0.96713487 -0.25449321
 3165.2  1.25000000  0.96709253  0.00912559  0.96713558 -0.25449059
 3165.3  1.25000000  0.96709491  0.00897367  0.96713654 -0.25448702
 3165.4  1.25000000  0.96709727  0.00884414  0.96713771 -0.25448264
 3165.5  1.25000000  0.96709953  0.00874103  0.96713903 -0.25447764
 3165.6  1.25000000  0.96710163  0.00866733  0.96714046 -0.25447219
 3165.7  1.25000000  0.96710349  0.00862496  0.96714195 -0.25446651
 3165.8  1.25000000  0.96710507  0.00861465  0.96714343 -0.25446080
 3165.9  1.25000000  0.96710631  0.00863598  0.96714487 -0.25445526
 3166.0  1.25000000  0.96710718  0.00868749  0.96714620 -0.25445008
 3166.1  1.25000000  0.96710765  0.00876663  0.96714738 -0.25444544
 3166.2  1.25000000  0.96710770  0.00886996  0.96714838 -0.25444149
 3166.3  1.25000000  0.96710735  0.00899328  0.96714917 -0.25443833
 3166.4  1.25000000  0.96710660  0.00913179  0.96714971 -0.25443608
 3166.5  1.25000000  0.96710548  0.00928027  0.96715000 -0.25443479
 3166.6  1.25000000  0.96710404  0.00943323  0.96715004 -0.25443448
 3166.7  1.25000000  0.96710234  0.00958522  0.96714984 -0.25443513
 3166.8  1.25000000  0.96710044  0.00973094  0.96714940 -0.25443670
 3166.9  1.25000000  0.96709842  0.00986540  0.96714873 -0.25443912
 3167.0  1.25000000  0.96709636  0.00998415  0.96714789 -0.25444227
 3167.1  1.25000000  0.96709434  0.01008342  0.96714691 -0.25444604
 3167.2  1.25000000  0.96709243  0.01016018  0.96714580 -0.25445027
 3167.3  1.25000000  0.96709071  0.01021224  0.96714463 -0.25445481
 3167.4  1.25000000  0.96708923  0.01023838  0.96714343 -0.25445948
 3167.5  1.25000000  0.96708805  0.01023830  0.96714225 -0.25446412
 3167.6  1.25000000  0.96708720  0.01021262  0.96714112 -0.25446858
 3167.7  1.25000000  0.96708669  0.01016283  0.96714008 -0.25447270
 3167.8  1.25000000  0.96708653  0.01009123  0.96713918 -0.25447633
 3167.9  1.25000000  0.96708672  0.01000088  0.96713843 -0.25447937
 3168.0  1.25000000  0.96708723  0.00989536  0.96713786 -0.25448172
 3168.1  1.25000000  0.96708804  0.00977871  0.96713748 -0.25448332
 3168.2  1.25000000  0.96708911  0.00965532  0.96713730 -0.25448412
 3168.3  1.25000000  0.96709037  0.00952968  0.96713733 -0.25448413
 3168.4  1.25000000  0.96709180  0.00940620  0.96713754 -0.25448336
 3168.5  1.25000000  0.96709334  0.00928915  0.96713795 -0.25448184
 3168.6  1.25000000  0.96709493  0.00918255  0.96713852 -0.25447966
 3168.7  1.25000000  0.96709651  0.00908984  0.96713922 -0.25447692
 3168.8  1.25000000  0.96709804  0.00901391  0.96714005 -0.25447369
 3168.9  1.25000000  0.96709949  0.00895710  0.96714096 -0.25447013
 3169.0  1.25000000  0.96710077  0.00892096  0.96714192 -0.25446636
 3169.1  1.25000000  0.96710188  0.00890621  0.96714289 -0.25446252
 3169.2  1.25000000  0.96710277  0.00891292  0.96714384 -0.25445873
 3169.3  1.25000000  0.96710343  0.00894038  0.96714475 -0.25445514
 3169.4  1.25000000  0.96710381  0.00898714  0.96714557 -0.25445188
 3169.5  1.25000000  0.96710393  0.00905107  0.96714628 -0.25444903
 3169.6  1.25000000  0.96710378  0.00912960  0.96714687 -0.25444669
 3169.7  1.25000000  0.96710336  0.00921964  0.96714731 -0.25444494
 3169.8  1.25000000  0.96710270  0.00931772  0.96714758 -0.25444383
 3169.9  1.25000000  0.96710182  0.00942023  0.96714770 -0.25444336
 3170.0  1.25000000  0.96710076  0.00952352  0.96714765 -0.25444355
 3170.1  1.25000000  0.96709955  0.00962390  0.96714743 -0.25444439
 3170.2  1.25000000  0.96709824  0.00971789  0.96714707 -0.25444581
 3170.3  1.25000000  0.96709690  0.00980238  0.96714658 -0.25444776
 3170.4  1.25000000  0.96709555  0.00987463  0.96714596 -0.25445017
 3170.5  1.25000000  0.96709425  0.00993232  0.96714525 -0.25445293
 3170.6  1.25000000  0.96709306  0.00997377  0.96714449 -0.25445593
 3170.7  1.25000000  0.96709201  0.00999794  0.96714369 -0.25445907
 3170.8  1.25000000  0.96709112  0.01000434  0.96714287 -0.25446225
 3170.9  1.25000000  0.96709045  0.00999310  0.96714208 -0.25446533
 3171.0  1.25000000  0.96709001  0.00996511  0.96714135 -0.25446821
 3171.1  1.25000000  0.96708978  0.00992169  0.96714067 -0.25447081
 3171.2  1.25000000  0.96708979  0.00986471  0.96714010 -0.25447303
 3171.3  1.25000000  0.96709003  0.00979649  0.96713964 -0.25447480
 3171.4  1.25000000  0.96709048  0.00971972  0.96713932 -0.25447607
 3171.5  1.25000000  0.96709110  0.00963729  0.96713912 -0.25447682
 3171.6  1.25000000  0.96709189  0.00955217  0.96713907 -0.25447702
 3171.7  1.25000000  0.96709282  0.00946750  0.96713916 -0.25447667
 3171.8  1.25000000  0.96709383  0.00938623  0.96713938 -0.25447582
 3171.9  1.25000000  0.96709490  0.00931110  0.96713972 -0.25447449
 3172.0  1.25000000  0.96709600  0.00924466  0.96714019 -0.25447274
 3172.1  1.25000000  0.96709707  0.00918906  0.96714073 -0.25447064
 3172.2  1.25000000  0.96709809  0.00914597  0.96714134 -0.25446829
 3172.3  1.25000000  0.96709903  0.00911662  0.96714200 -0.25446576
 3172.4  1.25000000  0.96709986  0.00910175  0.96714268 -0.25446315
 3172.5  1.25000000  0.96710053  0.00910155  0.96714336 -0.25446056
 3172.6  1.25000000  0.96710104  0.00911561  0.96714400 -0.25445807
 3172.7  1.25000000  0.96710138  0.00914314  0.96714460 -0.25445576
 3172.8  1.25000000  0.96710154  0.00918288  0.96714513 -0.25445373
 3172.9  1.25000000  0.96710149  0.00923311  0.96714557 -0.25445203
 3173.0  1.25000000  0.96710127  0.00929178  0.96714590 -0.25445071
 3173.1  1.25000000  0.96710087  0.00935680  0.96714613 -0.25444981
 3173.2  1.25000000  0.96710031  0.00942564  0.96714624 -0.25444935
 3173.3  1.25000000  0.96709962  0.00949575  0.96714623 -0.25444935
 3173.4  1.25000000  0.96709882  0.00956465  0.96714611 -0.25444978
 3173.5  1.25000000  0.96709794  0.00962996  0.96714588 -0.25445062
 3173.6  1.25000000  0.96709702  0.00968946  0.96714555 -0.25445184
 3173.7  1.25000000  0.96709609  0.00974118  0.96714514 -0.25445338
 3173.8  1.25000000  0.96709518  0.00978349  0.96714467 -0.25445518
 3173.9  1.25000000  0.96709434  0.00981513  0.96714414 -0.25445717
 3174.0  1.25000000  0.96709358  0.00983522  0.96714359 -0.25445928
 3174.1  1.25000000  0.96709294  0.00984334  0.96714303 -0.25446143
 3174.2  1.25000000  0.96709243  0.00983953  0.96714249 -0.25446353
 3174.3  1.25000000  0.96709208  0.00982425  0.96714198 -0.25446552
 3174.4  1.25000000  0.96709188  0.00979828  0.96714151 -0.25446734
 3174.5  1.25000000  0.96709183  0.00976274  0.96714111 -0.25446892
 3174.6  1.25000000  0.96709195  0.00971902  0.96714079 -0.25447022
 3174.7  1.25000000  0.96709221  0.00966891  0.96714055 -0.25447119
 3174.8  1.25000000  0.96709261  0.00961435  0.96714040 -0.25447181
 3174.9  1.25000000  0.96709313  0.00955734  0.96714035 -0.25447206
 3175.0  1.25000000  0.96709374  0.00949995  0.96714040 -0.25447194
 3175.1  1.25000000  0.96709442  0.00944421  0.96714053 -0.25447147
 3175.2  1.25000000  0.96709514  0.00939205  0.96714075 -0.25447068
 3175.3  1.25000000  0.96709589  0.00934520  0.96714104 -0.25446959
 3175.4  1.25000000  0.96709663  0.00930516  0.96714139 -0.25446825
 3175.5  1.25000000  0.96709734  0.00927319  0.96714179 -0.25446672
 3175.6  1.25000000  0.96709799  0.00925022  0.96714223 -0.25446506
 3175.7  1.25000000  0.96709856  0.00923685  0.96714267 -0.25446332
 3175.8  1.25000000  0.96709904  0.00923330  0.96714312 -0.25446157
 3175.9  1.25000000  0.96709942  0.00923946  0.96714355 -0.25445986
 3176.0  1.25000000  0.96709967  0.00925486  0.96714395 -0.25445827
 3176.1  1.25000000  0.96709980  0.00927872  0.96714431 -0.25445684
 3176.2  1.25000000  0.96709980  0.00931005  0.96714461 -0.25445562
 3176.3  1.25000000  0.96709968  0.00934762  0.96714486 -0.25445463
 3176.4  1.25000000  0.96709944  0.00939001  0.96714503 -0.25445393
 3176.5  1.25000000  0.96709909  0.00943554  0.96714512 -0.25445351
 3176.6  1.25000000  0.96709865  0.00948255  0.96714514 -0.25445340
 3176.7  1.25000000  0.96709814  0.00952937  0.96714509 -0.25445357
 3176.8  1.25000000  0.96709757  0.00957438  0.96714496 -0.25445404
 3176.9  1.25000000  0.96709696  0.00961600  0.96714477 -0.25445477
 3177.0  1.25000000  0.96709635  0.00965287  0.96714452 -0.25445573
 3177.1  1.25000000  0.96709575  0.00968384  0.96714423 -0.25445687
 3177.2  1.25000000  0.96709517  0.00970794  0.96714389 -0.25445817
 3177.3  1.25000000  0.96709465  0.00972443  0.96714354 -0.25445957
 3177.4  1.25000000  0.96709420  0.00973296  0.96714318 -0.25446100
 3177.5  1.25000000  0.96709384  0.00973346  0.96714282 -0.25446243
 3177.6  1.25000000  0.96709356  0.00972604  0.96714247 -0.25446381
 3177.7  1.25000000  0.96709339  0.00971113  0.96714214 -0.25446509
 3177.8  1.25000000  0.96709332  0.00968946  0.96714186 -0.25446622
 3177.9  1.25000000  0.96709336  0.00966197  0.96714162 -0.25446717
 3178.0  1.25000000  0.96709349  0.00962969  0.96714143 -0.25446791
 3178.1  1.25000000  0.96709372  0.00959386  0.96714131 -0.25446842
 3178.2  1.25000000  0.96709404  0.00955586  0.96714125 -0.25446869
 3178.3  1.25000000  0.96709441  0.00951707  0.96714124 -0.25446871
 3178.4  1.25000000  0.96709484  0.00947883  0.96714129 -0.25446849
 3178.5  1.25000000  0.96709532  0.00944250  0.96714142 -0.25446803
 3178.6  1.25000000  0.96709581  0.00940934  0.96714159 -0.25446737
 3178.7  1.25000000  0.96709630  0.00938040  0.96714180 -0.25446653
 3178.8  1.25000000  0.96709679  0.00935659  0.96714205 -0.25446554
 3178.9  1.25000000  0.96709725  0.00933868  0.96714234 -0.25446444
 3179.0  1.25000000  0.96709765  0.00932716  0.96714263 -0.25446328
 3179.1  1.25000000  0.96709800  0.00932223  0.96714293 -0.25446209
 3179.2  1.25000000  0.96709829  0.00932394  0.96714324 -0.25446091
 3179.3  1.25000000  0.96709850  0.00933215  0.96714353 -0.25445980
 3179.4  1.25000000  0.96709862  0.00934633  0.96714378 -0.25445878
 3179.5  1.25000000  0.96709866  0.00936585  0.96714401 -0.25445789
 3179.6  1.25000000  0.96709862  0.00938996  0.96714421 -0.25445716
 3179.7  1.25000000  0.96709849  0.00941769  0.96714434 -0.25445661
 3179.8  1.25000000  0.96709828  0.00944793  0.96714443 -0.25445626
 3179.9  1.25000000  0.96709802  0.00947959  0.96714448 -0.25445610
 3180.0  1.25000000  0.96709769  0.00951157  0.96714446 -0.25445615
 3180.1  1.25000000  0.96709731  0.00954266  0.96714439 -0.25445641
 3180.2  1.25000000  0.96709691  0.00957181  0.96714428 -0.25445684
 3180.3  1.25000000  0.96709650  0.00959807  0.96714413 -0.25445744
 3180.4  1.25000000  0.96709608  0.00962057  0.96714393 -0.25445818
 3180.5  1.25000000  0.96709568  0.00963855  0.96714371 -0.25445903
 3180.6  1.25000000  0.96709531  0.00965154  0.96714347 -0.25445995
 3180.7  1.25000000  0.96709498  0.00965921  0.96714322 -0.25446093
 3180.8  1.25000000  0.96709470  0.00966136  0.96714296 -0.25446191
 3180.9  1.25000000  0.96709449  0.00965806  0.96714271 -0.25446286
 3181.0  1.25000000  0.96709434  0.00964959  0.96714248 -0.25446375
 3181.1  1.25000000  0.96709426  0.00963633  0.96714227 -0.25446456
 3181.2  1.25000000  0.96709426  0.00961885  0.96714209 -0.25446525
 3181.3  1.25000000  0.96709433  0.00959791  0.96714196 -0.25446580
 3181.4  1.25000000  0.96709446  0.00957430  0.96714185 -0.25446620
 3181.5  1.25000000  0.96709465  0.00954891  0.96714179 -0.25446643
 3181.6  1.25000000  0.96709490  0.00952267  0.96714178 -0.25446650
 3181.7  1.25000000  0.96709519  0.00949656  0.96714181 -0.25446639
 3181.8  1.25000000  0.96709550  0.00947147  0.96714188 -0.25446614
 3181.9  1.25000000  0.96709584  0.00944824  0.96714199 -0.25446573
 3182.0  1.25000000  0.96709619  0.00942768  0.96714214 -0.25446519
 3182.1  1.25000000  0.96709652  0.00941045  0.96714231 -0.25446455
 3182.2  1.25000000  0.96709684  0.00939704  0.96714249 -0.25446383
 3182.3  1.25000000  0.96709714  0.00938786  0.96714270 -0.25446305
 3182.4  1.25000000  0.96709739  0.00938313  0.96714291 -0.25446225
 3182.5  1.25000000  0.96709760  0.00938291  0.96714312 -0.25446145
 3182.6  1.25000000  0.96709776  0.00938710  0.96714331 -0.25446068
 3182.7  1.25000000  0.96709786  0.00939544  0.96714350 -0.25445997
 3182.8  1.25000000  0.96709790  0.00940755  0.96714366 -0.25445934
 3182.9  1.25000000  0.96709788  0.00942292  0.96714379 -0.25445881
 3183.0  1.25000000  0.96709781  0.00944091  0.96714389 -0.25445841
 3183.1  1.25000000  0.96709768  0.00946084  0.96714396 -0.25445812
 3183.2  1.25000000  0.96709751  0.00948198  0.96714399 -0.25445798
 3183.3  1.25000000  0.96709729  0.00950355  0.96714399 -0.25445797
 3183.4  1.25000000  0.96709704  0.00952476  0.96714395 -0.25445810
 3183.5  1.25000000  0.96709678  0.00954489  0.96714388 -0.25445835
 3183.6  1.25000000  0.96709650  0.00956327  0.96714378 -0.25445872
 3183.7  1.25000000  0.96709621  0.00957929  0.96714365 -0.25445919
 3183.8  1.25000000  0.96709594  0.00959241  0.96714351 -0.25445975
 3183.9  1.25000000  0.96709568  0.00960228  0.96714335 -0.25446035
 3184.0  1.25000000  0.96709545  0.00960863  0.96714319 -0.25446100
 3184.1  1.25000000  0.96709525  0.00961130  0.96714301 -0.25446166
 3184.2  1.25000000  0.96709510  0.00961028  0.96714285 -0.25446231
 3184.3  1.25000000  0.96709499  0.00960570  0.96714270 -0.25446292
 3184.4  1.25000000  0.96709493  0.00959783  0.96714255 -0.25446348
 3184.5  1.25000000  0.96709491  0.00958698  0.96714243 -0.25446398
 3184.6  1.25000000  0.96709495  0.00957362  0.96714233 -0.25446438
 3184.7  1.25000000  0.96709503  0.00955828  0.96714226 -0.25446468
 3184.8  1.25000000  0.96709514  0.00954155  0.96714221 -0.25446488
 3184.9  1.25000000  0.96709530  0.00952403  0.96714219 -0.25446496
 3185.0  1.25000000  0.96709548  0.00950635  0.96714221 -0.25446493
 3185.1  1.25000000  0.96709569  0.00948916  0.96714225 -0.25446479
 3185.2  1.25000000  0.96709591  0.00947305  0.96714231 -0.25446455
 3185.3  1.25000000  0.96709614  0.00945852  0.96714239 -0.25446422
 3185.4  1.25000000  0.96709637  0.00944607  0.96714250 -0.25446381
 3185.5  1.25000000  0.96709659  0.00943611  0.96714262 -0.25446334
 3185.6  1.25000000  0.96709678  0.00942890  0.96714275 -0.25446283
 3185.7  1.25000000  0.96709696  0.00942463  0.96714288 -0.25446230
 3185.8  1.25000000  0.96709711  0.00942339  0.96714302 -0.25446176
 3185.9  1.25000000  0.96709723  0.00942515  0.96714316 -0.25446123
 3186.0  1.25000000  0.96709731  0.00942976  0.96714328 -0.25446074
 3186.1  1.25000000  0.96709735  0.00943699  0.96714339 -0.25446029
 3186.2  1.25000000  0.96709735  0.00944656  0.96714349 -0.25445991
 3186.3  1.25000000  0.96709732  0.00945805  0.96714356 -0.25445960
 3186.4  1.25000000  0.96709724  0.00947101  0.96714362 -0.25445938
 3186.5  1.25000000  0.96709714  0.00948498  0.96714365 -0.25445925
 3186.6  1.25000000  0.96709701  0.00949944  0.96714366 -0.25445921
 3186.7  1.25000000  0.96709685  0.00951393  0.96714365 -0.25445926
 3186.8  1.25000000  0.96709668  0.00952789  0.96714361 -0.25445940
 3186.9  1.25000000  0.96709650  0.00954083  0.96714356 -0.25445962
 3187.0  1.25000000  0.96709631  0.00955233  0.96714348 -0.25445991
 3187.1  1.25000000  0.96709612  0.00956201  0.96714339 -0.25446026
 3187.2  1.25000000  0.96709594  0.00956958  0.96714329 -0.25446066
 3187.3  1.25000000  0.96709578  0.00957482  0.96714318 -0.25446109
 3187.4  1.25000000  0.96709564  0.00957759  0.96714307 -0.25446153
 3187.5  1.25000000  0.96709553  0.00957787  0.96714295 -0.25446198
 3187.6  1.25000000  0.96709544  0.00957569  0.96714284 -0.25446241
 3187.7  1.25000000  0.96709538  0.00957118  0.96714274 -0.25446281
 3187.8  1.25000000  0.96709536  0.00956455  0.96714265 -0.25446316
 3187.9  1.25000000  0.96709536  0.00955613  0.96714258 -0.25446345
 3188.0  1.25000000  0.96709540  0.00954621  0.96714251 -0.25446369
 3188.1  1.25000000  0.96709547  0.00953519  0.96714247 -0.25446385
 3188.2  1.25000000  0.96709556  0.00952348  0.96714245 -0.25446393
 3188.3  1.25000000  0.96709568  0.00951152  0.96714245 -0.25446394
 3188.4  1.25000000  0.96709581  0.00949970  0.96714246 -0.25446388
 3188.5  1.25000000  0.96709595  0.00948845  0.96714250 -0.25446374
 3188.6  1.25000000  0.96709611  0.00947817  0.96714255 -0.25446354
 3188.7  1.25000000  0.96709626  0.00946918  0.96714262 -0.25446328
 3188.8  1.25000000  0.96709641  0.00946176  0.96714270 -0.25446298
 3188.9  1.25000000  0.96709656  0.00945612  0.96714279 -0.25446264
 3189.0  1.25000000  0.96709669  0.00945244  0.96714288 -0.25446228
 3189.1  1.25000000  0.96709680  0.00945079  0.96714298 -0.25446192
 3189.2  1.25000000  0.96709689  0.00945118  0.96714307 -0.25446156
 3189.3  1.25000000  0.96709695  0.00945354  0.96714316 -0.25446121
 3189.4  1.25000000  0.96709700  0.00945772  0.96714324 -0.25446090
 3189.5  1.25000000  0.96709701  0.00946357  0.96714331 -0.25446062
 3189.6  1.25000000  0.96709700  0.00947084  0.96714337 -0.25446039
 3189.7  1.25000000  0.96709696  0.00947924  0.96714341 -0.25446022
 3189.8  1.25000000  0.96709690  0.00948846  0.96714344 -0.25446010
 3189.9  1.25000000  0.96709682  0.00949821  0.96714346 -0.25446005
 3190.0  1.25000000  0.96709671  0.00950811  0.96714345 -0.25446005
 3190.1  1.25000000  0.96709660  0.00951777  0.96714343 -0.25446012
 3190.2  1.25000000  0.96709648  0.00952688  0.96714340 -0.25446025
 3190.3  1.25000000  0.96709635  0.00953512  0.96714335 -0.25446043
 3190.4  1.25000000  0.96709622  0.00954223  0.96714329 -0.25446066
 3190.5  1.25000000  0.96709609  0.00954799  0.96714322 -0.25446092
 3190.6  1.25000000  0.96709598  0.00955221  0.96714315 -0.25446120
 3190.7  1.25000000  0.96709587  0.00955479  0.96714307 -0.25446150
 3190.8  1.25000000  0.96709578  0.00955567  0.96714299 -0.25446180
 3190.9  1.25000000  0.96709572  0.00955486  0.96714291 -0.25446210
 3191.0  1.25000000  0.96709567  0.00955244  0.96714284 -0.25446238
 3191.1  1.25000000  0.96709564  0.00954850  0.96714278 -0.25446263
 3191.2  1.25000000  0.96709564  0.00954324  0.96714272 -0.25446285
 3191.3  1.25000000  0.96709566  0.00953685  0.96714268 -0.25446303
 3191.4  1.25000000  0.96709570  0.00952960  0.96714265 -0.25446316
 3191.5  1.25000000  0.96709576  0.00952176  0.96714263 -0.25446323
 3191.6  1.25000000  0.96709583  0.00951364  0.96714262 -0.25446326
 3191.7  1.25000000  0.96709592  0.00950552  0.96714263 -0.25446323
 3191.8  1.25000000  0.96709602  0.00949769  0.96714265 -0.25446316
 3191.9  1.25000000  0.96709612  0.00949041  0.96714269 -0.25446304
 3192.0  1.25000000  0.96709623  0.00948392  0.96714273 -0.25446288
 3192.1  1.25000000  0.96709633  0.00947845  0.96714278 -0.25446268
 3192.2  1.25000000  0.96709643  0.00947415  0.96714284 -0.25446246
 3192.3  1.25000000  0.96709652  0.00947114  0.96714290 -0.25446222
 3192.4  1.25000000  0.96709660  0.00946951  0.96714296 -0.25446197
 3192.5  1.25000000  0.96709667  0.00946928  0.96714303 -0.25446172
 3192.6  1.25000000  0.96709672  0.00947042  0.96714309 -0.25446148
 3192.7  1.25000000  0.96709675  0.00947286  0.96714315 -0.25446126
 3192.8  1.25000000  0.96709677  0.00947649  0.96714319 -0.25446106
 3192.9  1.25000000  0.96709676  0.00948114  0.96714324 -0.25446090
 3193.0  1.25000000  0.96709674  0.00948664  0.96714327 -0.25446076
 3193.1  1.25000000  0.96709670  0.00949277  0.96714329 -0.25446067
 3193.2  1.25000000  0.96709665  0.00949930  0.96714330 -0.25446062
 3193.3  1.25000000  0.96709658  0.00950598  0.96714330 -0.25446061
 3193.4  1.25000000  0.96709651  0.00951259  0.96714329 -0.25446065
 3193.5  1.25000000  0.96709643  0.00951889  0.96714327 -0.25446072
 3193.6  1.25000000  0.96709634  0.00952466  0.96714324 -0.25446083
 3193.7  1.25000000  0.96709626  0.00952972  0.96714321 -0.25446098
 3193.8  1.25000000  0.96709617  0.00953391  0.96714316 -0.25446114
 3193.9  1.25000000  0.96709609  0.00953709  0.96714312 -0.25446133
 3194.0  1.25000000  0.96709602  0.00953919  0.96714307 -0.25446153
 3194.1  1.25000000  0.96709596  0.00954016  0.96714301 -0.25446174
 3194.2  1.25000000  0.96709591  0.00953998  0.96714296 -0.25446194
 3194.3  1.25000000  0.96709587  0.00953869  0.96714291 -0.25446213
 3194.4  1.25000000  0.96709585  0.00953635  0.96714287 -0.25446231
 3194.5  1.25000000  0.96709585  0.00953309  0.96714283 -0.25446246
 3194.6  1.25000000  0.96709585  0.00952903  0.96714280 -0.25446259
 3194.7  1.25000000  0.96709587  0.00952432  0.96714277 -0.25446269
 3194.8  1.25000000  0.96709591  0.00951916  0.96714276 -0.25446275
 3194.9  1.25000000  0.96709596  0.00951374  0.96714275 -0.25446278
 3195.0  1.25000000  0.96709601  0.00950824  0.96714275 -0.25446278
 3195.1  1.25000000  0.96709607  0.00950286  0.96714276 -0.25446274
 3195.2  1.25000000  0.96709614  0.00949781  0.96714278 -0.25446267
 3195.3  1.25000000  0.96709621  0.00949324  0.96714281 -0.25446257
 3195.4  1.25000000  0.96709628  0.00948930  0.96714284 -0.25446245
 3195.5  1.25000000  0.96709635  0.00948611  0.96714287 -0.25446230
 3195.6  1.25000000  0.96709641  0.00948376  0.96714291 -0.25446215
 3195.7  1.25000000  0.96709647  0.00948232  0.96714296 -0.25446198
 3195.8  1.25000000  0.96709652  0.00948182  0.96714300 -0.25446181
 3195.9  1.25000000  0.96709656  0.00948224  0.96714304 -0.25446165
 3196.0  1.25000000  0.96709658  0.00948355  0.96714308 -0.25446149
 3196.1  1.25000000  0.96709660  0.00948570  0.96714312 -0.25446135
 3196.2  1.25000000  0.96709660  0.00948858  0.96714315 -0.25446123
 3196.3  1.25000000  0.96709659  0.00949208  0.96714317 -0.25446113
 3196.4  1.25000000  0.96709657  0.00949605  0.96714319 -0.25446106
 3196.5  1.25000000  0.96709654  0.00950034  0.96714320 -0.25446101
 3196.6  1.25000000  0.96709650  0.00950481  0.96714321 -0.25446100
 3196.7  1.25000000  0.96709645  0.00950930  0.96714321 -0.25446101
 3196.8  1.25000000  0.96709640  0.00951368  0.96714319 -0.25446105
 3196.9  1.25000000  0.96709634  0.00951778  0.96714318 -0.25446111
 3197.0  1.25000000  0.96709629  0.00952145  0.96714316 -0.25446120
 3197.1  1.25000000  0.96709623  0.00952457  0.96714313 -0.25446131
 3197.2  1.25000000  0.96709617  0.00952705  0.96714310 -0.25446143
 3197.3  1.25000000  0.96709612  0.00952881  0.96714306 -0.25446156
 3197.4  1.25000000  0.96709607  0.00952981  0.96714303 -0.25446170
 3197.5  1.25000000  0.96709603  0.00953002  0.96714299 -0.25446184
 3197.6  1.25000000  0.96709600  0.00952946  0.96714295 -0.25446197
 3197.7  1.25000000  0.96709598  0.00952817  0.96714292 -0.25446210
 3197.8  1.25000000  0.96709597  0.00952620  0.96714289 -0.25446221
 3197.9  1.25000000  0.96709598  0.00952364  0.96714287 -0.25446231
 3198.0  1.25000000  0.96709599  0.00952060  0.96714285 -0.25446239
 3198.1  1.25000000  0.96709601  0.00951719  0.96714283 -0.25446244
 3198.2  1.25000000  0.96709603  0.00951353  0.96714283 -0.25446247
 3198.3  1.25000000  0.96709607  0.00950977  0.96714283 -0.25446248
 3198.4  1.25000000  0.96709611  0.00950604  0.96714283 -0.25446246
 3198.5  1.25000000  0.96709616  0.00950247  0.96714284 -0.25446242
 3198.6  1.25000000  0.96709621  0.00949917  0.96714286 -0.25446236
 3198.7  1.25000000  0.96709626  0.00949626  0.96714288 -0.25446228
 3198.8  1.25000000  0.96709630  0.00949384  0.96714290 -0.25446219
 3198.9  1.25000000  0.96709635  0.00949196  0.96714293 -0.25446208
 3199.0  1.25000000  0.96709639  0.00949071  0.96714296 -0.25446197
 3199.1  1.25000000  0.96709643  0.00949008  0.96714299 -0.25446185
 3199.2  1.25000000  0.96709646  0.00949011  0.96714302 -0.25446174
 3199.3  1.25000000  0.96709648  0.00949078  0.96714305 -0.25446163
 3199.4  1.25000000  0.96709649  0.00949203  0.96714307 -0.25446153
 3199.5  1.25000000  0.96709650  0.00949383  0.96714310 -0.25446144
 3199.6  1.25000000  0.96709650  0.00949610  0.96714312 -0.25446136
 3199.7  1.25000000  0.96709648  0.00949874  0.96714313 -0.25446130
 3199.8  1.25000000  0.96709646  0.00950166  0.96714314 -0.25446127
 3199.9  1.25000000  0.96709644  0.00950475  0.96714314 -0.25446125
 3200.0  1.25000000  0.96709641  0.00950789  0.96714314 -0.25446125
 3200.1  1.25000000  0.96709637  0.00951097  0.96714314 -0.25446127
 3200.2  1.25000000  0.96709633  0.00951389  0.96714313 -0.25446131
 3200.3  1.25000000  0.96709629  0.00951655  0.96714311 -0.25446136
 3200.4  1.25000000  0.96709625  0.00951886  0.96714309 -0.25446143
 3200.5  1.25000000  0.96709621  0.00952074  0.96714307 -0.25446151
 3200.6  1.25000000  0.96709617  0.00952215  0.96714305 -0.25446160
 3200.7  1.25000000  0.96709614  0.00952303  0.96714302 -0.25446170
 3200.8  1.25000000  0.96709611  0.00952338  0.96714300 -0.25446179
 3200.9  1.25000000  0.96709609  0.00952319  0.96714297 -0.25446189
 3201.0  1.25000000  0.96709607  0.00952248  0.96714295 -0.25446198
 3201.1  1.25000000  0.96709606  0.00952129  0.96714293 -0.25446206
 3201.2  1.25000000  0.96709606  0.00951971  0.96714291 -0.25446213
 3201.3  1.25000000  0.96709607  0.00951775  0.96714290 -0.25446219
 3201.4  1.25000000  0.96709608  0.00951551  0.96714289 -0.25446223
 3201.5  1.25000000  0.96709610  0.00951307  0.96714288 -0.25446226
 3201.6  1.25000000  0.96709612  0.00951050  0.96714288 -0.25446227
 3201.7  1.25000000  0.96709614  0.00950794  0.96714288 -0.25446227
 3201.8  1.25000000  0.96709618  0.00950540  0.96714289 -0.25446225
 3201.9  1.25000000  0.96709621  0.00950300  0.96714290 -0.25446221
 3202.0  1.25000000  0.96709624  0.00950083  0.96714291 -0.25446216
 3202.1  1.25000000  0.96709628  0.00949896  0.96714292 -0.25446210
 3202.2  1.25000000  0.96709631  0.00949745  0.96714294 -0.25446204
 3202.3  1.25000000  0.96709634  0.00949635  0.96714296 -0.25446196
 3202.4  1.25000000  0.96709637  0.00949569  0.96714298 -0.25446188
 3202.5  1.25000000  0.96709639  0.00949548  0.96714300 -0.25446180
 3202.6  1.25000000  0.96709641  0.00949572  0.96714302 -0.25446172
 3202.7  1.25000000  0.96709642  0.00949640  0.96714304 -0.25446164
 3202.8  1.25000000  0.96709642  0.00949749  0.96714306 -0.25446158
 3202.9  1.25000000  0.96709642  0.00949895  0.96714307 -0.25446152
 3203.0  1.25000000  0.96709642  0.00950071  0.96714308 -0.25446147
 3203.1  1.25000000  0.96709641  0.00950270  0.96714309 -0.25446144
 3203.2  1.25000000  0.96709639  0.00950485  0.96714310 -0.25446142
 3203.3  1.25000000  0.96709637  0.00950706  0.96714310 -0.25446141
 3203.4  1.25000000  0.96709635  0.00950927  0.96714310 -0.25446142
 3203.5  1.25000000  0.96709632  0.00951138  0.96714309 -0.25446144
 3203.6  1.25000000  0.96709629  0.00951333  0.96714308 -0.25446148
 3203.7  1.25000000  0.96709626  0.00951506  0.96714307 -0.25446152
 3203.8  1.25000000  0.96709624  0.00951650  0.96714306 -0.25446158
 3203.9  1.25000000  0.96709621  0.00951761  0.96714304 -0.25446164
 3204.0  1.25000000  0.96709618  0.00951836  0.96714302 -0.25446171
 3204.1  1.25000000  0.96709616  0.00951873  0.96714301 -0.25446177
 3204.2  1.25000000  0.96709615  0.00951871  0.96714299 -0.25446184
 3204.3  1.25000000  0.96709613  0.00951831  0.96714297 -0.25446191
 3204.4  1.25000000  0.96709613  0.00951756  0.96714296 -0.25446197
 3204.5  1.25000000  0.96709612  0.00951649  0.96714294 -0.25446202
 3204.6  1.25000000  0.96709612  0.00951515  0.96714293 -0.25446206
 3204.7  1.25000000  0.96709613  0.00951359  0.96714292 -0.25446210
 3204.8  1.25000000  0.96709614  0.00951187  0.96714292 -0.25446212
 3204.9  1.25000000  0.96709616  0.00951006  0.96714292 -0.25446213
 3205.0  1.25000000  0.96709618  0.00950822  0.96714292 -0.25446213
 3205.1  1.25000000  0.96709620  0.00950643  0.96714292 -0.25446211
 3205.2  1.25000000  0.96709622  0.00950474  0.96714293 -0.25446209
 3205.3  1.25000000  0.96709624  0.00950322  0.96714293 -0.25446206
 3205.4  1.25000000  0.96709627  0.00950191  0.96714295 -0.25446201
 3205.5  1.25000000  0.96709629  0.00950086  0.96714296 -0.25446197
 3205.6  1.25000000  0.96709631  0.00950010  0.96714297 -0.25446191
 3205.7  1.25000000  0.96709633  0.00949964  0.96714299 -0.25446186
 3205.8  1.25000000  0.96709635  0.00949951  0.96714300 -0.25446180
 3205.9  1.25000000  0.96709636  0.00949969  0.96714302 -0.25446175
 3206.0  1.25000000  0.96709637  0.00950017  0.96714303 -0.25446170
 3206.1  1.25000000  0.96709637  0.00950093  0.96714304 -0.25446165
 3206.2  1.25000000  0.96709637  0.00950194  0.96714305 -0.25446161
 3206.3  1.25000000  0.96709637  0.00950314  0.96714306 -0.25446158
 3206.4  1.25000000  0.96709636  0.00950450  0.96714306 -0.25446156
 3206.5  1.25000000  0.96709635  0.00950595  0.96714307 -0.25446154
 3206.6  1.25000000  0.96709634  0.00950746  0.96714307 -0.25446154
 3206.7  1.25000000  0.96709632  0.00950895  0.96714307 -0.25446154
 3206.8  1.25000000  0.96709630  0.00951037  0.96714306 -0.25446156
 3206.9  1.25000000  0.96709628  0.00951169  0.96714306 -0.25446159
 3207.0  1.25000000  0.96709626  0.00951284  0.96714305 -0.25446162
 3207.1  1.25000000  0.96709624  0.00951380  0.96714304 -0.25446165
 3207.2  1.25000000  0.96709623  0.00951454  0.96714303 -0.25446169
 3207.3  1.25000000  0.96709621  0.00951504  0.96714302 -0.25446174
 3207.4  1.25000000  0.96709619  0.00951529  0.96714300 -0.25446178
 3207.5  1.25000000  0.96709618  0.00951528  0.96714299 -0.25446183
 3207.6  1.25000000  0.96709618  0.00951502  0.96714298 -0.25446187
 3207.7  1.25000000  0.96709617  0.00951454  0.96714297 -0.25446191
 3207.8  1.25000000  0.96709617  0.00951384  0.96714296 -0.25446195
 3207.9  1.25000000  0.96709617  0.00951295  0.96714295 -0.25446198
 3208.0  1.25000000  0.96709617  0.00951193  0.96714295 -0.25446200
 3208.1  1.25000000  0.96709618  0.00951080  0.96714295 -0.25446201
 3208.2  1.25000000  0.96709619  0.00950959  0.96714294 -0.25446202
 3208.3  1.25000000  0.96709620  0.00950837  0.96714294 -0.25446202
 3208.4  1.25000000  0.96709622  0.00950717  0.96714295 -0.25446201
 3208.5  1.25000000  0.96709623  0.00950605  0.96714295 -0.25446200
 3208.6  1.25000000  0.96709625  0.00950501  0.96714295 -0.25446198
 3208.7  1.25000000  0.96709627  0.00950411  0.96714296 -0.25446195
 3208.8  1.25000000  0.96709628  0.00950339  0.96714297 -0.25446192
 3208.9  1.25000000  0.96709629  0.00950285  0.96714298 -0.25446189
 3209.0  1.25000000  0.96709630  0.00950249  0.96714299 -0.25446185
 3209.1  1.25000000  0.96709632  0.00950235  0.96714300 -0.25446181
 3209.2  1.25000000  0.96709633  0.00950244  0.96714301 -0.25446177
 3209.3  1.25000000  0.96709633  0.00950273  0.96714302 -0.25446174
 3209.4  1.25000000  0.96709633  0.00950318  0.96714302 -0.25446171
 3209.5  1.25000000  0.96709634  0.00950379  0.96714303 -0.25446168
 3209.6  1.25000000  0.96709633  0.00950454  0.96714304 -0.25446166
 3209.7  1.25000000  0.96709633  0.00950540  0.96714304 -0.25446164
 3209.8  1.25000000  0.96709632  0.00950634  0.96714304 -0.25446163
 3209.9  1.25000000  0.96709631  0.00950731  0.96714304 -0.25446163
 3210.0  1.25000000  0.96709630  0.00950830  0.96714304 -0.25446163
 3210.1  1.25000000  0.96709629  0.00950925  0.96714304 -0.25446164
 3210.2  1.25000000  0.96709628  0.00951015  0.96714304 -0.25446165
 3210.3  1.25000000  0.96709627  0.00951096  0.96714303 -0.25446167
 3210.4  1.25000000  0.96709625  0.00951165  0.96714303 -0.25446169
 3210.5  1.25000000  0.96709624  0.00951221  0.96714302 -0.25446172
 3210.6  1.25000000  0.96709623  0.00951262  0.96714301 -0.25446175
 3210.7  1.25000000  0.96709622  0.00951287  0.96714301 -0.25446177
 3210.8  1.25000000  0.96709621  0.00951295  0.96714300 -0.25446180
 3210.9  1.25000000  0.96709621  0.00951287  0.96714299 -0.25446183
 3211.0  1.25000000  0.96709620  0.00951263  0.96714298 -0.25446186
 3211.1  1.25000000  0.96709620  0.00951225  0.96714298 -0.25446189
 3211.2  1.25000000  0.96709620  0.00951173  0.96714297 -0.25446191
 3211.3  1.25000000  0.96709620  0.00951111  0.96714297 -0.25446193
 3211.4  1.25000000  0.96709620  0.00951041  0.96714297 -0.25446194
 3211.5  1.25000000  0.96709621  0.00950966  0.96714296 -0.25446195
 3211.6  1.25000000  0.96709622  0.00950887  0.96714296 -0.25446195
 3211.7  1.25000000  0.96709622  0.00950808  0.96714296 -0.25446195
 3211.8  1.25000000  0.96709623  0.00950730  0.96714296 -0.25446194
 3211.9  1.25000000  0.96709624  0.00950660  0.96714297 -0.25446193
 3212.0  1.25000000  0.96709625  0.00950594  0.96714297 -0.25446192
 3212.1  1.25000000  0.96709626  0.00950536  0.96714298 -0.25446190
 3212.2  1.25000000  0.96709627  0.00950489  0.96714298 -0.25446188
 3212.3  1.25000000  0.96709628  0.00950453  0.96714299 -0.25446185
 3212.4  1.25000000  0.96709629  0.00950430  0.96714299 -0.25446183
 3212.5  1.25000000  0.96709630  0.00950422  0.96714300 -0.25446180
 3212.6  1.25000000  0.96709630  0.00950427  0.96714301 -0.25446178
 3212.7  1.25000000  0.96709631  0.00950447  0.96714301 -0.25446176
 3212.8  1.25000000  0.96709631  0.00950479  0.96714302 -0.25446174
 3212.9  1.25000000  0.96709631  0.00950523  0.96714302 -0.25446172
 3213.0  1.25000000  0.96709631  0.00950576  0.96714303 -0.25446170
 3213.1  1.25000000  0.96709631  0.00950636  0.96714303 -0.25446169
 3213.2  1.25000000  0.96709630  0.00950703  0.96714303 -0.25446168
 3213.3  1.25000000  0.96709630  0.00950772  0.96714303 -0.25446168
 3213.4  1.25000000  0.96709629  0.00950841  0.96714303 -0.25446168
 3213.5  1.25000000  0.96709628  0.00950909  0.96714303 -0.25446169
 3213.6  1.25000000  0.96709627  0.00950972  0.96714303 -0.25446170
 3213.7  1.25000000  0.96709626  0.00951030  0.96714302 -0.25446171
 3213.8  1.25000000  0.96709625  0.00951079  0.96714302 -0.25446173
 3213.9  1.25000000  0.96709625  0.00951119  0.96714301 -0.25446175
 3214.0  1.25000000  0.96709624  0.00951148  0.96714301 -0.25446177
 3214.1  1.25000000  0.96709623  0.00951165  0.96714300 -0.25446179
 3214.2  1.25000000  0.96709622  0.00951170  0.96714300 -0.25446181
 3214.3  1.25000000  0.96709622  0.00951163  0.96714299 -0.25446183
 3214.4  1.25000000  0.96709622  0.00951144  0.96714299 -0.25446185
 3214.5  1.25000000  0.96709621  0.00951114  0.96714298 -0.25446187
 3214.6  1.25000000  0.96709621  0.00951074  0.96714298 -0.25446189
 3214.7  1.25000000  0.96709621  0.00951025  0.96714297 -0.25446190
 3214.8  1.25000000  0.96709622  0.00950970  0.96714297 -0.25446191
 3214.9  1.25000000  0.96709622  0.00950910  0.96714297 -0.25446192
 3215.0  1.25000000  0.96709623  0.00950848  0.96714297 -0.25446192
 3215.1  1.25000000  0.96709623  0.00950786  0.96714297 -0.25446191
 3215.2  1.25000000  0.96709624  0.00950726  0.96714297 -0.25446191
 3215.3  1.25000000  0.96709625  0.00950670  0.96714298 -0.25446190
 3215.4  1.25000000  0.96709626  0.00950619  0.96714298 -0.25446189
 3215.5  1.25000000  0.96709627  0.00950576  0.96714298 -0.25446187
 3215.6  1.25000000  0.96709627  0.00950543  0.96714299 -0.25446185
 3215.7  1.25000000  0.96709628  0.00950519  0.96714299 -0.25446184
 3215.8  1.25000000  0.96709629  0.00950506  0.96714300 -0.25446182
 3215.9  1.25000000  0.96709629  0.00950505  0.96714300 -0.25446180
 3216.0  1.25000000  0.96709630  0.00950513  0.96714301 -0.25446178
 3216.1  1.25000000  0.96709630  0.00950533  0.96714301 -0.25446176
 3216.2  1.25000000  0.96709630  0.00950563  0.96714302 -0.25446174
 3216.3  1.25000000  0.96709630  0.00950600  0.96714302 -0.25446173
 3216.4  1.25000000  0.96709630  0.00950646  0.96714302 -0.25446172
 3216.5  1.25000000  0.96709630  0.00950696  0.96714302 -0.25446171
 3216.6  1.25000000  0.96709629  0.00950750  0.96714303 -0.25446171
 3216.7  1.25000000  0.96709629  0.00950807  0.96714303 -0.25446170
 3216.8  1.25000000  0.96709628  0.00950862  0.96714302 -0.25446171
 3216.9  1.25000000  0.96709627  0.00950916  0.96714302 -0.25446171
 3217.0  1.25000000  0.96709627  0.00950965  0.96714302 -0.25446172
 3217.1  1.25000000  0.96709626  0.00951009  0.96714302 -0.25446173
 3217.2  1.25000000  0.96709625  0.00951046  0.96714301 -0.25446175
 3217.3  1.25000000  0.96709624  0.00951074  0.96714301 -0.25446177
 3217.4  1.25000000  0.96709624  0.00951093  0.96714300 -0.25446178
 3217.5  1.25000000  0.96709623  0.00951103  0.96714300 -0.25446180
 3217.6  1.25000000  0.96709623  0.00951102  0.96714300 -0.25446182
 3217.7  1.25000000  0.96709622  0.00951091  0.96714299 -0.25446184
 3217.8  1.25000000  0.96709622  0.00951072  0.96714299 -0.25446185
 3217.9  1.25000000  0.96709622  0.00951043  0.96714298 -0.25446187
 3218.0  1.25000000  0.96709622  0.00951008  0.96714298 -0.25446188
 3218.1  1.25000000  0.96709622  0.00950966  0.96714298 -0.25446189
 3218.2  1.25000000  0.96709623  0.00950919  0.96714298 -0.25446189
 3218.3  1.25000000  0.96709623  0.00950870  0.96714298 -0.25446190
 3218.4  1.25000000  0.96709624  0.00950819  0.96714298 -0.25446190
 3218.5  1.25000000  0.96709624  0.00950769  0.96714298 -0.25446189
 3218.6  1.25000000  0.96709625  0.00950722  0.96714298 -0.25446189
 3218.7  1.25000000  0.96709626  0.00950678  0.96714298 -0.25446188
 3218.8  1.25000000  0.96709626  0.00950640  0.96714298 -0.25446187
 3218.9  1.25000000  0.96709627  0.00950609  0.96714299 -0.25446185
 3219.0  1.25000000  0.96709628  0.00950585  0.96714299 -0.25446184
 3219.1  1.25000000  0.96709628  0.00950570  0.96714300 -0.25446182
 3219.2  1.25000000  0.96709629  0.00950564  0.96714300 -0.25446181
 3219.3  1.25000000  0.96709629  0.00950566  0.96714300 -0.25446179
 3219.4  1.25000000  0.96709629  0.00950578  0.96714301 -0.25446177
 3219.5  1.25000000  0.96709629  0.00950597  0.96714301 -0.25446176
 3219.6  1.25000000  0.96709629  0.00950624  0.96714301 -0.25446175
 3219.7  1.25000000  0.96709629  0.00950658  0.96714302 -0.25446174
 3219.8  1.25000000  0.96709629  0.00950697  0.96714302 -0.25446173
 3219.9  1.25000000  0.96709629  0.00950740  0.96714302 -0.25446173
 3220.0  1.25000000  0.96709628  0.00950785  0.96714302 -0.25446172
 3220.1  1.25000000  0.96709628  0.00950830  0.96714302 -0.25446172
 3220.2  1.25000000  0.96709627  0.00950875  0.96714302 -0.25446173
 3220.3  1.25000000  0.96709627  0.00950917  0.96714302 -0.25446173
 3220.4  1.25000000  0.96709626  0.00950955  0.96714302 -0.25446174
 3220.5  1.25000000  0.96709626  0.00950989  0.96714301 -0.25446175
 3220.6  1.25000000  0.96709625  0.00951016  0.96714301 -0.25446177
 3220.7  1.25000000  0.96709625  0.00951035  0.96714301 -0.25446178
 3220.8  1.25000000  0.96709624  0.00951048  0.96714300 -0.25446179
 3220.9  1.25000000  0.96709624  0.00951052  0.96714300 -0.25446181
 3221.0  1.25000000  0.96709623  0.00951047  0.96714300 -0.25446182
 3221.1  1.25000000  0.96709623  0.00951035  0.96714299 -0.25446184
 3221.2  1.25000000  0.96709623  0.00951016  0.96714299 -0.25446185
 3221.3  1.25000000  0.96709623  0.00950990  0.96714299 -0.25446186
 3221.4  1.25000000  0.96709623  0.00950958  0.96714298 -0.25446187
 3221.5  1.25000000  0.96709623  0.00950922  0.96714298 -0.25446187
 3221.6  1.25000000  0.96709623  0.00950883  0.96714298 -0.25446188
 3221.7  1.25000000  0.96709624  0.00950841  0.96714298 -0.25446188
 3221.8  1.25000000  0.96709624  0.00950800  0.96714298 -0.25446188
 3221.9  1.25000000  0.96709625  0.00950760  0.96714298 -0.25446187
 3222.0  1.25000000  0.96709625  0.00950722  0.96714298 -0.25446187
 3222.1  1.25000000  0.96709626  0.00950688  0.96714298 -0.25446186
 3222.2  1.25000000  0.96709626  0.00950659  0.96714299 -0.25446185
 3222.3  1.25000000  0.96709627  0.00950636  0.96714299 -0.25446184
 3222.4  1.25000000  0.96709627  0.00950619  0.96714299 -0.25446183
 3222.5  1.25000000  0.96709628  0.00950609  0.96714300 -0.25446181
 3222.6  1.25000000  0.96709628  0.00950608  0.96714300 -0.25446180
 3222.7  1.25000000  0.96709628  0.00950612  0.96714300 -0.25446179
 3222.8  1.25000000  0.96709629  0.00950623  0.96714301 -0.25446178
 3222.9  1.25000000  0.96709629  0.00950642  0.96714301 -0.25446176
 3223.0  1.25000000  0.96709629  0.00950665  0.96714301 -0.25446175
 3223.1  1.25000000  0.96709629  0.00950694  0.96714301 -0.25446175
 3223.2  1.25000000  0.96709629  0.00950727  0.96714302 -0.25446174
 3223.3  1.25000000  0.96709628  0.00950762  0.96714302 -0.25446174
 3223.4  1.25000000  0.96709628  0.00950799  0.96714302 -0.25446174
 3223.5  1.25000000  0.96709628  0.00950837  0.96714302 -0.25446174
 3223.6  1.25000000  0.96709627  0.00950873  0.96714302 -0.25446174
 3223.7  1.25000000  0.96709627  0.00950908  0.96714302 -0.25446175
 3223.8  1.25000000  0.96709626  0.00950939  0.96714301 -0.25446175
 3223.9  1.25000000  0.96709626  0.00950965  0.96714301 -0.25446176
 3224.0  1.25000000  0.96709625  0.00950987  0.96714301 -0.25446177
 3224.1  1.25000000  0.96709625  0.00951003  0.96714300 -0.25446178
 3224.2  1.25000000  0.96709624  0.00951012  0.96714300 -0.25446180
 3224.3  1.25000000  0.96709624  0.00951015  0.96714300 -0.25446181
 3224.4  1.25000000  0.96709624  0.00951011  0.96714300 -0.25446182
 3224.5  1.25000000  0.96709623  0.00951000  0.96714299 -0.25446183
 3224.6  1.25000000  0.96709623  0.00950985  0.96714299 -0.25446184
 3224.7  1.25000000  0.96709623  0.00950963  0.96714299 -0.25446185
 3224.8  1.25000000  0.96709623  0.00950937  0.96714299 -0.25446186
 3224.9  1.25000000  0.96709624  0.00950907  0.96714298 -0.25446186
 3225.0  1.25000000  0.96709624  0.00950875  0.96714298 -0.25446187
 3225.1  1.25000000  0.96709624  0.00950840  0.96714298 -0.25446187
 3225.2  1.25000000  0.96709624  0.00950806  0.96714298 -0.25446187
 3225.3  1.25000000  0.96709625  0.00950773  0.96714298 -0.25446186
 3225.4  1.25000000  0.96709625  0.00950741  0.96714299 -0.25446186
 3225.5  1.25000000  0.96709626  0.00950712  0.96714299 -0.25446185
 3225.6  1.25000000  0.96709626  0.00950687  0.96714299 -0.25446184
 3225.7  1.25000000  0.96709627  0.00950667  0.96714299 -0.25446184
 3225.8  1.25000000  0.96709627  0.00950652  0.96714299 -0.25446182
 3225.9  1.25000000  0.96709628  0.00950643  0.96714300 -0.25446181
 3226.0  1.25000000  0.96709628  0.00950641  0.96714300 -0.25446180
 3226.1  1.25000000  0.96709628  0.00950644  0.96714300 -0.25446179
 3226.2  1.25000000  0.96709628  0.00950652  0.96714301 -0.25446178
 3226.3  1.25000000  0.96709628  0.00950667  0.96714301 -0.25446177
 3226.4  1.25000000  0.96709628  0.00950686  0.96714301 -0.25446176
 3226.5  1.25000000  0.96709628  0.00950710  0.96714301 -0.25446176
 3226.6  1.25000000  0.96709628  0.00950737  0.96714301 -0.25446175
 3226.7  1.25000000  0.96709628  0.00950767  0.96714301 -0.25446175
 3226.8  1.25000000  0.96709628  0.00950798  0.96714301 -0.25446175
 3226.9  1.25000000  0.96709627  0.00950829  0.96714301 -0.25446175
 3227.0  1.25000000  0.96709627  0.00950860  0.96714301 -0.25446175
 3227.1  1.25000000  0.96709627  0.00950889  0.96714301 -0.25446175
 3227.2  1.25000000  0.96709626  0.00950916  0.96714301 -0.25446176
 3227.3  1.25000000  0.96709626  0.00950939  0.96714301 -0.25446177
 3227.4  1.25000000  0.96709625  0.00950958  0.96714301 -0.25446178
 3227.5  1.25000000  0.96709625  0.00950972  0.96714300 -0.25446179
 3227.6  1.25000000  0.96709625  0.00950980  0.96714300 -0.25446180
 3227.7  1.25000000  0.96709624  0.00950984  0.96714300 -0.25446181
 3227.8  1.25000000  0.96709624  0.00950981  0.96714300 -0.25446182
 3227.9  1.25000000  0.96709624  0.00950973  0.96714299 -0.25446183
 3228.0  1.25000000  0.96709624  0.00950961  0.96714299 -0.25446183
 3228.1  1.25000000  0.96709624  0.00950944  0.96714299 -0.25446184
 3228.2  1.25000000  0.96709624  0.00950922  0.96714299 -0.25446185
 3228.3  1.25000000  0.96709624  0.00950898  0.96714299 -0.25446185
 3228.4  1.25000000  0.96709624  0.00950871  0.96714299 -0.25446186
 3228.5  1.25000000  0.96709624  0.00950843  0.96714299 -0.25446186
 3228.6  1.25000000  0.96709625  0.00950814  0.96714299 -0.25446186
 3228.7  1.25000000  0.96709625  0.00950786  0.96714299 -0.25446186
 3228.8  1.25000000  0.96709625  0.00950759  0.96714299 -0.25446185
 3228.9  1.25000000  0.96709626  0.00950734  0.96714299 -0.25446185
 3229.0  1.25000000  0.96709626  0.00950713  0.96714299 -0.25446184
 3229.1  1.25000000  0.96709627  0.00950695  0.96714299 -0.25446183
 3229.2  1.25000000  0.96709627  0.00950682  0.96714300 -0.25446182
 3229.3  1.25000000  0.96709627  0.00950673  0.96714300 -0.25446181
 3229.4  1.25000000  0.96709627  0.00950669  0.96714300 -0.25446181
 3229.5  1.25000000  0.96709628  0.00950670  0.96714300 -0.25446180
 3229.6  1.25000000  0.96709628  0.00950676  0.96714300 -0.25446179
 3229.7  1.25000000  0.96709628  0.00950687  0.96714301 -0.25446178
 3229.8  1.25000000  0.96709628  0.00950703  0.96714301 -0.25446177
 3229.9  1.25000000  0.96709628  0.00950722  0.96714301 -0.25446177
 3230.0  1.25000000  0.96709628  0.00950744  0.96714301 -0.25446176
 3230.1  1.25000000  0.96709628  0.00950768  0.96714301 -0.25446176
 3230.2  1.25000000  0.96709627  0.00950794  0.96714301 -0.25446176
 3230.3  1.25000000  0.96709627  0.00950821  0.96714301 -0.25446176
 3230.4  1.25000000  0.96709627  0.00950847  0.96714301 -0.25446176
 3230.5  1.25000000  0.96709627  0.00950872  0.96714301 -0.25446176
 3230.6  1.25000000  0.96709626  0.00950895  0.96714301 -0.25446177
 3230.7  1.25000000  0.96709626  0.00950916  0.96714301 -0.25446177
 3230.8  1.25000000  0.96709626  0.00950933  0.96714301 -0.25446178
 3230.9  1.25000000  0.96709625  0.00950946  0.96714300 -0.25446179
 3231.0  1.25000000  0.96709625  0.00950955  0.96714300 -0.25446179
 3231.1  1.25000000  0.96709625  0.00950959  0.96714300 -0.25446180
 3231.2  1.25000000  0.96709624  0.00950959  0.96714300 -0.25446181
 3231.3  1.25000000  0.96709624  0.00950953  0.96714300 -0.25446182
 3231.4  1.25000000  0.96709624  0.00950944  0.96714299 -0.25446183
 3231.5  1.25000000  0.96709624  0.00950930  0.96714299 -0.25446184
 3231.6  1.25000000  0.96709624  0.00950913  0.96714299 -0.25446184
 3231.7  1.25000000  0.96709624  0.00950892  0.96714299 -0.25446185
 3231.8  1.25000000  0.96709624  0.00950870  0.96714299 -0.25446185
 3231.9  1.25000000  0.96709625  0.00950846  0.96714299 -0.25446185
 3232.0  1.25000000  0.96709625  0.00950821  0.96714299 -0.25446185
 3232.1  1.25000000  0.96709625  0.00950797  0.96714299 -0.25446185
 3232.2  1.25000000  0.96709625  0.00950773  0.96714299 -0.25446185
 3232.3  1.25000000  0.96709626  0.00950751  0.96714299 -0.25446184
 3232.4  1.25000000  0.96709626  0.00950732  0.96714299 -0.25446184
 3232.5  1.25000000  0.96709626  0.00950715  0.96714299 -0.25446183
 3232.6  1.25000000  0.96709627  0.00950703  0.96714299 -0.25446182
 3232.7  1.25000000  0.96709627  0.00950694  0.96714300 -0.25446182
 3232.8  1.25000000  0.96709627  0.00950690  0.96714300 -0.25446181
 3232.9  1.25000000  0.96709627  0.00950690  0.96714300 -0.25446180
 3233.0  1.25000000  0.96709628  0.00950694  0.96714300 -0.25446179
 3233.1  1.25000000  0.96709628  0.00950703  0.96714300 -0.25446178
 3233.2  1.25000000  0.96709628  0.00950716  0.96714301 -0.25446178
 3233.3  1.25000000  0.96709628  0.00950731  0.96714301 -0.25446177
 3233.4  1.25000000  0.96709628  0.00950750  0.96714301 -0.25446177
 3233.5  1.25000000  0.96709628  0.00950771  0.96714301 -0.25446176
 3233.6  1.25000000  0.96709627  0.00950794  0.96714301 -0.25446176
 3233.7  1.25000000  0.96709627  0.00950816  0.96714301 -0.25446176
 3233.8  1.25000000  0.96709627  0.00950840  0.96714301 -0.25446176
 3233.9  1.25000000  0.96709627  0.00950862  0.96714301 -0.25446177
 3234.0  1.25000000  0.96709626  0.00950882  0.96714301 -0.25446177
 3234.1  1.25000000  0.96709626  0.00950900  0.96714301 -0.25446178
 3234.2  1.25000000  0.96709626  0.00950916  0.96714301 -0.25446178
 3234.3  1.25000000  0.96709625  0.00950928  0.96714300 -0.25446179
 3234.4  1.25000000  0.96709625  0.00950936  0.96714300 -0.25446180
 3234.5  1.25000000  0.96709625  0.00950940  0.96714300 -0.25446180
 3234.6  1.25000000  0.96709625  0.00950940  0.96714300 -0.25446181
 3234.7  1.25000000  0.96709624  0.00950936  0.96714300 -0.25446182
 3234.8  1.25000000  0.96709624  0.00950928  0.96714299 -0.25446182
 3234.9  1.25000000  0.96709624  0.00950916  0.96714299 -0.25446183
 3235.0  1.25000000  0.96709624  0.00950902  0.96714299 -0.25446184
 3235.1  1.25000000  0.96709624  0.00950884  0.96714299 -0.25446184
 3235.2  1.25000000  0.96709624  0.00950865  0.96714299 -0.25446184
 3235.3  1.25000000  0.96709625  0.00950844  0.96714299 -0.25446184
 3235.4  1.25000000  0.96709625  0.00950823  0.96714299 -0.25446184
 3235.5  1.25000000  0.96709625  0.00950802  0.96714299 -0.25446184
 3235.6  1.25000000  0.96709625  0.00950781  0.96714299 -0.25446184
 3235.7  1.25000000  0.96709626  0.00950763  0.96714299 -0.25446184
 3235.8  1.25000000  0.96709626  0.00950746  0.96714299 -0.25446183
 3235.9  1.25000000  0.96709626  0.00950732  0.96714299 -0.25446183
 3236.0  1.25000000  0.96709627  0.00950721  0.96714300 -0.25446182
 3236.1  1.25000000  0.96709627  0.00950713  0.96714300 -0.25446181
 3236.2  1.25000000  0.96709627  0.00950709  0.96714300 -0.25446181
 3236.3  1.25000000  0.96709627  0.00950709  0.96714300 -0.25446180
 3236.4  1.25000000  0.96709627  0.00950712  0.96714300 -0.25446179
 3236.5  1.25000000  0.96709627  0.00950719  0.96714300 -0.25446179
 3236.6  1.25000000  0.96709628  0.00950728  0.96714301 -0.25446178
 3236.7  1.25000000  0.96709628  0.00950741  0.96714301 -0.25446178
 3236.8  1.25000000  0.96709627  0.00950756  0.96714301 -0.25446177
 3236.9  1.25000000  0.96709627  0.00950773  0.96714301 -0.25446177
 3237.0  1.25000000  0.96709627  0.00950792  0.96714301 -0.25446177
 3237.1  1.25000000  0.96709627  0.00950811  0.96714301 -0.25446177
 3237.2  1.25000000  0.96709627  0.00950830  0.96714301 -0.25446177
 3237.3  1.25000000  0.96709627  0.00950849  0.96714301 -0.25446177
 3237.4  1.25000000  0.96709626  0.00950867  0.96714301 -0.25446177
 3237.5  1.25000000  0.96709626  0.00950883  0.96714301 -0.25446178
 3237.6  1.25000000  0.96709626  0.00950897  0.96714300 -0.25446178
 3237.7  1.25000000  0.96709625  0.00950908  0.96714300 -0.25446179
 3237.8  1.25000000  0.96709625  0.00950917  0.96714300 -0.25446179
 3237.9  1.25000000  0.96709625  0.00950922  0.96714300 -0.25446180
 3238.0  1.25000000  0.96709625  0.00950925  0.96714300 -0.25446181
 3238.1  1.25000000  0.96709625  0.00950924  0.96714300 -0.25446181
 3238.2  1.25000000  0.96709625  0.00950920  0.96714300 -0.25446182
 3238.3  1.25000000  0.96709625  0.00950911  0.96714299 -0.25446182
 3238.4  1.25000000  0.96709625  0.00950901  0.96714299 -0.25446183
 3238.5  1.25000000  0.96709625  0.00950888  0.96714299 -0.25446183
 3238.6  1.25000000  0.96709625  0.00950872  0.96714299 -0.25446184
 3238.7  1.25000000  0.96709625  0.00950855  0.96714299 -0.25446184
 3238.8  1.25000000  0.96709625  0.00950838  0.96714299 -0.25446184
 3238.9  1.25000000  0.96709625  0.00950819  0.96714299 -0.25446184
 3239.0  1.25000000  0.96709625  0.00950801  0.96714299 -0.25446184
 3239.1  1.25000000  0.96709626  0.00950784  0.96714299 -0.25446184
 3239.2  1.25000000  0.96709626  0.00950768  0.96714299 -0.25446183
 3239.3  1.25000000  0.96709626  0.00950753  0.96714299 -0.25446183
 3239.4  1.25000000  0.96709626  0.00950741  0.96714300 -0.25446182
 3239.5  1.25000000  0.96709627  0.00950732  0.96714300 -0.25446182
 3239.6  1.25000000  0.96709627  0.00950726  0.96714300 -0.25446181
 3239.7  1.25000000  0.96709627  0.00950722  0.96714300 -0.25446181
 3239.8  1.25000000  0.96709627  0.00950722  0.96714300 -0.25446180
 3239.9  1.25000000  0.96709627  0.00950726  0.96714300 -0.25446179
 3240.0  1.25000000  0.96709627  0.00950732  0.96714300 -0.25446179
 3240.1  1.25000000  0.96709627  0.00950741  0.96714300 -0.25446178
 3240.2  1.25000000  0.96709627  0.00950754  0.96714301 -0.25446178
 3240.3  1.25000000  0.96709627  0.00950767  0.96714301 -0.25446178
 3240.4  1.25000000  0.96709627  0.00950783  0.96714301 -0.25446177
 3240.5  1.25000000  0.96709627  0.00950800  0.96714301 -0.25446177
 3240.6  1.25000000  0.96709627  0.00950818  0.96714301 -0.25446177
 3240.7  1.25000000  0.96709627  0.00950835  0.96714301 -0.25446177
 3240.8  1.25000000  0.96709626  0.00950852  0.96714301 -0.25446178
 3240.9  1.25000000  0.96709626  0.00950868  0.96714301 -0.25446178
 3241.0  1.25000000  0.96709626  0.00950882  0.96714300 -0.25446178
 3241.1  1.25000000  0.96709626  0.00950894  0.96714300 -0.25446179
 3241.2  1.25000000  0.96709625  0.00950904  0.96714300 -0.25446179
 3241.3  1.25000000  0.96709625  0.00950911  0.96714300 -0.25446180
 3241.4  1.25000000  0.96709625  0.00950914  0.96714300 -0.25446180
 3241.5  1.25000000  0.96709625  0.00950914  0.96714300 -0.25446181
 3241.6  1.25000000  0.96709625  0.00950912  0.96714300 -0.25446181
 3241.7  1.25000000  0.96709625  0.00950906  0.96714300 -0.25446182
 3241.8  1.25000000  0.96709625  0.00950897  0.96714300 -0.25446182
 3241.9  1.25000000  0.96709625  0.00950886  0.96714299 -0.25446183
 3242.0  1.25000000  0.96709625  0.00950872  0.96714299 -0.25446183
 3242.1  1.25000000  0.96709625  0.00950857  0.96714299 -0.25446184
 3242.2  1.25000000  0.96709625  0.00950840  0.96714299 -0.25446184
 3242.3  1.25000000  0.96709625  0.00950823  0.96714299 -0.25446184
 3242.4  1.25000000  0.96709625  0.00950805  0.96714299 -0.25446184
 3242.5  1.25000000  0.96709626  0.00950789  0.96714299 -0.25446183
 3242.6  1.25000000  0.96709626  0.00950773  0.96714299 -0.25446183
 3242.7  1.25000000  0.96709626  0.00950759  0.96714299 -0.25446183
 3242.8  1.25000000  0.96709626  0.00950746  0.96714299 -0.25446182
 3242.9  1.25000000  0.96709626  0.00950737  0.96714300 -0.25446182
 3243.0  1.25000000  0.96709627  0.00950730  0.96714300 -0.25446181
 3243.1  1.25000000  0.96709627  0.00950726  0.96714300 -0.25446181
 3243.2  1.25000000  0.96709627  0.00950724  0.96714300 -0.25446180
 3243.3  1.25000000  0.96709627  0.00950726  0.96714300 -0.25446180
 3243.4  1.25000000  0.96709627  0.00950732  0.96714300 -0.25446179
 3243.5  1.25000000  0.96709627  0.00950740  0.96714300 -0.25446179
 3243.6  1.25000000  0.96709627  0.00950751  0.96714300 -0.25446178
 3243.7  1.25000000  0.96709627  0.00950764  0.96714301 -0.25446178
 3243.8  1.25000000  0.96709627  0.00950780  0.96714301 -0.25446178
 3243.9  1.25000000  0.96709627  0.00950796  0.96714301 -0.25446177
 3244.0  1.25000000  0.96709627  0.00950813  0.96714301 -0.25446177
 3244.1  1.25000000  0.96709627  0.00950831  0.96714301 -0.25446177
 3244.2  1.25000000  0.96709627  0.00950848  0.96714301 -0.25446178
 3244.3  1.25000000  0.96709626  0.00950863  0.96714301 -0.25446178
 3244.4  1.25000000  0.96709626  0.00950878  0.96714301 -0.25446178
 3244.5  1.25000000  0.96709626  0.00950890  0.96714301 -0.25446179
 3244.6  1.25000000  0.96709626  0.00950900  0.96714300 -0.25446179
 3244.7  1.25000000  0.96709625  0.00950907  0.96714300 -0.25446180
 3244.8  1.25000000  0.96709625  0.00950912  0.96714300 -0.25446180
