 # TIME  LP  TMAB  TMDS  TMPC  TMZ
 4708.6  3.00000000  0.96382745  0.07365699  0.96663784 -0.25683299
 4708.7  3.00000000  0.96382745  0.07365699  0.96663784 -0.25683299
 4708.8  3.00000000  0.96382745  0.07365699  0.96663784 -0.25683299
 4708.9  3.00000000  0.96382745  0.07365699  0.96663784 -0.25683299
 4709.0  3.00000000  0.96382745  0.07365699  0.96663784 -0.25683299
 4709.1  3.00000000  0.96382745  0.07365699  0.96663784 -0.25683299
 4709.2  3.00000000  0.96385554  0.07328921  0.96663789 -0.25683274
 4709.3  3.00000000  0.96400224  0.07135911  0.96663977 -0.25682509
 4709.4  3.00000000  0.96413556  0.06959251  0.96664394 -0.25680785
 4709.5  3.00000000  0.96424800  0.06810055  0.96664982 -0.25678330
 4709.6  3.00000000  0.96433482  0.06696244  0.96665693 -0.25675392
 4709.7  3.00000000  0.96439354  0.06622352  0.96666460 -0.25672237
 4709.8  3.00000000  0.96442362  0.06589582  0.96667222 -0.25669114
 4709.9  3.00000000  0.96442629  0.06596022  0.96667927 -0.25666245
 4710.0  3.00000000  0.96440411  0.06637129  0.96668529 -0.25663812
 4710.1  3.00000000  0.96436089  0.06706333  0.96668993 -0.25661945
 4710.2  3.00000000  0.96430141  0.06795689  0.96669299 -0.25660720
 4710.3  3.00000000  0.96423115  0.06896622  0.96669439 -0.25660163
 4710.4  3.00000000  0.96415603  0.07000596  0.96669420 -0.25660242
 4710.5  3.00000000  0.96408191  0.07099729  0.96669258 -0.25660888
 4710.6  3.00000000  0.96401422  0.07187319  0.96668980 -0.25661995
 4710.7  3.00000000  0.96395751  0.07258187  0.96668620 -0.25663433
 4710.8  3.00000000  0.96391508  0.07308917  0.96668211 -0.25665065
 4710.9  3.00000000  0.96388884  0.07337915  0.96667792 -0.25666751
 4711.0  3.00000000  0.96387920  0.07345333  0.96667394 -0.25668362
 4711.1  3.00000000  0.96388517  0.07332889  0.96667044 -0.25669789
 4711.2  3.00000000  0.96390464  0.07303558  0.96666765 -0.25670947
 4711.3  3.00000000  0.96393462  0.07261236  0.96666566 -0.25671780
 4711.4  3.00000000  0.96397170  0.07210355  0.96666456 -0.25672262
 4711.5  3.00000000  0.96401232  0.07155497  0.96666430 -0.25672394
 4711.6  3.00000000  0.96405309  0.07101062  0.96666482 -0.25672204
 4711.7  3.00000000  0.96409104  0.07050951  0.96666598 -0.25671739
 4711.8  3.00000000  0.96412377  0.07008349  0.96666765 -0.25671062
 4711.9  3.00000000  0.96414955  0.06975560  0.96666964 -0.25670243
 4712.0  3.00000000  0.96416731  0.06953939  0.96667178 -0.25669358
 4712.1  3.00000000  0.96417668  0.06943894  0.96667390 -0.25668476
 4712.2  3.00000000  0.96417788  0.06944951  0.96667586 -0.25667662
 4712.3  3.00000000  0.96417170  0.06955870  0.96667754 -0.25666967
 4712.4  3.00000000  0.96415930  0.06974836  0.96667884 -0.25666430
 4712.5  3.00000000  0.96414221  0.06999641  0.96667973 -0.25666072
 4712.6  3.00000000  0.96412211  0.07027868  0.96668016 -0.25665901
 4712.7  3.00000000  0.96410071  0.07057131  0.96668014 -0.25665913
 4712.8  3.00000000  0.96407975  0.07085180  0.96667975 -0.25666082
 4712.9  3.00000000  0.96406065  0.07110105  0.96667901 -0.25666385
 4713.0  3.00000000  0.96404465  0.07130436  0.96667802 -0.25666785
 4713.1  3.00000000  0.96403265  0.07145151  0.96667692 -0.25667239
 4713.2  3.00000000  0.96402506  0.07153771  0.96667573 -0.25667714
 4713.3  3.00000000  0.96402203  0.07156314  0.96667459 -0.25668170
 4713.4  3.00000000  0.96402333  0.07153215  0.96667359 -0.25668575
 4713.5  3.00000000  0.96402838  0.07145291  0.96667277 -0.25668908
 4713.6  3.00000000  0.96403642  0.07133627  0.96667217 -0.25669150
 4713.7  3.00000000  0.96404656  0.07119453  0.96667183 -0.25669293
 4713.8  3.00000000  0.96405781  0.07104064  0.96667173 -0.25669337
 4713.9  3.00000000  0.96406924  0.07088708  0.96667186 -0.25669290
 4714.0  3.00000000  0.96408002  0.07074493  0.96667219 -0.25669164
 4714.1  3.00000000  0.96408940  0.07062332  0.96667266 -0.25668978
 4714.2  3.00000000  0.96409688  0.07052895  0.96667323 -0.25668750
 4714.3  3.00000000  0.96410211  0.07046580  0.96667384 -0.25668501
 4714.4  3.00000000  0.96410495  0.07043521  0.96667444 -0.25668253
 4714.5  3.00000000  0.96410545  0.07043600  0.96667500 -0.25668022
 4714.6  3.00000000  0.96410383  0.07046483  0.96667548 -0.25667824
 4714.7  3.00000000  0.96410040  0.07051670  0.96667584 -0.25667669
 4714.8  3.00000000  0.96409562  0.07058544  0.96667609 -0.25667565
 4714.9  3.00000000  0.96408996  0.07066430  0.96667621 -0.25667513
 4715.0  3.00000000  0.96408393  0.07074652  0.96667621 -0.25667512
 4715.1  3.00000000  0.96407800  0.07082579  0.96667610 -0.25667557
 4715.2  3.00000000  0.96407260  0.07089665  0.96667591 -0.25667640
 4715.3  3.00000000  0.96406805  0.07095484  0.96667564 -0.25667750
 4715.4  3.00000000  0.96406460  0.07099746  0.96667533 -0.25667878
 4715.5  3.00000000  0.96406240  0.07102302  0.96667501 -0.25668011
 4715.6  3.00000000  0.96406146  0.07103143  0.96667469 -0.25668139
 4715.7  3.00000000  0.96406173  0.07102388  0.96667441 -0.25668255
 4715.8  3.00000000  0.96406307  0.07100257  0.96667417 -0.25668350
 4715.9  3.00000000  0.96406525  0.07097048  0.96667400 -0.25668420
 4716.0  3.00000000  0.96406805  0.07093106  0.96667389 -0.25668462
 4716.1  3.00000000  0.96407118  0.07088795  0.96667386 -0.25668477
 4716.2  3.00000000  0.96407439  0.07084466  0.96667388 -0.25668466
 4716.3  3.00000000  0.96407744  0.07080436  0.96667397 -0.25668432
 4716.4  3.00000000  0.96408011  0.07076965  0.96667410 -0.25668381
 4716.5  3.00000000  0.96408227  0.07074248  0.96667426 -0.25668317
 4716.6  3.00000000  0.96408380  0.07072401  0.96667443 -0.25668248
 4716.7  3.00000000  0.96408466  0.07071463  0.96667460 -0.25668178
 4716.8  3.00000000  0.96408486  0.07071404  0.96667476 -0.25668113
 4716.9  3.00000000  0.96408446  0.07072139  0.96667490 -0.25668056
 4717.0  3.00000000  0.96408355  0.07073535  0.96667501 -0.25668011
 4717.1  3.00000000  0.96408223  0.07075433  0.96667508 -0.25667980
 4717.2  3.00000000  0.96408064  0.07077640  0.96667512 -0.25667964
 4717.3  3.00000000  0.96407894  0.07079960  0.96667512 -0.25667963
 4717.4  3.00000000  0.96407726  0.07082214  0.96667509 -0.25667974
 4717.5  3.00000000  0.96407571  0.07084244  0.96667503 -0.25667997
 4717.6  3.00000000  0.96407440  0.07085924  0.96667496 -0.25668027
 4717.7  3.00000000  0.96407340  0.07087169  0.96667487 -0.25668063
 4717.8  3.00000000  0.96407274  0.07087935  0.96667478 -0.25668101
 4717.9  3.00000000  0.96407245  0.07088215  0.96667470 -0.25668137
 4718.0  3.00000000  0.96407250  0.07088039  0.96667462 -0.25668170
 4718.1  3.00000000  0.96407285  0.07087466  0.96667455 -0.25668198
 4718.2  3.00000000  0.96407345  0.07086581  0.96667450 -0.25668218
 4718.3  3.00000000  0.96407423  0.07085481  0.96667447 -0.25668231
 4718.4  3.00000000  0.96407511  0.07084269  0.96667446 -0.25668235
 4718.5  3.00000000  0.96407601  0.07083045  0.96667446 -0.25668233
 4718.6  3.00000000  0.96407688  0.07081901  0.96667448 -0.25668223
 4718.7  3.00000000  0.96407764  0.07080910  0.96667452 -0.25668209
 4718.8  3.00000000  0.96407826  0.07080128  0.96667456 -0.25668192
 4718.9  3.00000000  0.96407870  0.07079591  0.96667461 -0.25668172
 4719.0  3.00000000  0.96407895  0.07079312  0.96667466 -0.25668152
 4719.1  3.00000000  0.96407902  0.07079285  0.96667471 -0.25668134
 4719.2  3.00000000  0.96407891  0.07079485  0.96667475 -0.25668118
 4719.3  3.00000000  0.96407866  0.07079875  0.96667478 -0.25668105
 4719.4  3.00000000  0.96407829  0.07080405  0.96667480 -0.25668096
 4719.5  3.00000000  0.96407785  0.07081023  0.96667481 -0.25668091
 4719.6  3.00000000  0.96407737  0.07081673  0.96667481 -0.25668091
 4719.7  3.00000000  0.96407690  0.07082305  0.96667480 -0.25668094
 4719.8  3.00000000  0.96407646  0.07082874  0.96667479 -0.25668100
 4719.9  3.00000000  0.96407610  0.07083346  0.96667476 -0.25668109
 4720.0  3.00000000  0.96407582  0.07083696  0.96667474 -0.25668119
 4720.1  3.00000000  0.96407563  0.07083912  0.96667471 -0.25668129
 4720.2  3.00000000  0.96407555  0.07083992  0.96667469 -0.25668140
 4720.3  3.00000000  0.96407556  0.07083944  0.96667467 -0.25668149
 4720.4  3.00000000  0.96407566  0.07083786  0.96667465 -0.25668156
 4720.5  3.00000000  0.96407583  0.07083541  0.96667464 -0.25668162
 4720.6  3.00000000  0.96407604  0.07083235  0.96667463 -0.25668166
 4720.7  3.00000000  0.96407629  0.07082897  0.96667462 -0.25668167
 4720.8  3.00000000  0.96407654  0.07082556  0.96667462 -0.25668166
 4720.9  3.00000000  0.96407678  0.07082236  0.96667463 -0.25668164
 4721.0  3.00000000  0.96407699  0.07081959  0.96667464 -0.25668160
 4721.1  3.00000000  0.96407716  0.07081740  0.96667465 -0.25668155
 4721.2  3.00000000  0.96407729  0.07081590  0.96667466 -0.25668150
 4721.3  3.00000000  0.96407736  0.07081511  0.96667468 -0.25668144
 4721.4  3.00000000  0.96407738  0.07081503  0.96667469 -0.25668139
 4721.5  3.00000000  0.96407735  0.07081559  0.96667470 -0.25668134
 4721.6  3.00000000  0.96407728  0.07081666  0.96667471 -0.25668131
 4721.7  3.00000000  0.96407718  0.07081812  0.96667472 -0.25668128
 4721.8  3.00000000  0.96407705  0.07081984  0.96667472 -0.25668127
 4721.9  3.00000000  0.96407692  0.07082164  0.96667472 -0.25668127
 4722.0  3.00000000  0.96407679  0.07082341  0.96667472 -0.25668128
 4722.1  3.00000000  0.96407667  0.07082500  0.96667471 -0.25668129
 4722.2  3.00000000  0.96407657  0.07082633  0.96667471 -0.25668132
 4722.3  3.00000000  0.96407649  0.07082732  0.96667470 -0.25668134
 4722.4  3.00000000  0.96407643  0.07082794  0.96667469 -0.25668137
 4722.5  3.00000000  0.96407641  0.07082818  0.96667469 -0.25668140
 4722.6  3.00000000  0.96407641  0.07082806  0.96667468 -0.25668143
 4722.7  3.00000000  0.96407644  0.07082764  0.96667468 -0.25668145
 4722.8  3.00000000  0.96407648  0.07082698  0.96667467 -0.25668147
 4722.9  3.00000000  0.96407654  0.07082615  0.96667467 -0.25668148
 4723.0  3.00000000  0.96407661  0.07082523  0.96667467 -0.25668148
 4723.1  3.00000000  0.96407668  0.07082429  0.96667467 -0.25668148
 4723.2  3.00000000  0.96407674  0.07082344  0.96667467 -0.25668147
 4723.3  3.00000000  0.96407680  0.07082273  0.96667467 -0.25668146
 4723.4  3.00000000  0.96407684  0.07082211  0.96667468 -0.25668145
 4723.5  3.00000000  0.96407688  0.07082167  0.96667468 -0.25668143
 4723.6  3.00000000  0.96407690  0.07082140  0.96667468 -0.25668142
 4723.7  3.00000000  0.96407691  0.07082131  0.96667469 -0.25668141
 4723.8  3.00000000  0.96407691  0.07082138  0.96667469 -0.25668139
 4723.9  3.00000000  0.96407690  0.07082159  0.96667469 -0.25668138
 4724.0  3.00000000  0.96407688  0.07082191  0.96667469 -0.25668138
 4724.1  3.00000000  0.96407685  0.07082232  0.96667470 -0.25668137
 4724.2  3.00000000  0.96407681  0.07082276  0.96667470 -0.25668137
 4724.3  3.00000000  0.96407678  0.07082322  0.96667470 -0.25668137
 4724.4  3.00000000  0.96407675  0.07082368  0.96667470 -0.25668137
 4724.5  3.00000000  0.96407672  0.07082406  0.96667469 -0.25668138
 4724.6  3.00000000  0.96407669  0.07082440  0.96667469 -0.25668138
 4724.7  3.00000000  0.96407667  0.07082467  0.96667469 -0.25668139
 4724.8  3.00000000  0.96407666  0.07082483  0.96667469 -0.25668140
 4724.9  3.00000000  0.96407665  0.07082489  0.96667469 -0.25668141
 4725.0  3.00000000  0.96407665  0.07082486  0.96667469 -0.25668141
 4725.1  3.00000000  0.96407666  0.07082473  0.96667468 -0.25668142
 4725.2  3.00000000  0.96407667  0.07082453  0.96667468 -0.25668143
 4725.3  3.00000000  0.96407669  0.07082427  0.96667468 -0.25668143
 4725.4  3.00000000  0.96407671  0.07082399  0.96667468 -0.25668143
 4725.5  3.00000000  0.96407673  0.07082369  0.96667468 -0.25668143
 4725.6  3.00000000  0.96407675  0.07082342  0.96667468 -0.25668143
 4725.7  3.00000000  0.96407677  0.07082319  0.96667468 -0.25668142
 4725.8  3.00000000  0.96407679  0.07082300  0.96667468 -0.25668142
 4725.9  3.00000000  0.96407680  0.07082287  0.96667469 -0.25668141
 4726.0  3.00000000  0.96407680  0.07082280  0.96667469 -0.25668141
 4726.1  3.00000000  0.96407680  0.07082280  0.96667469 -0.25668140
 4726.2  3.00000000  0.96407680  0.07082286  0.96667469 -0.25668140
 4726.3  3.00000000  0.96407679  0.07082297  0.96667469 -0.25668140
 4726.4  3.00000000  0.96407678  0.07082311  0.96667469 -0.25668139
 4726.5  3.00000000  0.96407677  0.07082328  0.96667469 -0.25668139
 4726.6  3.00000000  0.96407676  0.07082346  0.96667469 -0.25668139
 4726.7  3.00000000  0.96407674  0.07082363  0.96667469 -0.25668139
 4726.8  3.00000000  0.96407673  0.07082380  0.96667469 -0.25668140
 4726.9  3.00000000  0.96407672  0.07082393  0.96667469 -0.25668140
 4727.0  3.00000000  0.96407671  0.07082403  0.96667469 -0.25668140
 4727.1  3.00000000  0.96407671  0.07082410  0.96667469 -0.25668140
 4727.2  3.00000000  0.96407671  0.07082412  0.96667469 -0.25668141
 4727.3  3.00000000  0.96407671  0.07082410  0.96667469 -0.25668141
 4727.4  3.00000000  0.96407671  0.07082405  0.96667469 -0.25668141
 4727.5  3.00000000  0.96407672  0.07082397  0.96667469 -0.25668141
 4727.6  3.00000000  0.96407672  0.07082387  0.96667469 -0.25668142
 4727.7  3.00000000  0.96407673  0.07082376  0.96667469 -0.25668142
 4727.8  3.00000000  0.96407674  0.07082364  0.96667469 -0.25668142
 4727.9  3.00000000  0.96407675  0.07082353  0.96667469 -0.25668141
 4728.0  3.00000000  0.96407675  0.07082344  0.96667469 -0.25668141
 4728.1  3.00000000  0.96407676  0.07082336  0.96667469 -0.25668141
 4728.2  3.00000000  0.96407676  0.07082331  0.96667469 -0.25668141
 4728.3  3.00000000  0.96407677  0.07082328  0.96667469 -0.25668141
 4728.4  3.00000000  0.96407677  0.07082328  0.96667469 -0.25668141
 4728.5  3.00000000  0.96407677  0.07082330  0.96667469 -0.25668140
 4728.6  3.00000000  0.96407676  0.07082334  0.96667469 -0.25668140
 4728.7  3.00000000  0.96407676  0.07082339  0.96667469 -0.25668140
 4728.8  3.00000000  0.96407676  0.07082345  0.96667469 -0.25668140
 4728.9  3.00000000  0.96407675  0.07082351  0.96667469 -0.25668140
 4729.0  3.00000000  0.96407675  0.07082358  0.96667469 -0.25668140
 4729.1  3.00000000  0.96407674  0.07082363  0.96667469 -0.25668140
 4729.2  3.00000000  0.96407674  0.07082368  0.96667469 -0.25668140
 4729.3  3.00000000  0.96407674  0.07082373  0.96667469 -0.25668140
 4729.4  3.00000000  0.96407673  0.07082376  0.96667469 -0.25668140
 4729.5  3.00000000  0.96407673  0.07082378  0.96667469 -0.25668140
 4729.6  3.00000000  0.96407673  0.07082379  0.96667469 -0.25668141
 4729.7  3.00000000  0.96407673  0.07082380  0.96667469 -0.25668141
 4729.8  3.00000000  0.96407673  0.07082379  0.96667469 -0.25668141
 4729.9  3.00000000  0.96407673  0.07082377  0.96667469 -0.25668141
 4730.0  3.00000000  0.96407673  0.07082375  0.96667469 -0.25668141
 4730.1  3.00000000  0.96407673  0.07082373  0.96667469 -0.25668141
 4730.2  3.00000000  0.96407674  0.07082370  0.96667469 -0.25668141
 4730.3  3.00000000  0.96407674  0.07082367  0.96667469 -0.25668141
 4730.4  3.00000000  0.96407674  0.07082363  0.96667469 -0.25668141
 4730.5  3.00000000  0.96407674  0.07082360  0.96667469 -0.25668141
 4730.6  3.00000000  0.96407675  0.07082357  0.96667469 -0.25668141
 4730.7  3.00000000  0.96407675  0.07082355  0.96667469 -0.25668141
 4730.8  3.00000000  0.96407675  0.07082352  0.96667469 -0.25668141
 4730.9  3.00000000  0.96407675  0.07082350  0.96667469 -0.25668141
 4731.0  3.00000000  0.96407675  0.07082348  0.96667469 -0.25668141
 4731.1  3.00000000  0.96407675  0.07082347  0.96667469 -0.25668141
 4731.2  3.00000000  0.96407675  0.07082346  0.96667469 -0.25668141
 4731.3  3.00000000  0.96407675  0.07082346  0.96667469 -0.25668141
 4731.4  3.00000000  0.96407675  0.07082346  0.96667469 -0.25668141
 4731.5  3.00000000  0.96407675  0.07082346  0.96667469 -0.25668141
 4731.6  3.00000000  0.96407675  0.07082347  0.96667469 -0.25668140
 4731.7  3.00000000  0.96407675  0.07082349  0.96667469 -0.25668140
 4731.8  3.00000000  0.96407675  0.07082351  0.96667469 -0.25668140
 4731.9  3.00000000  0.96407675  0.07082352  0.96667469 -0.25668140
 4732.0  3.00000000  0.96407675  0.07082354  0.96667469 -0.25668140
 4732.1  3.00000000  0.96407675  0.07082356  0.96667469 -0.25668140
 4732.2  3.00000000  0.96407675  0.07082358  0.96667469 -0.25668140
 4732.3  3.00000000  0.96407674  0.07082360  0.96667469 -0.25668140
 4732.4  3.00000000  0.96407674  0.07082362  0.96667469 -0.25668140
 4732.5  3.00000000  0.96407674  0.07082364  0.96667469 -0.25668140
 4732.6  3.00000000  0.96407674  0.07082365  0.96667469 -0.25668140
 4732.7  3.00000000  0.96407674  0.07082366  0.96667469 -0.25668141
 4732.8  3.00000000  0.96407674  0.07082367  0.96667469 -0.25668141
 4732.9  3.00000000  0.96407674  0.07082367  0.96667469 -0.25668141
 4733.0  3.00000000  0.96407674  0.07082368  0.96667469 -0.25668141
 4733.1  3.00000000  0.96407674  0.07082368  0.96667469 -0.25668141
 4733.2  3.00000000  0.96407674  0.07082368  0.96667469 -0.25668141
 4733.3  3.00000000  0.96407674  0.07082367  0.96667469 -0.25668141
 4733.4  3.00000000  0.96407674  0.07082367  0.96667469 -0.25668141
 4733.5  3.00000000  0.96407674  0.07082366  0.96667469 -0.25668141
 4733.6  3.00000000  0.96407674  0.07082365  0.96667469 -0.25668141
 4733.7  3.00000000  0.96407674  0.07082365  0.96667469 -0.25668141
 4733.8  3.00000000  0.96407674  0.07082364  0.96667469 -0.25668141
 4733.9  3.00000000  0.96407674  0.07082363  0.96667469 -0.25668141
 4734.0  3.00000000  0.96407674  0.07082362  0.96667469 -0.25668141
 4734.1  3.00000000  0.96407674  0.07082361  0.96667469 -0.25668141
 4734.2  3.00000000  0.96407674  0.07082360  0.96667469 -0.25668141
 4734.3  3.00000000  0.96407674  0.07082359  0.96667469 -0.25668141
 4734.4  3.00000000  0.96407674  0.07082359  0.96667469 -0.25668141
 4734.5  3.00000000  0.96407674  0.07082359  0.96667469 -0.25668141
 4734.6  3.00000000  0.96407674  0.07082359  0.96667469 -0.25668141
 4734.7  3.00000000  0.96407674  0.07082359  0.96667469 -0.25668141
 4734.8  3.00000000  0.96407674  0.07082359  0.96667469 -0.25668141
 4734.9  3.00000000  0.96407674  0.07082359  0.96667469 -0.25668141
 4735.0  3.00000000  0.96407674  0.07082359  0.96667469 -0.25668141
 4735.1  3.00000000  0.96407674  0.07082359  0.96667469 -0.25668141
 4735.2  3.00000000  0.96407674  0.07082359  0.96667469 -0.25668141
 4735.3  3.00000000  0.96407674  0.07082359  0.96667469 -0.25668141
 4735.4  3.00000000  0.96407674  0.07082359  0.96667469 -0.25668141
 4735.5  3.00000000  0.96407674  0.07082359  0.96667469 -0.25668141
 4735.6  3.00000000  0.96407674  0.07082359  0.96667469 -0.25668141
 4735.7  3.00000000  0.96407674  0.07082360  0.96667469 -0.25668141
 4735.8  3.00000000  0.96407674  0.07082360  0.96667469 -0.25668141
 4735.9  3.00000000  0.96407674  0.07082360  0.96667469 -0.25668141
 4736.0  3.00000000  0.96407674  0.07082360  0.96667469 -0.25668141
 4736.1  3.00000000  0.96407674  0.07082360  0.96667469 -0.25668141
 4736.2  3.00000000  0.96407674  0.07082360  0.96667469 -0.25668141
 4736.3  3.00000000  0.96407674  0.07082360  0.96667469 -0.25668141
 4736.4  3.00000000  0.96407674  0.07082360  0.96667469 -0.25668141
 4736.5  3.00000000  0.96407674  0.07082360  0.96667469 -0.25668141
 4736.6  3.00000000  0.96407674  0.07082360  0.96667469 -0.25668141
 4736.7  3.00000000  0.96407674  0.07082360  0.96667469 -0.25668141
 4736.8  3.00000000  0.96407674  0.07082360  0.96667469 -0.25668141
 4736.9  3.00000000  0.96407674  0.07082360  0.96667469 -0.25668141
 4737.0  3.00000000  0.96407674  0.07082360  0.96667469 -0.25668141
 4737.1  3.00000000  0.96407674  0.07082360  0.96667469 -0.25668141
 4737.2  3.00000000  0.96407674  0.07082360  0.96667469 -0.25668141
 4737.3  3.00000000  0.96407674  0.07082361  0.96667469 -0.25668141
 4737.4  3.00000000  0.96407674  0.07082361  0.96667469 -0.25668141
 4737.5  3.00000000  0.96407674  0.07082361  0.96667469 -0.25668141
 4737.6  3.00000000  0.96407674  0.07082361  0.96667469 -0.25668141
 4737.7  3.00000000  0.96407674  0.07082361  0.96667469 -0.25668141
 4737.8  3.00000000  0.96407674  0.07082361  0.96667469 -0.25668141
 4737.9  3.00000000  0.96407674  0.07082361  0.96667469 -0.25668141
 4738.0  3.00000000  0.96407674  0.07082361  0.96667469 -0.25668141
 4738.1  3.00000000  0.96407674  0.07082361  0.96667469 -0.25668141
 4738.2  3.00000000  0.96407674  0.07082361  0.96667469 -0.25668141
 4738.3  3.00000000  0.96407674  0.07082361  0.96667469 -0.25668141
 4738.4  3.00000000  0.96407674  0.07082361  0.96667469 -0.25668141
 4738.5  3.00000000  0.96407674  0.07082361  0.96667469 -0.25668141
 4738.6  3.00000000  0.96407674  0.07082360  0.96667469 -0.25668141
 4738.7  3.00000000  0.96407674  0.07082360  0.96667469 -0.25668141
 4738.8  3.00000000  0.96407674  0.07082360  0.96667469 -0.25668141
 4738.9  3.00000000  0.96407674  0.07082360  0.96667469 -0.25668141
 4739.0  3.00000000  0.96407674  0.07082360  0.96667469 -0.25668141
 4739.1  3.00000000  0.96407674  0.07082360  0.96667469 -0.25668141
 4739.2  3.00000000  0.96407674  0.07082360  0.96667469 -0.25668141
 4739.3  3.00000000  0.96407674  0.07082360  0.96667469 -0.25668141
 4739.4  3.00000000  0.96407674  0.07082360  0.96667469 -0.25668141
 4739.5  3.00000000  0.96407674  0.07082360  0.96667469 -0.25668141
 4739.6  3.00000000  0.96407674  0.07082360  0.96667469 -0.25668141
 4739.7  3.00000000  0.96407674  0.07082360  0.96667469 -0.25668141
 4739.8  3.00000000  0.96407674  0.07082360  0.96667469 -0.25668141
 4739.9  3.00000000  0.96407674  0.07082360  0.96667469 -0.25668141
 4740.0  3.00000000  0.96407674  0.07082360  0.96667469 -0.25668141
 4740.1  3.00000000  0.96407674  0.07082360  0.96667469 -0.25668141
 4740.2  3.00000000  0.96407674  0.07082360  0.96667469 -0.25668141
 4740.3  3.00000000  0.96407674  0.07082360  0.96667469 -0.25668141
 4740.4  3.00000000  0.96407674  0.07082360  0.96667469 -0.25668141
 4740.5  3.00000000  0.96407674  0.07082360  0.96667469 -0.25668141
 4740.6  3.00000000  0.96407674  0.07082360  0.96667469 -0.25668141
 4740.7  3.00000000  0.96407674  0.07082360  0.96667469 -0.25668141
 4740.8  3.00000000  0.96407674  0.07082360  0.96667469 -0.25668141
 4740.9  3.00000000  0.96407674  0.07082360  0.96667469 -0.25668141
 4741.0  3.00000000  0.96407674  0.07082360  0.96667469 -0.25668141
 4741.1  3.00000000  0.96407674  0.07082360  0.96667469 -0.25668141
 4741.2  3.00000000  0.96407674  0.07082360  0.96667469 -0.25668141
 4741.3  3.00000000  0.96407674  0.07082360  0.96667469 -0.25668141
 4741.4  3.00000000  0.96407674  0.07082360  0.96667469 -0.25668141
 4741.5  3.00000000  0.96407674  0.07082360  0.96667469 -0.25668141
 4741.6  3.00000000  0.96407674  0.07082360  0.96667469 -0.25668141
 4741.7  3.00000000  0.96407674  0.07082360  0.96667469 -0.25668141
 4741.8  3.00000000  0.96407674  0.07082360  0.96667469 -0.25668141
 4741.9  3.00000000  0.96407674  0.07082360  0.96667469 -0.25668141
 4742.0  3.00000000  0.96407674  0.07082360  0.96667469 -0.25668141
 4742.1  3.00000000  0.96407674  0.07082360  0.96667469 -0.25668141
 4742.2  3.00000000  0.96407674  0.07082360  0.96667469 -0.25668141
 4742.3  3.00000000  0.96407674  0.07082360  0.96667469 -0.25668141
 4742.4  3.00000000  0.96407674  0.07082360  0.96667469 -0.25668141
 4742.5  3.00000000  0.96407674  0.07082360  0.96667469 -0.25668141
 4742.6  3.00000000  0.96407674  0.07082360  0.96667469 -0.25668141
 4742.7  3.00000000  0.96407674  0.07082360  0.96667469 -0.25668141
 4742.8  3.00000000  0.96407674  0.07082360  0.96667469 -0.25668141
 4742.9  3.00000000  0.96407674  0.07082360  0.96667469 -0.25668141
 4743.0  3.00000000  0.96407674  0.07082360  0.96667469 -0.25668141
 4743.1  3.00000000  0.96407674  0.07082360  0.96667469 -0.25668141
 4743.2  3.00000000  0.96407674  0.07082360  0.96667469 -0.25668141
 4743.3  3.00000000  0.96407674  0.07082360  0.96667469 -0.25668141
 4743.4  3.00000000  0.96407674  0.07082360  0.96667469 -0.25668141
 4743.5  3.00000000  0.96407674  0.07082360  0.96667469 -0.25668141
 4743.6  3.00000000  0.96407674  0.07082360  0.96667469 -0.25668141
 4743.7  3.00000000  0.96407674  0.07082360  0.96667469 -0.25668141
 4743.8  3.00000000  0.96407674  0.07082360  0.96667469 -0.25668141
 4743.9  3.00000000  0.96407674  0.07082360  0.96667469 -0.25668141
 4744.0  3.00000000  0.96407674  0.07082360  0.96667469 -0.25668141
 4744.1  3.00000000  0.96407674  0.07082360  0.96667469 -0.25668141
 4744.2  3.00000000  0.96407674  0.07082360  0.96667469 -0.25668141
 4744.3  3.00000000  0.96407674  0.07082360  0.96667469 -0.25668141
 4744.4  3.00000000  0.96407674  0.07082360  0.96667469 -0.25668141
 4744.5  3.00000000  0.96407674  0.07082360  0.96667469 -0.25668141
 4744.6  3.00000000  0.96407674  0.07082360  0.96667469 -0.25668141
 4744.7  3.00000000  0.96407674  0.07082360  0.96667469 -0.25668141
 4744.8  3.00000000  0.96407674  0.07082360  0.96667469 -0.25668141
 4744.9  3.00000000  0.96407674  0.07082360  0.96667469 -0.25668141
 4745.0  3.00000000  0.96407674  0.07082360  0.96667469 -0.25668141
 4745.1  3.00000000  0.96407674  0.07082360  0.96667469 -0.25668141
 4745.2  3.00000000  0.96407674  0.07082360  0.96667469 -0.25668141
 4745.3  3.00000000  0.96407674  0.07082360  0.96667469 -0.25668141
 4745.4  3.00000000  0.96407674  0.07082360  0.96667469 -0.25668141
 4745.5  3.00000000  0.96407674  0.07082360  0.96667469 -0.25668141
 4745.6  3.00000000  0.96407674  0.07082360  0.96667469 -0.25668141
 4745.7  3.00000000  0.96407674  0.07082360  0.96667469 -0.25668141
 4745.8  3.00000000  0.96407674  0.07082360  0.96667469 -0.25668141
 4745.9  3.00000000  0.96407674  0.07082360  0.96667469 -0.25668141
 4746.0  3.00000000  0.96407674  0.07082360  0.96667469 -0.25668141
 4746.1  3.00000000  0.96407674  0.07082360  0.96667469 -0.25668141
 4746.2  3.00000000  0.96407674  0.07082360  0.96667469 -0.25668141
 4746.3  3.00000000  0.96407674  0.07082360  0.96667469 -0.25668141
 4746.4  3.00000000  0.96407674  0.07082360  0.96667469 -0.25668141
 4746.5  3.00000000  0.96407674  0.07082360  0.96667469 -0.25668141
 4746.6  3.00000000  0.96407674  0.07082360  0.96667469 -0.25668141
 4746.7  3.00000000  0.96407674  0.07082360  0.96667469 -0.25668141
 4746.8  3.00000000  0.96407674  0.07082360  0.96667469 -0.25668141
 4746.9  3.00000000  0.96407674  0.07082360  0.96667469 -0.25668141
 4747.0  3.00000000  0.96407674  0.07082360  0.96667469 -0.25668141
 4747.1  3.00000000  0.96407674  0.07082360  0.96667469 -0.25668141
 4747.2  3.00000000  0.96407674  0.07082360  0.96667469 -0.25668141
 4747.3  3.00000000  0.96407674  0.07082360  0.96667469 -0.25668141
 4747.4  3.00000000  0.96407674  0.07082360  0.96667469 -0.25668141
 4747.5  3.00000000  0.96407674  0.07082360  0.96667469 -0.25668141
 4747.6  3.00000000  0.96407674  0.07082360  0.96667469 -0.25668141
 4747.7  3.00000000  0.96407674  0.07082360  0.96667469 -0.25668141
 4747.8  3.00000000  0.96407674  0.07082360  0.96667469 -0.25668141
 4747.9  3.00000000  0.96407674  0.07082360  0.96667469 -0.25668141
 4748.0  3.00000000  0.96407674  0.07082360  0.96667469 -0.25668141
 4748.1  3.00000000  0.96407674  0.07082360  0.96667469 -0.25668141
 4748.2  3.00000000  0.96407674  0.07082360  0.96667469 -0.25668141
 4748.3  3.00000000  0.96407674  0.07082360  0.96667469 -0.25668141
 4748.4  3.00000000  0.96407674  0.07082360  0.96667469 -0.25668141
 4748.5  3.00000000  0.96407674  0.07082360  0.96667469 -0.25668141
 4748.6  3.00000000  0.96407674  0.07082360  0.96667469 -0.25668141
 4748.7  3.00000000  0.96407674  0.07082360  0.96667469 -0.25668141
 4748.8  3.00000000  0.96407674  0.07082360  0.96667469 -0.25668141
 4748.9  3.00000000  0.96407674  0.07082360  0.96667469 -0.25668141
 4749.0  3.00000000  0.96407674  0.07082360  0.96667469 -0.25668141
 4749.1  3.00000000  0.96407674  0.07082360  0.96667469 -0.25668141
 4749.2  3.00000000  0.96407674  0.07082360  0.96667469 -0.25668141
 4749.3  3.00000000  0.96407674  0.07082360  0.96667469 -0.25668141
 4749.4  3.00000000  0.96407674  0.07082360  0.96667469 -0.25668141
 4749.5  3.00000000  0.96407674  0.07082360  0.96667469 -0.25668141
 4749.6  3.00000000  0.96407674  0.07082360  0.96667469 -0.25668141
 4749.7  3.00000000  0.96407674  0.07082360  0.96667469 -0.25668141
 4749.8  3.00000000  0.96407674  0.07082360  0.96667469 -0.25668141
 4749.9  3.00000000  0.96407674  0.07082360  0.96667469 -0.25668141
 4750.0  3.00000000  0.96407674  0.07082360  0.96667469 -0.25668141
 4750.1  3.00000000  0.96407674  0.07082360  0.96667469 -0.25668141
 4750.2  3.00000000  0.96407674  0.07082360  0.96667469 -0.25668141
 4750.3  3.00000000  0.96407674  0.07082360  0.96667469 -0.25668141
 4750.4  3.00000000  0.96407674  0.07082360  0.96667469 -0.25668141
 4750.5  3.00000000  0.96407674  0.07082360  0.96667469 -0.25668141
 4750.6  3.00000000  0.96407674  0.07082360  0.96667469 -0.25668141
 4750.7  3.00000000  0.96407674  0.07082360  0.96667469 -0.25668141
 4750.8  3.00000000  0.96407674  0.07082360  0.96667469 -0.25668141
 4750.9  3.00000000  0.96407674  0.07082360  0.96667469 -0.25668141
 4751.0  3.00000000  0.96407674  0.07082360  0.96667469 -0.25668141
 4751.1  3.00000000  0.96407674  0.07082360  0.96667469 -0.25668141
 4751.2  3.00000000  0.96407674  0.07082360  0.96667469 -0.25668141
 4751.3  3.00000000  0.96407674  0.07082360  0.96667469 -0.25668141
 4751.4  3.00000000  0.96407674  0.07082360  0.96667469 -0.25668141
 4751.5  3.00000000  0.96407674  0.07082360  0.96667469 -0.25668141
 4751.6  3.00000000  0.96407674  0.07082360  0.96667469 -0.25668141
 4751.7  3.00000000  0.96407674  0.07082360  0.96667469 -0.25668141
 4751.8  3.00000000  0.96407674  0.07082360  0.96667469 -0.25668141
 4751.9  3.00000000  0.96407674  0.07082360  0.96667469 -0.25668141
 4752.0  3.00000000  0.96407674  0.07082360  0.96667469 -0.25668141
 4752.1  3.00000000  0.96407674  0.07082360  0.96667469 -0.25668141
 4752.2  3.00000000  0.96407674  0.07082360  0.96667469 -0.25668141
 4752.3  3.00000000  0.96407674  0.07082360  0.96667469 -0.25668141
 4752.4  3.00000000  0.96407674  0.07082360  0.96667469 -0.25668141
 4752.5  3.00000000  0.96407674  0.07082360  0.96667469 -0.25668141
 4752.6  3.00000000  0.96407674  0.07082360  0.96667469 -0.25668141
 4752.7  3.00000000  0.96407674  0.07082360  0.96667469 -0.25668141
 4752.8  3.00000000  0.96407674  0.07082360  0.96667469 -0.25668141
 4752.9  3.00000000  0.96407674  0.07082360  0.96667469 -0.25668141
 4753.0  3.00000000  0.96407674  0.07082360  0.96667469 -0.25668141
 4753.1  3.00000000  0.96407674  0.07082360  0.96667469 -0.25668141
 4753.2  3.00000000  0.96407674  0.07082360  0.96667469 -0.25668141
 4753.3  3.00000000  0.96407674  0.07082360  0.96667469 -0.25668141
 4753.4  3.00000000  0.96407674  0.07082360  0.96667469 -0.25668141
 4753.5  3.00000000  0.96407674  0.07082360  0.96667469 -0.25668141
 4753.6  3.00000000  0.96407674  0.07082360  0.96667469 -0.25668141
 4753.7  3.00000000  0.96407674  0.07082360  0.96667469 -0.25668141
 4753.8  3.00000000  0.96407674  0.07082360  0.96667469 -0.25668141
 4753.9  3.00000000  0.96407674  0.07082360  0.96667469 -0.25668141
 4754.0  3.00000000  0.96407674  0.07082360  0.96667469 -0.25668141
 4754.1  3.00000000  0.96407674  0.07082360  0.96667469 -0.25668141
 4754.2  3.00000000  0.96407674  0.07082360  0.96667469 -0.25668141
 4754.3  3.00000000  0.96407674  0.07082360  0.96667469 -0.25668141
 4754.4  3.00000000  0.96407674  0.07082360  0.96667469 -0.25668141
 4754.5  3.00000000  0.96407674  0.07082360  0.96667469 -0.25668141
 4754.6  3.00000000  0.96407674  0.07082360  0.96667469 -0.25668141
 4754.7  3.00000000  0.96407674  0.07082360  0.96667469 -0.25668141
 4754.8  3.00000000  0.96407674  0.07082360  0.96667469 -0.25668141
 4754.9  3.00000000  0.96407674  0.07082360  0.96667469 -0.25668141
 4755.0  3.00000000  0.96407674  0.07082360  0.96667469 -0.25668141
 4755.1  3.00000000  0.96407674  0.07082360  0.96667469 -0.25668141
 4755.2  3.00000000  0.96407674  0.07082360  0.96667469 -0.25668141
 4755.3  3.00000000  0.96407674  0.07082360  0.96667469 -0.25668141
 4755.4  3.00000000  0.96407674  0.07082360  0.96667469 -0.25668141
 4755.5  3.00000000  0.96407674  0.07082360  0.96667469 -0.25668141
 4755.6  3.00000000  0.96407674  0.07082360  0.96667469 -0.25668141
 4755.7  3.00000000  0.96407674  0.07082360  0.96667469 -0.25668141
 4755.8  3.00000000  0.96407674  0.07082360  0.96667469 -0.25668141
 4755.9  3.00000000  0.96407674  0.07082360  0.96667469 -0.25668141
 4756.0  3.00000000  0.96407674  0.07082360  0.96667469 -0.25668141
 4756.1  3.00000000  0.96407674  0.07082360  0.96667469 -0.25668141
 4756.2  3.00000000  0.96407674  0.07082360  0.96667469 -0.25668141
 4756.3  3.00000000  0.96407674  0.07082360  0.96667469 -0.25668141
 4756.4  3.00000000  0.96407674  0.07082360  0.96667469 -0.25668141
 4756.5  3.00000000  0.96407674  0.07082360  0.96667469 -0.25668141
 4756.6  3.00000000  0.96407674  0.07082360  0.96667469 -0.25668141
 4756.7  3.00000000  0.96407674  0.07082360  0.96667469 -0.25668141
 4756.8  3.00000000  0.96407674  0.07082360  0.96667469 -0.25668141
 4756.9  3.00000000  0.96407674  0.07082360  0.96667469 -0.25668141
 4757.0  3.00000000  0.96407674  0.07082360  0.96667469 -0.25668141
 4757.1  3.00000000  0.96407674  0.07082360  0.96667469 -0.25668141
 4757.2  3.00000000  0.96407674  0.07082360  0.96667469 -0.25668141
 4757.3  3.00000000  0.96407674  0.07082360  0.96667469 -0.25668141
 4757.4  3.00000000  0.96407674  0.07082360  0.96667469 -0.25668141
 4757.5  3.00000000  0.96407674  0.07082360  0.96667469 -0.25668141
 4757.6  3.00000000  0.96407674  0.07082360  0.96667469 -0.25668141
 4757.7  3.00000000  0.96407674  0.07082360  0.96667469 -0.25668141
 4757.8  3.00000000  0.96407674  0.07082360  0.96667469 -0.25668141
 4757.9  3.00000000  0.96407674  0.07082360  0.96667469 -0.25668141
 4758.0  3.00000000  0.96407674  0.07082360  0.96667469 -0.25668141
 4758.1  3.00000000  0.96407674  0.07082360  0.96667469 -0.25668141
 4758.2  3.00000000  0.96407674  0.07082360  0.96667469 -0.25668141
 4758.3  3.00000000  0.96407674  0.07082360  0.96667469 -0.25668141
 4758.4  3.00000000  0.96407674  0.07082360  0.96667469 -0.25668141
 4758.5  3.00000000  0.96407674  0.07082360  0.96667469 -0.25668141
 4758.6  3.00000000  0.96407674  0.07082360  0.96667469 -0.25668141
 4758.7  3.00000000  0.96407674  0.07082360  0.96667469 -0.25668141
 4758.8  3.00000000  0.96407674  0.07082360  0.96667469 -0.25668141
 4758.9  3.00000000  0.96407674  0.07082360  0.96667469 -0.25668141
 4759.0  3.00000000  0.96407674  0.07082360  0.96667469 -0.25668141
 4759.1  3.00000000  0.96407674  0.07082360  0.96667469 -0.25668141
 4759.2  3.00000000  0.96407674  0.07082360  0.96667469 -0.25668141
 4759.3  3.00000000  0.96407674  0.07082360  0.96667469 -0.25668141
 4759.4  3.00000000  0.96407674  0.07082360  0.96667469 -0.25668141
 4759.5  3.00000000  0.96407674  0.07082360  0.96667469 -0.25668141
 4759.6  3.00000000  0.96407674  0.07082360  0.96667469 -0.25668141
 4759.7  3.00000000  0.96407674  0.07082360  0.96667469 -0.25668141
 4759.8  3.00000000  0.96407674  0.07082360  0.96667469 -0.25668141
 4759.9  3.00000000  0.96407674  0.07082360  0.96667469 -0.25668141
 4760.0  3.00000000  0.96407674  0.07082360  0.96667469 -0.25668141
 4760.1  3.00000000  0.96407674  0.07082360  0.96667469 -0.25668141
 4760.2  3.00000000  0.96407674  0.07082360  0.96667469 -0.25668141
 4760.3  3.00000000  0.96407674  0.07082360  0.96667469 -0.25668141
 4760.4  3.00000000  0.96407674  0.07082360  0.96667469 -0.25668141
 4760.5  3.00000000  0.96407674  0.07082360  0.96667469 -0.25668141
 4760.6  3.00000000  0.96407674  0.07082360  0.96667469 -0.25668141
 4760.7  3.00000000  0.96407674  0.07082360  0.96667469 -0.25668141
 4760.8  3.00000000  0.96407674  0.07082360  0.96667469 -0.25668141
 4760.9  3.00000000  0.96407674  0.07082360  0.96667469 -0.25668141
 4761.0  3.00000000  0.96407674  0.07082360  0.96667469 -0.25668141
 4761.1  3.00000000  0.96407674  0.07082360  0.96667469 -0.25668141
 4761.2  3.00000000  0.96407674  0.07082360  0.96667469 -0.25668141
 4761.3  3.00000000  0.96407674  0.07082360  0.96667469 -0.25668141
 4761.4  3.00000000  0.96407674  0.07082360  0.96667469 -0.25668141
 4761.5  3.00000000  0.96407674  0.07082360  0.96667469 -0.25668141
 4761.6  3.00000000  0.96407674  0.07082360  0.96667469 -0.25668141
 4761.7  3.00000000  0.96407674  0.07082360  0.96667469 -0.25668141
 4761.8  3.00000000  0.96407674  0.07082360  0.96667469 -0.25668141
 4761.9  3.00000000  0.96407674  0.07082360  0.96667469 -0.25668141
 4762.0  3.00000000  0.96407674  0.07082360  0.96667469 -0.25668141
 4762.1  3.00000000  0.96407674  0.07082360  0.96667469 -0.25668141
 4762.2  3.00000000  0.96407674  0.07082360  0.96667469 -0.25668141
 4762.3  3.00000000  0.96407674  0.07082360  0.96667469 -0.25668141
 4762.4  3.00000000  0.96407674  0.07082360  0.96667469 -0.25668141
 4762.5  3.00000000  0.96407674  0.07082360  0.96667469 -0.25668141
 4762.6  3.00000000  0.96407674  0.07082360  0.96667469 -0.25668141
 4762.7  3.00000000  0.96407674  0.07082360  0.96667469 -0.25668141
 4762.8  3.00000000  0.96407674  0.07082360  0.96667469 -0.25668141
 4762.9  3.00000000  0.96407674  0.07082360  0.96667469 -0.25668141
 4763.0  3.00000000  0.96407674  0.07082360  0.96667469 -0.25668141
 4763.1  3.00000000  0.96407674  0.07082360  0.96667469 -0.25668141
 4763.2  3.00000000  0.96407674  0.07082360  0.96667469 -0.25668141
 4763.3  3.00000000  0.96407674  0.07082360  0.96667469 -0.25668141
 4763.4  3.00000000  0.96407674  0.07082360  0.96667469 -0.25668141
 4763.5  3.00000000  0.96407674  0.07082360  0.96667469 -0.25668141
 4763.6  3.00000000  0.96407674  0.07082360  0.96667469 -0.25668141
 4763.7  3.00000000  0.96407674  0.07082360  0.96667469 -0.25668141
 4763.8  3.00000000  0.96407674  0.07082360  0.96667469 -0.25668141
 4763.9  3.00000000  0.96407674  0.07082360  0.96667469 -0.25668141
 4764.0  3.00000000  0.96407674  0.07082360  0.96667469 -0.25668141
 4764.1  3.00000000  0.96407674  0.07082360  0.96667469 -0.25668141
 4764.2  3.00000000  0.96407674  0.07082360  0.96667469 -0.25668141
 4764.3  3.00000000  0.96407674  0.07082360  0.96667469 -0.25668141
 4764.4  3.00000000  0.96407674  0.07082360  0.96667469 -0.25668141
 4764.5  3.00000000  0.96407674  0.07082360  0.96667469 -0.25668141
 4764.6  3.00000000  0.96407674  0.07082360  0.96667469 -0.25668141
 4764.7  3.00000000  0.96407674  0.07082360  0.96667469 -0.25668141
 4764.8  3.00000000  0.96407674  0.07082360  0.96667469 -0.25668141
 4764.9  3.00000000  0.96407674  0.07082360  0.96667469 -0.25668141
 4765.0  3.00000000  0.96407674  0.07082360  0.96667469 -0.25668141
 4765.1  3.00000000  0.96407674  0.07082360  0.96667469 -0.25668141
 4765.2  3.00000000  0.96407674  0.07082360  0.96667469 -0.25668141
 4765.3  3.00000000  0.96407674  0.07082360  0.96667469 -0.25668141
 4765.4  3.00000000  0.96407674  0.07082360  0.96667469 -0.25668141
 4765.5  3.00000000  0.96407674  0.07082360  0.96667469 -0.25668141
 4765.6  3.00000000  0.96407674  0.07082360  0.96667469 -0.25668141
 4765.7  3.00000000  0.96407674  0.07082360  0.96667469 -0.25668141
 4765.8  3.00000000  0.96407674  0.07082360  0.96667469 -0.25668141
 4765.9  3.00000000  0.96407674  0.07082360  0.96667469 -0.25668141
 4766.0  3.00000000  0.96407674  0.07082360  0.96667469 -0.25668141
 4766.1  3.00000000  0.96407674  0.07082360  0.96667469 -0.25668141
 4766.2  3.00000000  0.96407674  0.07082360  0.96667469 -0.25668141
 4766.3  3.00000000  0.96407674  0.07082360  0.96667469 -0.25668141
 4766.4  3.00000000  0.96407674  0.07082360  0.96667469 -0.25668141
 4766.5  3.00000000  0.96407674  0.07082360  0.96667469 -0.25668141
 4766.6  3.00000000  0.96407674  0.07082360  0.96667469 -0.25668141
 4766.7  3.00000000  0.96407674  0.07082360  0.96667469 -0.25668141
 4766.8  3.00000000  0.96407674  0.07082360  0.96667469 -0.25668141
 4766.9  3.00000000  0.96407674  0.07082360  0.96667469 -0.25668141
 4767.0  3.00000000  0.96407674  0.07082360  0.96667469 -0.25668141
 4767.1  3.00000000  0.96407674  0.07082360  0.96667469 -0.25668141
 4767.2  3.00000000  0.96407674  0.07082360  0.96667469 -0.25668141
 4767.3  3.00000000  0.96407674  0.07082360  0.96667469 -0.25668141
 4767.4  3.00000000  0.96407674  0.07082360  0.96667469 -0.25668141
 4767.5  3.00000000  0.96407674  0.07082360  0.96667469 -0.25668141
 4767.6  3.00000000  0.96407674  0.07082360  0.96667469 -0.25668141
 4767.7  3.00000000  0.96407674  0.07082360  0.96667469 -0.25668141
 4767.8  3.00000000  0.96407674  0.07082360  0.96667469 -0.25668141
 4767.9  3.00000000  0.96407674  0.07082360  0.96667469 -0.25668141
 4768.0  3.00000000  0.96407674  0.07082360  0.96667469 -0.25668141
 4768.1  3.00000000  0.96407674  0.07082360  0.96667469 -0.25668141
 4768.2  3.00000000  0.96407674  0.07082360  0.96667469 -0.25668141
 4768.3  3.00000000  0.96407674  0.07082360  0.96667469 -0.25668141
 4768.4  3.00000000  0.96407674  0.07082360  0.96667469 -0.25668141
 4768.5  3.00000000  0.96407674  0.07082360  0.96667469 -0.25668141
 4768.6  3.00000000  0.96407674  0.07082360  0.96667469 -0.25668141
 4768.7  3.00000000  0.96407674  0.07082360  0.96667469 -0.25668141
 4768.8  3.00000000  0.96407674  0.07082360  0.96667469 -0.25668141
 4768.9  3.00000000  0.96407674  0.07082360  0.96667469 -0.25668141
 4769.0  3.00000000  0.96407674  0.07082360  0.96667469 -0.25668141
 4769.1  3.00000000  0.96407674  0.07082360  0.96667469 -0.25668141
 4769.2  3.00000000  0.96407674  0.07082360  0.96667469 -0.25668141
 4769.3  3.00000000  0.96407674  0.07082360  0.96667469 -0.25668141
 4769.4  3.00000000  0.96407674  0.07082360  0.96667469 -0.25668141
 4769.5  3.00000000  0.96407674  0.07082360  0.96667469 -0.25668141
 4769.6  3.00000000  0.96407674  0.07082360  0.96667469 -0.25668141
 4769.7  3.00000000  0.96407674  0.07082360  0.96667469 -0.25668141
 4769.8  3.00000000  0.96407674  0.07082360  0.96667469 -0.25668141
 4769.9  3.00000000  0.96407674  0.07082360  0.96667469 -0.25668141
 4770.0  3.00000000  0.96407674  0.07082360  0.96667469 -0.25668141
 4770.1  3.00000000  0.96407674  0.07082360  0.96667469 -0.25668141
 4770.2  3.00000000  0.96407674  0.07082360  0.96667469 -0.25668141
 4770.3  3.00000000  0.96407674  0.07082360  0.96667469 -0.25668141
 4770.4  3.00000000  0.96407674  0.07082360  0.96667469 -0.25668141
 4770.5  3.00000000  0.96407674  0.07082360  0.96667469 -0.25668141
 4770.6  3.00000000  0.96407674  0.07082360  0.96667469 -0.25668141
 4770.7  3.00000000  0.96407674  0.07082360  0.96667469 -0.25668141
 4770.8  3.00000000  0.96407674  0.07082360  0.96667469 -0.25668141
 4770.9  3.00000000  0.96407674  0.07082360  0.96667469 -0.25668141
 4771.0  3.00000000  0.96407674  0.07082360  0.96667469 -0.25668141
 4771.1  3.00000000  0.96407674  0.07082360  0.96667469 -0.25668141
 4771.2  3.00000000  0.96407674  0.07082360  0.96667469 -0.25668141
 4771.3  3.00000000  0.96407674  0.07082360  0.96667469 -0.25668141
 4771.4  3.00000000  0.96407674  0.07082360  0.96667469 -0.25668141
 4771.5  3.00000000  0.96407674  0.07082360  0.96667469 -0.25668141
 4771.6  3.00000000  0.96407674  0.07082360  0.96667469 -0.25668141
 4771.7  3.00000000  0.96407674  0.07082360  0.96667469 -0.25668141
 4771.8  3.00000000  0.96407674  0.07082360  0.96667469 -0.25668141
 4771.9  3.00000000  0.96407674  0.07082360  0.96667469 -0.25668141
 4772.0  3.00000000  0.96407674  0.07082360  0.96667469 -0.25668141
 4772.1  3.00000000  0.96407674  0.07082360  0.96667469 -0.25668141
 4772.2  3.00000000  0.96407674  0.07082360  0.96667469 -0.25668141
 4772.3  3.00000000  0.96407674  0.07082360  0.96667469 -0.25668141
 4772.4  3.00000000  0.96407674  0.07082360  0.96667469 -0.25668141
 4772.5  3.00000000  0.96407674  0.07082360  0.96667469 -0.25668141
 4772.6  3.00000000  0.96407674  0.07082360  0.96667469 -0.25668141
 4772.7  3.00000000  0.96407674  0.07082360  0.96667469 -0.25668141
 4772.8  3.00000000  0.96407674  0.07082360  0.96667469 -0.25668141
 4772.9  3.00000000  0.96407674  0.07082360  0.96667469 -0.25668141
 4773.0  3.00000000  0.96407674  0.07082360  0.96667469 -0.25668141
 4773.1  3.00000000  0.96407674  0.07082360  0.96667469 -0.25668141
 4773.2  3.00000000  0.96407674  0.07082360  0.96667469 -0.25668141
 4773.3  3.00000000  0.96407674  0.07082360  0.96667469 -0.25668141
 4773.4  3.00000000  0.96407674  0.07082360  0.96667469 -0.25668141
 4773.5  3.00000000  0.96407674  0.07082360  0.96667469 -0.25668141
 4773.6  3.00000000  0.96407674  0.07082360  0.96667469 -0.25668141
 4773.7  3.00000000  0.96407674  0.07082360  0.96667469 -0.25668141
 4773.8  3.00000000  0.96407674  0.07082360  0.96667469 -0.25668141
 4773.9  3.00000000  0.96407674  0.07082360  0.96667469 -0.25668141
 4774.0  3.00000000  0.96407674  0.07082360  0.96667469 -0.25668141
 4774.1  3.00000000  0.96407674  0.07082360  0.96667469 -0.25668141
 4774.2  3.00000000  0.96407674  0.07082360  0.96667469 -0.25668141
 4774.3  3.00000000  0.96407674  0.07082360  0.96667469 -0.25668141
 4774.4  3.00000000  0.96407674  0.07082360  0.96667469 -0.25668141
 4774.5  3.00000000  0.96407674  0.07082360  0.96667469 -0.25668141
 4774.6  3.00000000  0.96407674  0.07082360  0.96667469 -0.25668141
 4774.7  3.00000000  0.96407674  0.07082360  0.96667469 -0.25668141
 4774.8  3.00000000  0.96407674  0.07082360  0.96667469 -0.25668141
 4774.9  3.00000000  0.96407674  0.07082360  0.96667469 -0.25668141
 4775.0  3.00000000  0.96407674  0.07082360  0.96667469 -0.25668141
 4775.1  3.00000000  0.96407674  0.07082360  0.96667469 -0.25668141
 4775.2  3.00000000  0.96407674  0.07082360  0.96667469 -0.25668141
 4775.3  3.00000000  0.96407674  0.07082360  0.96667469 -0.25668141
 4775.4  3.00000000  0.96407674  0.07082360  0.96667469 -0.25668141
 4775.5  3.00000000  0.96407674  0.07082360  0.96667469 -0.25668141
 4775.6  3.00000000  0.96407674  0.07082360  0.96667469 -0.25668141
 4775.7  3.00000000  0.96407674  0.07082360  0.96667469 -0.25668141
 4775.8  3.00000000  0.96407674  0.07082360  0.96667469 -0.25668141
 4775.9  3.00000000  0.96407674  0.07082360  0.96667469 -0.25668141
 4776.0  3.00000000  0.96407674  0.07082360  0.96667469 -0.25668141
 4776.1  3.00000000  0.96407674  0.07082360  0.96667469 -0.25668141
 4776.2  3.00000000  0.96407674  0.07082360  0.96667469 -0.25668141
 4776.3  3.00000000  0.96407674  0.07082360  0.96667469 -0.25668141
 4776.4  3.00000000  0.96407674  0.07082360  0.96667469 -0.25668141
 4776.5  3.00000000  0.96407674  0.07082360  0.96667469 -0.25668141
 4776.6  3.00000000  0.96407674  0.07082360  0.96667469 -0.25668141
 4776.7  3.00000000  0.96407674  0.07082360  0.96667469 -0.25668141
 4776.8  3.00000000  0.96407674  0.07082360  0.96667469 -0.25668141
 4776.9  3.00000000  0.96407674  0.07082360  0.96667469 -0.25668141
 4777.0  3.00000000  0.96407674  0.07082360  0.96667469 -0.25668141
 4777.1  3.00000000  0.96407674  0.07082360  0.96667469 -0.25668141
 4777.2  3.00000000  0.96407674  0.07082360  0.96667469 -0.25668141
 4777.3  3.00000000  0.96407674  0.07082360  0.96667469 -0.25668141
 4777.4  3.00000000  0.96407674  0.07082360  0.96667469 -0.25668141
 4777.5  3.00000000  0.96407674  0.07082360  0.96667469 -0.25668141
 4777.6  3.00000000  0.96407674  0.07082360  0.96667469 -0.25668141
 4777.7  3.00000000  0.96407674  0.07082360  0.96667469 -0.25668141
 4777.8  3.00000000  0.96407674  0.07082360  0.96667469 -0.25668141
 4777.9  3.00000000  0.96407674  0.07082360  0.96667469 -0.25668141
 4778.0  3.00000000  0.96407674  0.07082360  0.96667469 -0.25668141
 4778.1  3.00000000  0.96407674  0.07082360  0.96667469 -0.25668141
 4778.2  3.00000000  0.96407674  0.07082360  0.96667469 -0.25668141
 4778.3  3.00000000  0.96407674  0.07082360  0.96667469 -0.25668141
 4778.4  3.00000000  0.96407674  0.07082360  0.96667469 -0.25668141
 4778.5  3.00000000  0.96407674  0.07082360  0.96667469 -0.25668141
 4778.6  3.00000000  0.96407674  0.07082360  0.96667469 -0.25668141
 4778.7  3.00000000  0.96407674  0.07082360  0.96667469 -0.25668141
 4778.8  3.00000000  0.96407674  0.07082360  0.96667469 -0.25668141
 4778.9  3.00000000  0.96407674  0.07082360  0.96667469 -0.25668141
 4779.0  3.00000000  0.96407674  0.07082360  0.96667469 -0.25668141
 4779.1  3.00000000  0.96407674  0.07082360  0.96667469 -0.25668141
 4779.2  3.00000000  0.96407674  0.07082360  0.96667469 -0.25668141
 4779.3  3.00000000  0.96407674  0.07082360  0.96667469 -0.25668141
 4779.4  3.00000000  0.96407674  0.07082360  0.96667469 -0.25668141
 4779.5  3.00000000  0.96407674  0.07082360  0.96667469 -0.25668141
 4779.6  3.00000000  0.96407674  0.07082360  0.96667469 -0.25668141
 4779.7  3.00000000  0.96407674  0.07082360  0.96667469 -0.25668141
 4779.8  3.00000000  0.96407674  0.07082360  0.96667469 -0.25668141
 4779.9  3.00000000  0.96407674  0.07082360  0.96667469 -0.25668141
 4780.0  3.00000000  0.96407674  0.07082360  0.96667469 -0.25668141
 4780.1  3.00000000  0.96407674  0.07082360  0.96667469 -0.25668141
 4780.2  3.00000000  0.96407674  0.07082360  0.96667469 -0.25668141
 4780.3  3.00000000  0.96407674  0.07082360  0.96667469 -0.25668141
 4780.4  3.00000000  0.96407674  0.07082360  0.96667469 -0.25668141
 4780.5  3.00000000  0.96407674  0.07082360  0.96667469 -0.25668141
 4780.6  3.00000000  0.96407674  0.07082360  0.96667469 -0.25668141
 4780.7  3.00000000  0.96407674  0.07082360  0.96667469 -0.25668141
 4780.8  3.00000000  0.96407674  0.07082360  0.96667469 -0.25668141
 4780.9  3.00000000  0.96407674  0.07082360  0.96667469 -0.25668141
 4781.0  3.00000000  0.96407674  0.07082360  0.96667469 -0.25668141
 4781.1  3.00000000  0.96407674  0.07082360  0.96667469 -0.25668141
 4781.2  3.00000000  0.96407674  0.07082360  0.96667469 -0.25668141
 4781.3  3.00000000  0.96407674  0.07082360  0.96667469 -0.25668141
 4781.4  3.00000000  0.96407674  0.07082360  0.96667469 -0.25668141
 4781.5  3.00000000  0.96407674  0.07082360  0.96667469 -0.25668141
 4781.6  3.00000000  0.96407674  0.07082360  0.96667469 -0.25668141
 4781.7  3.00000000  0.96407674  0.07082360  0.96667469 -0.25668141
 4781.8  3.00000000  0.96407674  0.07082360  0.96667469 -0.25668141
 4781.9  3.00000000  0.96407674  0.07082360  0.96667469 -0.25668141
 4782.0  3.00000000  0.96407674  0.07082360  0.96667469 -0.25668141
 4782.1  3.00000000  0.96407674  0.07082360  0.96667469 -0.25668141
 4782.2  3.00000000  0.96407674  0.07082360  0.96667469 -0.25668141
 4782.3  3.00000000  0.96407674  0.07082360  0.96667469 -0.25668141
 4782.4  3.00000000  0.96407674  0.07082360  0.96667469 -0.25668141
 4782.5  3.00000000  0.96407674  0.07082360  0.96667469 -0.25668141
 4782.6  3.00000000  0.96407674  0.07082360  0.96667469 -0.25668141
 4782.7  3.00000000  0.96407674  0.07082360  0.96667469 -0.25668141
 4782.8  3.00000000  0.96407674  0.07082360  0.96667469 -0.25668141
 4782.9  3.00000000  0.96407674  0.07082360  0.96667469 -0.25668141
 4783.0  3.00000000  0.96407674  0.07082360  0.96667469 -0.25668141
 4783.1  3.00000000  0.96407674  0.07082360  0.96667469 -0.25668141
 4783.2  3.00000000  0.96407674  0.07082360  0.96667469 -0.25668141
 4783.3  3.00000000  0.96407674  0.07082360  0.96667469 -0.25668141
 4783.4  3.00000000  0.96407674  0.07082360  0.96667469 -0.25668141
 4783.5  3.00000000  0.96407674  0.07082360  0.96667469 -0.25668141
 4783.6  3.00000000  0.96407674  0.07082360  0.96667469 -0.25668141
 4783.7  3.00000000  0.96407674  0.07082360  0.96667469 -0.25668141
 4783.8  3.00000000  0.96407674  0.07082360  0.96667469 -0.25668141
 4783.9  3.00000000  0.96407674  0.07082360  0.96667469 -0.25668141
 4784.0  3.00000000  0.96407674  0.07082360  0.96667469 -0.25668141
 4784.1  3.00000000  0.96407674  0.07082360  0.96667469 -0.25668141
 4784.2  3.00000000  0.96407674  0.07082360  0.96667469 -0.25668141
 4784.3  3.00000000  0.96407674  0.07082360  0.96667469 -0.25668141
 4784.4  3.00000000  0.96407674  0.07082360  0.96667469 -0.25668141
 4784.5  3.00000000  0.96407674  0.07082360  0.96667469 -0.25668141
 4784.6  3.00000000  0.96407674  0.07082360  0.96667469 -0.25668141
 4784.7  3.00000000  0.96407674  0.07082360  0.96667469 -0.25668141
 4784.8  3.00000000  0.96407674  0.07082360  0.96667469 -0.25668141
 4784.9  3.00000000  0.96407674  0.07082360  0.96667469 -0.25668141
 4785.0  3.00000000  0.96407674  0.07082360  0.96667469 -0.25668141
 4785.1  3.00000000  0.96407674  0.07082360  0.96667469 -0.25668141
 4785.2  3.00000000  0.96407674  0.07082360  0.96667469 -0.25668141
 4785.3  3.00000000  0.96407674  0.07082360  0.96667469 -0.25668141
 4785.4  3.00000000  0.96407674  0.07082360  0.96667469 -0.25668141
 4785.5  3.00000000  0.96407674  0.07082360  0.96667469 -0.25668141
 4785.6  3.00000000  0.96407674  0.07082360  0.96667469 -0.25668141
 4785.7  3.00000000  0.96407674  0.07082360  0.96667469 -0.25668141
 4785.8  3.00000000  0.96407674  0.07082360  0.96667469 -0.25668141
 4785.9  3.00000000  0.96407674  0.07082360  0.96667469 -0.25668141
 4786.0  3.00000000  0.96407674  0.07082360  0.96667469 -0.25668141
 4786.1  3.00000000  0.96407674  0.07082360  0.96667469 -0.25668141
 4786.2  3.00000000  0.96407674  0.07082360  0.96667469 -0.25668141
 4786.3  3.00000000  0.96407674  0.07082360  0.96667469 -0.25668141
 4786.4  3.00000000  0.96407674  0.07082360  0.96667469 -0.25668141
 4786.5  3.00000000  0.96407674  0.07082360  0.96667469 -0.25668141
 4786.6  3.00000000  0.96407674  0.07082360  0.96667469 -0.25668141
 4786.7  3.00000000  0.96407674  0.07082360  0.96667469 -0.25668141
 4786.8  3.00000000  0.96407674  0.07082360  0.96667469 -0.25668141
 4786.9  3.00000000  0.96407674  0.07082360  0.96667469 -0.25668141
 4787.0  3.00000000  0.96407674  0.07082360  0.96667469 -0.25668141
 4787.1  3.00000000  0.96407674  0.07082360  0.96667469 -0.25668141
 4787.2  3.00000000  0.96407674  0.07082360  0.96667469 -0.25668141
 4787.3  3.00000000  0.96407674  0.07082360  0.96667469 -0.25668141
 4787.4  3.00000000  0.96407674  0.07082360  0.96667469 -0.25668141
 4787.5  3.00000000  0.96407674  0.07082360  0.96667469 -0.25668141
 4787.6  3.00000000  0.96407674  0.07082360  0.96667469 -0.25668141
 4787.7  3.00000000  0.96407674  0.07082360  0.96667469 -0.25668141
 4787.8  3.00000000  0.96407674  0.07082360  0.96667469 -0.25668141
 4787.9  3.00000000  0.96407674  0.07082360  0.96667469 -0.25668141
 4788.0  3.00000000  0.96407674  0.07082360  0.96667469 -0.25668141
 4788.1  3.00000000  0.96407674  0.07082360  0.96667469 -0.25668141
 4788.2  3.00000000  0.96407674  0.07082360  0.96667469 -0.25668141
 4788.3  3.00000000  0.96407674  0.07082360  0.96667469 -0.25668141
 4788.4  3.00000000  0.96407674  0.07082360  0.96667469 -0.25668141
 4788.5  3.00000000  0.96407674  0.07082360  0.96667469 -0.25668141
 4788.6  3.00000000  0.96407674  0.07082360  0.96667469 -0.25668141
 4788.7  3.00000000  0.96407674  0.07082360  0.96667469 -0.25668141
 4788.8  3.00000000  0.96407674  0.07082360  0.96667469 -0.25668141
 4788.9  3.00000000  0.96407674  0.07082360  0.96667469 -0.25668141
 4789.0  3.00000000  0.96407674  0.07082360  0.96667469 -0.25668141
 4789.1  3.00000000  0.96407674  0.07082360  0.96667469 -0.25668141
 4789.2  3.00000000  0.96407674  0.07082360  0.96667469 -0.25668141
 4789.3  3.00000000  0.96407674  0.07082360  0.96667469 -0.25668141
 4789.4  3.00000000  0.96407674  0.07082360  0.96667469 -0.25668141
 4789.5  3.00000000  0.96407674  0.07082360  0.96667469 -0.25668141
 4789.6  3.00000000  0.96407674  0.07082360  0.96667469 -0.25668141
 4789.7  3.00000000  0.96407674  0.07082360  0.96667469 -0.25668141
 4789.8  3.00000000  0.96407674  0.07082360  0.96667469 -0.25668141
 4789.9  3.00000000  0.96407674  0.07082360  0.96667469 -0.25668141
 4790.0  3.00000000  0.96407674  0.07082360  0.96667469 -0.25668141
 4790.1  3.00000000  0.96407674  0.07082360  0.96667469 -0.25668141
 4790.2  3.00000000  0.96407674  0.07082360  0.96667469 -0.25668141
 4790.3  3.00000000  0.96407674  0.07082360  0.96667469 -0.25668141
 4790.4  3.00000000  0.96407674  0.07082360  0.96667469 -0.25668141
 4790.5  3.00000000  0.96407674  0.07082360  0.96667469 -0.25668141
 4790.6  3.00000000  0.96407674  0.07082360  0.96667469 -0.25668141
 4790.7  3.00000000  0.96407674  0.07082360  0.96667469 -0.25668141
 4790.8  3.00000000  0.96407674  0.07082360  0.96667469 -0.25668141
 4790.9  3.00000000  0.96407674  0.07082360  0.96667469 -0.25668141
 4791.0  3.00000000  0.96407674  0.07082360  0.96667469 -0.25668141
 4791.1  3.00000000  0.96407674  0.07082360  0.96667469 -0.25668141
 4791.2  3.00000000  0.96407674  0.07082360  0.96667469 -0.25668141
 4791.3  3.00000000  0.96407674  0.07082360  0.96667469 -0.25668141
 4791.4  3.00000000  0.96407674  0.07082360  0.96667469 -0.25668141
 4791.5  3.00000000  0.96407674  0.07082360  0.96667469 -0.25668141
 4791.6  3.00000000  0.96407674  0.07082360  0.96667469 -0.25668141
 4791.7  3.00000000  0.96407674  0.07082360  0.96667469 -0.25668141
 4791.8  3.00000000  0.96407674  0.07082360  0.96667469 -0.25668141
 4791.9  3.00000000  0.96407674  0.07082360  0.96667469 -0.25668141
 4792.0  3.00000000  0.96407674  0.07082360  0.96667469 -0.25668141
 4792.1  3.00000000  0.96407674  0.07082360  0.96667469 -0.25668141
 4792.2  3.00000000  0.96407674  0.07082360  0.96667469 -0.25668141
 4792.3  3.00000000  0.96407674  0.07082360  0.96667469 -0.25668141
 4792.4  3.00000000  0.96407674  0.07082360  0.96667469 -0.25668141
 4792.5  3.00000000  0.96407674  0.07082360  0.96667469 -0.25668141
 4792.6  3.00000000  0.96407674  0.07082360  0.96667469 -0.25668141
 4792.7  3.00000000  0.96407674  0.07082360  0.96667469 -0.25668141
 4792.8  3.00000000  0.96407674  0.07082360  0.96667469 -0.25668141
 4792.9  3.00000000  0.96407674  0.07082360  0.96667469 -0.25668141
 4793.0  3.00000000  0.96407674  0.07082360  0.96667469 -0.25668141
 4793.1  3.00000000  0.96407674  0.07082360  0.96667469 -0.25668141
 4793.2  3.00000000  0.96407674  0.07082360  0.96667469 -0.25668141
 4793.3  3.00000000  0.96407674  0.07082360  0.96667469 -0.25668141
 4793.4  3.00000000  0.96407674  0.07082360  0.96667469 -0.25668141
 4793.5  3.00000000  0.96407674  0.07082360  0.96667469 -0.25668141
 4793.6  3.00000000  0.96407674  0.07082360  0.96667469 -0.25668141
 4793.7  3.00000000  0.96407674  0.07082360  0.96667469 -0.25668141
 4793.8  3.00000000  0.96407674  0.07082360  0.96667469 -0.25668141
 4793.9  3.00000000  0.96407674  0.07082360  0.96667469 -0.25668141
 4794.0  3.00000000  0.96407674  0.07082360  0.96667469 -0.25668141
 4794.1  3.00000000  0.96407674  0.07082360  0.96667469 -0.25668141
 4794.2  3.00000000  0.96407674  0.07082360  0.96667469 -0.25668141
 4794.3  3.00000000  0.96407674  0.07082360  0.96667469 -0.25668141
 4794.4  3.00000000  0.96407674  0.07082360  0.96667469 -0.25668141
 4794.5  3.00000000  0.96407674  0.07082360  0.96667469 -0.25668141
 4794.6  3.00000000  0.96407674  0.07082360  0.96667469 -0.25668141
 4794.7  3.00000000  0.96407674  0.07082360  0.96667469 -0.25668141
 4794.8  3.00000000  0.96407674  0.07082360  0.96667469 -0.25668141
 4794.9  3.00000000  0.96407674  0.07082360  0.96667469 -0.25668141
 4795.0  3.00000000  0.96407674  0.07082360  0.96667469 -0.25668141
 4795.1  3.00000000  0.96407674  0.07082360  0.96667469 -0.25668141
 4795.2  3.00000000  0.96407674  0.07082360  0.96667469 -0.25668141
 4795.3  3.00000000  0.96407674  0.07082360  0.96667469 -0.25668141
 4795.4  3.00000000  0.96407674  0.07082360  0.96667469 -0.25668141
 4795.5  3.00000000  0.96407674  0.07082360  0.96667469 -0.25668141
 4795.6  3.00000000  0.96407674  0.07082360  0.96667469 -0.25668141
 4795.7  3.00000000  0.96407674  0.07082360  0.96667469 -0.25668141
 4795.8  3.00000000  0.96407674  0.07082360  0.96667469 -0.25668141
 4795.9  3.00000000  0.96407674  0.07082360  0.96667469 -0.25668141
 4796.0  3.00000000  0.96407674  0.07082360  0.96667469 -0.25668141
 4796.1  3.00000000  0.96407674  0.07082360  0.96667469 -0.25668141
 4796.2  3.00000000  0.96407674  0.07082360  0.96667469 -0.25668141
 4796.3  3.00000000  0.96407674  0.07082360  0.96667469 -0.25668141
 4796.4  3.00000000  0.96407674  0.07082360  0.96667469 -0.25668141
 4796.5  3.00000000  0.96407674  0.07082360  0.96667469 -0.25668141
 4796.6  3.00000000  0.96407674  0.07082360  0.96667469 -0.25668141
 4796.7  3.00000000  0.96407674  0.07082360  0.96667469 -0.25668141
 4796.8  3.00000000  0.96407674  0.07082360  0.96667469 -0.25668141
 4796.9  3.00000000  0.96407674  0.07082360  0.96667469 -0.25668141
 4797.0  3.00000000  0.96407674  0.07082360  0.96667469 -0.25668141
 4797.1  3.00000000  0.96407674  0.07082360  0.96667469 -0.25668141
 4797.2  3.00000000  0.96407674  0.07082360  0.96667469 -0.25668141
 4797.3  3.00000000  0.96407674  0.07082360  0.96667469 -0.25668141
 4797.4  3.00000000  0.96407674  0.07082360  0.96667469 -0.25668141
 4797.5  3.00000000  0.96407674  0.07082360  0.96667469 -0.25668141
 4797.6  3.00000000  0.96407674  0.07082360  0.96667469 -0.25668141
 4797.7  3.00000000  0.96407674  0.07082360  0.96667469 -0.25668141
 4797.8  3.00000000  0.96407674  0.07082360  0.96667469 -0.25668141
 4797.9  3.00000000  0.96407674  0.07082360  0.96667469 -0.25668141
 4798.0  3.00000000  0.96407674  0.07082360  0.96667469 -0.25668141
 4798.1  3.00000000  0.96407674  0.07082360  0.96667469 -0.25668141
 4798.2  3.00000000  0.96407674  0.07082360  0.96667469 -0.25668141
 4798.3  3.00000000  0.96407674  0.07082360  0.96667469 -0.25668141
 4798.4  3.00000000  0.96407674  0.07082360  0.96667469 -0.25668141
 4798.5  3.00000000  0.96407674  0.07082360  0.96667469 -0.25668141
 4798.6  3.00000000  0.96407674  0.07082360  0.96667469 -0.25668141
 4798.7  3.00000000  0.96407674  0.07082360  0.96667469 -0.25668141
 4798.8  3.00000000  0.96407674  0.07082360  0.96667469 -0.25668141
 4798.9  3.00000000  0.96407674  0.07082360  0.96667469 -0.25668141
 4799.0  3.00000000  0.96407674  0.07082360  0.96667469 -0.25668141
 4799.1  3.00000000  0.96407674  0.07082360  0.96667469 -0.25668141
 4799.2  3.00000000  0.96407674  0.07082360  0.96667469 -0.25668141
 4799.3  3.00000000  0.96407674  0.07082360  0.96667469 -0.25668141
 4799.4  3.00000000  0.96407674  0.07082360  0.96667469 -0.25668141
 4799.5  3.00000000  0.96407674  0.07082360  0.96667469 -0.25668141
 4799.6  3.00000000  0.96407674  0.07082360  0.96667469 -0.25668141
 4799.7  3.00000000  0.96407674  0.07082360  0.96667469 -0.25668141
 4799.8  3.00000000  0.96407674  0.07082360  0.96667469 -0.25668141
 4799.9  3.00000000  0.96407674  0.07082360  0.96667469 -0.25668141
 4800.0  3.00000000  0.96407674  0.07082360  0.96667469 -0.25668141
 4800.1  3.00000000  0.96407674  0.07082360  0.96667469 -0.25668141
 4800.2  3.00000000  0.96407674  0.07082360  0.96667469 -0.25668141
 4800.3  3.00000000  0.96407674  0.07082360  0.96667469 -0.25668141
 4800.4  3.00000000  0.96407674  0.07082360  0.96667469 -0.25668141
 4800.5  3.00000000  0.96407674  0.07082360  0.96667469 -0.25668141
 4800.6  3.00000000  0.96407674  0.07082360  0.96667469 -0.25668141
 4800.7  3.00000000  0.96407674  0.07082360  0.96667469 -0.25668141
 4800.8  3.00000000  0.96407674  0.07082360  0.96667469 -0.25668141
 4800.9  3.00000000  0.96407674  0.07082360  0.96667469 -0.25668141
 4801.0  3.00000000  0.96407674  0.07082360  0.96667469 -0.25668141
 4801.1  3.00000000  0.96407674  0.07082360  0.96667469 -0.25668141
 4801.2  3.00000000  0.96407674  0.07082360  0.96667469 -0.25668141
 4801.3  3.00000000  0.96407674  0.07082360  0.96667469 -0.25668141
 4801.4  3.00000000  0.96407674  0.07082360  0.96667469 -0.25668141
 4801.5  3.00000000  0.96407674  0.07082360  0.96667469 -0.25668141
 4801.6  3.00000000  0.96407674  0.07082360  0.96667469 -0.25668141
 4801.7  3.00000000  0.96407674  0.07082360  0.96667469 -0.25668141
 4801.8  3.00000000  0.96407674  0.07082360  0.96667469 -0.25668141
 4801.9  3.00000000  0.96407674  0.07082360  0.96667469 -0.25668141
 4802.0  3.00000000  0.96407674  0.07082360  0.96667469 -0.25668141
 4802.1  3.00000000  0.96407674  0.07082360  0.96667469 -0.25668141
 4802.2  3.00000000  0.96407674  0.07082360  0.96667469 -0.25668141
 4802.3  3.00000000  0.96407674  0.07082360  0.96667469 -0.25668141
 4802.4  3.00000000  0.96407674  0.07082360  0.96667469 -0.25668141
 4802.5  3.00000000  0.96407674  0.07082360  0.96667469 -0.25668141
 4802.6  3.00000000  0.96407674  0.07082360  0.96667469 -0.25668141
 4802.7  3.00000000  0.96407674  0.07082360  0.96667469 -0.25668141
 4802.8  3.00000000  0.96407674  0.07082360  0.96667469 -0.25668141
 4802.9  3.00000000  0.96407674  0.07082360  0.96667469 -0.25668141
 4803.0  3.00000000  0.96407674  0.07082360  0.96667469 -0.25668141
 4803.1  3.00000000  0.96407674  0.07082360  0.96667469 -0.25668141
 4803.2  3.00000000  0.96407674  0.07082360  0.96667469 -0.25668141
 4803.3  3.00000000  0.96407674  0.07082360  0.96667469 -0.25668141
 4803.4  3.00000000  0.96407674  0.07082360  0.96667469 -0.25668141
 4803.5  3.00000000  0.96407674  0.07082360  0.96667469 -0.25668141
 4803.6  3.00000000  0.96407674  0.07082360  0.96667469 -0.25668141
 4803.7  3.00000000  0.96407674  0.07082360  0.96667469 -0.25668141
 4803.8  3.00000000  0.96407674  0.07082360  0.96667469 -0.25668141
 4803.9  3.00000000  0.96407674  0.07082360  0.96667469 -0.25668141
 4804.0  3.00000000  0.96407674  0.07082360  0.96667469 -0.25668141
 4804.1  3.00000000  0.96407674  0.07082360  0.96667469 -0.25668141
 4804.2  3.00000000  0.96407674  0.07082360  0.96667469 -0.25668141
 4804.3  3.00000000  0.96407674  0.07082360  0.96667469 -0.25668141
 4804.4  3.00000000  0.96407674  0.07082360  0.96667469 -0.25668141
 4804.5  3.00000000  0.96407674  0.07082360  0.96667469 -0.25668141
 4804.6  3.00000000  0.96407674  0.07082360  0.96667469 -0.25668141
 4804.7  3.00000000  0.96407674  0.07082360  0.96667469 -0.25668141
 4804.8  3.00000000  0.96407674  0.07082360  0.96667469 -0.25668141
 4804.9  3.00000000  0.96407674  0.07082360  0.96667469 -0.25668141
 4805.0  3.00000000  0.96407674  0.07082360  0.96667469 -0.25668141
 4805.1  3.00000000  0.96407674  0.07082360  0.96667469 -0.25668141
 4805.2  3.00000000  0.96407674  0.07082360  0.96667469 -0.25668141
 4805.3  3.00000000  0.96407674  0.07082360  0.96667469 -0.25668141
 4805.4  3.00000000  0.96407674  0.07082360  0.96667469 -0.25668141
 4805.5  3.00000000  0.96407674  0.07082360  0.96667469 -0.25668141
 4805.6  3.00000000  0.96407674  0.07082360  0.96667469 -0.25668141
 4805.7  3.00000000  0.96407674  0.07082360  0.96667469 -0.25668141
 4805.8  3.00000000  0.96407674  0.07082360  0.96667469 -0.25668141
 4805.9  3.00000000  0.96407674  0.07082360  0.96667469 -0.25668141
 4806.0  3.00000000  0.96407674  0.07082360  0.96667469 -0.25668141
 4806.1  3.00000000  0.96407674  0.07082360  0.96667469 -0.25668141
 4806.2  3.00000000  0.96407674  0.07082360  0.96667469 -0.25668141
 4806.3  3.00000000  0.96407674  0.07082360  0.96667469 -0.25668141
 4806.4  3.00000000  0.96407674  0.07082360  0.96667469 -0.25668141
 4806.5  3.00000000  0.96407674  0.07082360  0.96667469 -0.25668141
 4806.6  3.00000000  0.96407674  0.07082360  0.96667469 -0.25668141
 4806.7  3.00000000  0.96407674  0.07082360  0.96667469 -0.25668141
 4806.8  3.00000000  0.96407674  0.07082360  0.96667469 -0.25668141
 4806.9  3.00000000  0.96407674  0.07082360  0.96667469 -0.25668141
 4807.0  3.00000000  0.96407674  0.07082360  0.96667469 -0.25668141
 4807.1  3.00000000  0.96407674  0.07082360  0.96667469 -0.25668141
 4807.2  3.00000000  0.96407674  0.07082360  0.96667469 -0.25668141
 4807.3  3.00000000  0.96407674  0.07082360  0.96667469 -0.25668141
 4807.4  3.00000000  0.96407674  0.07082360  0.96667469 -0.25668141
 4807.5  3.00000000  0.96407674  0.07082360  0.96667469 -0.25668141
 4807.6  3.00000000  0.96407674  0.07082360  0.96667469 -0.25668141
 4807.7  3.00000000  0.96407674  0.07082360  0.96667469 -0.25668141
 4807.8  3.00000000  0.96407674  0.07082360  0.96667469 -0.25668141
 4807.9  3.00000000  0.96407674  0.07082360  0.96667469 -0.25668141
 4808.0  3.00000000  0.96407674  0.07082360  0.96667469 -0.25668141
 4808.1  3.00000000  0.96407674  0.07082360  0.96667469 -0.25668141
 4808.2  3.00000000  0.96407674  0.07082360  0.96667469 -0.25668141
 4808.3  3.00000000  0.96407674  0.07082360  0.96667469 -0.25668141
 4808.4  3.00000000  0.96407674  0.07082360  0.96667469 -0.25668141
 4808.5  3.00000000  0.96407674  0.07082360  0.96667469 -0.25668141
 4808.6  3.00000000  0.96407674  0.07082360  0.96667469 -0.25668141
