 # TIME  LP  TMAB  TMDS  TMPC  TMZ
 1125.1  1.11111111  0.96680882  0.01070381  0.96686807 -0.25546200
 1125.2  1.11111111  0.96680882  0.01070381  0.96686807 -0.25546200
 1125.3  1.11111111  0.96680882  0.01070381  0.96686807 -0.25546200
 1125.4  1.11111111  0.96680882  0.01070381  0.96686807 -0.25546200
 1125.5  1.11111111  0.96680882  0.01070381  0.96686807 -0.25546200
 1125.6  1.11111111  0.96680882  0.01070381  0.96686807 -0.25546200
 1125.7  1.11111111  0.96680882  0.01070381  0.96686807 -0.25546200
 1125.8  1.11111111  0.96680882  0.01070381  0.96686807 -0.25546200
 1125.9  1.11111111  0.96680882  0.01070381  0.96686807 -0.25546200
 1126.0  1.11111111  0.96680882  0.01070381  0.96686807 -0.25546200
 1126.1  1.11111111  0.96680882  0.01070381  0.96686807 -0.25546200
 1126.2  1.11111111  0.96680882  0.01070381  0.96686807 -0.25546200
 1126.3  1.11111111  0.96680882  0.01070381  0.96686807 -0.25546200
 1126.4  1.11111111  0.96680882  0.01070381  0.96686807 -0.25546200
 1126.5  1.11111111  0.96680882  0.01070381  0.96686807 -0.25546200
 1126.6  1.11111111  0.96680882  0.01070381  0.96686807 -0.25546200
 1126.7  1.11111111  0.96680882  0.01070381  0.96686807 -0.25546200
 1126.8  1.11111111  0.96680882  0.01070381  0.96686807 -0.25546200
 1126.9  1.11111111  0.96680882  0.01070381  0.96686807 -0.25546200
 1127.0  1.11111111  0.96680882  0.01070381  0.96686807 -0.25546200
 1127.1  1.11111111  0.96680882  0.01070381  0.96686807 -0.25546200
 1127.2  1.11111111  0.96680882  0.01070381  0.96686807 -0.25546200
 1127.3  1.11111111  0.96680882  0.01070381  0.96686807 -0.25546200
 1127.4  1.11111111  0.96680882  0.01070381  0.96686807 -0.25546200
 1127.5  1.11111111  0.96680882  0.01070381  0.96686807 -0.25546200
 1127.6  1.11111111  0.96680882  0.01070381  0.96686807 -0.25546200
 1127.7  1.11111111  0.96680882  0.01070381  0.96686807 -0.25546200
 1127.8  1.11111111  0.96680882  0.01070381  0.96686807 -0.25546200
 1127.9  1.11111111  0.96680882  0.01070381  0.96686807 -0.25546200
 1128.0  1.11111111  0.96680882  0.01070381  0.96686807 -0.25546200
 1128.1  1.11111111  0.96680882  0.01070381  0.96686807 -0.25546200
 1128.2  1.11111111  0.96680882  0.01070381  0.96686807 -0.25546200
 1128.3  1.11111111  0.96680882  0.01070381  0.96686807 -0.25546200
 1128.4  1.11111111  0.96680882  0.01070381  0.96686807 -0.25546200
 1128.5  1.11111111  0.96680882  0.01070381  0.96686807 -0.25546200
 1128.6  1.11111111  0.96680882  0.01070381  0.96686807 -0.25546200
 1128.7  1.11111111  0.96680882  0.01070381  0.96686807 -0.25546200
 1128.8  1.11111111  0.96680882  0.01070381  0.96686807 -0.25546200
 1128.9  1.11111111  0.96680882  0.01070381  0.96686807 -0.25546200
 1129.0  1.11111111  0.96680882  0.01070381  0.96686807 -0.25546200
 1129.1  1.11111111  0.96680882  0.01070381  0.96686807 -0.25546200
 1129.2  1.11111111  0.96680882  0.01070381  0.96686807 -0.25546200
 1129.3  1.11111111  0.96680882  0.01070381  0.96686807 -0.25546200
 1129.4  1.11111111  0.96680882  0.01070381  0.96686807 -0.25546200
 1129.5  1.11111111  0.96680882  0.01070381  0.96686807 -0.25546200
 1129.6  1.11111111  0.96680882  0.01070381  0.96686807 -0.25546200
 1129.7  1.11111111  0.96680882  0.01070381  0.96686807 -0.25546200
 1129.8  1.11111111  0.96680882  0.01070381  0.96686807 -0.25546200
 1129.9  1.11111111  0.96680882  0.01070381  0.96686807 -0.25546200
 1130.0  1.11111111  0.96680882  0.01070381  0.96686807 -0.25546200
 1130.1  1.11111111  0.96680882  0.01070381  0.96686807 -0.25546200
 1130.2  1.11111111  0.96680882  0.01070381  0.96686807 -0.25546200
 1130.3  1.11111111  0.96680882  0.01070381  0.96686807 -0.25546200
 1130.4  1.11111111  0.96680882  0.01070381  0.96686807 -0.25546200
 1130.5  1.11111111  0.96680882  0.01070381  0.96686807 -0.25546200
 1130.6  1.11111111  0.96680882  0.01070381  0.96686807 -0.25546200
 1130.7  1.11111111  0.96680882  0.01070381  0.96686807 -0.25546200
 1130.8  1.11111111  0.96680882  0.01070381  0.96686807 -0.25546200
 1130.9  1.11111111  0.96680882  0.01070381  0.96686807 -0.25546200
 1131.0  1.11111111  0.96680882  0.01070381  0.96686807 -0.25546200
 1131.1  1.11111111  0.96680882  0.01070381  0.96686807 -0.25546200
 1131.2  1.11111111  0.96680882  0.01070381  0.96686807 -0.25546200
 1131.3  1.11111111  0.96680882  0.01070381  0.96686807 -0.25546200
 1131.4  1.11111111  0.96680882  0.01070381  0.96686807 -0.25546200
 1131.5  1.11111111  0.96680882  0.01070381  0.96686807 -0.25546200
 1131.6  1.11111111  0.96680882  0.01070381  0.96686807 -0.25546200
 1131.7  1.11111111  0.96680882  0.01070381  0.96686807 -0.25546200
 1131.8  1.11111111  0.96680882  0.01070381  0.96686807 -0.25546200
 1131.9  1.11111111  0.96680882  0.01070381  0.96686807 -0.25546200
 1132.0  1.11111111  0.96680882  0.01070381  0.96686807 -0.25546200
 1132.1  1.11111111  0.96680882  0.01070381  0.96686807 -0.25546200
 1132.2  1.11111111  0.96680882  0.01070381  0.96686807 -0.25546200
 1132.3  1.11111111  0.96680882  0.01070381  0.96686807 -0.25546200
 1132.4  1.11111111  0.96680882  0.01070381  0.96686807 -0.25546200
 1132.5  1.11111111  0.96680882  0.01070381  0.96686807 -0.25546200
 1132.6  1.11111111  0.96680882  0.01070381  0.96686807 -0.25546200
 1132.7  1.11111111  0.96680882  0.01070381  0.96686807 -0.25546200
 1132.8  1.11111111  0.96680882  0.01070381  0.96686807 -0.25546200
 1132.9  1.11111111  0.96680882  0.01070381  0.96686807 -0.25546200
 1133.0  1.11111111  0.96680882  0.01070381  0.96686807 -0.25546200
 1133.1  1.11111111  0.96680882  0.01070381  0.96686807 -0.25546200
 1133.2  1.11111111  0.96680882  0.01070381  0.96686807 -0.25546200
 1133.3  1.11111111  0.96680882  0.01070381  0.96686807 -0.25546200
 1133.4  1.11111111  0.96680882  0.01070381  0.96686807 -0.25546200
 1133.5  1.11111111  0.96680882  0.01070381  0.96686807 -0.25546200
 1133.6  1.11111111  0.96680882  0.01070381  0.96686807 -0.25546200
 1133.7  1.11111111  0.96680882  0.01070381  0.96686807 -0.25546200
 1133.8  1.11111111  0.96680882  0.01070381  0.96686807 -0.25546200
 1133.9  1.11111111  0.96680882  0.01070381  0.96686807 -0.25546200
 1134.0  1.11111111  0.96680882  0.01070381  0.96686807 -0.25546200
 1134.1  1.11111111  0.96680882  0.01070381  0.96686807 -0.25546200
 1134.2  1.11111111  0.96680882  0.01070381  0.96686807 -0.25546200
 1134.3  1.11111111  0.96680882  0.01070381  0.96686807 -0.25546200
 1134.4  1.11111111  0.96680882  0.01070381  0.96686807 -0.25546200
 1134.5  1.11111111  0.96680882  0.01070381  0.96686807 -0.25546200
 1134.6  1.11111111  0.96680882  0.01070381  0.96686807 -0.25546200
 1134.7  1.11111111  0.96680882  0.01070381  0.96686807 -0.25546200
 1134.8  1.11111111  0.96680882  0.01070381  0.96686807 -0.25546200
 1134.9  1.11111111  0.96680882  0.01070381  0.96686807 -0.25546200
 1135.0  1.11111111  0.96680882  0.01070381  0.96686807 -0.25546200
 1135.1  1.11111111  0.96680882  0.01070381  0.96686807 -0.25546200
 1135.2  1.11111111  0.96680882  0.01070381  0.96686807 -0.25546200
 1135.3  1.11111111  0.96680882  0.01070381  0.96686807 -0.25546200
 1135.4  1.11111111  0.96680882  0.01070381  0.96686807 -0.25546200
 1135.5  1.11111111  0.96680882  0.01070381  0.96686807 -0.25546200
 1135.6  1.11111111  0.96680882  0.01070381  0.96686807 -0.25546200
 1135.7  1.11111111  0.96680882  0.01070381  0.96686807 -0.25546200
 1135.8  1.11111111  0.96680882  0.01070381  0.96686807 -0.25546200
 1135.9  1.11111111  0.96680882  0.01070381  0.96686807 -0.25546200
 1136.0  1.11111111  0.96680882  0.01070381  0.96686807 -0.25546200
 1136.1  1.11111111  0.96680882  0.01070381  0.96686807 -0.25546200
 1136.2  1.11111111  0.96680882  0.01070381  0.96686807 -0.25546200
 1136.3  1.11111111  0.96680882  0.01070381  0.96686807 -0.25546200
 1136.4  1.11111111  0.96680882  0.01070381  0.96686807 -0.25546200
 1136.5  1.11111111  0.96680882  0.01070381  0.96686807 -0.25546200
 1136.6  1.11111111  0.96680882  0.01070381  0.96686807 -0.25546200
 1136.7  1.11111111  0.96680882  0.01070381  0.96686807 -0.25546200
 1136.8  1.11111111  0.96680882  0.01070381  0.96686807 -0.25546200
 1136.9  1.11111111  0.96680882  0.01070381  0.96686807 -0.25546200
 1137.0  1.11111111  0.96680882  0.01070381  0.96686807 -0.25546200
 1137.1  1.11111111  0.96680882  0.01070381  0.96686807 -0.25546200
 1137.2  1.11111111  0.96680882  0.01070381  0.96686807 -0.25546200
 1137.3  1.11111111  0.96680882  0.01070381  0.96686807 -0.25546200
 1137.4  1.11111111  0.96680882  0.01070381  0.96686807 -0.25546200
 1137.5  1.11111111  0.96680882  0.01070381  0.96686807 -0.25546200
 1137.6  1.11111111  0.96680882  0.01070381  0.96686807 -0.25546200
 1137.7  1.11111111  0.96680882  0.01070381  0.96686807 -0.25546200
 1137.8  1.11111111  0.96680882  0.01070381  0.96686807 -0.25546200
 1137.9  1.11111111  0.96680882  0.01070381  0.96686807 -0.25546200
 1138.0  1.11111111  0.96680882  0.01070381  0.96686807 -0.25546200
 1138.1  1.11111111  0.96680882  0.01070381  0.96686807 -0.25546200
 1138.2  1.11111111  0.96680882  0.01070381  0.96686807 -0.25546200
 1138.3  1.11111111  0.96680882  0.01070381  0.96686807 -0.25546200
 1138.4  1.11111111  0.96680882  0.01070381  0.96686807 -0.25546200
 1138.5  1.11111111  0.96680882  0.01070381  0.96686807 -0.25546200
 1138.6  1.11111111  0.96680882  0.01070381  0.96686807 -0.25546200
 1138.7  1.11111111  0.96680882  0.01070381  0.96686807 -0.25546200
 1138.8  1.11111111  0.96680882  0.01070381  0.96686807 -0.25546200
 1138.9  1.11111111  0.96680882  0.01070381  0.96686807 -0.25546200
 1139.0  1.11111111  0.96680882  0.01070381  0.96686807 -0.25546200
 1139.1  1.11111111  0.96680882  0.01070381  0.96686807 -0.25546200
 1139.2  1.11111111  0.96680882  0.01070381  0.96686807 -0.25546200
 1139.3  1.11111111  0.96680882  0.01070381  0.96686807 -0.25546200
 1139.4  1.11111111  0.96680882  0.01070381  0.96686807 -0.25546200
 1139.5  1.11111111  0.96680882  0.01070381  0.96686807 -0.25546200
 1139.6  1.11111111  0.96680882  0.01070381  0.96686807 -0.25546200
 1139.7  1.11111111  0.96680882  0.01070381  0.96686807 -0.25546200
 1139.8  1.11111111  0.96680882  0.01070381  0.96686807 -0.25546200
 1139.9  1.11111111  0.96680882  0.01070381  0.96686807 -0.25546200
 1140.0  1.11111111  0.96680882  0.01070381  0.96686807 -0.25546200
 1140.1  1.11111111  0.96680882  0.01070381  0.96686807 -0.25546200
 1140.2  1.11111111  0.96680882  0.01070381  0.96686807 -0.25546200
 1140.3  1.11111111  0.96680882  0.01070381  0.96686807 -0.25546200
 1140.4  1.11111111  0.96680882  0.01070381  0.96686807 -0.25546200
 1140.5  1.11111111  0.96680882  0.01070381  0.96686807 -0.25546200
 1140.6  1.11111111  0.96680882  0.01070381  0.96686807 -0.25546200
 1140.7  1.11111111  0.96680882  0.01070381  0.96686807 -0.25546200
 1140.8  1.11111111  0.96680882  0.01070381  0.96686807 -0.25546200
 1140.9  1.11111111  0.96680882  0.01070381  0.96686807 -0.25546200
 1141.0  1.11111111  0.96680882  0.01070381  0.96686807 -0.25546200
 1141.1  1.11111111  0.96680882  0.01070381  0.96686807 -0.25546200
 1141.2  1.11111111  0.96680882  0.01070381  0.96686807 -0.25546200
 1141.3  1.11111111  0.96680882  0.01070381  0.96686807 -0.25546200
 1141.4  1.11111111  0.96680882  0.01070381  0.96686807 -0.25546200
 1141.5  1.11111111  0.96680882  0.01070381  0.96686807 -0.25546200
 1141.6  1.11111111  0.96680882  0.01070381  0.96686807 -0.25546200
 1141.7  1.11111111  0.96680882  0.01070381  0.96686807 -0.25546200
 1141.8  1.11111111  0.96680882  0.01070381  0.96686807 -0.25546200
 1141.9  1.11111111  0.96680882  0.01070381  0.96686807 -0.25546200
 1142.0  1.11111111  0.96680882  0.01070381  0.96686807 -0.25546200
 1142.1  1.11111111  0.96680882  0.01070381  0.96686807 -0.25546200
 1142.2  1.11111111  0.96680882  0.01070381  0.96686807 -0.25546200
 1142.3  1.11111111  0.96680882  0.01070381  0.96686807 -0.25546200
 1142.4  1.11111111  0.96680882  0.01070381  0.96686807 -0.25546200
 1142.5  1.11111111  0.96680882  0.01070381  0.96686807 -0.25546200
 1142.6  1.11111111  0.96680882  0.01070381  0.96686807 -0.25546200
 1142.7  1.11111111  0.96680882  0.01070381  0.96686807 -0.25546200
 1142.8  1.11111111  0.96680882  0.01070381  0.96686807 -0.25546200
 1142.9  1.11111111  0.96680882  0.01070381  0.96686807 -0.25546200
 1143.0  1.11111111  0.96680882  0.01070381  0.96686807 -0.25546200
 1143.1  1.11111111  0.96680882  0.01070381  0.96686807 -0.25546200
 1143.2  1.11111111  0.96680882  0.01070381  0.96686807 -0.25546200
 1143.3  1.11111111  0.96680882  0.01070381  0.96686807 -0.25546200
 1143.4  1.11111111  0.96680882  0.01070381  0.96686807 -0.25546200
 1143.5  1.11111111  0.96680882  0.01070381  0.96686807 -0.25546200
 1143.6  1.11111111  0.96680882  0.01070381  0.96686807 -0.25546200
 1143.7  1.11111111  0.96680882  0.01070381  0.96686807 -0.25546200
 1143.8  1.11111111  0.96680882  0.01070381  0.96686807 -0.25546200
 1143.9  1.11111111  0.96680882  0.01070381  0.96686807 -0.25546200
 1144.0  1.11111111  0.96680882  0.01070381  0.96686807 -0.25546200
 1144.1  1.11111111  0.96680882  0.01070381  0.96686807 -0.25546200
 1144.2  1.11111111  0.96680882  0.01070381  0.96686807 -0.25546200
 1144.3  1.11111111  0.96680882  0.01070381  0.96686807 -0.25546200
 1144.4  1.11111111  0.96680882  0.01070381  0.96686807 -0.25546200
 1144.5  1.11111111  0.96680882  0.01070381  0.96686807 -0.25546200
 1144.6  1.11111111  0.96680882  0.01070381  0.96686807 -0.25546200
 1144.7  1.11111111  0.96680882  0.01070381  0.96686807 -0.25546200
 1144.8  1.11111111  0.96680882  0.01070381  0.96686807 -0.25546200
 1144.9  1.11111111  0.96680882  0.01070381  0.96686807 -0.25546200
 1145.0  1.11111111  0.96680882  0.01070381  0.96686807 -0.25546200
 1145.1  1.11111111  0.96680882  0.01070381  0.96686807 -0.25546200
 1145.2  1.11111111  0.96680882  0.01070381  0.96686807 -0.25546200
 1145.3  1.11111111  0.96680882  0.01070381  0.96686807 -0.25546200
 1145.4  1.11111111  0.96680882  0.01070381  0.96686807 -0.25546200
 1145.5  1.11111111  0.96680882  0.01070381  0.96686807 -0.25546200
 1145.6  1.11111111  0.96680882  0.01070381  0.96686807 -0.25546200
 1145.7  1.11111111  0.96680882  0.01070381  0.96686807 -0.25546200
 1145.8  1.11111111  0.96680882  0.01070381  0.96686807 -0.25546200
 1145.9  1.11111111  0.96680882  0.01070381  0.96686807 -0.25546200
 1146.0  1.11111111  0.96680882  0.01070381  0.96686807 -0.25546200
 1146.1  1.11111111  0.96680882  0.01070381  0.96686807 -0.25546200
 1146.2  1.11111111  0.96680882  0.01070381  0.96686807 -0.25546200
 1146.3  1.11111111  0.96680882  0.01070381  0.96686807 -0.25546200
 1146.4  1.11111111  0.96680882  0.01070381  0.96686807 -0.25546200
 1146.5  1.11111111  0.96680882  0.01070381  0.96686807 -0.25546200
 1146.6  1.11111111  0.96680882  0.01070381  0.96686807 -0.25546200
 1146.7  1.11111111  0.96680882  0.01070381  0.96686807 -0.25546200
 1146.8  1.11111111  0.96680882  0.01070381  0.96686807 -0.25546200
 1146.9  1.11111111  0.96680882  0.01070381  0.96686807 -0.25546200
 1147.0  1.11111111  0.96680882  0.01070381  0.96686807 -0.25546200
 1147.1  1.11111111  0.96680882  0.01070381  0.96686807 -0.25546200
 1147.2  1.11111111  0.96680882  0.01070381  0.96686807 -0.25546200
 1147.3  1.11111111  0.96680882  0.01070381  0.96686807 -0.25546200
 1147.4  1.11111111  0.96680882  0.01070381  0.96686807 -0.25546200
 1147.5  1.11111111  0.96680882  0.01070381  0.96686807 -0.25546200
 1147.6  1.11111111  0.96680882  0.01070381  0.96686807 -0.25546200
 1147.7  1.11111111  0.96680882  0.01070381  0.96686807 -0.25546200
 1147.8  1.11111111  0.96680882  0.01070381  0.96686807 -0.25546200
 1147.9  1.11111111  0.96680882  0.01070381  0.96686807 -0.25546200
 1148.0  1.11111111  0.96680882  0.01070381  0.96686807 -0.25546200
 1148.1  1.11111111  0.96680882  0.01070381  0.96686807 -0.25546200
 1148.2  1.11111111  0.96680882  0.01070381  0.96686807 -0.25546200
 1148.3  1.11111111  0.96680882  0.01070381  0.96686807 -0.25546200
 1148.4  1.11111111  0.96680882  0.01070381  0.96686807 -0.25546200
 1148.5  1.11111111  0.96680882  0.01070381  0.96686807 -0.25546200
 1148.6  1.11111111  0.96680882  0.01070381  0.96686807 -0.25546200
 1148.7  1.11111111  0.96680882  0.01070381  0.96686807 -0.25546200
 1148.8  1.11111111  0.96680882  0.01070381  0.96686807 -0.25546200
 1148.9  1.11111111  0.96680882  0.01070381  0.96686807 -0.25546200
 1149.0  1.11111111  0.96680882  0.01070381  0.96686807 -0.25546200
 1149.1  1.11111111  0.96680882  0.01070381  0.96686807 -0.25546200
 1149.2  1.11111111  0.96680882  0.01070381  0.96686807 -0.25546200
 1149.3  1.11111111  0.96680882  0.01070381  0.96686807 -0.25546200
 1149.4  1.11111111  0.96680882  0.01070381  0.96686807 -0.25546200
 1149.5  1.11111111  0.96680882  0.01070381  0.96686807 -0.25546200
 1149.6  1.11111111  0.96680882  0.01070381  0.96686807 -0.25546200
 1149.7  1.11111111  0.96680882  0.01070381  0.96686807 -0.25546200
 1149.8  1.11111111  0.96680882  0.01070381  0.96686807 -0.25546200
 1149.9  1.11111111  0.96680882  0.01070381  0.96686807 -0.25546200
 1150.0  1.11111111  0.96680882  0.01070381  0.96686807 -0.25546200
 1150.1  1.11111111  0.96680882  0.01070381  0.96686807 -0.25546200
 1150.2  1.11111111  0.96680882  0.01070381  0.96686807 -0.25546200
 1150.3  1.11111111  0.96680882  0.01070381  0.96686807 -0.25546200
 1150.4  1.11111111  0.96680882  0.01070381  0.96686807 -0.25546200
 1150.5  1.11111111  0.96680882  0.01070381  0.96686807 -0.25546200
 1150.6  1.11111111  0.96680882  0.01070381  0.96686807 -0.25546200
 1150.7  1.11111111  0.96680882  0.01070381  0.96686807 -0.25546200
 1150.8  1.11111111  0.96680882  0.01070381  0.96686807 -0.25546200
 1150.9  1.11111111  0.96680882  0.01070381  0.96686807 -0.25546200
 1151.0  1.11111111  0.96680882  0.01070381  0.96686807 -0.25546200
 1151.1  1.11111111  0.96680882  0.01070381  0.96686807 -0.25546200
 1151.2  1.11111111  0.96680882  0.01070381  0.96686807 -0.25546200
 1151.3  1.11111111  0.96680882  0.01070381  0.96686807 -0.25546200
 1151.4  1.11111111  0.96680882  0.01070381  0.96686807 -0.25546200
 1151.5  1.11111111  0.96680882  0.01070381  0.96686807 -0.25546200
 1151.6  1.11111111  0.96680882  0.01070381  0.96686807 -0.25546200
 1151.7  1.11111111  0.96680882  0.01070381  0.96686807 -0.25546200
 1151.8  1.11111111  0.96680882  0.01070381  0.96686807 -0.25546200
 1151.9  1.11111111  0.96680882  0.01070381  0.96686807 -0.25546200
 1152.0  1.11111111  0.96680882  0.01070381  0.96686807 -0.25546200
 1152.1  1.11111111  0.96680882  0.01070381  0.96686807 -0.25546200
 1152.2  1.11111111  0.96680882  0.01070381  0.96686807 -0.25546200
 1152.3  1.11111111  0.96680882  0.01070381  0.96686807 -0.25546200
 1152.4  1.11111111  0.96680882  0.01070381  0.96686807 -0.25546200
 1152.5  1.11111111  0.96680882  0.01070381  0.96686807 -0.25546200
 1152.6  1.11111111  0.96680882  0.01070381  0.96686807 -0.25546200
 1152.7  1.11111111  0.96680882  0.01070381  0.96686807 -0.25546200
 1152.8  1.11111111  0.96680882  0.01070381  0.96686807 -0.25546200
 1152.9  1.11111111  0.96680882  0.01070381  0.96686807 -0.25546200
 1153.0  1.11111111  0.96680882  0.01070381  0.96686807 -0.25546200
 1153.1  1.11111111  0.96680882  0.01070381  0.96686807 -0.25546200
 1153.2  1.11111111  0.96680882  0.01070381  0.96686807 -0.25546200
 1153.3  1.11111111  0.96680882  0.01070381  0.96686807 -0.25546200
 1153.4  1.11111111  0.96680882  0.01070381  0.96686807 -0.25546200
 1153.5  1.11111111  0.96680882  0.01070381  0.96686807 -0.25546200
 1153.6  1.11111111  0.96680882  0.01070381  0.96686807 -0.25546200
 1153.7  1.11111111  0.96680882  0.01070381  0.96686807 -0.25546200
 1153.8  1.11111111  0.96680882  0.01070381  0.96686807 -0.25546200
 1153.9  1.11111111  0.96680882  0.01070381  0.96686807 -0.25546200
 1154.0  1.11111111  0.96680882  0.01070381  0.96686807 -0.25546200
 1154.1  1.11111111  0.96680882  0.01070381  0.96686807 -0.25546200
 1154.2  1.11111111  0.96680882  0.01070381  0.96686807 -0.25546200
 1154.3  1.11111111  0.96680882  0.01070381  0.96686807 -0.25546200
 1154.4  1.11111111  0.96680882  0.01070381  0.96686807 -0.25546200
 1154.5  1.11111111  0.96680882  0.01070381  0.96686807 -0.25546200
 1154.6  1.11111111  0.96680882  0.01070381  0.96686807 -0.25546200
 1154.7  1.11111111  0.96680882  0.01070381  0.96686807 -0.25546200
 1154.8  1.11111111  0.96680882  0.01070381  0.96686807 -0.25546200
 1154.9  1.11111111  0.96680882  0.01070381  0.96686807 -0.25546200
 1155.0  1.11111111  0.96680882  0.01070381  0.96686807 -0.25546200
 1155.1  1.11111111  0.96680882  0.01070381  0.96686807 -0.25546200
 1155.2  1.11111111  0.96680882  0.01070381  0.96686807 -0.25546200
 1155.3  1.11111111  0.96680882  0.01070381  0.96686807 -0.25546200
 1155.4  1.11111111  0.96680882  0.01070381  0.96686807 -0.25546200
 1155.5  1.11111111  0.96680882  0.01070381  0.96686807 -0.25546200
 1155.6  1.11111111  0.96680882  0.01070381  0.96686807 -0.25546200
 1155.7  1.11111111  0.96680882  0.01070381  0.96686807 -0.25546200
 1155.8  1.11111111  0.96682563  0.00916171  0.96686904 -0.25545832
 1155.9  1.11111111  0.96684584  0.00723752  0.96687293 -0.25544328
 1156.0  1.11111111  0.96686450  0.00540480  0.96687960 -0.25541731
 1156.1  1.11111111  0.96688181  0.00370892  0.96688892 -0.25538123
 1156.2  1.11111111  0.96689812  0.00218973  0.96690060 -0.25533619
 1156.3  1.11111111  0.96691387  0.00088061  0.96691427 -0.25528354
 1156.4  1.11111111  0.96692950 -0.00019250  0.96692951 -0.25522477
 1156.5  1.11111111  0.96694543 -0.00101110  0.96694596 -0.25516143
 1156.6  1.11111111  0.96696192 -0.00156394  0.96696318 -0.25509515
 1156.7  1.11111111  0.96697895 -0.00184712  0.96698071 -0.25502760
 1156.8  1.11111111  0.96699635 -0.00186362  0.96699815 -0.25496041
 1156.9  1.11111111  0.96701376 -0.00162253  0.96701512 -0.25489510
 1157.0  1.11111111  0.96703059 -0.00113817  0.96703126 -0.25483314
 1157.1  1.11111111  0.96704610 -0.00042948  0.96704619 -0.25477590
 1157.2  1.11111111  0.96705949  0.00048093  0.96705961 -0.25472454
 1157.3  1.11111111  0.96706997  0.00156756  0.96707125 -0.25468009
 1157.4  1.11111111  0.96707677  0.00280251  0.96708083 -0.25464341
 1157.5  1.11111111  0.96707924  0.00415580  0.96708817 -0.25461518
 1157.6  1.11111111  0.96707690  0.00559605  0.96709309 -0.25459587
 1157.7  1.11111111  0.96706954  0.00709080  0.96709553 -0.25458574
 1157.8  1.11111111  0.96705719  0.00860704  0.96709549 -0.25458488
 1157.9  1.11111111  0.96704014  0.01011160  0.96709301 -0.25459316
 1158.0  1.11111111  0.96701896  0.01157163  0.96708820 -0.25461026
 1158.1  1.11111111  0.96699446  0.01295512  0.96708124 -0.25463564
 1158.2  1.11111111  0.96696763  0.01423162  0.96707235 -0.25466862
 1158.3  1.11111111  0.96693959  0.01537275  0.96706178 -0.25470831
 1158.4  1.11111111  0.96691154  0.01635289  0.96704981 -0.25475371
 1158.5  1.11111111  0.96688465  0.01714990  0.96703673 -0.25480367
 1158.6  1.11111111  0.96686003  0.01774580  0.96702287 -0.25485692
 1158.7  1.11111111  0.96683863  0.01812748  0.96700856 -0.25491214
 1158.8  1.11111111  0.96682120  0.01828712  0.96699413 -0.25496799
 1158.9  1.11111111  0.96680821  0.01822266  0.96697993 -0.25502307
 1159.0  1.11111111  0.96679990  0.01793800  0.96696630 -0.25507606
 1159.1  1.11111111  0.96679622  0.01744296  0.96695356 -0.25512568
 1159.2  1.11111111  0.96679687  0.01675298  0.96694201 -0.25517077
 1159.3  1.11111111  0.96680135  0.01588887  0.96693191 -0.25521030
 1159.4  1.11111111  0.96680905  0.01487589  0.96692349 -0.25524340
 1159.5  1.11111111  0.96681925  0.01374295  0.96691692 -0.25526939
 1159.6  1.11111111  0.96683125  0.01252166  0.96691233 -0.25528777
 1159.7  1.11111111  0.96684441  0.01124520  0.96690980 -0.25529827
 1159.8  1.11111111  0.96685817  0.00994723  0.96690934 -0.25530082
 1159.9  1.11111111  0.96687213  0.00866089  0.96691092 -0.25529554
 1160.0  1.11111111  0.96688599  0.00741774  0.96691444 -0.25528277
 1160.1  1.11111111  0.96689959  0.00624699  0.96691977 -0.25526299
 1160.2  1.11111111  0.96691288  0.00517479  0.96692673 -0.25523685
 1160.3  1.11111111  0.96692588  0.00422375  0.96693510 -0.25520514
 1160.4  1.11111111  0.96693863  0.00341253  0.96694465 -0.25516875
 1160.5  1.11111111  0.96695119  0.00275573  0.96695512 -0.25512866
 1160.6  1.11111111  0.96696360  0.00226378  0.96696625 -0.25508587
 1160.7  1.11111111  0.96697581  0.00194311  0.96697776 -0.25504145
 1160.8  1.11111111  0.96698772  0.00179614  0.96698939 -0.25499647
 1160.9  1.11111111  0.96699916  0.00182159  0.96700088 -0.25495195
 1161.0  1.11111111  0.96700987  0.00201468  0.96701196 -0.25490892
 1161.1  1.11111111  0.96701951  0.00236738  0.96702241 -0.25486832
 1161.2  1.11111111  0.96702772  0.00286865  0.96703198 -0.25483103
 1161.3  1.11111111  0.96703412  0.00350481  0.96704047 -0.25479782
 1161.4  1.11111111  0.96703833  0.00425944  0.96704771 -0.25476939
 1161.5  1.11111111  0.96704003  0.00511394  0.96705355 -0.25474631
 1161.6  1.11111111  0.96703896  0.00604779  0.96705788 -0.25472902
 1161.7  1.11111111  0.96703500  0.00703888  0.96706061 -0.25471784
 1161.8  1.11111111  0.96702810  0.00806394  0.96706173 -0.25471292
 1161.9  1.11111111  0.96701841  0.00909896  0.96706122 -0.25471429
 1162.0  1.11111111  0.96700619  0.01011965  0.96705914 -0.25472183
 1162.1  1.11111111  0.96699183  0.01110211  0.96705556 -0.25473527
 1162.2  1.11111111  0.96697584  0.01202332  0.96705058 -0.25475421
 1162.3  1.11111111  0.96695882  0.01286176  0.96704435 -0.25477811
 1162.4  1.11111111  0.96694142  0.01359800  0.96703703 -0.25480633
 1162.5  1.11111111  0.96692431  0.01421525  0.96702880 -0.25483812
 1162.6  1.11111111  0.96690814  0.01469986  0.96701988 -0.25487266
 1162.7  1.11111111  0.96689349  0.01504172  0.96701048 -0.25490907
 1162.8  1.11111111  0.96688082  0.01523451  0.96700083 -0.25494643
 1162.9  1.11111111  0.96687051  0.01527595  0.96699118 -0.25498380
 1163.0  1.11111111  0.96686278  0.01516777  0.96698175 -0.25502029
 1163.1  1.11111111  0.96685772  0.01491557  0.96697277 -0.25505501
 1163.2  1.11111111  0.96685529  0.01452870  0.96696444 -0.25508716
 1163.3  1.11111111  0.96685533  0.01401978  0.96695697 -0.25511601
 1163.4  1.11111111  0.96685761  0.01340426  0.96695052 -0.25514092
 1163.5  1.11111111  0.96686182  0.01269989  0.96694523 -0.25516139
 1163.6  1.11111111  0.96686765  0.01192613  0.96694120 -0.25517701
 1163.7  1.11111111  0.96687476  0.01110355  0.96693851 -0.25518753
 1163.8  1.11111111  0.96688284  0.01025321  0.96693720 -0.25519281
 1163.9  1.11111111  0.96689161  0.00939615  0.96693726 -0.25519285
 1164.0  1.11111111  0.96690084  0.00855279  0.96693867 -0.25518776
 1164.1  1.11111111  0.96691035  0.00774257  0.96694135 -0.25517779
 1164.2  1.11111111  0.96692000  0.00698346  0.96694522 -0.25516328
 1164.3  1.11111111  0.96692969  0.00629169  0.96695016 -0.25514467
 1164.4  1.11111111  0.96693932  0.00568149  0.96695602 -0.25512249
 1164.5  1.11111111  0.96694885  0.00516487  0.96696264 -0.25509734
 1164.6  1.11111111  0.96695819  0.00475147  0.96696986 -0.25506986
 1164.7  1.11111111  0.96696727  0.00444850  0.96697750 -0.25504074
 1164.8  1.11111111  0.96697598  0.00426059  0.96698536 -0.25501068
 1164.9  1.11111111  0.96698419  0.00418986  0.96699327 -0.25498040
 1165.0  1.11111111  0.96699175  0.00423581  0.96700103 -0.25495061
 1165.1  1.11111111  0.96699847  0.00439546  0.96700846 -0.25492199
 1165.2  1.11111111  0.96700416  0.00466333  0.96701540 -0.25489519
 1165.3  1.11111111  0.96700860  0.00503159  0.96702169 -0.25487080
 1165.4  1.11111111  0.96701161  0.00549029  0.96702720 -0.25484935
 1165.5  1.11111111  0.96701302  0.00602741  0.96703180 -0.25483130
 1165.6  1.11111111  0.96701269  0.00662921  0.96703541 -0.25481700
 1165.7  1.11111111  0.96701055  0.00728055  0.96703796 -0.25480675
 1165.8  1.11111111  0.96700660  0.00796521  0.96703941 -0.25480070
 1165.9  1.11111111  0.96700091  0.00866629  0.96703974 -0.25479895
 1166.0  1.11111111  0.96699361  0.00936665  0.96703897 -0.25480145
 1166.1  1.11111111  0.96698492  0.01004934  0.96703713 -0.25480808
 1166.2  1.11111111  0.96697512  0.01069803  0.96703430 -0.25481860
 1166.3  1.11111111  0.96696455  0.01129748  0.96703055 -0.25483269
 1166.4  1.11111111  0.96695357  0.01183392  0.96702598 -0.25484994
 1166.5  1.11111111  0.96694257  0.01229539  0.96702074 -0.25486988
 1166.6  1.11111111  0.96693192  0.01267204  0.96701495 -0.25489199
 1166.7  1.11111111  0.96692196  0.01295639  0.96700877 -0.25491567
 1166.8  1.11111111  0.96691302  0.01314344  0.96700234 -0.25494034
 1166.9  1.11111111  0.96690532  0.01323078  0.96699584 -0.25496537
 1167.0  1.11111111  0.96689907  0.01321852  0.96698942 -0.25499016
 1167.1  1.11111111  0.96689437  0.01310926  0.96698323 -0.25501413
 1167.2  1.11111111  0.96689127  0.01290791  0.96697742 -0.25503670
 1167.3  1.11111111  0.96688974  0.01262150  0.96697212 -0.25505738
 1167.4  1.11111111  0.96688973  0.01225887  0.96696744 -0.25507572
 1167.5  1.11111111  0.96689111  0.01183045  0.96696348 -0.25509133
 1167.6  1.11111111  0.96689373  0.01134790  0.96696032 -0.25510390
 1167.7  1.11111111  0.96689743  0.01082380  0.96695801 -0.25511321
 1167.8  1.11111111  0.96690203  0.01027135  0.96695659 -0.25511909
 1167.9  1.11111111  0.96690737  0.00970400  0.96695607 -0.25512150
 1168.0  1.11111111  0.96691328  0.00913522  0.96695644 -0.25512045
 1168.1  1.11111111  0.96691962  0.00857817  0.96695767 -0.25511602
 1168.2  1.11111111  0.96692625  0.00804544  0.96695972 -0.25510841
 1168.3  1.11111111  0.96693305  0.00754880  0.96696252 -0.25509784
 1168.4  1.11111111  0.96693993  0.00709901  0.96696599 -0.25508462
 1168.5  1.11111111  0.96694678  0.00670557  0.96697003 -0.25506912
 1168.6  1.11111111  0.96695353  0.00637657  0.96697455 -0.25505173
 1168.7  1.11111111  0.96696008  0.00611854  0.96697944 -0.25503291
 1168.8  1.11111111  0.96696634  0.00593628  0.96698456 -0.25501311
 1168.9  1.11111111  0.96697221  0.00583283  0.96698980 -0.25499282
 1169.0  1.11111111  0.96697758  0.00580935  0.96699503 -0.25497252
 1169.1  1.11111111  0.96698235  0.00586513  0.96700014 -0.25495270
 1169.2  1.11111111  0.96698640  0.00599763  0.96700500 -0.25493381
 1169.3  1.11111111  0.96698961  0.00620246  0.96700950 -0.25491627
 1169.4  1.11111111  0.96699189  0.00647360  0.96701356 -0.25490049
 1169.5  1.11111111  0.96699313  0.00680348  0.96701706 -0.25488681
 1169.6  1.11111111  0.96699328  0.00718320  0.96701996 -0.25487551
 1169.7  1.11111111  0.96699229  0.00760276  0.96702218 -0.25486682
 1169.8  1.11111111  0.96699016  0.00805134  0.96702368 -0.25486091
 1169.9  1.11111111  0.96698693  0.00851758  0.96702444 -0.25485785
 1170.0  1.11111111  0.96698267  0.00898987  0.96702446 -0.25485768
 1170.1  1.11111111  0.96697750  0.00945664  0.96702374 -0.25486034
 1170.2  1.11111111  0.96697157  0.00990674  0.96702232 -0.25486572
 1170.3  1.11111111  0.96696507  0.01032960  0.96702024 -0.25487363
 1170.4  1.11111111  0.96695819  0.01071561  0.96701756 -0.25488383
 1170.5  1.11111111  0.96695115  0.01105623  0.96701436 -0.25489604
 1170.6  1.11111111  0.96694418  0.01134429  0.96701072 -0.25490992
 1170.7  1.11111111  0.96693748  0.01157402  0.96700675 -0.25492511
 1170.8  1.11111111  0.96693125  0.01174123  0.96700253 -0.25494122
 1170.9  1.11111111  0.96692566  0.01184334  0.96699819 -0.25495785
 1171.0  1.11111111  0.96692084  0.01187939  0.96699382 -0.25497458
 1171.1  1.11111111  0.96691692  0.01184998  0.96698953 -0.25499103
 1171.2  1.11111111  0.96691394  0.01175726  0.96698542 -0.25500681
 1171.3  1.11111111  0.96691195  0.01160479  0.96698159 -0.25502155
 1171.4  1.11111111  0.96691096  0.01139743  0.96697813 -0.25503494
 1171.5  1.11111111  0.96691092  0.01114120  0.96697510 -0.25504667
 1171.6  1.11111111  0.96691179  0.01084308  0.96697258 -0.25505651
 1171.7  1.11111111  0.96691348  0.01051088  0.96697061 -0.25506427
 1171.8  1.11111111  0.96691593  0.01015302  0.96696923 -0.25506980
 1171.9  1.11111111  0.96691901  0.00977833  0.96696845 -0.25507302
 1172.0  1.11111111  0.96692264  0.00939586  0.96696829 -0.25507389
 1172.1  1.11111111  0.96692671  0.00901468  0.96696873 -0.25507245
 1172.2  1.11111111  0.96693112  0.00864369  0.96696976 -0.25506877
 1172.3  1.11111111  0.96693578  0.00829140  0.96697133 -0.25506297
 1172.4  1.11111111  0.96694058  0.00796576  0.96697339 -0.25505524
 1172.5  1.11111111  0.96694545  0.00767397  0.96697590 -0.25504580
 1172.6  1.11111111  0.96695029  0.00742233  0.96697877 -0.25503490
 1172.7  1.11111111  0.96695502  0.00721614  0.96698194 -0.25502282
 1172.8  1.11111111  0.96695956  0.00705948  0.96698533 -0.25500988
 1172.9  1.11111111  0.96696383  0.00695524  0.96698884 -0.25499640
 1173.0  1.11111111  0.96696774  0.00690497  0.96699240 -0.25498271
 1173.1  1.11111111  0.96697123  0.00690880  0.96699591 -0.25496915
 1173.2  1.11111111  0.96697421  0.00696564  0.96699930 -0.25495603
 1173.3  1.11111111  0.96697662  0.00707322  0.96700249 -0.25494364
 1173.4  1.11111111  0.96697840  0.00722814  0.96700541 -0.25493225
 1173.5  1.11111111  0.96697948  0.00742571  0.96700800 -0.25492214
 1173.6  1.11111111  0.96697985  0.00766030  0.96701019 -0.25491352
 1173.7  1.11111111  0.96697946  0.00792557  0.96701194 -0.25490657
 1173.8  1.11111111  0.96697834  0.00821454  0.96701323 -0.25490141
 1173.9  1.11111111  0.96697650  0.00851979  0.96701403 -0.25489813
 1174.0  1.11111111  0.96697398  0.00883369  0.96701433 -0.25489678
 1174.1  1.11111111  0.96697086  0.00914856  0.96701414 -0.25489734
 1174.2  1.11111111  0.96696721  0.00945689  0.96701346 -0.25489977
 1174.3  1.11111111  0.96696316  0.00975150  0.96701232 -0.25490397
 1174.4  1.11111111  0.96695880  0.01002569  0.96701077 -0.25490981
 1174.5  1.11111111  0.96695427  0.01027338  0.96700884 -0.25491711
 1174.6  1.11111111  0.96694971  0.01048932  0.96700660 -0.25492567
 1174.7  1.11111111  0.96694523  0.01066911  0.96700409 -0.25493526
 1174.8  1.11111111  0.96694097  0.01080928  0.96700139 -0.25494564
 1174.9  1.11111111  0.96693704  0.01090738  0.96699855 -0.25495655
 1175.0  1.11111111  0.96693353  0.01096196  0.96699566 -0.25496771
 1175.1  1.11111111  0.96693053  0.01097261  0.96699278 -0.25497887
 1175.2  1.11111111  0.96692809  0.01093998  0.96698998 -0.25498975
 1175.3  1.11111111  0.96692627  0.01086567  0.96698732 -0.25500011
 1175.4  1.11111111  0.96692507  0.01075222  0.96698485 -0.25500971
 1175.5  1.11111111  0.96692451  0.01060300  0.96698265 -0.25501834
 1175.6  1.11111111  0.96692458  0.01042217  0.96698074 -0.25502582
 1175.7  1.11111111  0.96692523  0.01021455  0.96697918 -0.25503199
 1175.8  1.11111111  0.96692642  0.00998547  0.96697798 -0.25503673
 1175.9  1.11111111  0.96692812  0.00974071  0.96697718 -0.25503996
 1176.0  1.11111111  0.96693025  0.00948633  0.96697678 -0.25504162
 1176.1  1.11111111  0.96693274  0.00922849  0.96697678 -0.25504171
 1176.2  1.11111111  0.96693555  0.00897337  0.96697718 -0.25504026
 1176.3  1.11111111  0.96693858  0.00872697  0.96697796 -0.25503732
 1176.4  1.11111111  0.96694179  0.00849501  0.96697910 -0.25503299
 1176.5  1.11111111  0.96694509  0.00828279  0.96698057 -0.25502741
 1176.6  1.11111111  0.96694842  0.00809500  0.96698231 -0.25502073
 1176.7  1.11111111  0.96695172  0.00793569  0.96698429 -0.25501312
 1176.8  1.11111111  0.96695493  0.00780815  0.96698646 -0.25500480
 1176.9  1.11111111  0.96695798  0.00771485  0.96698875 -0.25499596
 1177.0  1.11111111  0.96696080  0.00765737  0.96699112 -0.25498683
 1177.1  1.11111111  0.96696336  0.00763638  0.96699351 -0.25497764
 1177.2  1.11111111  0.96696558  0.00765167  0.96699586 -0.25496859
 1177.3  1.11111111  0.96696743  0.00770215  0.96699811 -0.25495991
 1177.4  1.11111111  0.96696886  0.00778591  0.96700021 -0.25495180
 1177.5  1.11111111  0.96696984  0.00790024  0.96700211 -0.25494443
 1177.6  1.11111111  0.96697035  0.00804177  0.96700378 -0.25493797
 1177.7  1.11111111  0.96697036  0.00820659  0.96700518 -0.25493254
 1177.8  1.11111111  0.96696988  0.00839028  0.96700628 -0.25492827
 1177.9  1.11111111  0.96696891  0.00858807  0.96700705 -0.25492523
 1178.0  1.11111111  0.96696749  0.00879496  0.96700749 -0.25492346
 1178.1  1.11111111  0.96696565  0.00900588  0.96700759 -0.25492299
 1178.2  1.11111111  0.96696344  0.00921579  0.96700736 -0.25492379
 1178.3  1.11111111  0.96696092  0.00941973  0.96700680 -0.25492583
 1178.4  1.11111111  0.96695816  0.00961301  0.96700594 -0.25492902
 1178.5  1.11111111  0.96695524  0.00979134  0.96700481 -0.25493327
 1178.6  1.11111111  0.96695223  0.00995083  0.96700343 -0.25493847
 1178.7  1.11111111  0.96694922  0.01008804  0.96700185 -0.25494447
 1178.8  1.11111111  0.96694630  0.01020026  0.96700010 -0.25495110
 1178.9  1.11111111  0.96694354  0.01028536  0.96699824 -0.25495820
 1179.0  1.11111111  0.96694100  0.01034189  0.96699631 -0.25496560
 1179.1  1.11111111  0.96693875  0.01036906  0.96699434 -0.25497311
 1179.2  1.11111111  0.96693684  0.01036679  0.96699241 -0.25498056
 1179.3  1.11111111  0.96693530  0.01033567  0.96699054 -0.25498777
 1179.4  1.11111111  0.96693417  0.01027691  0.96698878 -0.25499458
 1179.5  1.11111111  0.96693345  0.01019241  0.96698717 -0.25500083
 1179.6  1.11111111  0.96693316  0.01008462  0.96698575 -0.25500638
 1179.7  1.11111111  0.96693329  0.00995650  0.96698455 -0.25501112
 1179.8  1.11111111  0.96693380  0.00981150  0.96698358 -0.25501494
 1179.9  1.11111111  0.96693469  0.00965337  0.96698287 -0.25501779
 1180.0  1.11111111  0.96693590  0.00948608  0.96698243 -0.25501959
 1180.1  1.11111111  0.96693742  0.00931379  0.96698227 -0.25502034
 1180.2  1.11111111  0.96693918  0.00914072  0.96698238 -0.25502004
 1180.3  1.11111111  0.96694114  0.00897102  0.96698276 -0.25501871
 1180.4  1.11111111  0.96694326  0.00880865  0.96698338 -0.25501640
 1180.5  1.11111111  0.96694548  0.00865733  0.96698424 -0.25501320
 1180.6  1.11111111  0.96694776  0.00852050  0.96698530 -0.25500918
 1180.7  1.11111111  0.96695004  0.00840114  0.96698654 -0.25500447
 1180.8  1.11111111  0.96695228  0.00830173  0.96698791 -0.25499920
 1180.9  1.11111111  0.96695443  0.00822423  0.96698940 -0.25499348
 1181.0  1.11111111  0.96695645  0.00817007  0.96699097 -0.25498748
 1181.1  1.11111111  0.96695830  0.00814008  0.96699256 -0.25498134
 1181.2  1.11111111  0.96695993  0.00813444  0.96699414 -0.25497520
 1181.3  1.11111111  0.96696131  0.00815278  0.96699568 -0.25496922
 1181.4  1.11111111  0.96696243  0.00819418  0.96699715 -0.25496352
 1181.5  1.11111111  0.96696325  0.00825719  0.96699851 -0.25495825
 1181.6  1.11111111  0.96696375  0.00833988  0.96699971 -0.25495351
 1181.7  1.11111111  0.96696392  0.00843986  0.96700076 -0.25494942
 1181.8  1.11111111  0.96696378  0.00855443  0.96700162 -0.25494603
 1181.9  1.11111111  0.96696331  0.00868061  0.96700227 -0.25494344
 1182.0  1.11111111  0.96696253  0.00881519  0.96700271 -0.25494168
 1182.1  1.11111111  0.96696145  0.00895483  0.96700292 -0.25494078
 1182.2  1.11111111  0.96696013  0.00909613  0.96700291 -0.25494074
 1182.3  1.11111111  0.96695858  0.00923576  0.96700269 -0.25494155
 1182.4  1.11111111  0.96695685  0.00937049  0.96700225 -0.25494316
 1182.5  1.11111111  0.96695498  0.00949723  0.96700162 -0.25494554
 1182.6  1.11111111  0.96695303  0.00961314  0.96700082 -0.25494860
 1182.7  1.11111111  0.96695105  0.00971570  0.96699986 -0.25495226
 1182.8  1.11111111  0.96694909  0.00980277  0.96699878 -0.25495643
 1182.9  1.11111111  0.96694719  0.00987257  0.96699759 -0.25496100
 1183.0  1.11111111  0.96694540  0.00992376  0.96699633 -0.25496584
 1183.1  1.11111111  0.96694378  0.00995546  0.96699503 -0.25497084
 1183.2  1.11111111  0.96694236  0.00996731  0.96699373 -0.25497588
 1183.3  1.11111111  0.96694116  0.00995938  0.96699244 -0.25498085
 1183.4  1.11111111  0.96694020  0.00993220  0.96699121 -0.25498562
 1183.5  1.11111111  0.96693952  0.00988676  0.96699006 -0.25499007
 1183.6  1.11111111  0.96693911  0.00982449  0.96698902 -0.25499412
 1183.7  1.11111111  0.96693898  0.00974720  0.96698811 -0.25499768
 1183.8  1.11111111  0.96693912  0.00965699  0.96698734 -0.25500067
 1183.9  1.11111111  0.96693951  0.00955624  0.96698673 -0.25500302
 1184.0  1.11111111  0.96694016  0.00944757  0.96698631 -0.25500470
 1184.1  1.11111111  0.96694102  0.00933373  0.96698607 -0.25500568
 1184.2  1.11111111  0.96694208  0.00921754  0.96698601 -0.25500595
 1184.3  1.11111111  0.96694329  0.00910179  0.96698613 -0.25500552
 1184.4  1.11111111  0.96694465  0.00898925  0.96698643 -0.25500440
 1184.5  1.11111111  0.96694611  0.00888256  0.96698690 -0.25500264
 1184.6  1.11111111  0.96694762  0.00878413  0.96698752 -0.25500030
 1184.7  1.11111111  0.96694917  0.00869614  0.96698827 -0.25499744
 1184.8  1.11111111  0.96695071  0.00862045  0.96698914 -0.25499414
 1184.9  1.11111111  0.96695222  0.00855864  0.96699010 -0.25499049
 1185.0  1.11111111  0.96695366  0.00851189  0.96699112 -0.25498657
 1185.1  1.11111111  0.96695499  0.00848100  0.96699218 -0.25498250
 1185.2  1.11111111  0.96695620  0.00846636  0.96699326 -0.25497837
 1185.3  1.11111111  0.96695725  0.00846800  0.96699433 -0.25497427
 1185.4  1.11111111  0.96695813  0.00848557  0.96699536 -0.25497030
 1185.5  1.11111111  0.96695881  0.00851831  0.96699633 -0.25496656
 1185.6  1.11111111  0.96695928  0.00856512  0.96699721 -0.25496313
 1185.7  1.11111111  0.96695954  0.00862464  0.96699800 -0.25496009
 1185.8  1.11111111  0.96695957  0.00869522  0.96699867 -0.25495749
 1185.9  1.11111111  0.96695938  0.00877499  0.96699920 -0.25495539
 1186.0  1.11111111  0.96695898  0.00886184  0.96699959 -0.25495384
 1186.1  1.11111111  0.96695838  0.00895361  0.96699983 -0.25495285
 1186.2  1.11111111  0.96695759  0.00904806  0.96699992 -0.25495244
 1186.3  1.11111111  0.96695664  0.00914291  0.96699986 -0.25495261
 1186.4  1.11111111  0.96695555  0.00923589  0.96699965 -0.25495334
 1186.5  1.11111111  0.96695435  0.00932485  0.96699931 -0.25495461
 1186.6  1.11111111  0.96695308  0.00940776  0.96699884 -0.25495637
 1186.7  1.11111111  0.96695176  0.00948280  0.96699826 -0.25495857
 1186.8  1.11111111  0.96695043  0.00954833  0.96699757 -0.25496116
 1186.9  1.11111111  0.96694912  0.00960295  0.96699681 -0.25496406
 1187.0  1.11111111  0.96694788  0.00964558  0.96699599 -0.25496720
 1187.1  1.11111111  0.96694673  0.00967547  0.96699513 -0.25497050
 1187.2  1.11111111  0.96694568  0.00969213  0.96699425 -0.25497388
 1187.3  1.11111111  0.96694477  0.00969539  0.96699337 -0.25497726
 1187.4  1.11111111  0.96694402  0.00968545  0.96699253 -0.25498055
 1187.5  1.11111111  0.96694344  0.00966280  0.96699172 -0.25498368
 1187.6  1.11111111  0.96694304  0.00962823  0.96699098 -0.25498658
 1187.7  1.11111111  0.96694282  0.00958278  0.96699031 -0.25498919
 1187.8  1.11111111  0.96694279  0.00952773  0.96698973 -0.25499145
 1187.9  1.11111111  0.96694295  0.00946459  0.96698927 -0.25499330
 1188.0  1.11111111  0.96694327  0.00939504  0.96698891 -0.25499473
 1188.1  1.11111111  0.96694375  0.00932083  0.96698867 -0.25499569
 1188.2  1.11111111  0.96694437  0.00924382  0.96698855 -0.25499618
 1188.3  1.11111111  0.96694512  0.00916589  0.96698857 -0.25499620
 1188.4  1.11111111  0.96694598  0.00908894  0.96698869 -0.25499575
 1188.5  1.11111111  0.96694691  0.00901476  0.96698893 -0.25499485
 1188.6  1.11111111  0.96694791  0.00894503  0.96698928 -0.25499354
 1188.7  1.11111111  0.96694894  0.00888132  0.96698973 -0.25499185
 1188.8  1.11111111  0.96694999  0.00882503  0.96699026 -0.25498982
 1188.9  1.11111111  0.96695102  0.00877735  0.96699086 -0.25498753
 1189.0  1.11111111  0.96695202  0.00873921  0.96699151 -0.25498502
 1189.1  1.11111111  0.96695296  0.00871132  0.96699220 -0.25498236
 1189.2  1.11111111  0.96695383  0.00869415  0.96699291 -0.25497960
 1189.3  1.11111111  0.96695460  0.00868790  0.96699363 -0.25497683
 1189.4  1.11111111  0.96695526  0.00869251  0.96699433 -0.25497411
 1189.5  1.11111111  0.96695580  0.00870762  0.96699500 -0.25497150
 1189.6  1.11111111  0.96695620  0.00873266  0.96699563 -0.25496906
 1189.7  1.11111111  0.96695647  0.00876687  0.96699621 -0.25496684
 1189.8  1.11111111  0.96695658  0.00880925  0.96699670 -0.25496489
 1189.9  1.11111111  0.96695654  0.00885866  0.96699712 -0.25496326
 1190.0  1.11111111  0.96695636  0.00891378  0.96699745 -0.25496197
 1190.1  1.11111111  0.96695605  0.00897323  0.96699768 -0.25496104
 1190.2  1.11111111  0.96695560  0.00903564  0.96699782 -0.25496050
 1190.3  1.11111111  0.96695504  0.00909937  0.96699785 -0.25496035
 1190.4  1.11111111  0.96695437  0.00916286  0.96699778 -0.25496059
 1190.5  1.11111111  0.96695362  0.00922462  0.96699762 -0.25496120
 1190.6  1.11111111  0.96695281  0.00928325  0.96699737 -0.25496215
 1190.7  1.11111111  0.96695195  0.00933740  0.96699703 -0.25496344
 1190.8  1.11111111  0.96695106  0.00938585  0.96699661 -0.25496501
 1190.9  1.11111111  0.96695018  0.00942756  0.96699614 -0.25496682
 1191.0  1.11111111  0.96694933  0.00946169  0.96699562 -0.25496882
 1191.1  1.11111111  0.96694851  0.00948757  0.96699506 -0.25497097
 1191.2  1.11111111  0.96694776  0.00950474  0.96699447 -0.25497321
 1191.3  1.11111111  0.96694708  0.00951293  0.96699388 -0.25497549
 1191.4  1.11111111  0.96694651  0.00951215  0.96699330 -0.25497774
 1191.5  1.11111111  0.96694604  0.00950263  0.96699273 -0.25497992
 1191.6  1.11111111  0.96694568  0.00948472  0.96699219 -0.25498198
 1191.7  1.11111111  0.96694544  0.00945898  0.96699170 -0.25498387
 1191.8  1.11111111  0.96694533  0.00942622  0.96699128 -0.25498555
 1191.9  1.11111111  0.96694535  0.00938737  0.96699091 -0.25498698
 1192.0  1.11111111  0.96694547  0.00934346  0.96699061 -0.25498814
 1192.1  1.11111111  0.96694571  0.00929560  0.96699039 -0.25498900
 1192.2  1.11111111  0.96694607  0.00924501  0.96699026 -0.25498954
 1192.3  1.11111111  0.96694651  0.00919301  0.96699021 -0.25498976
 1192.4  1.11111111  0.96694703  0.00914082  0.96699024 -0.25498967
 1192.5  1.11111111  0.96694762  0.00908964  0.96699035 -0.25498927
 1192.6  1.11111111  0.96694828  0.00904068  0.96699054 -0.25498857
 1192.7  1.11111111  0.96694897  0.00899511  0.96699081 -0.25498760
 1192.8  1.11111111  0.96694966  0.00895391  0.96699112 -0.25498639
 1192.9  1.11111111  0.96695037  0.00891793  0.96699149 -0.25498497
 1193.0  1.11111111  0.96695107  0.00888792  0.96699192 -0.25498337
 1193.1  1.11111111  0.96695174  0.00886454  0.96699238 -0.25498164
 1193.2  1.11111111  0.96695236  0.00884820  0.96699284 -0.25497983
 1193.3  1.11111111  0.96695292  0.00883907  0.96699332 -0.25497798
 1193.4  1.11111111  0.96695343  0.00883725  0.96699381 -0.25497612
 1193.5  1.11111111  0.96695385  0.00884272  0.96699428 -0.25497430
 1193.6  1.11111111  0.96695417  0.00885518  0.96699472 -0.25497259
 1193.7  1.11111111  0.96695440  0.00887413  0.96699512 -0.25497100
 1193.8  1.11111111  0.96695455  0.00889901  0.96699550 -0.25496956
 1193.9  1.11111111  0.96695459  0.00892921  0.96699582 -0.25496832
 1194.0  1.11111111  0.96695452  0.00896386  0.96699607 -0.25496730
 1194.1  1.11111111  0.96695436  0.00900202  0.96699626 -0.25496652
 1194.2  1.11111111  0.96695412  0.00904272  0.96699640 -0.25496598
 1194.3  1.11111111  0.96695379  0.00908501  0.96699647 -0.25496571
 1194.4  1.11111111  0.96695338  0.00912783  0.96699646 -0.25496570
 1194.5  1.11111111  0.96695290  0.00917011  0.96699638 -0.25496595
 1194.6  1.11111111  0.96695239  0.00921089  0.96699625 -0.25496644
 1194.7  1.11111111  0.96695183  0.00924925  0.96699607 -0.25496716
 1194.8  1.11111111  0.96695124  0.00928432  0.96699582 -0.25496809
 1194.9  1.11111111  0.96695065  0.00931531  0.96699552 -0.25496920
 1195.0  1.11111111  0.96695007  0.00934156  0.96699519 -0.25497046
 1195.1  1.11111111  0.96694951  0.00936258  0.96699484 -0.25497184
 1195.2  1.11111111  0.96694898  0.00937796  0.96699445 -0.25497331
 1195.3  1.11111111  0.96694849  0.00938741  0.96699406 -0.25497482
 1195.4  1.11111111  0.96694807  0.00939085  0.96699367 -0.25497634
 1195.5  1.11111111  0.96694771  0.00938834  0.96699328 -0.25497784
 1195.6  1.11111111  0.96694742  0.00938003  0.96699291 -0.25497927
 1195.7  1.11111111  0.96694720  0.00936623  0.96699257 -0.25498062
 1195.8  1.11111111  0.96694708  0.00934737  0.96699225 -0.25498184
 1195.9  1.11111111  0.96694703  0.00932403  0.96699198 -0.25498291
 1196.0  1.11111111  0.96694706  0.00929683  0.96699175 -0.25498381
 1196.1  1.11111111  0.96694717  0.00926649  0.96699157 -0.25498452
 1196.2  1.11111111  0.96694736  0.00923377  0.96699145 -0.25498502
 1196.3  1.11111111  0.96694761  0.00919951  0.96699137 -0.25498531
 1196.4  1.11111111  0.96694793  0.00916452  0.96699136 -0.25498540
 1196.5  1.11111111  0.96694829  0.00912967  0.96699139 -0.25498527
 1196.6  1.11111111  0.96694870  0.00909577  0.96699148 -0.25498493
 1196.7  1.11111111  0.96694915  0.00906361  0.96699163 -0.25498440
 1196.8  1.11111111  0.96694961  0.00903393  0.96699181 -0.25498370
 1196.9  1.11111111  0.96695008  0.00900737  0.96699203 -0.25498284
 1197.0  1.11111111  0.96695055  0.00898449  0.96699229 -0.25498184
 1197.1  1.11111111  0.96695102  0.00896577  0.96699258 -0.25498074
 1197.2  1.11111111  0.96695146  0.00895159  0.96699289 -0.25497956
 1197.3  1.11111111  0.96695186  0.00894218  0.96699321 -0.25497834
 1197.4  1.11111111  0.96695223  0.00893766  0.96699353 -0.25497709
 1197.5  1.11111111  0.96695255  0.00893806  0.96699385 -0.25497585
 1197.6  1.11111111  0.96695281  0.00894329  0.96699417 -0.25497465
 1197.7  1.11111111  0.96695301  0.00895311  0.96699445 -0.25497352
 1197.8  1.11111111  0.96695314  0.00896718  0.96699472 -0.25497249
 1197.9  1.11111111  0.96695322  0.00898512  0.96699496 -0.25497156
 1198.0  1.11111111  0.96695322  0.00900642  0.96699516 -0.25497078
 1198.1  1.11111111  0.96695316  0.00903048  0.96699532 -0.25497014
 1198.2  1.11111111  0.96695303  0.00905669  0.96699544 -0.25496967
 1198.3  1.11111111  0.96695285  0.00908439  0.96699552 -0.25496937
 1198.4  1.11111111  0.96695261  0.00911290  0.96699555 -0.25496925
 1198.5  1.11111111  0.96695232  0.00914154  0.96699553 -0.25496929
 1198.6  1.11111111  0.96695200  0.00916962  0.96699547 -0.25496951
 1198.7  1.11111111  0.96695164  0.00919648  0.96699537 -0.25496989
 1198.8  1.11111111  0.96695126  0.00922154  0.96699523 -0.25497042
 1198.9  1.11111111  0.96695087  0.00924422  0.96699506 -0.25497108
 1199.0  1.11111111  0.96695047  0.00926407  0.96699485 -0.25497186
 1199.1  1.11111111  0.96695008  0.00928062  0.96699462 -0.25497274
 1199.2  1.11111111  0.96694971  0.00929355  0.96699437 -0.25497369
 1199.3  1.11111111  0.96694936  0.00930262  0.96699411 -0.25497468
 1199.4  1.11111111  0.96694905  0.00930771  0.96699385 -0.25497570
 1199.5  1.11111111  0.96694877  0.00930877  0.96699358 -0.25497672
 1199.6  1.11111111  0.96694854  0.00930584  0.96699332 -0.25497772
 1199.7  1.11111111  0.96694836  0.00929907  0.96699308 -0.25497867
 1199.8  1.11111111  0.96694824  0.00928868  0.96699285 -0.25497954
 1199.9  1.11111111  0.96694816  0.00927500  0.96699265 -0.25498033
 1200.0  1.11111111  0.96694815  0.00925842  0.96699247 -0.25498102
 1200.1  1.11111111  0.96694819  0.00923940  0.96699233 -0.25498158
 1200.2  1.11111111  0.96694828  0.00921844  0.96699222 -0.25498201
 1200.3  1.11111111  0.96694842  0.00919607  0.96699215 -0.25498231
 1200.4  1.11111111  0.96694861  0.00917284  0.96699211 -0.25498246
 1200.5  1.11111111  0.96694883  0.00914932  0.96699211 -0.25498247
 1200.6  1.11111111  0.96694909  0.00912607  0.96699215 -0.25498233
 1200.7  1.11111111  0.96694937  0.00910363  0.96699222 -0.25498207
 1200.8  1.11111111  0.96694968  0.00908252  0.96699233 -0.25498167
 1200.9  1.11111111  0.96694999  0.00906321  0.96699247 -0.25498116
 1201.0  1.11111111  0.96695031  0.00904612  0.96699263 -0.25498055
 1201.1  1.11111111  0.96695063  0.00903159  0.96699281 -0.25497986
 1201.2  1.11111111  0.96695094  0.00901997  0.96699301 -0.25497910
 1201.3  1.11111111  0.96695123  0.00901144  0.96699322 -0.25497830
 1201.4  1.11111111  0.96695149  0.00900616  0.96699343 -0.25497747
 1201.5  1.11111111  0.96695173  0.00900419  0.96699365 -0.25497663
 1201.6  1.11111111  0.96695193  0.00900552  0.96699386 -0.25497580
 1201.7  1.11111111  0.96695209  0.00901004  0.96699407 -0.25497501
 1201.8  1.11111111  0.96695221  0.00901761  0.96699426 -0.25497427
 1201.9  1.11111111  0.96695228  0.00902798  0.96699443 -0.25497360
 1202.0  1.11111111  0.96695232  0.00904083  0.96699458 -0.25497300
 1202.1  1.11111111  0.96695230  0.00905581  0.96699471 -0.25497251
 1202.2  1.11111111  0.96695224  0.00907253  0.96699480 -0.25497212
 1202.3  1.11111111  0.96695214  0.00909056  0.96699487 -0.25497184
 1202.4  1.11111111  0.96695200  0.00910943  0.96699491 -0.25497168
 1202.5  1.11111111  0.96695183  0.00912870  0.96699492 -0.25497163
 1202.6  1.11111111  0.96695163  0.00914791  0.96699490 -0.25497170
 1202.7  1.11111111  0.96695140  0.00916659  0.96699485 -0.25497189
 1202.8  1.11111111  0.96695116  0.00918431  0.96699477 -0.25497218
 1202.9  1.11111111  0.96695090  0.00920067  0.96699467 -0.25497256
 1203.0  1.11111111  0.96695064  0.00921531  0.96699455 -0.25497303
 1203.1  1.11111111  0.96695038  0.00922793  0.96699441 -0.25497358
 1203.2  1.11111111  0.96695012  0.00923826  0.96699425 -0.25497419
 1203.3  1.11111111  0.96694987  0.00924607  0.96699408 -0.25497484
 1203.4  1.11111111  0.96694965  0.00925126  0.96699390 -0.25497551
 1203.5  1.11111111  0.96694945  0.00925377  0.96699373 -0.25497620
 1203.6  1.11111111  0.96694927  0.00925359  0.96699355 -0.25497688
 1203.7  1.11111111  0.96694913  0.00925077  0.96699338 -0.25497754
 1203.8  1.11111111  0.96694902  0.00924544  0.96699322 -0.25497816
 1203.9  1.11111111  0.96694895  0.00923776  0.96699307 -0.25497873
 1204.0  1.11111111  0.96694891  0.00922798  0.96699294 -0.25497923
 1204.1  1.11111111  0.96694891  0.00921633  0.96699283 -0.25497967
 1204.2  1.11111111  0.96694895  0.00920315  0.96699274 -0.25498002
 1204.3  1.11111111  0.96694902  0.00918876  0.96699267 -0.25498028
 1204.4  1.11111111  0.96694912  0.00917356  0.96699263 -0.25498045
 1204.5  1.11111111  0.96694925  0.00915788  0.96699262 -0.25498053
 1204.6  1.11111111  0.96694941  0.00914207  0.96699262 -0.25498050
 1204.7  1.11111111  0.96694959  0.00912654  0.96699265 -0.25498039
 1204.8  1.11111111  0.96694978  0.00911166  0.96699271 -0.25498018
 1204.9  1.11111111  0.96694999  0.00909779  0.96699279 -0.25497989
 1205.0  1.11111111  0.96695020  0.00908521  0.96699288 -0.25497953
 1205.1  1.11111111  0.96695042  0.00907421  0.96699299 -0.25497910
 1205.2  1.11111111  0.96695063  0.00906502  0.96699312 -0.25497862
 1205.3  1.11111111  0.96695083  0.00905781  0.96699326 -0.25497810
 1205.4  1.11111111  0.96695102  0.00905272  0.96699340 -0.25497755
 1205.5  1.11111111  0.96695120  0.00904984  0.96699355 -0.25497699
 1205.6  1.11111111  0.96695135  0.00904918  0.96699369 -0.25497642
 1205.7  1.11111111  0.96695148  0.00905073  0.96699384 -0.25497587
 1205.8  1.11111111  0.96695158  0.00905439  0.96699397 -0.25497535
 1205.9  1.11111111  0.96695165  0.00906004  0.96699410 -0.25497486
 1206.0  1.11111111  0.96695170  0.00906753  0.96699421 -0.25497443
 1206.1  1.11111111  0.96695171  0.00907662  0.96699431 -0.25497405
 1206.2  1.11111111  0.96695169  0.00908707  0.96699439 -0.25497373
 1206.3  1.11111111  0.96695164  0.00909862  0.96699445 -0.25497349
 1206.4  1.11111111  0.96695157  0.00911096  0.96699449 -0.25497332
 1206.5  1.11111111  0.96695147  0.00912379  0.96699451 -0.25497324
 1206.6  1.11111111  0.96695135  0.00913679  0.96699451 -0.25497323
 1206.7  1.11111111  0.96695120  0.00914966  0.96699449 -0.25497330
 1206.8  1.11111111  0.96695105  0.00916208  0.96699445 -0.25497345
 1206.9  1.11111111  0.96695088  0.00917379  0.96699439 -0.25497366
 1207.0  1.11111111  0.96695070  0.00918450  0.96699432 -0.25497394
 1207.1  1.11111111  0.96695052  0.00919399  0.96699423 -0.25497428
 1207.2  1.11111111  0.96695035  0.00920206  0.96699413 -0.25497466
 1207.3  1.11111111  0.96695017  0.00920854  0.96699402 -0.25497508
 1207.4  1.11111111  0.96695001  0.00921330  0.96699390 -0.25497552
 1207.5  1.11111111  0.96694986  0.00921626  0.96699378 -0.25497598
 1207.6  1.11111111  0.96694973  0.00921739  0.96699366 -0.25497645
 1207.7  1.11111111  0.96694962  0.00921669  0.96699355 -0.25497690
 1207.8  1.11111111  0.96694953  0.00921423  0.96699343 -0.25497734
 1207.9  1.11111111  0.96694947  0.00921010  0.96699333 -0.25497775
 1208.0  1.11111111  0.96694942  0.00920441  0.96699323 -0.25497813
 1208.1  1.11111111  0.96694941  0.00919735  0.96699315 -0.25497845
 1208.2  1.11111111  0.96694942  0.00918910  0.96699308 -0.25497873
 1208.3  1.11111111  0.96694945  0.00917987  0.96699302 -0.25497895
 1208.4  1.11111111  0.96694950  0.00916992  0.96699298 -0.25497910
 1208.5  1.11111111  0.96694958  0.00915949  0.96699296 -0.25497920
 1208.6  1.11111111  0.96694968  0.00914883  0.96699296 -0.25497922
 1208.7  1.11111111  0.96694979  0.00913820  0.96699297 -0.25497918
 1208.8  1.11111111  0.96694991  0.00912786  0.96699300 -0.25497908
 1208.9  1.11111111  0.96695005  0.00911804  0.96699304 -0.25497892
 1209.0  1.11111111  0.96695019  0.00910898  0.96699309 -0.25497871
 1209.1  1.11111111  0.96695034  0.00910085  0.96699316 -0.25497845
 1209.2  1.11111111  0.96695048  0.00909385  0.96699324 -0.25497815
 1209.3  1.11111111  0.96695062  0.00908812  0.96699333 -0.25497781
 1209.4  1.11111111  0.96695076  0.00908377  0.96699342 -0.25497745
 1209.5  1.11111111  0.96695088  0.00908087  0.96699352 -0.25497708
 1209.6  1.11111111  0.96695099  0.00907946  0.96699362 -0.25497670
 1209.7  1.11111111  0.96695109  0.00907955  0.96699372 -0.25497632
 1209.8  1.11111111  0.96695117  0.00908111  0.96699381 -0.25497596
 1209.9  1.11111111  0.96695123  0.00908407  0.96699390 -0.25497561
 1210.0  1.11111111  0.96695127  0.00908834  0.96699398 -0.25497530
 1210.1  1.11111111  0.96695129  0.00909379  0.96699405 -0.25497502
 1210.2  1.11111111  0.96695129  0.00910026  0.96699411 -0.25497478
 1210.3  1.11111111  0.96695127  0.00910759  0.96699416 -0.25497458
 1210.4  1.11111111  0.96695123  0.00911558  0.96699420 -0.25497444
 1210.5  1.11111111  0.96695118  0.00912403  0.96699422 -0.25497434
 1210.6  1.11111111  0.96695110  0.00913273  0.96699423 -0.25497431
 1210.7  1.11111111  0.96695102  0.00914147  0.96699423 -0.25497432
 1210.8  1.11111111  0.96695092  0.00915004  0.96699421 -0.25497439
 1210.9  1.11111111  0.96695081  0.00915825  0.96699418 -0.25497450
 1211.0  1.11111111  0.96695069  0.00916589  0.96699413 -0.25497466
 1211.1  1.11111111  0.96695057  0.00917282  0.96699408 -0.25497487
 1211.2  1.11111111  0.96695045  0.00917886  0.96699402 -0.25497510
 1211.3  1.11111111  0.96695034  0.00918389  0.96699395 -0.25497537
 1211.4  1.11111111  0.96695022  0.00918783  0.96699387 -0.25497566
 1211.5  1.11111111  0.96695012  0.00919059  0.96699380 -0.25497596
 1211.6  1.11111111  0.96695002  0.00919213  0.96699371 -0.25497627
 1211.7  1.11111111  0.96694994  0.00919243  0.96699363 -0.25497658
 1211.8  1.11111111  0.96694987  0.00919152  0.96699355 -0.25497689
 1211.9  1.11111111  0.96694981  0.00918944  0.96699348 -0.25497718
 1212.0  1.11111111  0.96694978  0.00918626  0.96699341 -0.25497744
 1212.1  1.11111111  0.96694975  0.00918208  0.96699335 -0.25497768
 1212.2  1.11111111  0.96694975  0.00917702  0.96699330 -0.25497789
 1212.3  1.11111111  0.96694976  0.00917121  0.96699325 -0.25497806
 1212.4  1.11111111  0.96694979  0.00916481  0.96699322 -0.25497819
 1212.5  1.11111111  0.96694983  0.00915799  0.96699320 -0.25497828
 1212.6  1.11111111  0.96694989  0.00915090  0.96699319 -0.25497833
 1212.7  1.11111111  0.96694996  0.00914373  0.96699319 -0.25497833
 1212.8  1.11111111  0.96695003  0.00913665  0.96699320 -0.25497829
 1212.9  1.11111111  0.96695012  0.00912983  0.96699322 -0.25497821
 1213.0  1.11111111  0.96695021  0.00912341  0.96699325 -0.25497809
 1213.1  1.11111111  0.96695031  0.00911754  0.96699329 -0.25497793
 1213.2  1.11111111  0.96695041  0.00911236  0.96699334 -0.25497774
 1213.3  1.11111111  0.96695051  0.00910797  0.96699340 -0.25497753
 1213.4  1.11111111  0.96695060  0.00910446  0.96699346 -0.25497730
 1213.5  1.11111111  0.96695069  0.00910189  0.96699352 -0.25497706
 1213.6  1.11111111  0.96695077  0.00910031  0.96699359 -0.25497680
 1213.7  1.11111111  0.96695084  0.00909973  0.96699366 -0.25497655
 1213.8  1.11111111  0.96695090  0.00910016  0.96699372 -0.25497629
 1213.9  1.11111111  0.96695095  0.00910156  0.96699378 -0.25497605
 1214.0  1.11111111  0.96695098  0.00910388  0.96699384 -0.25497583
 1214.1  1.11111111  0.96695101  0.00910704  0.96699389 -0.25497563
 1214.2  1.11111111  0.96695102  0.00911094  0.96699394 -0.25497545
 1214.3  1.11111111  0.96695101  0.00911549  0.96699398 -0.25497530
 1214.4  1.11111111  0.96695100  0.00912055  0.96699401 -0.25497518
 1214.5  1.11111111  0.96695096  0.00912600  0.96699403 -0.25497509
 1214.6  1.11111111  0.96695092  0.00913171  0.96699404 -0.25497505
 1214.7  1.11111111  0.96695087  0.00913754  0.96699404 -0.25497503
 1214.8  1.11111111  0.96695081  0.00914335  0.96699404 -0.25497505
 1214.9  1.11111111  0.96695074  0.00914901  0.96699402 -0.25497511
 1215.0  1.11111111  0.96695067  0.00915438  0.96699400 -0.25497519
 1215.1  1.11111111  0.96695059  0.00915934  0.96699397 -0.25497531
 1215.2  1.11111111  0.96695051  0.00916379  0.96699393 -0.25497545
 1215.3  1.11111111  0.96695043  0.00916763  0.96699389 -0.25497562
 1215.4  1.11111111  0.96695035  0.00917081  0.96699384 -0.25497580
 1215.5  1.11111111  0.96695028  0.00917325  0.96699379 -0.25497600
 1215.6  1.11111111  0.96695021  0.00917489  0.96699373 -0.25497620
 1215.7  1.11111111  0.96695014  0.00917570  0.96699368 -0.25497641
 1215.8  1.11111111  0.96695009  0.00917569  0.96699363 -0.25497662
 1215.9  1.11111111  0.96695005  0.00917487  0.96699357 -0.25497682
 1216.0  1.11111111  0.96695001  0.00917326  0.96699352 -0.25497701
 1216.1  1.11111111  0.96694999  0.00917094  0.96699348 -0.25497719
 1216.2  1.11111111  0.96694998  0.00916794  0.96699344 -0.25497735
 1216.3  1.11111111  0.96694998  0.00916438  0.96699341 -0.25497748
 1216.4  1.11111111  0.96694999  0.00916033  0.96699338 -0.25497759
 1216.5  1.11111111  0.96695001  0.00915593  0.96699336 -0.25497767
 1216.6  1.11111111  0.96695004  0.00915126  0.96699334 -0.25497772
 1216.7  1.11111111  0.96695008  0.00914646  0.96699334 -0.25497774
 1216.8  1.11111111  0.96695013  0.00914163  0.96699334 -0.25497773
 1216.9  1.11111111  0.96695018  0.00913690  0.96699335 -0.25497770
 1217.0  1.11111111  0.96695024  0.00913236  0.96699337 -0.25497763
 1217.1  1.11111111  0.96695031  0.00912813  0.96699339 -0.25497755
 1217.2  1.11111111  0.96695037  0.00912430  0.96699342 -0.25497743
 1217.3  1.11111111  0.96695044  0.00912094  0.96699346 -0.25497730
 1217.4  1.11111111  0.96695050  0.00911814  0.96699349 -0.25497716
 1217.5  1.11111111  0.96695057  0.00911595  0.96699354 -0.25497700
 1217.6  1.11111111  0.96695062  0.00911441  0.96699358 -0.25497683
 1217.7  1.11111111  0.96695068  0.00911354  0.96699362 -0.25497666
 1217.8  1.11111111  0.96695072  0.00911336  0.96699367 -0.25497649
 1217.9  1.11111111  0.96695076  0.00911385  0.96699371 -0.25497632
 1218.0  1.11111111  0.96695079  0.00911499  0.96699375 -0.25497616
 1218.1  1.11111111  0.96695081  0.00911674  0.96699379 -0.25497601
 1218.2  1.11111111  0.96695083  0.00911904  0.96699383 -0.25497588
 1218.3  1.11111111  0.96695083  0.00912184  0.96699386 -0.25497576
 1218.4  1.11111111  0.96695082  0.00912505  0.96699388 -0.25497567
 1218.5  1.11111111  0.96695081  0.00912859  0.96699390 -0.25497559
 1218.6  1.11111111  0.96695079  0.00913237  0.96699391 -0.25497554
 1218.7  1.11111111  0.96695076  0.00913630  0.96699392 -0.25497552
 1218.8  1.11111111  0.96695072  0.00914027  0.96699392 -0.25497552
 1218.9  1.11111111  0.96695067  0.00914420  0.96699391 -0.25497554
 1219.0  1.11111111  0.96695063  0.00914798  0.96699390 -0.25497559
 1219.1  1.11111111  0.96695057  0.00915154  0.96699388 -0.25497565
 1219.2  1.11111111  0.96695052  0.00915479  0.96699386 -0.25497574
 1219.3  1.11111111  0.96695047  0.00915765  0.96699383 -0.25497584
 1219.4  1.11111111  0.96695041  0.00916008  0.96699380 -0.25497596
 1219.5  1.11111111  0.96695036  0.00916201  0.96699376 -0.25497609
 1219.6  1.11111111  0.96695031  0.00916342  0.96699373 -0.25497623
 1219.7  1.11111111  0.96695027  0.00916428  0.96699369 -0.25497637
 1219.8  1.11111111  0.96695023  0.00916458  0.96699366 -0.25497651
 1219.9  1.11111111  0.96695020  0.00916434  0.96699362 -0.25497664
 1220.0  1.11111111  0.96695017  0.00916355  0.96699359 -0.25497678
 1220.1  1.11111111  0.96695015  0.00916225  0.96699355 -0.25497690
 1220.2  1.11111111  0.96695013  0.00916049  0.96699352 -0.25497702
 1220.3  1.11111111  0.96695013  0.00915831  0.96699350 -0.25497711
 1220.4  1.11111111  0.96695013  0.00915579  0.96699348 -0.25497720
 1220.5  1.11111111  0.96695014  0.00915297  0.96699346 -0.25497726
 1220.6  1.11111111  0.96695016  0.00914993  0.96699345 -0.25497731
 1220.7  1.11111111  0.96695018  0.00914675  0.96699344 -0.25497733
 1220.8  1.11111111  0.96695021  0.00914352  0.96699344 -0.25497734
 1220.9  1.11111111  0.96695025  0.00914031  0.96699345 -0.25497733
 1221.0  1.11111111  0.96695029  0.00913719  0.96699346 -0.25497730
 1221.1  1.11111111  0.96695033  0.00913423  0.96699347 -0.25497725
 1221.2  1.11111111  0.96695037  0.00913150  0.96699349 -0.25497718
 1221.3  1.11111111  0.96695041  0.00912906  0.96699351 -0.25497710
 1221.4  1.11111111  0.96695046  0.00912696  0.96699353 -0.25497701
 1221.5  1.11111111  0.96695050  0.00912524  0.96699356 -0.25497691
 1221.6  1.11111111  0.96695054  0.00912394  0.96699359 -0.25497680
 1221.7  1.11111111  0.96695058  0.00912306  0.96699362 -0.25497669
 1221.8  1.11111111  0.96695061  0.00912264  0.96699365 -0.25497657
 1221.9  1.11111111  0.96695064  0.00912266  0.96699367 -0.25497646
 1222.0  1.11111111  0.96695067  0.00912313  0.96699370 -0.25497635
 1222.1  1.11111111  0.96695068  0.00912402  0.96699373 -0.25497625
 1222.2  1.11111111  0.96695070  0.00912529  0.96699375 -0.25497615
 1222.3  1.11111111  0.96695070  0.00912692  0.96699378 -0.25497607
 1222.4  1.11111111  0.96695070  0.00912887  0.96699380 -0.25497599
 1222.5  1.11111111  0.96695070  0.00913108  0.96699381 -0.25497593
 1222.6  1.11111111  0.96695069  0.00913350  0.96699382 -0.25497589
 1222.7  1.11111111  0.96695067  0.00913607  0.96699383 -0.25497586
 1222.8  1.11111111  0.96695065  0.00913871  0.96699383 -0.25497584
 1222.9  1.11111111  0.96695062  0.00914137  0.96699383 -0.25497585
 1223.0  1.11111111  0.96695059  0.00914399  0.96699383 -0.25497587
 1223.1  1.11111111  0.96695056  0.00914650  0.96699382 -0.25497590
 1223.2  1.11111111  0.96695052  0.00914885  0.96699380 -0.25497595
 1223.3  1.11111111  0.96695049  0.00915099  0.96699379 -0.25497601
 1223.4  1.11111111  0.96695045  0.00915287  0.96699377 -0.25497608
 1223.5  1.11111111  0.96695041  0.00915445  0.96699375 -0.25497616
 1223.6  1.11111111  0.96695038  0.00915570  0.96699372 -0.25497625
 1223.7  1.11111111  0.96695035  0.00915659  0.96699370 -0.25497634
 1223.8  1.11111111  0.96695032  0.00915710  0.96699368 -0.25497644
 1223.9  1.11111111  0.96695029  0.00915725  0.96699365 -0.25497653
 1224.0  1.11111111  0.96695027  0.00915701  0.96699363 -0.25497663
 1224.1  1.11111111  0.96695025  0.00915641  0.96699360 -0.25497672
 1224.2  1.11111111  0.96695024  0.00915546  0.96699358 -0.25497680
 1224.3  1.11111111  0.96695023  0.00915420  0.96699356 -0.25497688
 1224.4  1.11111111  0.96695023  0.00915266  0.96699355 -0.25497694
 1224.5  1.11111111  0.96695023  0.00915088  0.96699353 -0.25497700
 1224.6  1.11111111  0.96695024  0.00914890  0.96699352 -0.25497704
 1224.7  1.11111111  0.96695025  0.00914679  0.96699351 -0.25497707
 1224.8  1.11111111  0.96695027  0.00914458  0.96699351 -0.25497708
 1224.9  1.11111111  0.96695029  0.00914234  0.96699351 -0.25497709
 1225.0  1.11111111  0.96695032  0.00914012  0.96699351 -0.25497707
 1225.1  1.11111111  0.96695034  0.00913796  0.96699352 -0.25497705
