 # TIME  LP  TMAB  TMDS  TMPC  TMZ
 1125.1  1.11111111  0.96285391  0.03468655  0.96347849 -0.26736284
 1125.2  1.11111111  0.96285391  0.03468655  0.96347849 -0.26736284
 1125.3  1.11111111  0.96285391  0.03468655  0.96347849 -0.26736284
 1125.4  1.11111111  0.96285391  0.03468655  0.96347849 -0.26736284
 1125.5  1.11111111  0.96285391  0.03468655  0.96347849 -0.26736284
 1125.6  1.11111111  0.96285391  0.03468655  0.96347849 -0.26736284
 1125.7  1.11111111  0.96285391  0.03468655  0.96347849 -0.26736284
 1125.8  1.11111111  0.96285391  0.03468655  0.96347849 -0.26736284
 1125.9  1.11111111  0.96285391  0.03468655  0.96347849 -0.26736284
 1126.0  1.11111111  0.96285391  0.03468655  0.96347849 -0.26736284
 1126.1  1.11111111  0.96285391  0.03468655  0.96347849 -0.26736284
 1126.2  1.11111111  0.96285391  0.03468655  0.96347849 -0.26736284
 1126.3  1.11111111  0.96285391  0.03468655  0.96347849 -0.26736284
 1126.4  1.11111111  0.96285391  0.03468655  0.96347849 -0.26736284
 1126.5  1.11111111  0.96285391  0.03468655  0.96347849 -0.26736284
 1126.6  1.11111111  0.96285391  0.03468655  0.96347849 -0.26736284
 1126.7  1.11111111  0.96285391  0.03468655  0.96347849 -0.26736284
 1126.8  1.11111111  0.96285391  0.03468655  0.96347849 -0.26736284
 1126.9  1.11111111  0.96285391  0.03468655  0.96347849 -0.26736284
 1127.0  1.11111111  0.96285391  0.03468655  0.96347849 -0.26736284
 1127.1  1.11111111  0.96285391  0.03468655  0.96347849 -0.26736284
 1127.2  1.11111111  0.96285391  0.03468655  0.96347849 -0.26736284
 1127.3  1.11111111  0.96285391  0.03468655  0.96347849 -0.26736284
 1127.4  1.11111111  0.96285391  0.03468655  0.96347849 -0.26736284
 1127.5  1.11111111  0.96285391  0.03468655  0.96347849 -0.26736284
 1127.6  1.11111111  0.96285391  0.03468655  0.96347849 -0.26736284
 1127.7  1.11111111  0.96285391  0.03468655  0.96347849 -0.26736284
 1127.8  1.11111111  0.96285391  0.03468655  0.96347849 -0.26736284
 1127.9  1.11111111  0.96285391  0.03468655  0.96347849 -0.26736284
 1128.0  1.11111111  0.96285391  0.03468655  0.96347849 -0.26736284
 1128.1  1.11111111  0.96285391  0.03468655  0.96347849 -0.26736284
 1128.2  1.11111111  0.96285391  0.03468655  0.96347849 -0.26736284
 1128.3  1.11111111  0.96285391  0.03468655  0.96347849 -0.26736284
 1128.4  1.11111111  0.96285391  0.03468655  0.96347849 -0.26736284
 1128.5  1.11111111  0.96285391  0.03468655  0.96347849 -0.26736284
 1128.6  1.11111111  0.96285391  0.03468655  0.96347849 -0.26736284
 1128.7  1.11111111  0.96285391  0.03468655  0.96347849 -0.26736284
 1128.8  1.11111111  0.96285391  0.03468655  0.96347849 -0.26736284
 1128.9  1.11111111  0.96285391  0.03468655  0.96347849 -0.26736284
 1129.0  1.11111111  0.96285391  0.03468655  0.96347849 -0.26736284
 1129.1  1.11111111  0.96285391  0.03468655  0.96347849 -0.26736284
 1129.2  1.11111111  0.96285391  0.03468655  0.96347849 -0.26736284
 1129.3  1.11111111  0.96285391  0.03468655  0.96347849 -0.26736284
 1129.4  1.11111111  0.96285391  0.03468655  0.96347849 -0.26736284
 1129.5  1.11111111  0.96285391  0.03468655  0.96347849 -0.26736284
 1129.6  1.11111111  0.96285391  0.03468655  0.96347849 -0.26736284
 1129.7  1.11111111  0.96285391  0.03468655  0.96347849 -0.26736284
 1129.8  1.11111111  0.96285391  0.03468655  0.96347849 -0.26736284
 1129.9  1.11111111  0.96285391  0.03468655  0.96347849 -0.26736284
 1130.0  1.11111111  0.96285391  0.03468655  0.96347849 -0.26736284
 1130.1  1.11111111  0.96285391  0.03468655  0.96347849 -0.26736284
 1130.2  1.11111111  0.96285391  0.03468655  0.96347849 -0.26736284
 1130.3  1.11111111  0.96285391  0.03468655  0.96347849 -0.26736284
 1130.4  1.11111111  0.96285391  0.03468655  0.96347849 -0.26736284
 1130.5  1.11111111  0.96285391  0.03468655  0.96347849 -0.26736284
 1130.6  1.11111111  0.96285391  0.03468655  0.96347849 -0.26736284
 1130.7  1.11111111  0.96285391  0.03468655  0.96347849 -0.26736284
 1130.8  1.11111111  0.96285391  0.03468655  0.96347849 -0.26736284
 1130.9  1.11111111  0.96285391  0.03468655  0.96347849 -0.26736284
 1131.0  1.11111111  0.96285391  0.03468655  0.96347849 -0.26736284
 1131.1  1.11111111  0.96285391  0.03468655  0.96347849 -0.26736284
 1131.2  1.11111111  0.96285391  0.03468655  0.96347849 -0.26736284
 1131.3  1.11111111  0.96285391  0.03468655  0.96347849 -0.26736284
 1131.4  1.11111111  0.96285391  0.03468655  0.96347849 -0.26736284
 1131.5  1.11111111  0.96285391  0.03468655  0.96347849 -0.26736284
 1131.6  1.11111111  0.96285391  0.03468655  0.96347849 -0.26736284
 1131.7  1.11111111  0.96285391  0.03468655  0.96347849 -0.26736284
 1131.8  1.11111111  0.96285391  0.03468655  0.96347849 -0.26736284
 1131.9  1.11111111  0.96285391  0.03468655  0.96347849 -0.26736284
 1132.0  1.11111111  0.96285391  0.03468655  0.96347849 -0.26736284
 1132.1  1.11111111  0.96285391  0.03468655  0.96347849 -0.26736284
 1132.2  1.11111111  0.96285391  0.03468655  0.96347849 -0.26736284
 1132.3  1.11111111  0.96285391  0.03468655  0.96347849 -0.26736284
 1132.4  1.11111111  0.96285391  0.03468655  0.96347849 -0.26736284
 1132.5  1.11111111  0.96285391  0.03468655  0.96347849 -0.26736284
 1132.6  1.11111111  0.96285391  0.03468655  0.96347849 -0.26736284
 1132.7  1.11111111  0.96285391  0.03468655  0.96347849 -0.26736284
 1132.8  1.11111111  0.96285391  0.03468655  0.96347849 -0.26736284
 1132.9  1.11111111  0.96285391  0.03468655  0.96347849 -0.26736284
 1133.0  1.11111111  0.96285391  0.03468655  0.96347849 -0.26736284
 1133.1  1.11111111  0.96285391  0.03468655  0.96347849 -0.26736284
 1133.2  1.11111111  0.96285391  0.03468655  0.96347849 -0.26736284
 1133.3  1.11111111  0.96285391  0.03468655  0.96347849 -0.26736284
 1133.4  1.11111111  0.96285391  0.03468655  0.96347849 -0.26736284
 1133.5  1.11111111  0.96285391  0.03468655  0.96347849 -0.26736284
 1133.6  1.11111111  0.96285391  0.03468655  0.96347849 -0.26736284
 1133.7  1.11111111  0.96285391  0.03468655  0.96347849 -0.26736284
 1133.8  1.11111111  0.96285391  0.03468655  0.96347849 -0.26736284
 1133.9  1.11111111  0.96285391  0.03468655  0.96347849 -0.26736284
 1134.0  1.11111111  0.96285391  0.03468655  0.96347849 -0.26736284
 1134.1  1.11111111  0.96285391  0.03468655  0.96347849 -0.26736284
 1134.2  1.11111111  0.96285391  0.03468655  0.96347849 -0.26736284
 1134.3  1.11111111  0.96285391  0.03468655  0.96347849 -0.26736284
 1134.4  1.11111111  0.96285391  0.03468655  0.96347849 -0.26736284
 1134.5  1.11111111  0.96285391  0.03468655  0.96347849 -0.26736284
 1134.6  1.11111111  0.96285391  0.03468655  0.96347849 -0.26736284
 1134.7  1.11111111  0.96285391  0.03468655  0.96347849 -0.26736284
 1134.8  1.11111111  0.96285391  0.03468655  0.96347849 -0.26736284
 1134.9  1.11111111  0.96285391  0.03468655  0.96347849 -0.26736284
 1135.0  1.11111111  0.96285391  0.03468655  0.96347849 -0.26736284
 1135.1  1.11111111  0.96285391  0.03468655  0.96347849 -0.26736284
 1135.2  1.11111111  0.96285391  0.03468655  0.96347849 -0.26736284
 1135.3  1.11111111  0.96285391  0.03468655  0.96347849 -0.26736284
 1135.4  1.11111111  0.96285391  0.03468655  0.96347849 -0.26736284
 1135.5  1.11111111  0.96285391  0.03468655  0.96347849 -0.26736284
 1135.6  1.11111111  0.96285391  0.03468655  0.96347849 -0.26736284
 1135.7  1.11111111  0.96285391  0.03468655  0.96347849 -0.26736284
 1135.8  1.11111111  0.96285391  0.03468655  0.96347849 -0.26736284
 1135.9  1.11111111  0.96285391  0.03468655  0.96347849 -0.26736284
 1136.0  1.11111111  0.96285391  0.03468655  0.96347849 -0.26736284
 1136.1  1.11111111  0.96285391  0.03468655  0.96347849 -0.26736284
 1136.2  1.11111111  0.96285391  0.03468655  0.96347849 -0.26736284
 1136.3  1.11111111  0.96285391  0.03468655  0.96347849 -0.26736284
 1136.4  1.11111111  0.96285391  0.03468655  0.96347849 -0.26736284
 1136.5  1.11111111  0.96285391  0.03468655  0.96347849 -0.26736284
 1136.6  1.11111111  0.96285391  0.03468655  0.96347849 -0.26736284
 1136.7  1.11111111  0.96285391  0.03468655  0.96347849 -0.26736284
 1136.8  1.11111111  0.96285391  0.03468655  0.96347849 -0.26736284
 1136.9  1.11111111  0.96285391  0.03468655  0.96347849 -0.26736284
 1137.0  1.11111111  0.96285391  0.03468655  0.96347849 -0.26736284
 1137.1  1.11111111  0.96290682  0.03321256  0.96347943 -0.26735947
 1137.2  1.11111111  0.96297615  0.03126532  0.96348357 -0.26734471
 1137.3  1.11111111  0.96304385  0.02934809  0.96349092 -0.26731856
 1137.4  1.11111111  0.96310958  0.02747527  0.96350140 -0.26728148
 1137.5  1.11111111  0.96317311  0.02565986  0.96351485 -0.26723399
 1137.6  1.11111111  0.96323428  0.02391399  0.96353109 -0.26717669
 1137.7  1.11111111  0.96329303  0.02224902  0.96354994 -0.26711022
 1137.8  1.11111111  0.96334934  0.02067563  0.96357119 -0.26703527
 1137.9  1.11111111  0.96340327  0.01920365  0.96359465 -0.26695260
 1138.0  1.11111111  0.96345489  0.01784200  0.96362009 -0.26686297
 1138.1  1.11111111  0.96350431  0.01659857  0.96364728 -0.26676721
 1138.2  1.11111111  0.96355164  0.01548026  0.96367599 -0.26666616
 1138.3  1.11111111  0.96359699  0.01449290  0.96370598 -0.26656068
 1138.4  1.11111111  0.96364046  0.01364121  0.96373700 -0.26645165
 1138.5  1.11111111  0.96368209  0.01292885  0.96376882 -0.26633996
 1138.6  1.11111111  0.96372194  0.01235835  0.96380118 -0.26622649
 1138.7  1.11111111  0.96375998  0.01193114  0.96383383 -0.26611213
 1138.8  1.11111111  0.96379616  0.01164761  0.96386654 -0.26599774
 1138.9  1.11111111  0.96383038  0.01150701  0.96389907 -0.26588418
 1139.0  1.11111111  0.96386248  0.01150763  0.96393117 -0.26577228
 1139.1  1.11111111  0.96389227  0.01164672  0.96396264 -0.26566285
 1139.2  1.11111111  0.96391953  0.01192055  0.96399323 -0.26555666
 1139.3  1.11111111  0.96394397  0.01232448  0.96402275 -0.26545444
 1139.4  1.11111111  0.96396531  0.01285298  0.96405100 -0.26535688
 1139.5  1.11111111  0.96398326  0.01349971  0.96407778 -0.26526463
 1139.6  1.11111111  0.96399749  0.01425757  0.96410292 -0.26517829
 1139.7  1.11111111  0.96400771  0.01511876  0.96412626 -0.26509839
 1139.8  1.11111111  0.96401363  0.01607489  0.96414765 -0.26502542
 1139.9  1.11111111  0.96401500  0.01711699  0.96416696 -0.26495981
 1140.0  1.11111111  0.96401161  0.01823558  0.96418407 -0.26490192
 1140.1  1.11111111  0.96400330  0.01942086  0.96419890 -0.26485204
 1140.2  1.11111111  0.96398995  0.02066269  0.96421137 -0.26481043
 1140.3  1.11111111  0.96397153  0.02195070  0.96422142 -0.26477724
 1140.4  1.11111111  0.96394808  0.02327435  0.96422901 -0.26475259
 1140.5  1.11111111  0.96391969  0.02462304  0.96423413 -0.26473651
 1140.6  1.11111111  0.96388654  0.02598615  0.96423677 -0.26472898
 1140.7  1.11111111  0.96384891  0.02735311  0.96423696 -0.26472991
 1140.8  1.11111111  0.96380712  0.02871351  0.96423474 -0.26473915
 1140.9  1.11111111  0.96376157  0.03005714  0.96423015 -0.26475649
 1141.0  1.11111111  0.96371272  0.03137406  0.96422329 -0.26478166
 1141.1  1.11111111  0.96366111  0.03265466  0.96421422 -0.26481433
 1141.2  1.11111111  0.96360730  0.03388978  0.96420307 -0.26485413
 1141.3  1.11111111  0.96355191  0.03507070  0.96418994 -0.26490061
 1141.4  1.11111111  0.96349557  0.03618927  0.96417497 -0.26495332
 1141.5  1.11111111  0.96343893  0.03723792  0.96415830 -0.26501173
 1141.6  1.11111111  0.96338265  0.03820974  0.96414010 -0.26507529
 1141.7  1.11111111  0.96332739  0.03909853  0.96412051 -0.26514342
 1141.8  1.11111111  0.96327376  0.03989885  0.96409971 -0.26521551
 1141.9  1.11111111  0.96322236  0.04060602  0.96407788 -0.26529093
 1142.0  1.11111111  0.96317375  0.04121619  0.96405521 -0.26536902
 1142.1  1.11111111  0.96312844  0.04172633  0.96403189 -0.26544914
 1142.2  1.11111111  0.96308687  0.04213428  0.96400810 -0.26553061
 1142.3  1.11111111  0.96304943  0.04243872  0.96398405 -0.26561278
 1142.4  1.11111111  0.96301641  0.04263918  0.96395991 -0.26569498
 1142.5  1.11111111  0.96298808  0.04273602  0.96393589 -0.26577658
 1142.6  1.11111111  0.96296459  0.04273044  0.96391218 -0.26585695
 1142.7  1.11111111  0.96294603  0.04262442  0.96388894 -0.26593548
 1142.8  1.11111111  0.96293243  0.04242071  0.96386637 -0.26601160
 1142.9  1.11111111  0.96292375  0.04212279  0.96384463 -0.26608474
 1143.0  1.11111111  0.96291987  0.04173480  0.96382388 -0.26615440
 1143.1  1.11111111  0.96292063  0.04126154  0.96380426 -0.26622011
 1143.2  1.11111111  0.96292582  0.04070838  0.96378593 -0.26628142
 1143.3  1.11111111  0.96293518  0.04008120  0.96376899 -0.26633794
 1143.4  1.11111111  0.96294842  0.03938636  0.96375357 -0.26638933
 1143.5  1.11111111  0.96296520  0.03863063  0.96373975 -0.26643529
 1143.6  1.11111111  0.96298520  0.03782109  0.96372763 -0.26647557
 1143.7  1.11111111  0.96300807  0.03696513  0.96371726 -0.26650998
 1143.8  1.11111111  0.96303344  0.03607031  0.96370870 -0.26653835
 1143.9  1.11111111  0.96306095  0.03514437  0.96370199 -0.26656061
 1144.0  1.11111111  0.96309027  0.03419509  0.96369714 -0.26657669
 1144.1  1.11111111  0.96312105  0.03323030  0.96369415 -0.26658661
 1144.2  1.11111111  0.96315297  0.03225776  0.96369301 -0.26659041
 1144.3  1.11111111  0.96318574  0.03128512  0.96369369 -0.26658818
 1144.4  1.11111111  0.96321907  0.03031987  0.96369615 -0.26658007
 1144.5  1.11111111  0.96325272  0.02936928  0.96370034 -0.26656627
 1144.6  1.11111111  0.96328643  0.02844035  0.96370618 -0.26654699
 1144.7  1.11111111  0.96332002  0.02753975  0.96371360 -0.26652249
 1144.8  1.11111111  0.96335328  0.02667380  0.96372249 -0.26649308
 1144.9  1.11111111  0.96338606  0.02584841  0.96373276 -0.26645907
 1145.0  1.11111111  0.96341819  0.02506907  0.96374430 -0.26642082
 1145.1  1.11111111  0.96344956  0.02434078  0.96375698 -0.26637872
 1145.2  1.11111111  0.96348003  0.02366806  0.96377069 -0.26633316
 1145.3  1.11111111  0.96350950  0.02305490  0.96378529 -0.26628455
 1145.4  1.11111111  0.96353787  0.02250478  0.96380065 -0.26623334
 1145.5  1.11111111  0.96356504  0.02202063  0.96381663 -0.26617996
 1145.6  1.11111111  0.96359092  0.02160480  0.96383309 -0.26612487
 1145.7  1.11111111  0.96361542  0.02125911  0.96384990 -0.26606852
 1145.8  1.11111111  0.96363845  0.02098479  0.96386691 -0.26601136
 1145.9  1.11111111  0.96365991  0.02078252  0.96388399 -0.26595384
 1146.0  1.11111111  0.96367973  0.02065243  0.96390100 -0.26589641
 1146.1  1.11111111  0.96369780  0.02059410  0.96391782 -0.26583951
 1146.2  1.11111111  0.96371404  0.02060657  0.96393432 -0.26578355
 1146.3  1.11111111  0.96372835  0.02068839  0.96395038 -0.26572895
 1146.4  1.11111111  0.96374064  0.02083760  0.96396588 -0.26567609
 1146.5  1.11111111  0.96375083  0.02105176  0.96398072 -0.26562533
 1146.6  1.11111111  0.96375883  0.02132800  0.96399480 -0.26557704
 1146.7  1.11111111  0.96376459  0.02166303  0.96400802 -0.26553152
 1146.8  1.11111111  0.96376803  0.02205318  0.96402031 -0.26548906
 1146.9  1.11111111  0.96376910  0.02249441  0.96403158 -0.26544995
 1147.0  1.11111111  0.96376779  0.02298240  0.96404177 -0.26541439
 1147.1  1.11111111  0.96376407  0.02351253  0.96405084 -0.26538261
 1147.2  1.11111111  0.96375795  0.02407994  0.96405872 -0.26535477
 1147.3  1.11111111  0.96374945  0.02467959  0.96406540 -0.26533100
 1147.4  1.11111111  0.96373863  0.02530627  0.96407083 -0.26531142
 1147.5  1.11111111  0.96372557  0.02595467  0.96407501 -0.26529609
 1147.6  1.11111111  0.96371036  0.02661941  0.96407793 -0.26528504
 1147.7  1.11111111  0.96369312  0.02729508  0.96407959 -0.26527829
 1147.8  1.11111111  0.96367401  0.02797629  0.96408001 -0.26527579
 1147.9  1.11111111  0.96365319  0.02865770  0.96407921 -0.26527749
 1148.0  1.11111111  0.96363085  0.02933408  0.96407723 -0.26528329
 1148.1  1.11111111  0.96360720  0.03000033  0.96407409 -0.26529308
 1148.2  1.11111111  0.96358247  0.03065152  0.96406986 -0.26530670
 1148.3  1.11111111  0.96355689  0.03128293  0.96406458 -0.26532396
 1148.4  1.11111111  0.96353072  0.03189009  0.96405831 -0.26534468
 1148.5  1.11111111  0.96350421  0.03246879  0.96405113 -0.26536863
 1148.6  1.11111111  0.96347762  0.03301514  0.96404311 -0.26539555
 1148.7  1.11111111  0.96345121  0.03352555  0.96403433 -0.26542518
 1148.8  1.11111111  0.96342523  0.03399680  0.96402487 -0.26545725
 1148.9  1.11111111  0.96339993  0.03442602  0.96401482 -0.26549146
 1149.0  1.11111111  0.96337554  0.03481072  0.96400426 -0.26552751
 1149.1  1.11111111  0.96335228  0.03514882  0.96399329 -0.26556507
 1149.2  1.11111111  0.96333037  0.03543864  0.96398200 -0.26560385
 1149.3  1.11111111  0.96330997  0.03567889  0.96397048 -0.26564350
 1149.4  1.11111111  0.96329127  0.03586870  0.96395883 -0.26568372
 1149.5  1.11111111  0.96327438  0.03600761  0.96394713 -0.26572418
 1149.6  1.11111111  0.96325943  0.03609556  0.96393549 -0.26576456
 1149.7  1.11111111  0.96324651  0.03613287  0.96392397 -0.26580456
 1149.8  1.11111111  0.96323568  0.03612023  0.96391268 -0.26584388
 1149.9  1.11111111  0.96322698  0.03605873  0.96390168 -0.26588223
 1150.0  1.11111111  0.96322043  0.03594985  0.96389107 -0.26591933
 1150.1  1.11111111  0.96321601  0.03579537  0.96388090 -0.26595492
 1150.2  1.11111111  0.96321370  0.03559736  0.96387125 -0.26598877
 1150.3  1.11111111  0.96321343  0.03535821  0.96386219 -0.26602064
 1150.4  1.11111111  0.96321515  0.03508055  0.96385376 -0.26605033
 1150.5  1.11111111  0.96321876  0.03476727  0.96384601 -0.26607767
 1150.6  1.11111111  0.96322416  0.03442147  0.96383900 -0.26610248
 1150.7  1.11111111  0.96323124  0.03404641  0.96383276 -0.26612463
 1150.8  1.11111111  0.96323988  0.03364555  0.96382732 -0.26614399
 1150.9  1.11111111  0.96324995  0.03322245  0.96382270 -0.26616049
 1151.0  1.11111111  0.96326130  0.03278077  0.96381892 -0.26617404
 1151.1  1.11111111  0.96327380  0.03232423  0.96381600 -0.26618462
 1151.2  1.11111111  0.96328731  0.03185660  0.96381393 -0.26619218
 1151.3  1.11111111  0.96330169  0.03138165  0.96381272 -0.26619674
 1151.4  1.11111111  0.96331680  0.03090313  0.96381236 -0.26619832
 1151.5  1.11111111  0.96333249  0.03042475  0.96381282 -0.26619697
 1151.6  1.11111111  0.96334865  0.02995014  0.96381410 -0.26619275
 1151.7  1.11111111  0.96336513  0.02948283  0.96381617 -0.26618576
 1151.8  1.11111111  0.96338182  0.02902623  0.96381899 -0.26617609
 1151.9  1.11111111  0.96339859  0.02858360  0.96382253 -0.26616388
 1152.0  1.11111111  0.96341535  0.02815804  0.96382675 -0.26614927
 1152.1  1.11111111  0.96343197  0.02775245  0.96383161 -0.26613241
 1152.2  1.11111111  0.96344837  0.02736953  0.96383705 -0.26611348
 1152.3  1.11111111  0.96346445  0.02701176  0.96384302 -0.26609266
 1152.4  1.11111111  0.96348011  0.02668137  0.96384948 -0.26607015
 1152.5  1.11111111  0.96349528  0.02638036  0.96385636 -0.26604614
 1152.6  1.11111111  0.96350988  0.02611045  0.96386360 -0.26602086
 1152.7  1.11111111  0.96352382  0.02587313  0.96387114 -0.26599451
 1152.8  1.11111111  0.96353706  0.02566960  0.96387893 -0.26596731
 1152.9  1.11111111  0.96354950  0.02550075  0.96388689 -0.26593949
 1153.0  1.11111111  0.96356111  0.02536719  0.96389497 -0.26591128
 1153.1  1.11111111  0.96357182  0.02526927  0.96390310 -0.26588289
 1153.2  1.11111111  0.96358158  0.02520706  0.96391123 -0.26585454
 1153.3  1.11111111  0.96359033  0.02518038  0.96391928 -0.26582645
 1153.4  1.11111111  0.96359805  0.02518876  0.96392721 -0.26579882
 1153.5  1.11111111  0.96360467  0.02523148  0.96393495 -0.26577186
 1153.6  1.11111111  0.96361019  0.02530757  0.96394246 -0.26574575
 1153.7  1.11111111  0.96361456  0.02541580  0.96394967 -0.26572069
 1153.8  1.11111111  0.96361776  0.02555476  0.96395655 -0.26569684
 1153.9  1.11111111  0.96361978  0.02572280  0.96396304 -0.26567437
 1154.0  1.11111111  0.96362061  0.02591811  0.96396911 -0.26565341
 1154.1  1.11111111  0.96362026  0.02613866  0.96397470 -0.26563409
 1154.2  1.11111111  0.96361872  0.02638230  0.96397980 -0.26561655
 1154.3  1.11111111  0.96361602  0.02664673  0.96398438 -0.26560086
 1154.4  1.11111111  0.96361217  0.02692954  0.96398839 -0.26558713
 1154.5  1.11111111  0.96360722  0.02722822  0.96399183 -0.26557542
 1154.6  1.11111111  0.96360121  0.02754017  0.96399468 -0.26556578
 1154.7  1.11111111  0.96359419  0.02786275  0.96399693 -0.26555825
 1154.8  1.11111111  0.96358621  0.02819331  0.96399857 -0.26555284
 1154.9  1.11111111  0.96357735  0.02852915  0.96399960 -0.26554956
 1155.0  1.11111111  0.96356769  0.02886760  0.96400002 -0.26554839
 1155.1  1.11111111  0.96355731  0.02920600  0.96399984 -0.26554931
 1155.2  1.11111111  0.96354631  0.02954177  0.96399907 -0.26555226
 1155.3  1.11111111  0.96353477  0.02987240  0.96399772 -0.26555719
 1155.4  1.11111111  0.96352279  0.03019542  0.96399582 -0.26556402
 1155.5  1.11111111  0.96351050  0.03050851  0.96399339 -0.26557266
 1155.6  1.11111111  0.96349799  0.03080944  0.96399045 -0.26558302
 1155.7  1.11111111  0.96348537  0.03109615  0.96398705 -0.26559498
 1155.8  1.11111111  0.96347276  0.03136670  0.96398321 -0.26560843
 1155.9  1.11111111  0.96346025  0.03161932  0.96397896 -0.26562322
 1156.0  1.11111111  0.96344797  0.03185242  0.96397436 -0.26563923
 1156.1  1.11111111  0.96343600  0.03206457  0.96396943 -0.26565630
 1156.2  1.11111111  0.96342445  0.03225456  0.96396423 -0.26567428
 1156.3  1.11111111  0.96341342  0.03242134  0.96395879 -0.26569303
 1156.4  1.11111111  0.96340298  0.03256407  0.96395318 -0.26571237
 1156.5  1.11111111  0.96339322  0.03268209  0.96394742 -0.26573215
 1156.6  1.11111111  0.96338421  0.03277500  0.96394157 -0.26575222
 1156.7  1.11111111  0.96337601  0.03284256  0.96393567 -0.26577240
 1156.8  1.11111111  0.96336868  0.03288472  0.96392977 -0.26579254
 1156.9  1.11111111  0.96336225  0.03290166  0.96392393 -0.26581250
 1157.0  1.11111111  0.96335676  0.03289372  0.96391817 -0.26583211
 1157.1  1.11111111  0.96335223  0.03286145  0.96391255 -0.26585123
 1157.2  1.11111111  0.96334869  0.03280555  0.96390710 -0.26586973
 1157.3  1.11111111  0.96334613  0.03272690  0.96390187 -0.26588747
 1157.4  1.11111111  0.96334455  0.03262655  0.96389689 -0.26590433
 1157.5  1.11111111  0.96334394  0.03250569  0.96389220 -0.26592021
 1157.6  1.11111111  0.96334428  0.03236563  0.96388783 -0.26593499
 1157.7  1.11111111  0.96334555  0.03220781  0.96388380 -0.26594858
 1157.8  1.11111111  0.96334769  0.03203379  0.96388015 -0.26596090
 1157.9  1.11111111  0.96335068  0.03184523  0.96387688 -0.26597189
 1158.0  1.11111111  0.96335446  0.03164382  0.96387403 -0.26598147
 1158.1  1.11111111  0.96335899  0.03143139  0.96387161 -0.26598961
 1158.2  1.11111111  0.96336421  0.03120977  0.96386962 -0.26599627
 1158.3  1.11111111  0.96337006  0.03098083  0.96386808 -0.26600143
 1158.4  1.11111111  0.96337647  0.03074648  0.96386699 -0.26600507
 1158.5  1.11111111  0.96338339  0.03050862  0.96386635 -0.26600721
 1158.6  1.11111111  0.96339075  0.03026914  0.96386615 -0.26600784
 1158.7  1.11111111  0.96339848  0.03002992  0.96386639 -0.26600700
 1158.8  1.11111111  0.96340651  0.02979278  0.96386706 -0.26600472
 1158.9  1.11111111  0.96341478  0.02955951  0.96386815 -0.26600105
 1159.0  1.11111111  0.96342323  0.02933183  0.96386963 -0.26599603
 1159.1  1.11111111  0.96343178  0.02911138  0.96387150 -0.26598975
 1159.2  1.11111111  0.96344037  0.02889973  0.96387372 -0.26598226
 1159.3  1.11111111  0.96344894  0.02869836  0.96387627 -0.26597366
 1159.4  1.11111111  0.96345744  0.02850855  0.96387913 -0.26596402
 1159.5  1.11111111  0.96346580  0.02833149  0.96388226 -0.26595344
 1159.6  1.11111111  0.96347397  0.02816836  0.96388565 -0.26594203
 1159.7  1.11111111  0.96348189  0.02802016  0.96388925 -0.26592988
 1159.8  1.11111111  0.96348952  0.02788771  0.96389304 -0.26591710
 1159.9  1.11111111  0.96349681  0.02777173  0.96389697 -0.26590381
 1160.0  1.11111111  0.96350371  0.02767280  0.96390103 -0.26589011
 1160.1  1.11111111  0.96351019  0.02759135  0.96390517 -0.26587612
 1160.2  1.11111111  0.96351620  0.02752766  0.96390935 -0.26586196
 1160.3  1.11111111  0.96352171  0.02748187  0.96391355 -0.26584772
 1160.4  1.11111111  0.96352669  0.02745399  0.96391774 -0.26583354
 1160.5  1.11111111  0.96353112  0.02744389  0.96392187 -0.26581950
 1160.6  1.11111111  0.96353496  0.02745129  0.96392593 -0.26580572
 1160.7  1.11111111  0.96353821  0.02747580  0.96392987 -0.26579230
 1160.8  1.11111111  0.96354084  0.02751690  0.96393368 -0.26577934
 1160.9  1.11111111  0.96354285  0.02757395  0.96393732 -0.26576692
 1161.0  1.11111111  0.96354423  0.02764620  0.96394076 -0.26575513
 1161.1  1.11111111  0.96354498  0.02773279  0.96394400 -0.26574404
 1161.2  1.11111111  0.96354509  0.02783281  0.96394700 -0.26573374
 1161.3  1.11111111  0.96354459  0.02794521  0.96394974 -0.26572428
 1161.4  1.11111111  0.96354347  0.02806887  0.96395222 -0.26571572
 1161.5  1.11111111  0.96354176  0.02820263  0.96395442 -0.26570810
 1161.6  1.11111111  0.96353948  0.02834525  0.96395632 -0.26570147
 1161.7  1.11111111  0.96353665  0.02849548  0.96395792 -0.26569586
 1161.8  1.11111111  0.96353330  0.02865201  0.96395921 -0.26569129
 1161.9  1.11111111  0.96352946  0.02881353  0.96396019 -0.26568778
 1162.0  1.11111111  0.96352517  0.02897870  0.96396085 -0.26568533
 1162.1  1.11111111  0.96352047  0.02914617  0.96396120 -0.26568394
 1162.2  1.11111111  0.96351541  0.02931463  0.96396125 -0.26568360
 1162.3  1.11111111  0.96351002  0.02948276  0.96396099 -0.26568429
 1162.4  1.11111111  0.96350436  0.02964927  0.96396044 -0.26568599
 1162.5  1.11111111  0.96349848  0.02981294  0.96395961 -0.26568866
 1162.6  1.11111111  0.96349242  0.02997255  0.96395850 -0.26569227
 1162.7  1.11111111  0.96348624  0.03012696  0.96395714 -0.26569677
 1162.8  1.11111111  0.96347999  0.03027511  0.96395554 -0.26570210
 1162.9  1.11111111  0.96347373  0.03041596  0.96395371 -0.26570822
 1163.0  1.11111111  0.96346750  0.03054859  0.96395168 -0.26571505
 1163.1  1.11111111  0.96346135  0.03067214  0.96394946 -0.26572253
 1163.2  1.11111111  0.96345534  0.03078585  0.96394708 -0.26573059
 1163.3  1.11111111  0.96344952  0.03088903  0.96394455 -0.26573917
 1163.4  1.11111111  0.96344391  0.03098111  0.96394191 -0.26574817
 1163.5  1.11111111  0.96343858  0.03106159  0.96393917 -0.26575753
 1163.6  1.11111111  0.96343355  0.03113009  0.96393635 -0.26576716
 1163.7  1.11111111  0.96342886  0.03118632  0.96393348 -0.26577700
 1163.8  1.11111111  0.96342454  0.03123007  0.96393058 -0.26578695
 1163.9  1.11111111  0.96342063  0.03126127  0.96392768 -0.26579694
 1164.0  1.11111111  0.96341713  0.03127992  0.96392479 -0.26580689
 1164.1  1.11111111  0.96341408  0.03128612  0.96392194 -0.26581673
 1164.2  1.11111111  0.96341149  0.03128006  0.96391915 -0.26582639
 1164.3  1.11111111  0.96340936  0.03126203  0.96391644 -0.26583578
 1164.4  1.11111111  0.96340771  0.03123240  0.96391383 -0.26584486
 1164.5  1.11111111  0.96340653  0.03119162  0.96391134 -0.26585355
 1164.6  1.11111111  0.96340583  0.03114022  0.96390897 -0.26586179
 1164.7  1.11111111  0.96340560  0.03107880  0.96390676 -0.26586954
 1164.8  1.11111111  0.96340582  0.03100802  0.96390470 -0.26587673
 1164.9  1.11111111  0.96340649  0.03092861  0.96390282 -0.26588333
 1165.0  1.11111111  0.96340759  0.03084133  0.96390112 -0.26588930
 1165.1  1.11111111  0.96340910  0.03074702  0.96389962 -0.26589461
 1165.2  1.11111111  0.96341100  0.03064652  0.96389832 -0.26589922
 1165.3  1.11111111  0.96341326  0.03054073  0.96389722 -0.26590312
 1165.4  1.11111111  0.96341586  0.03043055  0.96389634 -0.26590629
 1165.5  1.11111111  0.96341877  0.03031691  0.96389566 -0.26590872
 1165.6  1.11111111  0.96342196  0.03020075  0.96389521 -0.26591040
 1165.7  1.11111111  0.96342540  0.03008300  0.96389496 -0.26591134
 1165.8  1.11111111  0.96342906  0.02996459  0.96389492 -0.26591155
 1165.9  1.11111111  0.96343290  0.02984644  0.96389510 -0.26591103
 1166.0  1.11111111  0.96343689  0.02972945  0.96389547 -0.26590981
 1166.1  1.11111111  0.96344100  0.02961449  0.96389604 -0.26590791
 1166.2  1.11111111  0.96344519  0.02950240  0.96389679 -0.26590535
 1166.3  1.11111111  0.96344943  0.02939398  0.96389772 -0.26590217
 1166.4  1.11111111  0.96345370  0.02928999  0.96389882 -0.26589841
 1166.5  1.11111111  0.96345795  0.02919113  0.96390007 -0.26589410
 1166.6  1.11111111  0.96346216  0.02909806  0.96390146 -0.26588929
 1166.7  1.11111111  0.96346630  0.02901139  0.96390299 -0.26588402
 1166.8  1.11111111  0.96347033  0.02893165  0.96390462 -0.26587835
 1166.9  1.11111111  0.96347424  0.02885931  0.96390636 -0.26587232
 1167.0  1.11111111  0.96347800  0.02879479  0.96390819 -0.26586599
 1167.1  1.11111111  0.96348158  0.02873842  0.96391008 -0.26585941
 1167.2  1.11111111  0.96348496  0.02869049  0.96391203 -0.26585263
 1167.3  1.11111111  0.96348812  0.02865118  0.96391402 -0.26584572
 1167.4  1.11111111  0.96349104  0.02862065  0.96391603 -0.26583872
 1167.5  1.11111111  0.96349370  0.02859894  0.96391805 -0.26583170
 1167.6  1.11111111  0.96349610  0.02858607  0.96392007 -0.26582470
 1167.7  1.11111111  0.96349821  0.02858195  0.96392206 -0.26581778
 1167.8  1.11111111  0.96350003  0.02858646  0.96392401 -0.26581100
 1167.9  1.11111111  0.96350155  0.02859938  0.96392591 -0.26580439
 1168.0  1.11111111  0.96350276  0.02862047  0.96392775 -0.26579800
 1168.1  1.11111111  0.96350366  0.02864940  0.96392951 -0.26579189
 1168.2  1.11111111  0.96350425  0.02868580  0.96393118 -0.26578609
 1168.3  1.11111111  0.96350453  0.02872925  0.96393275 -0.26578064
 1168.4  1.11111111  0.96350450  0.02877929  0.96393421 -0.26577558
 1168.5  1.11111111  0.96350417  0.02883541  0.96393556 -0.26577093
 1168.6  1.11111111  0.96350354  0.02889705  0.96393677 -0.26576673
 1168.7  1.11111111  0.96350262  0.02896366  0.96393786 -0.26576299
 1168.8  1.11111111  0.96350143  0.02903461  0.96393880 -0.26575974
 1168.9  1.11111111  0.96349997  0.02910930  0.96393960 -0.26575700
 1169.0  1.11111111  0.96349827  0.02918706  0.96394025 -0.26575477
 1169.1  1.11111111  0.96349634  0.02926726  0.96394075 -0.26575306
 1169.2  1.11111111  0.96349420  0.02934924  0.96394110 -0.26575188
 1169.3  1.11111111  0.96349187  0.02943232  0.96394130 -0.26575122
 1169.4  1.11111111  0.96348936  0.02951586  0.96394135 -0.26575108
 1169.5  1.11111111  0.96348671  0.02959921  0.96394126 -0.26575145
 1169.6  1.11111111  0.96348393  0.02968173  0.96394102 -0.26575232
 1169.7  1.11111111  0.96348104  0.02976281  0.96394063 -0.26575367
 1169.8  1.11111111  0.96347808  0.02984185  0.96394012 -0.26575549
 1169.9  1.11111111  0.96347507  0.02991830  0.96393948 -0.26575774
 1170.0  1.11111111  0.96347203  0.02999161  0.96393871 -0.26576041
 1170.1  1.11111111  0.96346898  0.03006127  0.96393784 -0.26576347
 1170.2  1.11111111  0.96346595  0.03012684  0.96393686 -0.26576688
 1170.3  1.11111111  0.96346296  0.03018788  0.96393578 -0.26577061
 1170.4  1.11111111  0.96346004  0.03024400  0.96393462 -0.26577463
 1170.5  1.11111111  0.96345721  0.03029488  0.96393339 -0.26577891
 1170.6  1.11111111  0.96345448  0.03034023  0.96393209 -0.26578339
 1170.7  1.11111111  0.96345188  0.03037980  0.96393074 -0.26578806
 1170.8  1.11111111  0.96344943  0.03041339  0.96392935 -0.26579285
 1170.9  1.11111111  0.96344714  0.03044087  0.96392792 -0.26579775
 1171.0  1.11111111  0.96344503  0.03046213  0.96392648 -0.26580271
 1171.1  1.11111111  0.96344310  0.03047714  0.96392503 -0.26580768
 1171.2  1.11111111  0.96344138  0.03048590  0.96392359 -0.26581263
 1171.3  1.11111111  0.96343987  0.03048846  0.96392216 -0.26581753
 1171.4  1.11111111  0.96343858  0.03048493  0.96392076 -0.26582233
 1171.5  1.11111111  0.96343751  0.03047543  0.96391939 -0.26582700
 1171.6  1.11111111  0.96343668  0.03046017  0.96391807 -0.26583151
 1171.7  1.11111111  0.96343607  0.03043936  0.96391681 -0.26583583
 1171.8  1.11111111  0.96343569  0.03041328  0.96391561 -0.26583992
 1171.9  1.11111111  0.96343554  0.03038222  0.96391448 -0.26584376
 1172.0  1.11111111  0.96343562  0.03034652  0.96391343 -0.26584733
 1172.1  1.11111111  0.96343592  0.03030654  0.96391247 -0.26585060
 1172.2  1.11111111  0.96343642  0.03026266  0.96391160 -0.26585355
 1172.3  1.11111111  0.96343714  0.03021531  0.96391083 -0.26585617
 1172.4  1.11111111  0.96343805  0.03016491  0.96391016 -0.26585844
 1172.5  1.11111111  0.96343914  0.03011190  0.96390959 -0.26586035
 1172.6  1.11111111  0.96344040  0.03005675  0.96390913 -0.26586190
 1172.7  1.11111111  0.96344182  0.02999992  0.96390878 -0.26586308
 1172.8  1.11111111  0.96344339  0.02994187  0.96390854 -0.26586388
 1172.9  1.11111111  0.96344508  0.02988308  0.96390841 -0.26586431
 1173.0  1.11111111  0.96344689  0.02982401  0.96390839 -0.26586438
 1173.1  1.11111111  0.96344880  0.02976511  0.96390848 -0.26586408
 1173.2  1.11111111  0.96345079  0.02970685  0.96390866 -0.26586343
 1173.3  1.11111111  0.96345284  0.02964965  0.96390895 -0.26586244
 1173.4  1.11111111  0.96345493  0.02959394  0.96390934 -0.26586113
 1173.5  1.11111111  0.96345706  0.02954010  0.96390981 -0.26585950
 1173.6  1.11111111  0.96345921  0.02948852  0.96391038 -0.26585759
 1173.7  1.11111111  0.96346135  0.02943956  0.96391102 -0.26585540
 1173.8  1.11111111  0.96346347  0.02939353  0.96391174 -0.26585296
 1173.9  1.11111111  0.96346556  0.02935073  0.96391252 -0.26585030
 1174.0  1.11111111  0.96346760  0.02931143  0.96391336 -0.26584744
 1174.1  1.11111111  0.96346957  0.02927586  0.96391426 -0.26584440
 1174.2  1.11111111  0.96347147  0.02924423  0.96391519 -0.26584122
 1174.3  1.11111111  0.96347328  0.02921670  0.96391617 -0.26583791
 1174.4  1.11111111  0.96347499  0.02919340  0.96391717 -0.26583451
 1174.5  1.11111111  0.96347658  0.02917443  0.96391819 -0.26583105
 1174.6  1.11111111  0.96347805  0.02915984  0.96391922 -0.26582755
 1174.7  1.11111111  0.96347939  0.02914968  0.96392025 -0.26582404
 1174.8  1.11111111  0.96348059  0.02914393  0.96392127 -0.26582055
 1174.9  1.11111111  0.96348165  0.02914254  0.96392229 -0.26581710
 1175.0  1.11111111  0.96348255  0.02914545  0.96392328 -0.26581372
 1175.1  1.11111111  0.96348330  0.02915254  0.96392424 -0.26581043
 1175.2  1.11111111  0.96348389  0.02916370  0.96392517 -0.26580727
 1175.3  1.11111111  0.96348433  0.02917873  0.96392606 -0.26580424
 1175.4  1.11111111  0.96348460  0.02919747  0.96392690 -0.26580137
 1175.5  1.11111111  0.96348471  0.02921969  0.96392768 -0.26579868
 1175.6  1.11111111  0.96348467  0.02924515  0.96392841 -0.26579619
 1175.7  1.11111111  0.96348446  0.02927360  0.96392907 -0.26579391
 1175.8  1.11111111  0.96348412  0.02930476  0.96392967 -0.26579185
 1175.9  1.11111111  0.96348362  0.02933834  0.96393020 -0.26579003
 1176.0  1.11111111  0.96348299  0.02937403  0.96393065 -0.26578846
 1176.1  1.11111111  0.96348222  0.02941152  0.96393103 -0.26578714
 1176.2  1.11111111  0.96348134  0.02945050  0.96393133 -0.26578607
 1176.3  1.11111111  0.96348034  0.02949062  0.96393156 -0.26578527
 1176.4  1.11111111  0.96347923  0.02953156  0.96393171 -0.26578473
 1176.5  1.11111111  0.96347803  0.02957299  0.96393178 -0.26578446
 1176.6  1.11111111  0.96347675  0.02961459  0.96393178 -0.26578444
 1176.7  1.11111111  0.96347540  0.02965602  0.96393170 -0.26578467
 1176.8  1.11111111  0.96347399  0.02969699  0.96393155 -0.26578515
 1176.9  1.11111111  0.96347253  0.02973718  0.96393133 -0.26578587
 1177.0  1.11111111  0.96347103  0.02977630  0.96393105 -0.26578681
 1177.1  1.11111111  0.96346952  0.02981407  0.96393070 -0.26578798
 1177.2  1.11111111  0.96346799  0.02985023  0.96393029 -0.26578934
 1177.3  1.11111111  0.96346646  0.02988453  0.96392983 -0.26579090
 1177.4  1.11111111  0.96346495  0.02991674  0.96392931 -0.26579263
 1177.5  1.11111111  0.96346346  0.02994665  0.96392876 -0.26579452
 1177.6  1.11111111  0.96346201  0.02997409  0.96392816 -0.26579654
 1177.7  1.11111111  0.96346061  0.02999889  0.96392753 -0.26579869
 1177.8  1.11111111  0.96345926  0.03002091  0.96392687 -0.26580094
 1177.9  1.11111111  0.96345798  0.03004004  0.96392618 -0.26580327
 1178.0  1.11111111  0.96345678  0.03005619  0.96392548 -0.26580566
 1178.1  1.11111111  0.96345566  0.03006930  0.96392477 -0.26580810
 1178.2  1.11111111  0.96345462  0.03007932  0.96392405 -0.26581056
 1178.3  1.11111111  0.96345369  0.03008623  0.96392333 -0.26581303
 1178.4  1.11111111  0.96345286  0.03009005  0.96392262 -0.26581548
 1178.5  1.11111111  0.96345213  0.03009081  0.96392192 -0.26581790
 1178.6  1.11111111  0.96345151  0.03008858  0.96392123 -0.26582026
 1178.7  1.11111111  0.96345101  0.03008342  0.96392057 -0.26582256
 1178.8  1.11111111  0.96345062  0.03007543  0.96391993 -0.26582478
 1178.9  1.11111111  0.96345034  0.03006474  0.96391932 -0.26582689
 1179.0  1.11111111  0.96345018  0.03005146  0.96391874 -0.26582889
 1179.1  1.11111111  0.96345013  0.03003575  0.96391820 -0.26583077
 1179.2  1.11111111  0.96345019  0.03001777  0.96391770 -0.26583251
 1179.3  1.11111111  0.96345036  0.02999770  0.96391724 -0.26583411
 1179.4  1.11111111  0.96345063  0.02997573  0.96391683 -0.26583554
 1179.5  1.11111111  0.96345100  0.02995204  0.96391647 -0.26583682
 1179.6  1.11111111  0.96345147  0.02992686  0.96391616 -0.26583792
 1179.7  1.11111111  0.96345203  0.02990042  0.96391590 -0.26583884
 1179.8  1.11111111  0.96345268  0.02987296  0.96391569 -0.26583958
 1179.9  1.11111111  0.96345340  0.02984470  0.96391553 -0.26584014
 1180.0  1.11111111  0.96345419  0.02981587  0.96391543 -0.26584051
 1180.1  1.11111111  0.96345504  0.02978670  0.96391538 -0.26584070
 1180.2  1.11111111  0.96345595  0.02975742  0.96391539 -0.26584071
 1180.3  1.11111111  0.96345690  0.02972826  0.96391544 -0.26584054
 1180.4  1.11111111  0.96345790  0.02969942  0.96391554 -0.26584020
 1180.5  1.11111111  0.96345892  0.02967113  0.96391570 -0.26583970
 1180.6  1.11111111  0.96345997  0.02964360  0.96391589 -0.26583903
 1180.7  1.11111111  0.96346102  0.02961700  0.96391613 -0.26583821
 1180.8  1.11111111  0.96346209  0.02959155  0.96391642 -0.26583725
 1180.9  1.11111111  0.96346315  0.02956740  0.96391674 -0.26583615
 1181.0  1.11111111  0.96346420  0.02954473  0.96391709 -0.26583493
 1181.1  1.11111111  0.96346523  0.02952367  0.96391748 -0.26583360
 1181.2  1.11111111  0.96346624  0.02950435  0.96391789 -0.26583217
 1181.3  1.11111111  0.96346721  0.02948689  0.96391833 -0.26583066
 1181.4  1.11111111  0.96346815  0.02947139  0.96391879 -0.26582907
 1181.5  1.11111111  0.96346904  0.02945794  0.96391927 -0.26582743
 1181.6  1.11111111  0.96346987  0.02944657  0.96391975 -0.26582574
 1181.7  1.11111111  0.96347065  0.02943737  0.96392025 -0.26582402
 1181.8  1.11111111  0.96347137  0.02943035  0.96392075 -0.26582228
 1181.9  1.11111111  0.96347202  0.02942553  0.96392125 -0.26582054
 1182.0  1.11111111  0.96347259  0.02942291  0.96392175 -0.26581881
 1182.1  1.11111111  0.96347310  0.02942245  0.96392225 -0.26581711
 1182.2  1.11111111  0.96347353  0.02942412  0.96392273 -0.26581543
 1182.3  1.11111111  0.96347389  0.02942786  0.96392320 -0.26581381
 1182.4  1.11111111  0.96347416  0.02943361  0.96392365 -0.26581225
 1182.5  1.11111111  0.96347436  0.02944126  0.96392408 -0.26581075
 1182.6  1.11111111  0.96347448  0.02945075  0.96392449 -0.26580934
 1182.7  1.11111111  0.96347452  0.02946194  0.96392487 -0.26580801
 1182.8  1.11111111  0.96347448  0.02947474  0.96392522 -0.26580678
 1182.9  1.11111111  0.96347437  0.02948900  0.96392555 -0.26580566
 1183.0  1.11111111  0.96347418  0.02950460  0.96392584 -0.26580465
 1183.1  1.11111111  0.96347393  0.02952139  0.96392610 -0.26580376
 1183.2  1.11111111  0.96347360  0.02953922  0.96392632 -0.26580299
 1183.3  1.11111111  0.96347322  0.02955793  0.96392651 -0.26580234
 1183.4  1.11111111  0.96347277  0.02957736  0.96392666 -0.26580182
 1183.5  1.11111111  0.96347227  0.02959735  0.96392677 -0.26580143
 1183.6  1.11111111  0.96347172  0.02961773  0.96392684 -0.26580118
 1183.7  1.11111111  0.96347112  0.02963835  0.96392688 -0.26580105
 1183.8  1.11111111  0.96347048  0.02965904  0.96392688 -0.26580105
 1183.9  1.11111111  0.96346982  0.02967963  0.96392685 -0.26580117
 1184.0  1.11111111  0.96346912  0.02969998  0.96392678 -0.26580142
 1184.1  1.11111111  0.96346840  0.02971992  0.96392667 -0.26580179
 1184.2  1.11111111  0.96346766  0.02973933  0.96392653 -0.26580227
 1184.3  1.11111111  0.96346691  0.02975806  0.96392637 -0.26580285
 1184.4  1.11111111  0.96346616  0.02977597  0.96392617 -0.26580354
 1184.5  1.11111111  0.96346541  0.02979296  0.96392594 -0.26580432
 1184.6  1.11111111  0.96346467  0.02980890  0.96392569 -0.26580518
 1184.7  1.11111111  0.96346394  0.02982370  0.96392542 -0.26580613
 1184.8  1.11111111  0.96346323  0.02983725  0.96392513 -0.26580714
 1184.9  1.11111111  0.96346254  0.02984950  0.96392482 -0.26580821
 1185.0  1.11111111  0.96346188  0.02986035  0.96392449 -0.26580933
 1185.1  1.11111111  0.96346125  0.02986977  0.96392416 -0.26581050
 1185.2  1.11111111  0.96346065  0.02987770  0.96392381 -0.26581169
 1185.3  1.11111111  0.96346010  0.02988411  0.96392346 -0.26581291
 1185.4  1.11111111  0.96345960  0.02988897  0.96392310 -0.26581413
 1185.5  1.11111111  0.96345913  0.02989229  0.96392274 -0.26581536
 1185.6  1.11111111  0.96345872  0.02989407  0.96392239 -0.26581658
 1185.7  1.11111111  0.96345837  0.02989431  0.96392204 -0.26581779
 1185.8  1.11111111  0.96345806  0.02989306  0.96392169 -0.26581897
 1185.9  1.11111111  0.96345781  0.02989035  0.96392136 -0.26582012
 1186.0  1.11111111  0.96345762  0.02988622  0.96392104 -0.26582122
 1186.1  1.11111111  0.96345748  0.02988073  0.96392073 -0.26582228
 1186.2  1.11111111  0.96345740  0.02987396  0.96392044 -0.26582327
 1186.3  1.11111111  0.96345737  0.02986597  0.96392016 -0.26582421
 1186.4  1.11111111  0.96345740  0.02985686  0.96391991 -0.26582507
 1186.5  1.11111111  0.96345748  0.02984671  0.96391968 -0.26582586
 1186.6  1.11111111  0.96345762  0.02983563  0.96391947 -0.26582657
 1186.7  1.11111111  0.96345780  0.02982371  0.96391929 -0.26582720
 1186.8  1.11111111  0.96345804  0.02981107  0.96391913 -0.26582774
 1186.9  1.11111111  0.96345831  0.02979781  0.96391900 -0.26582819
 1187.0  1.11111111  0.96345863  0.02978404  0.96391889 -0.26582855
 1187.1  1.11111111  0.96345899  0.02976988  0.96391881 -0.26582882
 1187.2  1.11111111  0.96345938  0.02975545  0.96391876 -0.26582900
 1187.3  1.11111111  0.96345981  0.02974086  0.96391873 -0.26582908
 1187.4  1.11111111  0.96346026  0.02972622  0.96391873 -0.26582908
 1187.5  1.11111111  0.96346074  0.02971166  0.96391876 -0.26582898
 1187.6  1.11111111  0.96346123  0.02969727  0.96391881 -0.26582880
 1187.7  1.11111111  0.96346175  0.02968316  0.96391889 -0.26582854
 1187.8  1.11111111  0.96346227  0.02966944  0.96391899 -0.26582820
 1187.9  1.11111111  0.96346280  0.02965622  0.96391911 -0.26582778
 1188.0  1.11111111  0.96346333  0.02964356  0.96391926 -0.26582729
 1188.1  1.11111111  0.96346386  0.02963158  0.96391942 -0.26582673
 1188.2  1.11111111  0.96346439  0.02962033  0.96391960 -0.26582611
 1188.3  1.11111111  0.96346491  0.02960991  0.96391980 -0.26582544
 1188.4  1.11111111  0.96346541  0.02960036  0.96392001 -0.26582472
 1188.5  1.11111111  0.96346590  0.02959175  0.96392023 -0.26582395
 1188.6  1.11111111  0.96346637  0.02958413  0.96392047 -0.26582316
 1188.7  1.11111111  0.96346681  0.02957753  0.96392071 -0.26582233
 1188.8  1.11111111  0.96346723  0.02957200  0.96392096 -0.26582148
 1188.9  1.11111111  0.96346762  0.02956754  0.96392121 -0.26582062
 1189.0  1.11111111  0.96346798  0.02956419  0.96392147 -0.26581974
 1189.1  1.11111111  0.96346831  0.02956193  0.96392172 -0.26581887
 1189.2  1.11111111  0.96346860  0.02956077  0.96392198 -0.26581801
 1189.3  1.11111111  0.96346885  0.02956069  0.96392223 -0.26581715
 1189.4  1.11111111  0.96346906  0.02956167  0.96392247 -0.26581632
 1189.5  1.11111111  0.96346924  0.02956369  0.96392271 -0.26581551
 1189.6  1.11111111  0.96346937  0.02956670  0.96392294 -0.26581473
 1189.7  1.11111111  0.96346947  0.02957068  0.96392315 -0.26581398
 1189.8  1.11111111  0.96346953  0.02957556  0.96392336 -0.26581328
 1189.9  1.11111111  0.96346954  0.02958130  0.96392355 -0.26581262
 1190.0  1.11111111  0.96346952  0.02958784  0.96392373 -0.26581201
 1190.1  1.11111111  0.96346946  0.02959511  0.96392389 -0.26581146
 1190.2  1.11111111  0.96346936  0.02960304  0.96392403 -0.26581096
 1190.3  1.11111111  0.96346922  0.02961156  0.96392416 -0.26581053
 1190.4  1.11111111  0.96346905  0.02962059  0.96392427 -0.26581015
 1190.5  1.11111111  0.96346885  0.02963004  0.96392436 -0.26580984
 1190.6  1.11111111  0.96346862  0.02963984  0.96392443 -0.26580959
 1190.7  1.11111111  0.96346837  0.02964990  0.96392448 -0.26580941
 1190.8  1.11111111  0.96346808  0.02966015  0.96392452 -0.26580929
 1190.9  1.11111111  0.96346778  0.02967048  0.96392453 -0.26580924
 1191.0  1.11111111  0.96346745  0.02968084  0.96392452 -0.26580925
 1191.1  1.11111111  0.96346711  0.02969114  0.96392450 -0.26580933
 1191.2  1.11111111  0.96346676  0.02970130  0.96392446 -0.26580946
 1191.3  1.11111111  0.96346639  0.02971124  0.96392440 -0.26580966
 1191.4  1.11111111  0.96346602  0.02972089  0.96392432 -0.26580991
 1191.5  1.11111111  0.96346564  0.02973020  0.96392423 -0.26581021
 1191.6  1.11111111  0.96346526  0.02973908  0.96392413 -0.26581057
 1191.7  1.11111111  0.96346489  0.02974748  0.96392401 -0.26581097
 1191.8  1.11111111  0.96346451  0.02975536  0.96392388 -0.26581141
 1191.9  1.11111111  0.96346415  0.02976264  0.96392374 -0.26581189
 1192.0  1.11111111  0.96346379  0.02976930  0.96392359 -0.26581240
 1192.1  1.11111111  0.96346344  0.02977529  0.96392343 -0.26581294
 1192.2  1.11111111  0.96346312  0.02978057  0.96392326 -0.26581351
 1192.3  1.11111111  0.96346280  0.02978513  0.96392309 -0.26581410
 1192.4  1.11111111  0.96346251  0.02978894  0.96392292 -0.26581470
 1192.5  1.11111111  0.96346224  0.02979198  0.96392274 -0.26581530
 1192.6  1.11111111  0.96346199  0.02979426  0.96392256 -0.26581592
 1192.7  1.11111111  0.96346176  0.02979576  0.96392238 -0.26581653
 1192.8  1.11111111  0.96346156  0.02979649  0.96392220 -0.26581714
 1192.9  1.11111111  0.96346139  0.02979647  0.96392203 -0.26581774
 1193.0  1.11111111  0.96346124  0.02979569  0.96392186 -0.26581833
 1193.1  1.11111111  0.96346112  0.02979419  0.96392169 -0.26581890
 1193.2  1.11111111  0.96346103  0.02979199  0.96392153 -0.26581944
 1193.3  1.11111111  0.96346097  0.02978912  0.96392138 -0.26581996
 1193.4  1.11111111  0.96346094  0.02978562  0.96392124 -0.26582045
 1193.5  1.11111111  0.96346093  0.02978152  0.96392111 -0.26582091
 1193.6  1.11111111  0.96346095  0.02977687  0.96392099 -0.26582134
 1193.7  1.11111111  0.96346100  0.02977171  0.96392088 -0.26582172
 1193.8  1.11111111  0.96346108  0.02976610  0.96392078 -0.26582207
 1193.9  1.11111111  0.96346117  0.02976008  0.96392069 -0.26582237
 1194.0  1.11111111  0.96346130  0.02975371  0.96392062 -0.26582263
 1194.1  1.11111111  0.96346144  0.02974704  0.96392055 -0.26582285
 1194.2  1.11111111  0.96346161  0.02974014  0.96392051 -0.26582302
 1194.3  1.11111111  0.96346179  0.02973306  0.96392047 -0.26582314
 1194.4  1.11111111  0.96346199  0.02972585  0.96392045 -0.26582322
 1194.5  1.11111111  0.96346221  0.02971857  0.96392044 -0.26582325
 1194.6  1.11111111  0.96346244  0.02971129  0.96392045 -0.26582324
 1194.7  1.11111111  0.96346268  0.02970406  0.96392047 -0.26582318
 1194.8  1.11111111  0.96346293  0.02969692  0.96392050 -0.26582308
 1194.9  1.11111111  0.96346319  0.02968994  0.96392054 -0.26582294
 1195.0  1.11111111  0.96346345  0.02968317  0.96392059 -0.26582276
 1195.1  1.11111111  0.96346371  0.02967665  0.96392065 -0.26582255
 1195.2  1.11111111  0.96346398  0.02967042  0.96392073 -0.26582230
 1195.3  1.11111111  0.96346424  0.02966453  0.96392081 -0.26582201
 1195.4  1.11111111  0.96346450  0.02965903  0.96392090 -0.26582170
 1195.5  1.11111111  0.96346476  0.02965393  0.96392100 -0.26582136
 1195.6  1.11111111  0.96346501  0.02964928  0.96392111 -0.26582100
 1195.7  1.11111111  0.96346525  0.02964510  0.96392122 -0.26582062
 1195.8  1.11111111  0.96346548  0.02964141  0.96392133 -0.26582022
 1195.9  1.11111111  0.96346569  0.02963823  0.96392145 -0.26581981
 1196.0  1.11111111  0.96346590  0.02963559  0.96392157 -0.26581939
 1196.1  1.11111111  0.96346609  0.02963347  0.96392170 -0.26581896
 1196.2  1.11111111  0.96346626  0.02963190  0.96392182 -0.26581852
 1196.3  1.11111111  0.96346642  0.02963088  0.96392195 -0.26581809
 1196.4  1.11111111  0.96346655  0.02963040  0.96392207 -0.26581766
 1196.5  1.11111111  0.96346668  0.02963045  0.96392219 -0.26581724
 1196.6  1.11111111  0.96346678  0.02963102  0.96392231 -0.26581683
 1196.7  1.11111111  0.96346686  0.02963211  0.96392243 -0.26581643
 1196.8  1.11111111  0.96346692  0.02963369  0.96392254 -0.26581605
 1196.9  1.11111111  0.96346696  0.02963573  0.96392265 -0.26581568
 1197.0  1.11111111  0.96346699  0.02963823  0.96392274 -0.26581534
 1197.1  1.11111111  0.96346699  0.02964114  0.96392284 -0.26581502
 1197.2  1.11111111  0.96346697  0.02964444  0.96392292 -0.26581472
 1197.3  1.11111111  0.96346694  0.02964809  0.96392300 -0.26581445
 1197.4  1.11111111  0.96346689  0.02965206  0.96392307 -0.26581421
 1197.5  1.11111111  0.96346682  0.02965632  0.96392313 -0.26581400
 1197.6  1.11111111  0.96346673  0.02966082  0.96392318 -0.26581381
 1197.7  1.11111111  0.96346663  0.02966552  0.96392323 -0.26581366
 1197.8  1.11111111  0.96346651  0.02967040  0.96392326 -0.26581355
 1197.9  1.11111111  0.96346638  0.02967540  0.96392329 -0.26581346
 1198.0  1.11111111  0.96346624  0.02968048  0.96392330 -0.26581341
 1198.1  1.11111111  0.96346609  0.02968561  0.96392331 -0.26581339
 1198.2  1.11111111  0.96346593  0.02969074  0.96392330 -0.26581340
 1198.3  1.11111111  0.96346576  0.02969584  0.96392329 -0.26581344
 1198.4  1.11111111  0.96346558  0.02970086  0.96392327 -0.26581351
 1198.5  1.11111111  0.96346540  0.02970578  0.96392324 -0.26581361
 1198.6  1.11111111  0.96346522  0.02971054  0.96392321 -0.26581374
 1198.7  1.11111111  0.96346503  0.02971513  0.96392316 -0.26581389
 1198.8  1.11111111  0.96346485  0.02971951  0.96392311 -0.26581407
 1198.9  1.11111111  0.96346466  0.02972364  0.96392305 -0.26581427
 1199.0  1.11111111  0.96346448  0.02972751  0.96392299 -0.26581449
 1199.1  1.11111111  0.96346430  0.02973108  0.96392292 -0.26581473
 1199.2  1.11111111  0.96346412  0.02973434  0.96392284 -0.26581499
 1199.3  1.11111111  0.96346395  0.02973727  0.96392277 -0.26581526
 1199.4  1.11111111  0.96346379  0.02973985  0.96392268 -0.26581554
 1199.5  1.11111111  0.96346364  0.02974207  0.96392260 -0.26581583
 1199.6  1.11111111  0.96346350  0.02974391  0.96392251 -0.26581613
 1199.7  1.11111111  0.96346336  0.02974537  0.96392242 -0.26581643
 1199.8  1.11111111  0.96346324  0.02974645  0.96392234 -0.26581674
 1199.9  1.11111111  0.96346313  0.02974715  0.96392225 -0.26581704
 1200.0  1.11111111  0.96346303  0.02974746  0.96392216 -0.26581734
 1200.1  1.11111111  0.96346295  0.02974740  0.96392207 -0.26581764
 1200.2  1.11111111  0.96346288  0.02974697  0.96392199 -0.26581793
 1200.3  1.11111111  0.96346282  0.02974618  0.96392191 -0.26581821
 1200.4  1.11111111  0.96346278  0.02974504  0.96392183 -0.26581848
 1200.5  1.11111111  0.96346275  0.02974357  0.96392175 -0.26581874
 1200.6  1.11111111  0.96346273  0.02974179  0.96392168 -0.26581898
 1200.7  1.11111111  0.96346273  0.02973972  0.96392162 -0.26581921
 1200.8  1.11111111  0.96346274  0.02973737  0.96392156 -0.26581941
 1200.9  1.11111111  0.96346277  0.02973477  0.96392150 -0.26581960
 1201.0  1.11111111  0.96346281  0.02973195  0.96392145 -0.26581977
 1201.1  1.11111111  0.96346285  0.02972893  0.96392141 -0.26581992
 1201.2  1.11111111  0.96346292  0.02972575  0.96392137 -0.26582005
 1201.3  1.11111111  0.96346299  0.02972241  0.96392134 -0.26582015
 1201.4  1.11111111  0.96346307  0.02971896  0.96392132 -0.26582023
 1201.5  1.11111111  0.96346316  0.02971543  0.96392130 -0.26582029
 1201.6  1.11111111  0.96346326  0.02971184  0.96392129 -0.26582033
 1201.7  1.11111111  0.96346337  0.02970822  0.96392129 -0.26582034
 1201.8  1.11111111  0.96346348  0.02970459  0.96392129 -0.26582033
 1201.9  1.11111111  0.96346360  0.02970100  0.96392130 -0.26582030
 1202.0  1.11111111  0.96346373  0.02969746  0.96392131 -0.26582025
 1202.1  1.11111111  0.96346386  0.02969400  0.96392133 -0.26582018
 1202.2  1.11111111  0.96346399  0.02969064  0.96392136 -0.26582009
 1202.3  1.11111111  0.96346412  0.02968741  0.96392139 -0.26581998
 1202.4  1.11111111  0.96346425  0.02968433  0.96392143 -0.26581985
 1202.5  1.11111111  0.96346438  0.02968143  0.96392147 -0.26581971
 1202.6  1.11111111  0.96346451  0.02967871  0.96392152 -0.26581955
 1202.7  1.11111111  0.96346464  0.02967621  0.96392157 -0.26581938
 1202.8  1.11111111  0.96346476  0.02967393  0.96392162 -0.26581919
 1202.9  1.11111111  0.96346488  0.02967188  0.96392168 -0.26581900
 1203.0  1.11111111  0.96346500  0.02967008  0.96392174 -0.26581880
 1203.1  1.11111111  0.96346510  0.02966854  0.96392180 -0.26581860
 1203.2  1.11111111  0.96346520  0.02966726  0.96392186 -0.26581838
 1203.3  1.11111111  0.96346530  0.02966626  0.96392192 -0.26581817
 1203.4  1.11111111  0.96346538  0.02966552  0.96392198 -0.26581795
 1203.5  1.11111111  0.96346546  0.02966506  0.96392205 -0.26581774
 1203.6  1.11111111  0.96346553  0.02966487  0.96392211 -0.26581753
 1203.7  1.11111111  0.96346559  0.02966494  0.96392217 -0.26581732
 1203.8  1.11111111  0.96346564  0.02966527  0.96392223 -0.26581711
 1203.9  1.11111111  0.96346568  0.02966586  0.96392229 -0.26581691
 1204.0  1.11111111  0.96346571  0.02966669  0.96392234 -0.26581672
 1204.1  1.11111111  0.96346573  0.02966776  0.96392240 -0.26581654
 1204.2  1.11111111  0.96346574  0.02966904  0.96392244 -0.26581637
 1204.3  1.11111111  0.96346574  0.02967053  0.96392249 -0.26581622
 1204.4  1.11111111  0.96346573  0.02967222  0.96392253 -0.26581607
 1204.5  1.11111111  0.96346571  0.02967407  0.96392257 -0.26581594
 1204.6  1.11111111  0.96346568  0.02967608  0.96392261 -0.26581582
 1204.7  1.11111111  0.96346565  0.02967823  0.96392264 -0.26581572
 1204.8  1.11111111  0.96346560  0.02968050  0.96392266 -0.26581563
 1204.9  1.11111111  0.96346555  0.02968287  0.96392268 -0.26581556
 1205.0  1.11111111  0.96346549  0.02968532  0.96392270 -0.26581550
 1205.1  1.11111111  0.96346542  0.02968782  0.96392271 -0.26581546
 1205.2  1.11111111  0.96346535  0.02969037  0.96392272 -0.26581544
 1205.3  1.11111111  0.96346527  0.02969293  0.96392272 -0.26581543
 1205.4  1.11111111  0.96346519  0.02969549  0.96392272 -0.26581544
 1205.5  1.11111111  0.96346511  0.02969803  0.96392271 -0.26581546
 1205.6  1.11111111  0.96346502  0.02970053  0.96392270 -0.26581550
 1205.7  1.11111111  0.96346493  0.02970296  0.96392268 -0.26581556
 1205.8  1.11111111  0.96346484  0.02970532  0.96392266 -0.26581562
 1205.9  1.11111111  0.96346474  0.02970759  0.96392264 -0.26581570
 1206.0  1.11111111  0.96346465  0.02970975  0.96392261 -0.26581580
 1206.1  1.11111111  0.96346455  0.02971178  0.96392258 -0.26581590
 1206.2  1.11111111  0.96346446  0.02971367  0.96392255 -0.26581601
 1206.3  1.11111111  0.96346437  0.02971542  0.96392251 -0.26581613
 1206.4  1.11111111  0.96346429  0.02971701  0.96392247 -0.26581626
 1206.5  1.11111111  0.96346420  0.02971842  0.96392243 -0.26581640
 1206.6  1.11111111  0.96346412  0.02971966  0.96392239 -0.26581654
 1206.7  1.11111111  0.96346405  0.02972072  0.96392235 -0.26581669
 1206.8  1.11111111  0.96346398  0.02972159  0.96392230 -0.26581684
 1206.9  1.11111111  0.96346391  0.02972227  0.96392226 -0.26581699
 1207.0  1.11111111  0.96346385  0.02972276  0.96392221 -0.26581714
 1207.1  1.11111111  0.96346380  0.02972306  0.96392217 -0.26581730
 1207.2  1.11111111  0.96346375  0.02972316  0.96392213 -0.26581745
 1207.3  1.11111111  0.96346371  0.02972308  0.96392208 -0.26581759
 1207.4  1.11111111  0.96346368  0.02972281  0.96392204 -0.26581774
 1207.5  1.11111111  0.96346365  0.02972237  0.96392200 -0.26581788
 1207.6  1.11111111  0.96346363  0.02972175  0.96392196 -0.26581801
 1207.7  1.11111111  0.96346362  0.02972098  0.96392193 -0.26581813
 1207.8  1.11111111  0.96346361  0.02972004  0.96392189 -0.26581825
 1207.9  1.11111111  0.96346361  0.02971896  0.96392186 -0.26581836
 1208.0  1.11111111  0.96346362  0.02971775  0.96392183 -0.26581846
 1208.1  1.11111111  0.96346364  0.02971643  0.96392180 -0.26581856
 1208.2  1.11111111  0.96346366  0.02971499  0.96392178 -0.26581864
 1208.3  1.11111111  0.96346368  0.02971345  0.96392176 -0.26581871
 1208.4  1.11111111  0.96346372  0.02971184  0.96392174 -0.26581877
 1208.5  1.11111111  0.96346376  0.02971016  0.96392173 -0.26581882
 1208.6  1.11111111  0.96346380  0.02970842  0.96392172 -0.26581885
 1208.7  1.11111111  0.96346385  0.02970664  0.96392171 -0.26581888
 1208.8  1.11111111  0.96346390  0.02970485  0.96392171 -0.26581889
 1208.9  1.11111111  0.96346395  0.02970304  0.96392171 -0.26581890
 1209.0  1.11111111  0.96346401  0.02970123  0.96392171 -0.26581889
 1209.1  1.11111111  0.96346407  0.02969945  0.96392172 -0.26581887
 1209.2  1.11111111  0.96346413  0.02969769  0.96392173 -0.26581884
 1209.3  1.11111111  0.96346420  0.02969598  0.96392174 -0.26581880
 1209.4  1.11111111  0.96346426  0.02969433  0.96392175 -0.26581875
 1209.5  1.11111111  0.96346433  0.02969274  0.96392177 -0.26581869
 1209.6  1.11111111  0.96346440  0.02969123  0.96392179 -0.26581863
 1209.7  1.11111111  0.96346446  0.02968981  0.96392181 -0.26581855
 1209.8  1.11111111  0.96346453  0.02968849  0.96392183 -0.26581847
 1209.9  1.11111111  0.96346459  0.02968728  0.96392186 -0.26581839
 1210.0  1.11111111  0.96346465  0.02968618  0.96392189 -0.26581829
 1210.1  1.11111111  0.96346471  0.02968520  0.96392191 -0.26581820
 1210.2  1.11111111  0.96346476  0.02968435  0.96392194 -0.26581810
 1210.3  1.11111111  0.96346482  0.02968362  0.96392197 -0.26581799
 1210.4  1.11111111  0.96346487  0.02968303  0.96392200 -0.26581789
 1210.5  1.11111111  0.96346491  0.02968257  0.96392203 -0.26581778
 1210.6  1.11111111  0.96346495  0.02968225  0.96392207 -0.26581767
 1210.7  1.11111111  0.96346499  0.02968206  0.96392210 -0.26581757
 1210.8  1.11111111  0.96346502  0.02968201  0.96392213 -0.26581746
 1210.9  1.11111111  0.96346505  0.02968209  0.96392216 -0.26581736
 1211.0  1.11111111  0.96346507  0.02968230  0.96392219 -0.26581726
 1211.1  1.11111111  0.96346509  0.02968263  0.96392221 -0.26581716
 1211.2  1.11111111  0.96346510  0.02968308  0.96392224 -0.26581707
 1211.3  1.11111111  0.96346511  0.02968365  0.96392227 -0.26581698
 1211.4  1.11111111  0.96346511  0.02968432  0.96392229 -0.26581690
 1211.5  1.11111111  0.96346511  0.02968510  0.96392231 -0.26581682
 1211.6  1.11111111  0.96346510  0.02968596  0.96392233 -0.26581675
 1211.7  1.11111111  0.96346509  0.02968691  0.96392235 -0.26581669
 1211.8  1.11111111  0.96346508  0.02968793  0.96392237 -0.26581663
 1211.9  1.11111111  0.96346506  0.02968902  0.96392238 -0.26581658
 1212.0  1.11111111  0.96346504  0.02969016  0.96392239 -0.26581654
 1212.1  1.11111111  0.96346501  0.02969135  0.96392240 -0.26581651
 1212.2  1.11111111  0.96346498  0.02969258  0.96392241 -0.26581648
 1212.3  1.11111111  0.96346494  0.02969383  0.96392242 -0.26581646
 1212.4  1.11111111  0.96346491  0.02969510  0.96392242 -0.26581645
 1212.5  1.11111111  0.96346487  0.02969637  0.96392242 -0.26581645
 1212.6  1.11111111  0.96346483  0.02969764  0.96392242 -0.26581646
 1212.7  1.11111111  0.96346478  0.02969890  0.96392241 -0.26581647
 1212.8  1.11111111  0.96346474  0.02970013  0.96392241 -0.26581650
 1212.9  1.11111111  0.96346470  0.02970133  0.96392240 -0.26581652
 1213.0  1.11111111  0.96346465  0.02970249  0.96392239 -0.26581656
 1213.1  1.11111111  0.96346460  0.02970360  0.96392238 -0.26581660
 1213.2  1.11111111  0.96346456  0.02970466  0.96392236 -0.26581665
 1213.3  1.11111111  0.96346451  0.02970565  0.96392235 -0.26581670
 1213.4  1.11111111  0.96346447  0.02970657  0.96392233 -0.26581676
 1213.5  1.11111111  0.96346442  0.02970741  0.96392231 -0.26581682
 1213.6  1.11111111  0.96346438  0.02970818  0.96392229 -0.26581688
 1213.7  1.11111111  0.96346434  0.02970886  0.96392227 -0.26581695
 1213.8  1.11111111  0.96346430  0.02970945  0.96392225 -0.26581703
 1213.9  1.11111111  0.96346426  0.02970995  0.96392223 -0.26581710
 1214.0  1.11111111  0.96346423  0.02971036  0.96392221 -0.26581717
 1214.1  1.11111111  0.96346420  0.02971067  0.96392219 -0.26581725
 1214.2  1.11111111  0.96346417  0.02971089  0.96392217 -0.26581732
 1214.3  1.11111111  0.96346414  0.02971101  0.96392214 -0.26581740
 1214.4  1.11111111  0.96346412  0.02971104  0.96392212 -0.26581747
 1214.5  1.11111111  0.96346410  0.02971097  0.96392210 -0.26581755
 1214.6  1.11111111  0.96346409  0.02971082  0.96392208 -0.26581762
 1214.7  1.11111111  0.96346407  0.02971058  0.96392206 -0.26581769
 1214.8  1.11111111  0.96346406  0.02971025  0.96392204 -0.26581775
 1214.9  1.11111111  0.96346406  0.02970984  0.96392202 -0.26581781
 1215.0  1.11111111  0.96346406  0.02970936  0.96392201 -0.26581787
 1215.1  1.11111111  0.96346406  0.02970881  0.96392199 -0.26581792
 1215.2  1.11111111  0.96346406  0.02970819  0.96392198 -0.26581797
 1215.3  1.11111111  0.96346407  0.02970752  0.96392196 -0.26581802
 1215.4  1.11111111  0.96346408  0.02970679  0.96392195 -0.26581806
 1215.5  1.11111111  0.96346410  0.02970602  0.96392194 -0.26581809
 1215.6  1.11111111  0.96346411  0.02970521  0.96392193 -0.26581812
 1215.7  1.11111111  0.96346413  0.02970437  0.96392193 -0.26581814
 1215.8  1.11111111  0.96346415  0.02970350  0.96392192 -0.26581816
 1215.9  1.11111111  0.96346418  0.02970262  0.96392192 -0.26581817
 1216.0  1.11111111  0.96346420  0.02970172  0.96392192 -0.26581818
 1216.1  1.11111111  0.96346423  0.02970082  0.96392192 -0.26581818
 1216.2  1.11111111  0.96346426  0.02969993  0.96392192 -0.26581817
 1216.3  1.11111111  0.96346429  0.02969904  0.96392192 -0.26581816
 1216.4  1.11111111  0.96346432  0.02969817  0.96392193 -0.26581815
 1216.5  1.11111111  0.96346435  0.02969733  0.96392193 -0.26581813
 1216.6  1.11111111  0.96346439  0.02969651  0.96392194 -0.26581810
 1216.7  1.11111111  0.96346442  0.02969573  0.96392195 -0.26581807
 1216.8  1.11111111  0.96346445  0.02969499  0.96392196 -0.26581804
 1216.9  1.11111111  0.96346448  0.02969429  0.96392197 -0.26581800
 1217.0  1.11111111  0.96346451  0.02969365  0.96392198 -0.26581796
 1217.1  1.11111111  0.96346455  0.02969305  0.96392199 -0.26581792
 1217.2  1.11111111  0.96346458  0.02969252  0.96392201 -0.26581787
 1217.3  1.11111111  0.96346461  0.02969204  0.96392202 -0.26581782
 1217.4  1.11111111  0.96346463  0.02969163  0.96392204 -0.26581777
 1217.5  1.11111111  0.96346466  0.02969128  0.96392205 -0.26581772
 1217.6  1.11111111  0.96346468  0.02969099  0.96392207 -0.26581766
 1217.7  1.11111111  0.96346471  0.02969078  0.96392208 -0.26581761
 1217.8  1.11111111  0.96346473  0.02969063  0.96392210 -0.26581756
 1217.9  1.11111111  0.96346474  0.02969055  0.96392211 -0.26581750
 1218.0  1.11111111  0.96346476  0.02969053  0.96392213 -0.26581745
 1218.1  1.11111111  0.96346477  0.02969058  0.96392214 -0.26581740
 1218.2  1.11111111  0.96346478  0.02969070  0.96392216 -0.26581735
 1218.3  1.11111111  0.96346479  0.02969087  0.96392217 -0.26581730
 1218.4  1.11111111  0.96346480  0.02969111  0.96392219 -0.26581726
 1218.5  1.11111111  0.96346480  0.02969140  0.96392220 -0.26581721
 1218.6  1.11111111  0.96346480  0.02969174  0.96392221 -0.26581717
 1218.7  1.11111111  0.96346480  0.02969214  0.96392222 -0.26581713
 1218.8  1.11111111  0.96346480  0.02969258  0.96392223 -0.26581710
 1218.9  1.11111111  0.96346479  0.02969306  0.96392224 -0.26581707
 1219.0  1.11111111  0.96346479  0.02969358  0.96392225 -0.26581704
 1219.1  1.11111111  0.96346478  0.02969413  0.96392226 -0.26581702
 1219.2  1.11111111  0.96346476  0.02969470  0.96392226 -0.26581700
 1219.3  1.11111111  0.96346475  0.02969530  0.96392227 -0.26581698
 1219.4  1.11111111  0.96346473  0.02969592  0.96392227 -0.26581697
 1219.5  1.11111111  0.96346472  0.02969655  0.96392227 -0.26581696
 1219.6  1.11111111  0.96346470  0.02969718  0.96392227 -0.26581696
 1219.7  1.11111111  0.96346468  0.02969782  0.96392227 -0.26581696
 1219.8  1.11111111  0.96346466  0.02969846  0.96392227 -0.26581696
 1219.9  1.11111111  0.96346464  0.02969909  0.96392227 -0.26581697
 1220.0  1.11111111  0.96346461  0.02969971  0.96392227 -0.26581698
 1220.1  1.11111111  0.96346459  0.02970031  0.96392226 -0.26581699
 1220.2  1.11111111  0.96346457  0.02970090  0.96392226 -0.26581701
 1220.3  1.11111111  0.96346454  0.02970145  0.96392225 -0.26581703
 1220.4  1.11111111  0.96346452  0.02970198  0.96392224 -0.26581705
 1220.5  1.11111111  0.96346450  0.02970248  0.96392224 -0.26581708
 1220.6  1.11111111  0.96346448  0.02970295  0.96392223 -0.26581711
 1220.7  1.11111111  0.96346445  0.02970338  0.96392222 -0.26581714
 1220.8  1.11111111  0.96346443  0.02970376  0.96392221 -0.26581718
 1220.9  1.11111111  0.96346441  0.02970410  0.96392220 -0.26581721
 1221.0  1.11111111  0.96346439  0.02970440  0.96392219 -0.26581725
 1221.1  1.11111111  0.96346437  0.02970466  0.96392218 -0.26581728
 1221.2  1.11111111  0.96346435  0.02970486  0.96392217 -0.26581732
 1221.3  1.11111111  0.96346434  0.02970502  0.96392215 -0.26581736
 1221.4  1.11111111  0.96346432  0.02970513  0.96392214 -0.26581740
 1221.5  1.11111111  0.96346431  0.02970519  0.96392213 -0.26581744
 1221.6  1.11111111  0.96346430  0.02970521  0.96392212 -0.26581748
 1221.7  1.11111111  0.96346429  0.02970517  0.96392211 -0.26581751
 1221.8  1.11111111  0.96346428  0.02970509  0.96392210 -0.26581755
 1221.9  1.11111111  0.96346427  0.02970497  0.96392209 -0.26581758
 1222.0  1.11111111  0.96346427  0.02970480  0.96392208 -0.26581762
 1222.1  1.11111111  0.96346427  0.02970458  0.96392207 -0.26581765
 1222.2  1.11111111  0.96346427  0.02970434  0.96392206 -0.26581768
 1222.3  1.11111111  0.96346427  0.02970405  0.96392205 -0.26581771
 1222.4  1.11111111  0.96346427  0.02970374  0.96392205 -0.26581773
 1222.5  1.11111111  0.96346427  0.02970339  0.96392204 -0.26581775
 1222.6  1.11111111  0.96346428  0.02970301  0.96392203 -0.26581777
 1222.7  1.11111111  0.96346429  0.02970261  0.96392203 -0.26581779
 1222.8  1.11111111  0.96346430  0.02970219  0.96392202 -0.26581781
 1222.9  1.11111111  0.96346431  0.02970176  0.96392202 -0.26581782
 1223.0  1.11111111  0.96346432  0.02970130  0.96392202 -0.26581783
 1223.1  1.11111111  0.96346433  0.02970084  0.96392202 -0.26581783
 1223.2  1.11111111  0.96346434  0.02970038  0.96392202 -0.26581784
 1223.3  1.11111111  0.96346436  0.02969991  0.96392202 -0.26581784
 1223.4  1.11111111  0.96346437  0.02969944  0.96392202 -0.26581783
 1223.5  1.11111111  0.96346439  0.02969898  0.96392202 -0.26581783
 1223.6  1.11111111  0.96346441  0.02969853  0.96392202 -0.26581782
 1223.7  1.11111111  0.96346442  0.02969809  0.96392202 -0.26581781
 1223.8  1.11111111  0.96346444  0.02969766  0.96392203 -0.26581780
 1223.9  1.11111111  0.96346446  0.02969725  0.96392203 -0.26581778
 1224.0  1.11111111  0.96346447  0.02969686  0.96392204 -0.26581776
 1224.1  1.11111111  0.96346449  0.02969649  0.96392204 -0.26581774
 1224.2  1.11111111  0.96346451  0.02969615  0.96392205 -0.26581772
 1224.3  1.11111111  0.96346452  0.02969584  0.96392206 -0.26581770
 1224.4  1.11111111  0.96346454  0.02969556  0.96392206 -0.26581767
 1224.5  1.11111111  0.96346455  0.02969531  0.96392207 -0.26581765
 1224.6  1.11111111  0.96346457  0.02969509  0.96392208 -0.26581762
 1224.7  1.11111111  0.96346458  0.02969491  0.96392209 -0.26581760
 1224.8  1.11111111  0.96346460  0.02969475  0.96392210 -0.26581757
 1224.9  1.11111111  0.96346461  0.02969464  0.96392210 -0.26581754
 1225.0  1.11111111  0.96346462  0.02969456  0.96392211 -0.26581751
 1225.1  1.11111111  0.96346463  0.02969452  0.96392212 -0.26581749
