 # TIME  LP  TMAB  TMDS  TMPC  TMZ
 1125.1  1.11111111  0.96723791  0.00803217  0.96727126 -0.25395472
 1125.2  1.11111111  0.96724527  0.00713478  0.96727158 -0.25395347
 1125.3  1.11111111  0.96726051  0.00519698  0.96727447 -0.25394222
 1125.4  1.11111111  0.96727424  0.00335387  0.96728005 -0.25391992
 1125.5  1.11111111  0.96728674  0.00166488  0.96728817 -0.25388747
 1125.6  1.11111111  0.96729853  0.00018354  0.96729855 -0.25384614
 1125.7  1.11111111  0.96731023 -0.00104443  0.96731079 -0.25379746
 1125.8  1.11111111  0.96732237 -0.00198278  0.96732440 -0.25374326
 1125.9  1.11111111  0.96733541 -0.00260587  0.96733892 -0.25368540
 1126.0  1.11111111  0.96734960 -0.00289864  0.96735394 -0.25362584
 1126.1  1.11111111  0.96736466 -0.00285717  0.96736888 -0.25356663
 1126.2  1.11111111  0.96738004 -0.00248901  0.96738324 -0.25350972
 1126.3  1.11111111  0.96739488 -0.00181239  0.96739658 -0.25345697
 1126.4  1.11111111  0.96740813 -0.00085540  0.96740850 -0.25341002
 1126.5  1.11111111  0.96741856  0.00034523  0.96741862 -0.25337037
 1126.6  1.11111111  0.96742501  0.00174499  0.96742658 -0.25333922
 1126.7  1.11111111  0.96742659  0.00329349  0.96743220 -0.25331746
 1126.8  1.11111111  0.96742272  0.00493628  0.96743532 -0.25330565
 1126.9  1.11111111  0.96741324  0.00661673  0.96743587 -0.25330403
 1127.0  1.11111111  0.96739845  0.00827778  0.96743386 -0.25331251
 1127.1  1.11111111  0.96737911  0.00986388  0.96742939 -0.25333062
 1127.2  1.11111111  0.96735641  0.01132295  0.96742268 -0.25335759
 1127.3  1.11111111  0.96733180  0.01260817  0.96741396 -0.25339236
 1127.4  1.11111111  0.96730685  0.01367931  0.96740357 -0.25343364
 1127.5  1.11111111  0.96728312  0.01450398  0.96739186 -0.25347992
 1127.6  1.11111111  0.96726205  0.01505869  0.96737926 -0.25352955
 1127.7  1.11111111  0.96724476  0.01532961  0.96736623 -0.25358077
 1127.8  1.11111111  0.96723198  0.01531272  0.96735319 -0.25363183
 1127.9  1.11111111  0.96722406  0.01501373  0.96734058 -0.25368102
 1128.0  1.11111111  0.96722093  0.01444786  0.96732883 -0.25372669
 1128.1  1.11111111  0.96722218  0.01363912  0.96731834 -0.25376735
 1128.2  1.11111111  0.96722711  0.01261927  0.96730942 -0.25380174
 1128.3  1.11111111  0.96723488  0.01142657  0.96730237 -0.25382881
 1128.4  1.11111111  0.96724462  0.01010441  0.96729740 -0.25384777
 1128.5  1.11111111  0.96725551  0.00869977  0.96729464 -0.25385816
 1128.6  1.11111111  0.96726688  0.00726147  0.96729414 -0.25385978
 1128.7  1.11111111  0.96727827  0.00583847  0.96729589 -0.25385276
 1128.8  1.11111111  0.96728942  0.00447833  0.96729978 -0.25383748
 1128.9  1.11111111  0.96730027  0.00322559  0.96730565 -0.25381464
 1129.0  1.11111111  0.96731092  0.00212026  0.96731325 -0.25378514
 1129.1  1.11111111  0.96732154  0.00119666  0.96732228 -0.25375010
 1129.2  1.11111111  0.96733230  0.00048238  0.96733242 -0.25371080
 1129.3  1.11111111  0.96734329 -0.00000254  0.96734329 -0.25366863
 1129.4  1.11111111  0.96735448 -0.00024611  0.96735451 -0.25362506
 1129.5  1.11111111  0.96736567 -0.00024466  0.96736570 -0.25358158
 1129.6  1.11111111  0.96737647 -0.00000277  0.96737647 -0.25353963
 1129.7  1.11111111  0.96738636  0.00046704  0.96738648 -0.25350059
 1129.8  1.11111111  0.96739471  0.00114479  0.96739539 -0.25346572
 1129.9  1.11111111  0.96740086  0.00200395  0.96740294 -0.25343611
 1130.0  1.11111111  0.96740421  0.00301234  0.96740890 -0.25341265
 1130.1  1.11111111  0.96740426  0.00413341  0.96741309 -0.25339603
 1130.2  1.11111111  0.96740075  0.00532741  0.96741542 -0.25338668
 1130.3  1.11111111  0.96739364  0.00655289  0.96741583 -0.25338478
 1130.4  1.11111111  0.96738316  0.00776806  0.96741435 -0.25339027
 1130.5  1.11111111  0.96736983  0.00893224  0.96741106 -0.25340283
 1130.6  1.11111111  0.96735435  0.01000718  0.96740611 -0.25342191
 1130.7  1.11111111  0.96733762  0.01095833  0.96739969 -0.25344675
 1130.8  1.11111111  0.96732062  0.01175593  0.96739205 -0.25347641
 1130.9  1.11111111  0.96730430  0.01237599  0.96738347 -0.25350980
 1131.0  1.11111111  0.96728956  0.01280091  0.96737426 -0.25354573
 1131.1  1.11111111  0.96727712  0.01302003  0.96736474 -0.25358292
 1131.2  1.11111111  0.96726750  0.01302982  0.96735526 -0.25362011
 1131.3  1.11111111  0.96726098  0.01283390  0.96734611 -0.25365604
 1131.4  1.11111111  0.96725759  0.01244277  0.96733762 -0.25368951
 1131.5  1.11111111  0.96725719  0.01187328  0.96733006 -0.25371946
 1131.6  1.11111111  0.96725941  0.01114799  0.96732365 -0.25374493
 1131.7  1.11111111  0.96726382  0.01029425  0.96731860 -0.25376515
 1131.8  1.11111111  0.96726992  0.00934321  0.96731504 -0.25377956
 1131.9  1.11111111  0.96727721  0.00832866  0.96731306 -0.25378778
 1132.0  1.11111111  0.96728526  0.00728585  0.96731269 -0.25378965
 1132.1  1.11111111  0.96729372  0.00625030  0.96731391 -0.25378525
 1132.2  1.11111111  0.96730236  0.00525657  0.96731665 -0.25377484
 1132.3  1.11111111  0.96731104  0.00433713  0.96732077 -0.25375889
 1132.4  1.11111111  0.96731970  0.00352134  0.96732611 -0.25373804
 1132.5  1.11111111  0.96732831  0.00283452  0.96733246 -0.25371309
 1132.6  1.11111111  0.96733688  0.00229719  0.96733961 -0.25368494
 1132.7  1.11111111  0.96734537  0.00192448  0.96734728 -0.25365460
 1132.8  1.11111111  0.96735369  0.00172576  0.96735523 -0.25362311
 1132.9  1.11111111  0.96736168  0.00170441  0.96736318 -0.25359156
 1133.0  1.11111111  0.96736908  0.00185784  0.96737087 -0.25356098
 1133.1  1.11111111  0.96737559  0.00217769  0.96737805 -0.25353239
 1133.2  1.11111111  0.96738086  0.00265020  0.96738449 -0.25350670
 1133.3  1.11111111  0.96738452  0.00325678  0.96739000 -0.25348471
 1133.4  1.11111111  0.96738625  0.00397469  0.96739441 -0.25346710
 1133.5  1.11111111  0.96738580  0.00477790  0.96739760 -0.25345436
 1133.6  1.11111111  0.96738305  0.00563797  0.96739948 -0.25344685
 1133.7  1.11111111  0.96737801  0.00652509  0.96740001 -0.25344471
 1133.8  1.11111111  0.96737083  0.00740905  0.96739921 -0.25344793
 1133.9  1.11111111  0.96736184  0.00826029  0.96739711 -0.25345630
 1134.0  1.11111111  0.96735147  0.00905085  0.96739381 -0.25346946
 1134.1  1.11111111  0.96734026  0.00975531  0.96738944 -0.25348688
 1134.2  1.11111111  0.96732878  0.01035157  0.96738417 -0.25350790
 1134.3  1.11111111  0.96731765  0.01082158  0.96737818 -0.25353174
 1134.4  1.11111111  0.96730740  0.01115183  0.96737168 -0.25355756
 1134.5  1.11111111  0.96729851  0.01133374  0.96736491 -0.25358446
 1134.6  1.11111111  0.96729133  0.01136390  0.96735808 -0.25361150
 1134.7  1.11111111  0.96728609  0.01124404  0.96735144 -0.25363778
 1134.8  1.11111111  0.96728287  0.01098091  0.96734519 -0.25366243
 1134.9  1.11111111  0.96728162  0.01058597  0.96733955 -0.25368465
 1135.0  1.11111111  0.96728221  0.01007489  0.96733468 -0.25370373
 1135.1  1.11111111  0.96728442  0.00946696  0.96733074 -0.25371909
 1135.2  1.11111111  0.96728797  0.00878437  0.96732786 -0.25373028
 1135.3  1.11111111  0.96729258  0.00805139  0.96732609 -0.25373701
 1135.4  1.11111111  0.96729799  0.00729358  0.96732549 -0.25373913
 1135.5  1.11111111  0.96730397  0.00653680  0.96732606 -0.25373666
 1135.6  1.11111111  0.96731033  0.00580644  0.96732775 -0.25372976
 1135.7  1.11111111  0.96731692  0.00512651  0.96733050 -0.25371876
 1135.8  1.11111111  0.96732364  0.00451890  0.96733419 -0.25370408
 1135.9  1.11111111  0.96733041  0.00400265  0.96733869 -0.25368630
 1136.0  1.11111111  0.96733715  0.00359342  0.96734382 -0.25366606
 1136.1  1.11111111  0.96734377  0.00330298  0.96734941 -0.25364410
 1136.2  1.11111111  0.96735017  0.00313889  0.96735526 -0.25362117
 1136.3  1.11111111  0.96735618  0.00310438  0.96736116 -0.25359806
 1136.4  1.11111111  0.96736164  0.00319825  0.96736693 -0.25357555
 1136.5  1.11111111  0.96736633  0.00341504  0.96737235 -0.25355438
 1136.6  1.11111111  0.96737002  0.00374524  0.96737727 -0.25353524
 1136.7  1.11111111  0.96737251  0.00417573  0.96738152 -0.25351873
 1136.8  1.11111111  0.96737359  0.00469026  0.96738496 -0.25350537
 1136.9  1.11111111  0.96737315  0.00527001  0.96738751 -0.25349553
 1137.0  1.11111111  0.96737112  0.00589433  0.96738907 -0.25348951
 1137.1  1.11111111  0.96736752  0.00654144  0.96738963 -0.25348742
 1137.2  1.11111111  0.96736246  0.00718916  0.96738918 -0.25348927
 1137.3  1.11111111  0.96735617  0.00781568  0.96738775 -0.25349492
 1137.4  1.11111111  0.96734892  0.00840030  0.96738540 -0.25350413
 1137.5  1.11111111  0.96734107  0.00892411  0.96738223 -0.25351651
 1137.6  1.11111111  0.96733298  0.00937056  0.96737836 -0.25353159
 1137.7  1.11111111  0.96732505  0.00972604  0.96737394 -0.25354882
 1137.8  1.11111111  0.96731765  0.00998023  0.96736913 -0.25356757
 1137.9  1.11111111  0.96731109  0.01012643  0.96736409 -0.25358718
 1138.0  1.11111111  0.96730563  0.01016171  0.96735900 -0.25360698
 1138.1  1.11111111  0.96730145  0.01008694  0.96735404 -0.25362629
 1138.2  1.11111111  0.96729865  0.00990666  0.96734938 -0.25364447
 1138.3  1.11111111  0.96729723  0.00962893  0.96734516 -0.25366093
 1138.4  1.11111111  0.96729715  0.00926492  0.96734152 -0.25367514
 1138.5  1.11111111  0.96729829  0.00882849  0.96733857 -0.25368668
 1138.6  1.11111111  0.96730050  0.00833569  0.96733641 -0.25369520
 1138.7  1.11111111  0.96730361  0.00780416  0.96733509 -0.25370047
 1138.8  1.11111111  0.96730745  0.00725251  0.96733464 -0.25370237
 1138.9  1.11111111  0.96731185  0.00669966  0.96733505 -0.25370092
 1139.0  1.11111111  0.96731665  0.00616430  0.96733629 -0.25369621
 1139.1  1.11111111  0.96732173  0.00566396  0.96733831 -0.25368848
 1139.2  1.11111111  0.96732696  0.00521476  0.96734102 -0.25367805
 1139.3  1.11111111  0.96733225  0.00483083  0.96734431 -0.25366530
 1139.4  1.11111111  0.96733748  0.00452382  0.96734806 -0.25365073
 1139.5  1.11111111  0.96734257  0.00430263  0.96735213 -0.25363483
 1139.6  1.11111111  0.96734739  0.00417308  0.96735639 -0.25361819
 1139.7  1.11111111  0.96735183  0.00413771  0.96736068 -0.25360136
 1139.8  1.11111111  0.96735576  0.00419597  0.96736486 -0.25358491
 1139.9  1.11111111  0.96735904  0.00434414  0.96736879 -0.25356940
 1140.0  1.11111111  0.96736153  0.00457557  0.96737235 -0.25355532
 1140.1  1.11111111  0.96736311  0.00488095  0.96737542 -0.25354311
 1140.2  1.11111111  0.96736368  0.00524865  0.96737791 -0.25353315
 1140.3  1.11111111  0.96736317  0.00566518  0.96737976 -0.25352573
 1140.4  1.11111111  0.96736158  0.00611569  0.96738091 -0.25352105
 1140.5  1.11111111  0.96735892  0.00658442  0.96738133 -0.25351923
 1140.6  1.11111111  0.96735531  0.00705530  0.96738103 -0.25352026
 1140.7  1.11111111  0.96735087  0.00751254  0.96738004 -0.25352406
 1140.8  1.11111111  0.96734580  0.00794102  0.96737839 -0.25353045
 1140.9  1.11111111  0.96734032  0.00832693  0.96737616 -0.25353917
 1141.0  1.11111111  0.96733468  0.00865809  0.96737343 -0.25354989
 1141.1  1.11111111  0.96732914  0.00892442  0.96737031 -0.25356220
 1141.2  1.11111111  0.96732392  0.00911819  0.96736690 -0.25357567
 1141.3  1.11111111  0.96731925  0.00923423  0.96736332 -0.25358982
 1141.4  1.11111111  0.96731528  0.00927011  0.96735970 -0.25360416
 1141.5  1.11111111  0.96731216  0.00922608  0.96735616 -0.25361822
 1141.6  1.11111111  0.96730996  0.00910513  0.96735281 -0.25363151
 1141.7  1.11111111  0.96730870  0.00891274  0.96734976 -0.25364362
 1141.8  1.11111111  0.96730838  0.00865667  0.96734712 -0.25365415
 1141.9  1.11111111  0.96730894  0.00834671  0.96734495 -0.25366279
 1142.0  1.11111111  0.96731028  0.00799423  0.96734332 -0.25366928
 1142.1  1.11111111  0.96731232  0.00761185  0.96734227 -0.25367344
 1142.2  1.11111111  0.96731494  0.00721294  0.96734184 -0.25367517
 1142.3  1.11111111  0.96731803  0.00681115  0.96734201 -0.25367447
 1142.4  1.11111111  0.96732148  0.00642003  0.96734278 -0.25367140
 1142.5  1.11111111  0.96732518  0.00605246  0.96734411 -0.25366611
 1142.6  1.11111111  0.96732903  0.00572032  0.96734595 -0.25365882
 1142.7  1.11111111  0.96733295  0.00543410  0.96734821 -0.25364980
 1142.8  1.11111111  0.96733684  0.00520252  0.96735083 -0.25363940
 1142.9  1.11111111  0.96734062  0.00503236  0.96735371 -0.25362798
 1143.0  1.11111111  0.96734419  0.00492817  0.96735674 -0.25361595
 1143.1  1.11111111  0.96734746  0.00489225  0.96735984 -0.25360372
 1143.2  1.11111111  0.96735034  0.00492457  0.96736287 -0.25359170
 1143.3  1.11111111  0.96735273  0.00502279  0.96736577 -0.25358029
 1143.4  1.11111111  0.96735453  0.00518244  0.96736841 -0.25356987
 1143.5  1.11111111  0.96735568  0.00539704  0.96737073 -0.25356075
 1143.6  1.11111111  0.96735611  0.00565843  0.96737265 -0.25355323
 1143.7  1.11111111  0.96735578  0.00595698  0.96737412 -0.25354754
 1143.8  1.11111111  0.96735468  0.00628202  0.96737508 -0.25354381
 1143.9  1.11111111  0.96735286  0.00662216  0.96737552 -0.25354216
 1144.0  1.11111111  0.96735036  0.00696572  0.96737544 -0.25354259
 1144.1  1.11111111  0.96734728  0.00730111  0.96737483 -0.25354505
 1144.2  1.11111111  0.96734375  0.00761720  0.96737374 -0.25354943
 1144.3  1.11111111  0.96733991  0.00790373  0.96737220 -0.25355555
 1144.4  1.11111111  0.96733593  0.00815159  0.96737028 -0.25356316
 1144.5  1.11111111  0.96733198  0.00835317  0.96736804 -0.25357199
 1144.6  1.11111111  0.96732820  0.00850251  0.96736557 -0.25358172
 1144.7  1.11111111  0.96732476  0.00859553  0.96736295 -0.25359200
 1144.8  1.11111111  0.96732178  0.00863014  0.96736028 -0.25360248
 1144.9  1.11111111  0.96731936  0.00860623  0.96735764 -0.25361280
 1145.0  1.11111111  0.96731756  0.00852566  0.96735513 -0.25362261
 1145.1  1.11111111  0.96731641  0.00839217  0.96735282 -0.25363160
 1145.2  1.11111111  0.96731594  0.00821124  0.96735079 -0.25363948
 1145.3  1.11111111  0.96731612  0.00798980  0.96734911 -0.25364600
 1145.4  1.11111111  0.96731689  0.00773604  0.96734783 -0.25365097
 1145.5  1.11111111  0.96731822  0.00745910  0.96734698 -0.25365425
 1145.6  1.11111111  0.96732002  0.00716871  0.96734658 -0.25365576
 1145.7  1.11111111  0.96732221  0.00687489  0.96734664 -0.25365548
 1145.8  1.11111111  0.96732473  0.00658757  0.96734716 -0.25365346
 1145.9  1.11111111  0.96732748  0.00631630  0.96734810 -0.25364979
 1146.0  1.11111111  0.96733038  0.00606990  0.96734942 -0.25364463
 1146.1  1.11111111  0.96733335  0.00585619  0.96735107 -0.25363818
 1146.2  1.11111111  0.96733631  0.00568175  0.96735300 -0.25363069
 1146.3  1.11111111  0.96733919  0.00555171  0.96735512 -0.25362241
 1146.4  1.11111111  0.96734191  0.00546963  0.96735737 -0.25361365
 1146.5  1.11111111  0.96734439  0.00543736  0.96735967 -0.25360471
 1146.6  1.11111111  0.96734655  0.00545508  0.96736193 -0.25359589
 1146.7  1.11111111  0.96734832  0.00552127  0.96736408 -0.25358749
 1146.8  1.11111111  0.96734965  0.00563279  0.96736605 -0.25357978
 1146.9  1.11111111  0.96735049  0.00578506  0.96736778 -0.25357300
 1147.0  1.11111111  0.96735078  0.00597222  0.96736922 -0.25356738
 1147.1  1.11111111  0.96735052  0.00618732  0.96737031 -0.25356307
 1147.2  1.11111111  0.96734971  0.00642263  0.96737104 -0.25356019
 1147.3  1.11111111  0.96734838  0.00666984  0.96737137 -0.25355882
 1147.4  1.11111111  0.96734656  0.00692044  0.96737132 -0.25355897
 1147.5  1.11111111  0.96734434  0.00716594  0.96737088 -0.25356062
 1147.6  1.11111111  0.96734180  0.00739819  0.96737009 -0.25356367
 1147.7  1.11111111  0.96733904  0.00760963  0.96736897 -0.25356800
 1147.8  1.11111111  0.96733617  0.00779355  0.96736757 -0.25357344
 1147.9  1.11111111  0.96733332  0.00794427  0.96736594 -0.25357979
 1148.0  1.11111111  0.96733058  0.00805736  0.96736414 -0.25358681
 1148.1  1.11111111  0.96732807  0.00812971  0.96736223 -0.25359426
 1148.2  1.11111111  0.96732588  0.00815967  0.96736029 -0.25360188
 1148.3  1.11111111  0.96732407  0.00814700  0.96735838 -0.25360940
 1148.4  1.11111111  0.96732270  0.00809295  0.96735655 -0.25361659
 1148.5  1.11111111  0.96732180  0.00800011  0.96735488 -0.25362319
 1148.6  1.11111111  0.96732138  0.00787231  0.96735341 -0.25362901
 1148.7  1.11111111  0.96732143  0.00771451  0.96735219 -0.25363387
 1148.8  1.11111111  0.96732193  0.00753256  0.96735126 -0.25363760
 1148.9  1.11111111  0.96732284  0.00733302  0.96735063 -0.25364013
 1149.0  1.11111111  0.96732411  0.00712293  0.96735033 -0.25364137
 1149.1  1.11111111  0.96732569  0.00690951  0.96735036 -0.25364132
 1149.2  1.11111111  0.96732751  0.00670000  0.96735071 -0.25363999
 1149.3  1.11111111  0.96732952  0.00650134  0.96735136 -0.25363747
 1149.4  1.11111111  0.96733165  0.00631999  0.96735229 -0.25363385
 1149.5  1.11111111  0.96733383  0.00616170  0.96735346 -0.25362928
 1149.6  1.11111111  0.96733601  0.00603135  0.96735482 -0.25362393
 1149.7  1.11111111  0.96733813  0.00593278  0.96735632 -0.25361799
 1149.8  1.11111111  0.96734012  0.00586870  0.96735792 -0.25361167
 1149.9  1.11111111  0.96734192  0.00584061  0.96735956 -0.25360520
 1150.0  1.11111111  0.96734349  0.00584880  0.96736117 -0.25359878
 1150.1  1.11111111  0.96734478  0.00589231  0.96736272 -0.25359264
 1150.2  1.11111111  0.96734573  0.00596904  0.96736415 -0.25358697
 1150.3  1.11111111  0.96734633  0.00607579  0.96736541 -0.25358196
 1150.4  1.11111111  0.96734655  0.00620845  0.96736647 -0.25357776
 1150.5  1.11111111  0.96734637  0.00636209  0.96736729 -0.25357450
 1150.6  1.11111111  0.96734580  0.00653117  0.96736785 -0.25357226
 1150.7  1.11111111  0.96734487  0.00670975  0.96736814 -0.25357112
 1150.8  1.11111111  0.96734361  0.00689167  0.96736815 -0.25357107
 1150.9  1.11111111  0.96734205  0.00707077  0.96736789 -0.25357211
 1151.0  1.11111111  0.96734027  0.00724111  0.96736737 -0.25357418
 1151.1  1.11111111  0.96733833  0.00739712  0.96736662 -0.25357719
 1151.2  1.11111111  0.96733631  0.00753383  0.96736565 -0.25358103
 1151.3  1.11111111  0.96733429  0.00764703  0.96736451 -0.25358555
 1151.4  1.11111111  0.96733233  0.00773333  0.96736324 -0.25359059
 1151.5  1.11111111  0.96733051  0.00779033  0.96736188 -0.25359596
 1151.6  1.11111111  0.96732890  0.00781665  0.96736049 -0.25360149
 1151.7  1.11111111  0.96732755  0.00781198  0.96735910 -0.25360698
 1151.8  1.11111111  0.96732650  0.00777702  0.96735776 -0.25361225
 1151.9  1.11111111  0.96732577  0.00771350  0.96735652 -0.25361713
 1152.0  1.11111111  0.96732537  0.00762408  0.96735542 -0.25362146
 1152.1  1.11111111  0.96732532  0.00751223  0.96735449 -0.25362511
 1152.2  1.11111111  0.96732559  0.00738210  0.96735376 -0.25362796
 1152.3  1.11111111  0.96732617  0.00723841  0.96735325 -0.25362994
 1152.4  1.11111111  0.96732702  0.00708621  0.96735297 -0.25363099
 1152.5  1.11111111  0.96732811  0.00693078  0.96735294 -0.25363109
 1152.6  1.11111111  0.96732939  0.00677739  0.96735314 -0.25363027
 1152.7  1.11111111  0.96733084  0.00663115  0.96735356 -0.25362855
 1152.8  1.11111111  0.96733238  0.00649684  0.96735420 -0.25362603
 1152.9  1.11111111  0.96733399  0.00637876  0.96735502 -0.25362279
 1153.0  1.11111111  0.96733560  0.00628056  0.96735599 -0.25361896
 1153.1  1.11111111  0.96733717  0.00620520  0.96735708 -0.25361468
 1153.2  1.11111111  0.96733866  0.00615478  0.96735824 -0.25361010
 1153.3  1.11111111  0.96734002  0.00613054  0.96735945 -0.25360538
 1153.4  1.11111111  0.96734121  0.00613282  0.96736065 -0.25360068
 1153.5  1.11111111  0.96734219  0.00616106  0.96736181 -0.25359615
 1153.6  1.11111111  0.96734293  0.00621384  0.96736288 -0.25359196
 1153.7  1.11111111  0.96734340  0.00628893  0.96736384 -0.25358822
 1153.8  1.11111111  0.96734359  0.00638342  0.96736465 -0.25358506
 1153.9  1.11111111  0.96734349  0.00649375  0.96736529 -0.25358258
 1154.0  1.11111111  0.96734311  0.00661594  0.96736574 -0.25358085
 1154.1  1.11111111  0.96734246  0.00674569  0.96736598 -0.25357990
 1154.2  1.11111111  0.96734157  0.00687848  0.96736602 -0.25357976
 1154.3  1.11111111  0.96734046  0.00700983  0.96736586 -0.25358041
 1154.4  1.11111111  0.96733918  0.00713538  0.96736550 -0.25358183
 1154.5  1.11111111  0.96733778  0.00725097  0.96736495 -0.25358394
 1154.6  1.11111111  0.96733631  0.00735289  0.96736425 -0.25358668
 1154.7  1.11111111  0.96733482  0.00743798  0.96736342 -0.25358993
 1154.8  1.11111111  0.96733338  0.00750365  0.96736248 -0.25359357
 1154.9  1.11111111  0.96733203  0.00754804  0.96736148 -0.25359748
 1155.0  1.11111111  0.96733083  0.00757007  0.96736045 -0.25360152
 1155.1  1.11111111  0.96732980  0.00756940  0.96735942 -0.25360554
 1155.2  1.11111111  0.96732899  0.00754643  0.96735842 -0.25360943
 1155.3  1.11111111  0.96732841  0.00750238  0.96735750 -0.25361303
 1155.4  1.11111111  0.96732807  0.00743915  0.96735668 -0.25361625
 1155.5  1.11111111  0.96732799  0.00735921  0.96735598 -0.25361897
 1155.6  1.11111111  0.96732815  0.00726556  0.96735544 -0.25362113
 1155.7  1.11111111  0.96732854  0.00716159  0.96735505 -0.25362264
 1155.8  1.11111111  0.96732915  0.00705100  0.96735484 -0.25362348
 1155.9  1.11111111  0.96732993  0.00693762  0.96735481 -0.25362364
 1156.0  1.11111111  0.96733087  0.00682532  0.96735495 -0.25362311
 1156.1  1.11111111  0.96733194  0.00671785  0.96735526 -0.25362193
 1156.2  1.11111111  0.96733308  0.00661874  0.96735572 -0.25362014
 1156.3  1.11111111  0.96733427  0.00653116  0.96735632 -0.25361784
 1156.4  1.11111111  0.96733547  0.00645783  0.96735702 -0.25361509
 1156.5  1.11111111  0.96733664  0.00640094  0.96735782 -0.25361199
 1156.6  1.11111111  0.96733774  0.00636210  0.96735866 -0.25360867
 1156.7  1.11111111  0.96733875  0.00634227  0.96735954 -0.25360524
 1156.8  1.11111111  0.96733963  0.00634176  0.96736041 -0.25360181
 1156.9  1.11111111  0.96734034  0.00636023  0.96736125 -0.25359850
 1157.0  1.11111111  0.96734089  0.00639669  0.96736204 -0.25359541
 1157.1  1.11111111  0.96734123  0.00644961  0.96736273 -0.25359265
 1157.2  1.11111111  0.96734137  0.00651689  0.96736332 -0.25359031
 1157.3  1.11111111  0.96734130  0.00659598  0.96736379 -0.25358844
 1157.4  1.11111111  0.96734103  0.00668405  0.96736412 -0.25358711
 1157.5  1.11111111  0.96734056  0.00677795  0.96736430 -0.25358636
 1157.6  1.11111111  0.96733992  0.00687444  0.96736435 -0.25358619
 1157.7  1.11111111  0.96733912  0.00697022  0.96736423 -0.25358661
 1157.8  1.11111111  0.96733821  0.00706209  0.96736398 -0.25358757
 1157.9  1.11111111  0.96733720  0.00714708  0.96736360 -0.25358906
 1158.0  1.11111111  0.96733615  0.00722241  0.96736311 -0.25359100
 1158.1  1.11111111  0.96733508  0.00728577  0.96736252 -0.25359331
 1158.2  1.11111111  0.96733405  0.00733524  0.96736186 -0.25359593
 1158.3  1.11111111  0.96733307  0.00736944  0.96736114 -0.25359874
 1158.4  1.11111111  0.96733220  0.00738749  0.96736041 -0.25360166
 1158.5  1.11111111  0.96733144  0.00738909  0.96735966 -0.25360459
 1158.6  1.11111111  0.96733084  0.00737448  0.96735895 -0.25360742
 1158.7  1.11111111  0.96733040  0.00734447  0.96735828 -0.25361007
 1158.8  1.11111111  0.96733014  0.00730033  0.96735768 -0.25361244
 1158.9  1.11111111  0.96733005  0.00724381  0.96735717 -0.25361447
 1159.0  1.11111111  0.96733014  0.00717703  0.96735676 -0.25361609
 1159.1  1.11111111  0.96733040  0.00710243  0.96735647 -0.25361726
 1159.2  1.11111111  0.96733081  0.00702263  0.96735630 -0.25361794
 1159.3  1.11111111  0.96733135  0.00694043  0.96735625 -0.25361812
 1159.4  1.11111111  0.96733202  0.00685861  0.96735633 -0.25361780
 1159.5  1.11111111  0.96733277  0.00677991  0.96735653 -0.25361701
 1159.6  1.11111111  0.96733359  0.00670691  0.96735684 -0.25361578
 1159.7  1.11111111  0.96733445  0.00664196  0.96735725 -0.25361415
 1159.8  1.11111111  0.96733532  0.00658709  0.96735774 -0.25361220
 1159.9  1.11111111  0.96733617  0.00654396  0.96735830 -0.25360999
 1160.0  1.11111111  0.96733698  0.00651378  0.96735891 -0.25360760
 1160.1  1.11111111  0.96733772  0.00649732  0.96735954 -0.25360511
 1160.2  1.11111111  0.96733836  0.00649490  0.96736017 -0.25360261
 1160.3  1.11111111  0.96733890  0.00650631  0.96736078 -0.25360018
 1160.4  1.11111111  0.96733931  0.00653092  0.96736136 -0.25359791
 1160.5  1.11111111  0.96733959  0.00656772  0.96736188 -0.25359586
 1160.6  1.11111111  0.96733971  0.00661523  0.96736233 -0.25359410
 1160.7  1.11111111  0.96733969  0.00667165  0.96736269 -0.25359269
 1160.8  1.11111111  0.96733951  0.00673495  0.96736296 -0.25359166
 1160.9  1.11111111  0.96733920  0.00680287  0.96736312 -0.25359105
 1161.0  1.11111111  0.96733875  0.00687304  0.96736317 -0.25359086
 1161.1  1.11111111  0.96733819  0.00694307  0.96736311 -0.25359109
 1161.2  1.11111111  0.96733754  0.00701062  0.96736295 -0.25359174
 1161.3  1.11111111  0.96733683  0.00707344  0.96736269 -0.25359277
 1161.4  1.11111111  0.96733607  0.00712953  0.96736235 -0.25359413
 1161.5  1.11111111  0.96733530  0.00717712  0.96736193 -0.25359579
 1161.6  1.11111111  0.96733454  0.00721478  0.96736145 -0.25359767
 1161.7  1.11111111  0.96733383  0.00724141  0.96736093 -0.25359971
 1161.8  1.11111111  0.96733317  0.00725632  0.96736039 -0.25360183
 1161.9  1.11111111  0.96733260  0.00725922  0.96735984 -0.25360397
 1162.0  1.11111111  0.96733214  0.00725025  0.96735931 -0.25360606
 1162.1  1.11111111  0.96733179  0.00722989  0.96735881 -0.25360802
 1162.2  1.11111111  0.96733157  0.00719905  0.96735835 -0.25360978
 1162.3  1.11111111  0.96733147  0.00715896  0.96735796 -0.25361131
 1162.4  1.11111111  0.96733151  0.00711112  0.96735765 -0.25361253
 1162.5  1.11111111  0.96733167  0.00705729  0.96735742 -0.25361344
 1162.6  1.11111111  0.96733195  0.00699938  0.96735727 -0.25361398
 1162.7  1.11111111  0.96733234  0.00693942  0.96735723 -0.25361417
 1162.8  1.11111111  0.96733281  0.00687945  0.96735727 -0.25361398
 1162.9  1.11111111  0.96733336  0.00682149  0.96735741 -0.25361345
 1163.0  1.11111111  0.96733396  0.00676745  0.96735763 -0.25361259
 1163.1  1.11111111  0.96733459  0.00671908  0.96735792 -0.25361144
 1163.2  1.11111111  0.96733523  0.00667790  0.96735828 -0.25361004
 1163.3  1.11111111  0.96733587  0.00664515  0.96735869 -0.25360844
 1163.4  1.11111111  0.96733647  0.00662180  0.96735914 -0.25360670
 1163.5  1.11111111  0.96733703  0.00660845  0.96735960 -0.25360488
 1163.6  1.11111111  0.96733752  0.00660537  0.96736007 -0.25360305
 1163.7  1.11111111  0.96733793  0.00661247  0.96736053 -0.25360126
 1163.8  1.11111111  0.96733824  0.00662933  0.96736096 -0.25359958
 1163.9  1.11111111  0.96733846  0.00665521  0.96736135 -0.25359806
 1164.0  1.11111111  0.96733856  0.00668907  0.96736168 -0.25359675
 1164.1  1.11111111  0.96733855  0.00672965  0.96736195 -0.25359568
 1164.2  1.11111111  0.96733842  0.00677545  0.96736215 -0.25359490
 1164.3  1.11111111  0.96733820  0.00682484  0.96736227 -0.25359441
 1164.4  1.11111111  0.96733788  0.00687605  0.96736232 -0.25359424
 1164.5  1.11111111  0.96733747  0.00692733  0.96736228 -0.25359438
 1164.6  1.11111111  0.96733700  0.00697697  0.96736216 -0.25359482
 1164.7  1.11111111  0.96733648  0.00702333  0.96736198 -0.25359554
 1164.8  1.11111111  0.96733593  0.00706492  0.96736172 -0.25359652
 1164.9  1.11111111  0.96733536  0.00710043  0.96736142 -0.25359770
 1165.0  1.11111111  0.96733481  0.00712877  0.96736107 -0.25359906
 1165.1  1.11111111  0.96733428  0.00714913  0.96736070 -0.25360054
 1165.2  1.11111111  0.96733380  0.00716098  0.96736030 -0.25360208
 1165.3  1.11111111  0.96733337  0.00716406  0.96735990 -0.25360365
 1165.4  1.11111111  0.96733303  0.00715846  0.96735952 -0.25360517
 1165.5  1.11111111  0.96733277  0.00714450  0.96735915 -0.25360661
 1165.6  1.11111111  0.96733260  0.00712282  0.96735882 -0.25360792
 1165.7  1.11111111  0.96733252  0.00709430  0.96735853 -0.25360905
 1165.8  1.11111111  0.96733254  0.00706001  0.96735830 -0.25360997
 1165.9  1.11111111  0.96733265  0.00702122  0.96735813 -0.25361065
 1166.0  1.11111111  0.96733285  0.00697931  0.96735803 -0.25361108
 1166.1  1.11111111  0.96733312  0.00693575  0.96735799 -0.25361124
 1166.2  1.11111111  0.96733346  0.00689203  0.96735802 -0.25361114
 1166.3  1.11111111  0.96733386  0.00684961  0.96735811 -0.25361078
 1166.4  1.11111111  0.96733429  0.00680991  0.96735826 -0.25361018
 1166.5  1.11111111  0.96733475  0.00677419  0.96735847 -0.25360936
 1166.6  1.11111111  0.96733522  0.00674358  0.96735873 -0.25360836
 1166.7  1.11111111  0.96733568  0.00671901  0.96735902 -0.25360722
 1166.8  1.11111111  0.96733612  0.00670120  0.96735933 -0.25360596
 1166.9  1.11111111  0.96733653  0.00669061  0.96735967 -0.25360465
 1167.0  1.11111111  0.96733689  0.00668746  0.96736000 -0.25360332
 1167.1  1.11111111  0.96733719  0.00669173  0.96736033 -0.25360201
 1167.2  1.11111111  0.96733742  0.00670314  0.96736064 -0.25360078
 1167.3  1.11111111  0.96733758  0.00672117  0.96736093 -0.25359966
 1167.4  1.11111111  0.96733766  0.00674509  0.96736117 -0.25359868
 1167.5  1.11111111  0.96733766  0.00677400  0.96736137 -0.25359789
 1167.6  1.11111111  0.96733758  0.00680684  0.96736153 -0.25359729
 1167.7  1.11111111  0.96733742  0.00684243  0.96736162 -0.25359691
 1167.8  1.11111111  0.96733720  0.00687952  0.96736166 -0.25359675
 1167.9  1.11111111  0.96733692  0.00691685  0.96736164 -0.25359682
 1168.0  1.11111111  0.96733658  0.00695317  0.96736157 -0.25359711
 1168.1  1.11111111  0.96733621  0.00698727  0.96736145 -0.25359761
 1168.2  1.11111111  0.96733582  0.00701804  0.96736127 -0.25359829
 1168.3  1.11111111  0.96733541  0.00704452  0.96736106 -0.25359913
 1168.4  1.11111111  0.96733501  0.00706591  0.96736082 -0.25360010
 1168.5  1.11111111  0.96733463  0.00708156  0.96736055 -0.25360117
 1168.6  1.11111111  0.96733427  0.00709106  0.96736026 -0.25360229
 1168.7  1.11111111  0.96733396  0.00709421  0.96735997 -0.25360343
 1168.8  1.11111111  0.96733370  0.00709101  0.96735969 -0.25360455
 1168.9  1.11111111  0.96733350  0.00708169  0.96735942 -0.25360560
 1169.0  1.11111111  0.96733336  0.00706668  0.96735918 -0.25360657
 1169.1  1.11111111  0.96733330  0.00704657  0.96735896 -0.25360741
 1169.2  1.11111111  0.96733330  0.00702213  0.96735879 -0.25360811
 1169.3  1.11111111  0.96733337  0.00699427  0.96735865 -0.25360863
 1169.4  1.11111111  0.96733350  0.00696398  0.96735856 -0.25360897
 1169.5  1.11111111  0.96733368  0.00693233  0.96735852 -0.25360912
 1169.6  1.11111111  0.96733392  0.00690039  0.96735853 -0.25360907
 1169.7  1.11111111  0.96733420  0.00686925  0.96735859 -0.25360884
 1169.8  1.11111111  0.96733452  0.00683995  0.96735870 -0.25360842
 1169.9  1.11111111  0.96733485  0.00681342  0.96735884 -0.25360785
 1170.0  1.11111111  0.96733519  0.00679050  0.96735902 -0.25360714
 1170.1  1.11111111  0.96733553  0.00677191  0.96735923 -0.25360631
 1170.2  1.11111111  0.96733586  0.00675819  0.96735947 -0.25360540
 1170.3  1.11111111  0.96733616  0.00674972  0.96735971 -0.25360445
 1170.4  1.11111111  0.96733643  0.00674667  0.96735995 -0.25360348
 1170.5  1.11111111  0.96733666  0.00674905  0.96736020 -0.25360252
 1170.6  1.11111111  0.96733684  0.00675670  0.96736043 -0.25360161
 1170.7  1.11111111  0.96733696  0.00676925  0.96736064 -0.25360078
 1170.8  1.11111111  0.96733703  0.00678617  0.96736083 -0.25360005
 1170.9  1.11111111  0.96733704  0.00680681  0.96736099 -0.25359945
 1171.0  1.11111111  0.96733699  0.00683041  0.96736110 -0.25359899
 1171.1  1.11111111  0.96733688  0.00685614  0.96736118 -0.25359869
 1171.2  1.11111111  0.96733673  0.00688309  0.96736122 -0.25359855
 1171.3  1.11111111  0.96733653  0.00691034  0.96736121 -0.25359858
 1171.4  1.11111111  0.96733629  0.00693697  0.96736116 -0.25359877
 1171.5  1.11111111  0.96733602  0.00696212  0.96736107 -0.25359911
 1171.6  1.11111111  0.96733573  0.00698500  0.96736095 -0.25359960
 1171.7  1.11111111  0.96733543  0.00700485  0.96736080 -0.25360020
 1171.8  1.11111111  0.96733514  0.00702102  0.96736062 -0.25360090
 1171.9  1.11111111  0.96733485  0.00703307  0.96736042 -0.25360166
 1172.0  1.11111111  0.96733459  0.00704067  0.96736021 -0.25360248
 1172.1  1.11111111  0.96733435  0.00704363  0.96736000 -0.25360331
 1172.2  1.11111111  0.96733416  0.00704194  0.96735979 -0.25360413
 1172.3  1.11111111  0.96733400  0.00703574  0.96735959 -0.25360491
 1172.4  1.11111111  0.96733389  0.00702533  0.96735941 -0.25360563
 1172.5  1.11111111  0.96733384  0.00701112  0.96735925 -0.25360626
 1172.6  1.11111111  0.96733383  0.00699367  0.96735911 -0.25360678
 1172.7  1.11111111  0.96733387  0.00697361  0.96735901 -0.25360718
 1172.8  1.11111111  0.96733396  0.00695168  0.96735894 -0.25360745
 1172.9  1.11111111  0.96733410  0.00692864  0.96735891 -0.25360758
 1173.0  1.11111111  0.96733427  0.00690529  0.96735892 -0.25360756
 1173.1  1.11111111  0.96733447  0.00688241  0.96735896 -0.25360741
 1173.2  1.11111111  0.96733470  0.00686076  0.96735903 -0.25360712
 1173.3  1.11111111  0.96733495  0.00684106  0.96735914 -0.25360672
 1173.4  1.11111111  0.96733520  0.00682392  0.96735927 -0.25360621
 1173.5  1.11111111  0.96733545  0.00680988  0.96735942 -0.25360562
 1173.6  1.11111111  0.96733569  0.00679934  0.96735959 -0.25360496
 1173.7  1.11111111  0.96733591  0.00679261  0.96735976 -0.25360427
 1173.8  1.11111111  0.96733611  0.00678983  0.96735994 -0.25360356
 1173.9  1.11111111  0.96733628  0.00679102  0.96736012 -0.25360285
 1174.0  1.11111111  0.96733642  0.00679609  0.96736029 -0.25360218
 1174.1  1.11111111  0.96733651  0.00680478  0.96736045 -0.25360157
 1174.2  1.11111111  0.96733657  0.00681673  0.96736059 -0.25360102
 1174.3  1.11111111  0.96733658  0.00683149  0.96736070 -0.25360057
 1174.4  1.11111111  0.96733655  0.00684851  0.96736079 -0.25360022
 1174.5  1.11111111  0.96733647  0.00686718  0.96736085 -0.25359998
 1174.6  1.11111111  0.96733636  0.00688684  0.96736088 -0.25359987
 1174.7  1.11111111  0.96733622  0.00690681  0.96736087 -0.25359987
 1174.8  1.11111111  0.96733604  0.00692642  0.96736084 -0.25360000
 1174.9  1.11111111  0.96733585  0.00694503  0.96736078 -0.25360023
 1175.0  1.11111111  0.96733564  0.00696202  0.96736069 -0.25360057
 1175.1  1.11111111  0.96733542  0.00697685  0.96736058 -0.25360100
 1175.2  1.11111111  0.96733521  0.00698908  0.96736046 -0.25360150
 1175.3  1.11111111  0.96733500  0.00699833  0.96736032 -0.25360206
 1175.4  1.11111111  0.96733481  0.00700435  0.96736017 -0.25360265
 1175.5  1.11111111  0.96733463  0.00700699  0.96736001 -0.25360326
 1175.6  1.11111111  0.96733449  0.00700622  0.96735986 -0.25360386
 1175.7  1.11111111  0.96733437  0.00700214  0.96735971 -0.25360444
 1175.8  1.11111111  0.96733429  0.00699493  0.96735958 -0.25360497
 1175.9  1.11111111  0.96733424  0.00698489  0.96735946 -0.25360544
 1176.0  1.11111111  0.96733423  0.00697242  0.96735936 -0.25360584
 1176.1  1.11111111  0.96733426  0.00695796  0.96735928 -0.25360615
 1176.2  1.11111111  0.96733432  0.00694204  0.96735923 -0.25360636
 1176.3  1.11111111  0.96733441  0.00692522  0.96735920 -0.25360646
 1176.4  1.11111111  0.96733453  0.00690807  0.96735920 -0.25360647
 1176.5  1.11111111  0.96733468  0.00689119  0.96735923 -0.25360637
 1176.6  1.11111111  0.96733484  0.00687515  0.96735928 -0.25360617
 1176.7  1.11111111  0.96733502  0.00686048  0.96735935 -0.25360588
 1176.8  1.11111111  0.96733520  0.00684763  0.96735944 -0.25360552
 1176.9  1.11111111  0.96733539  0.00683701  0.96735955 -0.25360509
 1177.0  1.11111111  0.96733556  0.00682892  0.96735967 -0.25360462
 1177.1  1.11111111  0.96733573  0.00682360  0.96735980 -0.25360411
 1177.2  1.11111111  0.96733588  0.00682116  0.96735993 -0.25360359
 1177.3  1.11111111  0.96733601  0.00682165  0.96736006 -0.25360307
 1177.4  1.11111111  0.96733611  0.00682500  0.96736018 -0.25360258
 1177.5  1.11111111  0.96733618  0.00683103  0.96736030 -0.25360212
 1177.6  1.11111111  0.96733623  0.00683952  0.96736041 -0.25360171
 1177.7  1.11111111  0.96733624  0.00685011  0.96736049 -0.25360137
 1177.8  1.11111111  0.96733622  0.00686242  0.96736056 -0.25360110
 1177.9  1.11111111  0.96733617  0.00687600  0.96736061 -0.25360092
 1178.0  1.11111111  0.96733609  0.00689037  0.96736063 -0.25360082
 1178.1  1.11111111  0.96733599  0.00690504  0.96736064 -0.25360081
 1178.2  1.11111111  0.96733587  0.00691949  0.96736062 -0.25360090
 1178.3  1.11111111  0.96733573  0.00693325  0.96736057 -0.25360106
 1178.4  1.11111111  0.96733558  0.00694588  0.96736051 -0.25360130
 1178.5  1.11111111  0.96733542  0.00695697  0.96736044 -0.25360161
 1178.6  1.11111111  0.96733526  0.00696617  0.96736034 -0.25360197
 1178.7  1.11111111  0.96733511  0.00697322  0.96736024 -0.25360237
 1178.8  1.11111111  0.96733496  0.00697791  0.96736013 -0.25360281
 1178.9  1.11111111  0.96733483  0.00698014  0.96736002 -0.25360325
 1179.0  1.11111111  0.96733472  0.00697986  0.96735990 -0.25360369
 1179.1  1.11111111  0.96733463  0.00697714  0.96735980 -0.25360412
 1179.2  1.11111111  0.96733457  0.00697210  0.96735969 -0.25360452
 1179.3  1.11111111  0.96733453  0.00696496  0.96735960 -0.25360487
 1179.4  1.11111111  0.96733452  0.00695598  0.96735953 -0.25360517
 1179.5  1.11111111  0.96733453  0.00694552  0.96735947 -0.25360540
 1179.6  1.11111111  0.96733458  0.00693394  0.96735943 -0.25360556
 1179.7  1.11111111  0.96733464  0.00692165  0.96735940 -0.25360565
 1179.8  1.11111111  0.96733473  0.00690908  0.96735940 -0.25360566
 1179.9  1.11111111  0.96733483  0.00689665  0.96735942 -0.25360560
 1180.0  1.11111111  0.96733495  0.00688478  0.96735945 -0.25360546
 1180.1  1.11111111  0.96733508  0.00687386  0.96735950 -0.25360526
 1180.2  1.11111111  0.96733522  0.00686425  0.96735957 -0.25360500
 1180.3  1.11111111  0.96733535  0.00685624  0.96735965 -0.25360469
 1180.4  1.11111111  0.96733548  0.00685007  0.96735974 -0.25360434
 1180.5  1.11111111  0.96733561  0.00684592  0.96735983 -0.25360397
 1180.6  1.11111111  0.96733572  0.00684390  0.96735993 -0.25360359
 1180.7  1.11111111  0.96733582  0.00684403  0.96736003 -0.25360321
 1180.8  1.11111111  0.96733590  0.00684627  0.96736012 -0.25360284
 1180.9  1.11111111  0.96733595  0.00685050  0.96736021 -0.25360250
 1181.0  1.11111111  0.96733599  0.00685654  0.96736029 -0.25360219
 1181.1  1.11111111  0.96733600  0.00686416  0.96736035 -0.25360194
 1181.2  1.11111111  0.96733599  0.00687308  0.96736041 -0.25360173
 1181.3  1.11111111  0.96733595  0.00688297  0.96736044 -0.25360159
 1181.4  1.11111111  0.96733590  0.00689349  0.96736046 -0.25360151
 1181.5  1.11111111  0.96733582  0.00690425  0.96736046 -0.25360150
 1181.6  1.11111111  0.96733573  0.00691491  0.96736045 -0.25360155
 1181.7  1.11111111  0.96733563  0.00692509  0.96736042 -0.25360167
 1181.8  1.11111111  0.96733552  0.00693449  0.96736037 -0.25360184
 1181.9  1.11111111  0.96733540  0.00694276  0.96736032 -0.25360206
 1182.0  1.11111111  0.96733529  0.00694964  0.96736025 -0.25360232
 1182.1  1.11111111  0.96733518  0.00695498  0.96736018 -0.25360261
 1182.2  1.11111111  0.96733507  0.00695862  0.96736010 -0.25360293
 1182.3  1.11111111  0.96733497  0.00696046  0.96736001 -0.25360326
 1182.4  1.11111111  0.96733489  0.00696047  0.96735993 -0.25360358
 1182.5  1.11111111  0.96733482  0.00695869  0.96735985 -0.25360389
 1182.6  1.11111111  0.96733477  0.00695523  0.96735978 -0.25360418
 1182.7  1.11111111  0.96733474  0.00695023  0.96735971 -0.25360444
 1182.8  1.11111111  0.96733473  0.00694387  0.96735965 -0.25360467
 1182.9  1.11111111  0.96733474  0.00693641  0.96735961 -0.25360484
 1183.0  1.11111111  0.96733477  0.00692809  0.96735958 -0.25360497
 1183.1  1.11111111  0.96733482  0.00691923  0.96735956 -0.25360504
 1183.2  1.11111111  0.96733488  0.00691011  0.96735956 -0.25360506
 1183.3  1.11111111  0.96733495  0.00690105  0.96735957 -0.25360502
 1183.4  1.11111111  0.96733504  0.00689232  0.96735959 -0.25360493
 1183.5  1.11111111  0.96733513  0.00688420  0.96735963 -0.25360479
 1183.6  1.11111111  0.96733523  0.00687700  0.96735967 -0.25360461
 1183.7  1.11111111  0.96733533  0.00687094  0.96735973 -0.25360439
 1183.8  1.11111111  0.96733542  0.00686620  0.96735979 -0.25360414
 1183.9  1.11111111  0.96733551  0.00686290  0.96735986 -0.25360387
 1184.0  1.11111111  0.96733560  0.00686112  0.96735993 -0.25360360
 1184.1  1.11111111  0.96733567  0.00686092  0.96736000 -0.25360332
 1184.2  1.11111111  0.96733573  0.00686227  0.96736007 -0.25360304
 1184.3  1.11111111  0.96733577  0.00686509  0.96736013 -0.25360279
 1184.4  1.11111111  0.96733580  0.00686926  0.96736019 -0.25360257
 1184.5  1.11111111  0.96733581  0.00687459  0.96736024 -0.25360237
 1184.6  1.11111111  0.96733581  0.00688090  0.96736028 -0.25360222
 1184.7  1.11111111  0.96733579  0.00688796  0.96736031 -0.25360210
 1184.8  1.11111111  0.96733575  0.00689552  0.96736032 -0.25360204
 1184.9  1.11111111  0.96733569  0.00690330  0.96736033 -0.25360202
 1185.0  1.11111111  0.96733563  0.00691102  0.96736032 -0.25360206
 1185.1  1.11111111  0.96733556  0.00691844  0.96736030 -0.25360213
 1185.2  1.11111111  0.96733548  0.00692535  0.96736027 -0.25360224
 1185.3  1.11111111  0.96733540  0.00693151  0.96736023 -0.25360240
 1185.4  1.11111111  0.96733532  0.00693673  0.96736019 -0.25360258
 1185.5  1.11111111  0.96733523  0.00694086  0.96736013 -0.25360278
 1185.6  1.11111111  0.96733516  0.00694379  0.96736008 -0.25360301
 1185.7  1.11111111  0.96733509  0.00694544  0.96736002 -0.25360324
 1185.8  1.11111111  0.96733502  0.00694579  0.96735996 -0.25360347
 1185.9  1.11111111  0.96733497  0.00694485  0.96735990 -0.25360370
 1186.0  1.11111111  0.96733493  0.00694268  0.96735985 -0.25360392
 1186.1  1.11111111  0.96733491  0.00693938  0.96735980 -0.25360411
 1186.2  1.11111111  0.96733490  0.00693506  0.96735976 -0.25360428
 1186.3  1.11111111  0.96733490  0.00692988  0.96735972 -0.25360442
 1186.4  1.11111111  0.96733491  0.00692403  0.96735969 -0.25360452
 1186.5  1.11111111  0.96733494  0.00691773  0.96735968 -0.25360458
 1186.6  1.11111111  0.96733498  0.00691113  0.96735967 -0.25360461
 1186.7  1.11111111  0.96733503  0.00690448  0.96735967 -0.25360459
 1186.8  1.11111111  0.96733509  0.00689802  0.96735969 -0.25360454
 1186.9  1.11111111  0.96733516  0.00689198  0.96735971 -0.25360445
 1187.0  1.11111111  0.96733523  0.00688654  0.96735974 -0.25360432
 1187.1  1.11111111  0.96733530  0.00688187  0.96735978 -0.25360417
 1187.2  1.11111111  0.96733537  0.00687812  0.96735983 -0.25360400
 1187.3  1.11111111  0.96733544  0.00687540  0.96735987 -0.25360381
 1187.4  1.11111111  0.96733550  0.00687379  0.96735993 -0.25360361
 1187.5  1.11111111  0.96733556  0.00687330  0.96735998 -0.25360340
 1187.6  1.11111111  0.96733561  0.00687394  0.96736003 -0.25360320
 1187.7  1.11111111  0.96733564  0.00687569  0.96736008 -0.25360301
 1187.8  1.11111111  0.96733567  0.00687844  0.96736012 -0.25360284
 1187.9  1.11111111  0.96733568  0.00688210  0.96736016 -0.25360269
 1188.0  1.11111111  0.96733568  0.00688653  0.96736019 -0.25360257
 1188.1  1.11111111  0.96733566  0.00689156  0.96736021 -0.25360248
 1188.2  1.11111111  0.96733564  0.00689702  0.96736023 -0.25360242
 1188.3  1.11111111  0.96733561  0.00690271  0.96736023 -0.25360240
 1188.4  1.11111111  0.96733556  0.00690845  0.96736023 -0.25360241
 1188.5  1.11111111  0.96733551  0.00691403  0.96736022 -0.25360245
 1188.6  1.11111111  0.96733545  0.00691929  0.96736020 -0.25360253
 1188.7  1.11111111  0.96733539  0.00692405  0.96736017 -0.25360263
 1188.8  1.11111111  0.96733533  0.00692816  0.96736014 -0.25360276
 1188.9  1.11111111  0.96733527  0.00693148  0.96736010 -0.25360291
 1189.0  1.11111111  0.96733521  0.00693393  0.96736006 -0.25360307
 1189.1  1.11111111  0.96733515  0.00693543  0.96736002 -0.25360325
 1189.2  1.11111111  0.96733511  0.00693594  0.96735997 -0.25360342
 1189.3  1.11111111  0.96733506  0.00693545  0.96735993 -0.25360360
 1189.4  1.11111111  0.96733503  0.00693402  0.96735988 -0.25360376
 1189.5  1.11111111  0.96733501  0.00693169  0.96735985 -0.25360391
 1189.6  1.11111111  0.96733500  0.00692856  0.96735981 -0.25360405
 1189.7  1.11111111  0.96733500  0.00692474  0.96735979 -0.25360415
 1189.8  1.11111111  0.96733501  0.00692038  0.96735976 -0.25360424
 1189.9  1.11111111  0.96733503  0.00691561  0.96735975 -0.25360429
 1190.0  1.11111111  0.96733506  0.00691064  0.96735975 -0.25360431
 1190.1  1.11111111  0.96733510  0.00690563  0.96735975 -0.25360430
 1190.2  1.11111111  0.96733514  0.00690075  0.96735976 -0.25360426
 1190.3  1.11111111  0.96733519  0.00689618  0.96735978 -0.25360420
 1190.4  1.11111111  0.96733525  0.00689205  0.96735980 -0.25360411
 1190.5  1.11111111  0.96733530  0.00688850  0.96735983 -0.25360399
 1190.6  1.11111111  0.96733535  0.00688564  0.96735986 -0.25360386
 1190.7  1.11111111  0.96733541  0.00688354  0.96735990 -0.25360372
 1190.8  1.11111111  0.96733545  0.00688227  0.96735994 -0.25360357
 1190.9  1.11111111  0.96733550  0.00688185  0.96735997 -0.25360342
 1191.0  1.11111111  0.96733553  0.00688228  0.96736001 -0.25360327
 1191.1  1.11111111  0.96733556  0.00688354  0.96736005 -0.25360313
 1191.2  1.11111111  0.96733558  0.00688555  0.96736008 -0.25360300
 1191.3  1.11111111  0.96733558  0.00688825  0.96736011 -0.25360289
 1191.4  1.11111111  0.96733558  0.00689152  0.96736013 -0.25360279
 1191.5  1.11111111  0.96733558  0.00689525  0.96736015 -0.25360273
 1191.6  1.11111111  0.96733556  0.00689930  0.96736016 -0.25360268
 1191.7  1.11111111  0.96733553  0.00690353  0.96736017 -0.25360266
 1191.8  1.11111111  0.96733550  0.00690779  0.96736016 -0.25360267
 1191.9  1.11111111  0.96733546  0.00691194  0.96736016 -0.25360270
 1192.0  1.11111111  0.96733542  0.00691584  0.96736014 -0.25360276
 1192.1  1.11111111  0.96733537  0.00691937  0.96736012 -0.25360283
 1192.2  1.11111111  0.96733533  0.00692240  0.96736010 -0.25360293
 1192.3  1.11111111  0.96733528  0.00692485  0.96736007 -0.25360304
 1192.4  1.11111111  0.96733524  0.00692665  0.96736004 -0.25360316
 1192.5  1.11111111  0.96733520  0.00692775  0.96736001 -0.25360329
 1192.6  1.11111111  0.96733516  0.00692812  0.96735997 -0.25360342
 1192.7  1.11111111  0.96733513  0.00692777  0.96735994 -0.25360355
 1192.8  1.11111111  0.96733511  0.00692672  0.96735991 -0.25360367
 1192.9  1.11111111  0.96733509  0.00692501  0.96735988 -0.25360378
 1193.0  1.11111111  0.96733509  0.00692273  0.96735986 -0.25360387
 1193.1  1.11111111  0.96733509  0.00691995  0.96735984 -0.25360395
 1193.2  1.11111111  0.96733510  0.00691680  0.96735982 -0.25360401
 1193.3  1.11111111  0.96733511  0.00691337  0.96735981 -0.25360405
 1193.4  1.11111111  0.96733513  0.00690978  0.96735981 -0.25360407
 1193.5  1.11111111  0.96733516  0.00690614  0.96735981 -0.25360406
 1193.6  1.11111111  0.96733519  0.00690259  0.96735982 -0.25360403
 1193.7  1.11111111  0.96733523  0.00689927  0.96735983 -0.25360399
 1193.8  1.11111111  0.96733526  0.00689626  0.96735984 -0.25360393
 1193.9  1.11111111  0.96733530  0.00689365  0.96735986 -0.25360385
 1194.0  1.11111111  0.96733534  0.00689152  0.96735989 -0.25360375
 1194.1  1.11111111  0.96733538  0.00688996  0.96735992 -0.25360365
 1194.2  1.11111111  0.96733541  0.00688900  0.96735994 -0.25360354
 1194.3  1.11111111  0.96733544  0.00688864  0.96735997 -0.25360343
 1194.4  1.11111111  0.96733547  0.00688888  0.96736000 -0.25360332
 1194.5  1.11111111  0.96733549  0.00688972  0.96736002 -0.25360322
 1194.6  1.11111111  0.96733550  0.00689112  0.96736005 -0.25360312
 1194.7  1.11111111  0.96733551  0.00689302  0.96736007 -0.25360304
 1194.8  1.11111111  0.96733551  0.00689534  0.96736009 -0.25360297
 1194.9  1.11111111  0.96733550  0.00689800  0.96736010 -0.25360292
 1195.0  1.11111111  0.96733549  0.00690089  0.96736011 -0.25360288
 1195.1  1.11111111  0.96733548  0.00690393  0.96736012 -0.25360286
 1195.2  1.11111111  0.96733545  0.00690700  0.96736011 -0.25360287
 1195.3  1.11111111  0.96733543  0.00690994  0.96736011 -0.25360290
 1195.4  1.11111111  0.96733540  0.00691268  0.96736010 -0.25360294
 1195.5  1.11111111  0.96733536  0.00691513  0.96736008 -0.25360300
 1195.6  1.11111111  0.96733533  0.00691733  0.96736007 -0.25360306
 1195.7  1.11111111  0.96733530  0.00691914  0.96736005 -0.25360313
 1195.8  1.11111111  0.96733527  0.00692050  0.96736002 -0.25360322
 1195.9  1.11111111  0.96733524  0.00692138  0.96736000 -0.25360330
 1196.0  1.11111111  0.96733522  0.00692177  0.96735998 -0.25360339
 1196.1  1.11111111  0.96733519  0.00692167  0.96735996 -0.25360348
 1196.2  1.11111111  0.96733518  0.00692109  0.96735994 -0.25360357
 1196.3  1.11111111  0.96733516  0.00692005  0.96735992 -0.25360365
 1196.4  1.11111111  0.96733516  0.00691862  0.96735990 -0.25360372
 1196.5  1.11111111  0.96733515  0.00691683  0.96735988 -0.25360377
 1196.6  1.11111111  0.96733516  0.00691474  0.96735987 -0.25360382
 1196.7  1.11111111  0.96733517  0.00691243  0.96735986 -0.25360385
 1196.8  1.11111111  0.96733518  0.00690997  0.96735986 -0.25360387
 1196.9  1.11111111  0.96733520  0.00690746  0.96735986 -0.25360387
 1197.0  1.11111111  0.96733522  0.00690497  0.96735986 -0.25360386
 1197.1  1.11111111  0.96733524  0.00690257  0.96735987 -0.25360384
 1197.2  1.11111111  0.96733527  0.00690033  0.96735988 -0.25360380
 1197.3  1.11111111  0.96733529  0.00689832  0.96735989 -0.25360375
 1197.4  1.11111111  0.96733532  0.00689664  0.96735991 -0.25360368
 1197.5  1.11111111  0.96733535  0.00689532  0.96735992 -0.25360362
 1197.6  1.11111111  0.96733537  0.00689441  0.96735994 -0.25360354
 1197.7  1.11111111  0.96733540  0.00689393  0.96735996 -0.25360346
 1197.8  1.11111111  0.96733542  0.00689389  0.96735998 -0.25360338
 1197.9  1.11111111  0.96733543  0.00689429  0.96736000 -0.25360331
 1198.0  1.11111111  0.96733545  0.00689512  0.96736002 -0.25360324
 1198.1  1.11111111  0.96733545  0.00689632  0.96736004 -0.25360317
 1198.2  1.11111111  0.96733546  0.00689788  0.96736005 -0.25360312
 1198.3  1.11111111  0.96733545  0.00689972  0.96736006 -0.25360307
 1198.4  1.11111111  0.96733545  0.00690177  0.96736007 -0.25360304
 1198.5  1.11111111  0.96733544  0.00690397  0.96736007 -0.25360303
 1198.6  1.11111111  0.96733542  0.00690621  0.96736007 -0.25360302
 1198.7  1.11111111  0.96733540  0.00690844  0.96736007 -0.25360303
 1198.8  1.11111111  0.96733538  0.00691056  0.96736007 -0.25360306
 1198.9  1.11111111  0.96733536  0.00691252  0.96736006 -0.25360309
 1199.0  1.11111111  0.96733533  0.00691424  0.96736004 -0.25360314
 1199.1  1.11111111  0.96733531  0.00691568  0.96736003 -0.25360319
 1199.2  1.11111111  0.96733529  0.00691679  0.96736001 -0.25360325
 1199.3  1.11111111  0.96733526  0.00691754  0.96736000 -0.25360332
 1199.4  1.11111111  0.96733524  0.00691791  0.96735998 -0.25360339
 1199.5  1.11111111  0.96733523  0.00691790  0.96735996 -0.25360346
 1199.6  1.11111111  0.96733521  0.00691752  0.96735995 -0.25360352
 1199.7  1.11111111  0.96733520  0.00691678  0.96735993 -0.25360358
 1199.8  1.11111111  0.96733520  0.00691572  0.96735992 -0.25360364
 1199.9  1.11111111  0.96733520  0.00691437  0.96735991 -0.25360368
 1200.0  1.11111111  0.96733520  0.00691279  0.96735990 -0.25360372
 1200.1  1.11111111  0.96733520  0.00691104  0.96735989 -0.25360374
 1200.2  1.11111111  0.96733521  0.00690917  0.96735989 -0.25360376
 1200.3  1.11111111  0.96733523  0.00690727  0.96735989 -0.25360376
 1200.4  1.11111111  0.96733524  0.00690537  0.96735989 -0.25360375
 1200.5  1.11111111  0.96733526  0.00690357  0.96735990 -0.25360373
 1200.6  1.11111111  0.96733528  0.00690191  0.96735990 -0.25360370
 1200.7  1.11111111  0.96733530  0.00690044  0.96735991 -0.25360366
 1200.8  1.11111111  0.96733532  0.00689922  0.96735992 -0.25360361
 1200.9  1.11111111  0.96733534  0.00689828  0.96735994 -0.25360356
 1201.0  1.11111111  0.96733536  0.00689765  0.96735995 -0.25360351
 1201.1  1.11111111  0.96733538  0.00689734  0.96735997 -0.25360345
 1201.2  1.11111111  0.96733539  0.00689738  0.96735998 -0.25360339
 1201.3  1.11111111  0.96733540  0.00689774  0.96736000 -0.25360333
 1201.4  1.11111111  0.96733541  0.00689836  0.96736001 -0.25360328
 1201.5  1.11111111  0.96733542  0.00689925  0.96736002 -0.25360324
 1201.6  1.11111111  0.96733542  0.00690038  0.96736003 -0.25360320
 1201.7  1.11111111  0.96733542  0.00690169  0.96736004 -0.25360317
 1201.8  1.11111111  0.96733541  0.00690315  0.96736004 -0.25360315
 1201.9  1.11111111  0.96733540  0.00690470  0.96736005 -0.25360314
 1202.0  1.11111111  0.96733539  0.00690628  0.96736005 -0.25360313
 1202.1  1.11111111  0.96733538  0.00690786  0.96736004 -0.25360314
 1202.2  1.11111111  0.96733536  0.00690937  0.96736004 -0.25360316
 1202.3  1.11111111  0.96733535  0.00691076  0.96736003 -0.25360318
 1202.4  1.11111111  0.96733533  0.00691200  0.96736003 -0.25360321
 1202.5  1.11111111  0.96733531  0.00691305  0.96736002 -0.25360325
 1202.6  1.11111111  0.96733530  0.00691388  0.96736001 -0.25360329
 1202.7  1.11111111  0.96733528  0.00691446  0.96735999 -0.25360334
 1202.8  1.11111111  0.96733527  0.00691478  0.96735998 -0.25360338
 1202.9  1.11111111  0.96733526  0.00691484  0.96735997 -0.25360343
 1203.0  1.11111111  0.96733525  0.00691464  0.96735996 -0.25360348
 1203.1  1.11111111  0.96733524  0.00691418  0.96735995 -0.25360352
 1203.2  1.11111111  0.96733523  0.00691350  0.96735994 -0.25360356
 1203.3  1.11111111  0.96733523  0.00691261  0.96735993 -0.25360360
 1203.4  1.11111111  0.96733523  0.00691155  0.96735992 -0.25360362
 1203.5  1.11111111  0.96733523  0.00691036  0.96735992 -0.25360365
 1203.6  1.11111111  0.96733524  0.00690907  0.96735991 -0.25360366
 1203.7  1.11111111  0.96733525  0.00690772  0.96735991 -0.25360366
 1203.8  1.11111111  0.96733526  0.00690635  0.96735991 -0.25360366
 1203.9  1.11111111  0.96733527  0.00690503  0.96735991 -0.25360365
 1204.0  1.11111111  0.96733528  0.00690378  0.96735992 -0.25360363
 1204.1  1.11111111  0.96733530  0.00690266  0.96735993 -0.25360361
 1204.2  1.11111111  0.96733531  0.00690169  0.96735993 -0.25360358
 1204.3  1.11111111  0.96733533  0.00690091  0.96735994 -0.25360354
 1204.4  1.11111111  0.96733534  0.00690034  0.96735995 -0.25360350
 1204.5  1.11111111  0.96733535  0.00690000  0.96735996 -0.25360346
 1204.6  1.11111111  0.96733537  0.00689989  0.96735997 -0.25360342
 1204.7  1.11111111  0.96733538  0.00690003  0.96735998 -0.25360338
 1204.8  1.11111111  0.96733538  0.00690039  0.96735999 -0.25360334
 1204.9  1.11111111  0.96733539  0.00690096  0.96736000 -0.25360330
 1205.0  1.11111111  0.96733539  0.00690173  0.96736001 -0.25360327
 1205.1  1.11111111  0.96733539  0.00690265  0.96736002 -0.25360324
 1205.2  1.11111111  0.96733539  0.00690370  0.96736002 -0.25360322
 1205.3  1.11111111  0.96733538  0.00690484  0.96736003 -0.25360321
 1205.4  1.11111111  0.96733538  0.00690602  0.96736003 -0.25360321
 1205.5  1.11111111  0.96733537  0.00690722  0.96736003 -0.25360321
 1205.6  1.11111111  0.96733536  0.00690838  0.96736002 -0.25360322
 1205.7  1.11111111  0.96733534  0.00690947  0.96736002 -0.25360324
 1205.8  1.11111111  0.96733533  0.00691045  0.96736001 -0.25360326
 1205.9  1.11111111  0.96733532  0.00691128  0.96736001 -0.25360329
 1206.0  1.11111111  0.96733531  0.00691194  0.96736000 -0.25360332
 1206.1  1.11111111  0.96733529  0.00691242  0.96735999 -0.25360335
 1206.2  1.11111111  0.96733528  0.00691271  0.96735998 -0.25360339
 1206.3  1.11111111  0.96733527  0.00691280  0.96735997 -0.25360342
 1206.4  1.11111111  0.96733526  0.00691268  0.96735996 -0.25360346
 1206.5  1.11111111  0.96733526  0.00691238  0.96735995 -0.25360349
 1206.6  1.11111111  0.96733525  0.00691191  0.96735995 -0.25360352
 1206.7  1.11111111  0.96733525  0.00691129  0.96735994 -0.25360355
 1206.8  1.11111111  0.96733525  0.00691052  0.96735994 -0.25360357
 1206.9  1.11111111  0.96733525  0.00690966  0.96735993 -0.25360359
 1207.0  1.11111111  0.96733526  0.00690872  0.96735993 -0.25360360
 1207.1  1.11111111  0.96733526  0.00690774  0.96735993 -0.25360360
 1207.2  1.11111111  0.96733527  0.00690673  0.96735993 -0.25360360
 1207.3  1.11111111  0.96733528  0.00690573  0.96735993 -0.25360359
 1207.4  1.11111111  0.96733529  0.00690478  0.96735993 -0.25360358
 1207.5  1.11111111  0.96733530  0.00690392  0.96735994 -0.25360356
 1207.6  1.11111111  0.96733531  0.00690316  0.96735994 -0.25360354
 1207.7  1.11111111  0.96733532  0.00690255  0.96735995 -0.25360352
 1207.8  1.11111111  0.96733533  0.00690208  0.96735996 -0.25360349
 1207.9  1.11111111  0.96733534  0.00690178  0.96735996 -0.25360346
 1208.0  1.11111111  0.96733535  0.00690165  0.96735997 -0.25360343
 1208.1  1.11111111  0.96733536  0.00690170  0.96735998 -0.25360339
 1208.2  1.11111111  0.96733536  0.00690192  0.96735999 -0.25360337
 1208.3  1.11111111  0.96733537  0.00690231  0.96735999 -0.25360334
 1208.4  1.11111111  0.96733537  0.00690285  0.96736000 -0.25360331
 1208.5  1.11111111  0.96733537  0.00690351  0.96736001 -0.25360329
 1208.6  1.11111111  0.96733537  0.00690427  0.96736001 -0.25360328
 1208.7  1.11111111  0.96733537  0.00690511  0.96736001 -0.25360327
 1208.8  1.11111111  0.96733536  0.00690599  0.96736001 -0.25360326
 1208.9  1.11111111  0.96733536  0.00690688  0.96736001 -0.25360326
 1209.0  1.11111111  0.96733535  0.00690775  0.96736001 -0.25360327
 1209.1  1.11111111  0.96733534  0.00690858  0.96736001 -0.25360328
 1209.2  1.11111111  0.96733533  0.00690933  0.96736000 -0.25360330
 1209.3  1.11111111  0.96733532  0.00690998  0.96736000 -0.25360331
 1209.4  1.11111111  0.96733531  0.00691052  0.96735999 -0.25360334
 1209.5  1.11111111  0.96733530  0.00691092  0.96735999 -0.25360336
 1209.6  1.11111111  0.96733529  0.00691117  0.96735998 -0.25360339
 1209.7  1.11111111  0.96733529  0.00691127  0.96735997 -0.25360342
 1209.8  1.11111111  0.96733528  0.00691122  0.96735997 -0.25360344
 1209.9  1.11111111  0.96733527  0.00691102  0.96735996 -0.25360347
 1210.0  1.11111111  0.96733527  0.00691067  0.96735995 -0.25360349
 1210.1  1.11111111  0.96733527  0.00691021  0.96735995 -0.25360351
 1210.2  1.11111111  0.96733527  0.00690963  0.96735995 -0.25360353
 1210.3  1.11111111  0.96733527  0.00690898  0.96735994 -0.25360354
 1210.4  1.11111111  0.96733527  0.00690827  0.96735994 -0.25360355
 1210.5  1.11111111  0.96733528  0.00690752  0.96735994 -0.25360355
 1210.6  1.11111111  0.96733528  0.00690677  0.96735994 -0.25360355
 1210.7  1.11111111  0.96733529  0.00690603  0.96735994 -0.25360355
 1210.8  1.11111111  0.96733530  0.00690533  0.96735994 -0.25360354
 1210.9  1.11111111  0.96733530  0.00690469  0.96735995 -0.25360353
 1211.0  1.11111111  0.96733531  0.00690413  0.96735995 -0.25360351
 1211.1  1.11111111  0.96733532  0.00690368  0.96735996 -0.25360349
 1211.2  1.11111111  0.96733533  0.00690334  0.96735996 -0.25360347
 1211.3  1.11111111  0.96733534  0.00690313  0.96735997 -0.25360345
 1211.4  1.11111111  0.96733534  0.00690304  0.96735997 -0.25360342
 1211.5  1.11111111  0.96733535  0.00690308  0.96735998 -0.25360340
 1211.6  1.11111111  0.96733535  0.00690324  0.96735998 -0.25360338
 1211.7  1.11111111  0.96733536  0.00690353  0.96735999 -0.25360336
 1211.8  1.11111111  0.96733536  0.00690392  0.96735999 -0.25360334
 1211.9  1.11111111  0.96733536  0.00690440  0.96736000 -0.25360333
 1212.0  1.11111111  0.96733535  0.00690495  0.96736000 -0.25360332
 1212.1  1.11111111  0.96733535  0.00690555  0.96736000 -0.25360331
 1212.2  1.11111111  0.96733535  0.00690619  0.96736000 -0.25360330
 1212.3  1.11111111  0.96733535  0.00690684  0.96736000 -0.25360331
 1212.4  1.11111111  0.96733534  0.00690747  0.96736000 -0.25360331
 1212.5  1.11111111  0.96733533  0.00690807  0.96736000 -0.25360332
 1212.6  1.11111111  0.96733533  0.00690861  0.96736000 -0.25360333
 1212.7  1.11111111  0.96733532  0.00690909  0.96735999 -0.25360334
 1212.8  1.11111111  0.96733531  0.00690949  0.96735999 -0.25360336
 1212.9  1.11111111  0.96733530  0.00690978  0.96735998 -0.25360338
 1213.0  1.11111111  0.96733530  0.00690997  0.96735998 -0.25360340
 1213.1  1.11111111  0.96733529  0.00691005  0.96735998 -0.25360341
 1213.2  1.11111111  0.96733529  0.00691002  0.96735997 -0.25360343
 1213.3  1.11111111  0.96733529  0.00690990  0.96735996 -0.25360345
 1213.4  1.11111111  0.96733528  0.00690966  0.96735996 -0.25360347
 1213.5  1.11111111  0.96733528  0.00690932  0.96735996 -0.25360349
 1213.6  1.11111111  0.96733528  0.00690891  0.96735996 -0.25360350
 1213.7  1.11111111  0.96733528  0.00690846  0.96735995 -0.25360351
 1213.8  1.11111111  0.96733528  0.00690795  0.96735995 -0.25360352
 1213.9  1.11111111  0.96733529  0.00690738  0.96735995 -0.25360352
 1214.0  1.11111111  0.96733529  0.00690683  0.96735995 -0.25360352
 1214.1  1.11111111  0.96733530  0.00690631  0.96735995 -0.25360351
 1214.2  1.11111111  0.96733530  0.00690580  0.96735995 -0.25360351
 1214.3  1.11111111  0.96733530  0.00690530  0.96735995 -0.25360350
 1214.4  1.11111111  0.96733532  0.00690489  0.96735996 -0.25360348
 1214.5  1.11111111  0.96733532  0.00690458  0.96735996 -0.25360347
 1214.6  1.11111111  0.96733532  0.00690432  0.96735996 -0.25360346
 1214.7  1.11111111  0.96733533  0.00690412  0.96735996 -0.25360344
 1214.8  1.11111111  0.96733534  0.00690405  0.96735998 -0.25360342
 1214.9  1.11111111  0.96733534  0.00690410  0.96735998 -0.25360341
 1215.0  1.11111111  0.96733534  0.00690421  0.96735997 -0.25360340
 1215.1  1.11111111  0.96733534  0.00690438  0.96735998 -0.25360338
 1215.2  1.11111111  0.96733535  0.00690464  0.96735999 -0.25360336
 1215.3  1.11111111  0.96733535  0.00690501  0.96735999 -0.25360335
 1215.4  1.11111111  0.96733534  0.00690542  0.96735999 -0.25360335
 1215.5  1.11111111  0.96733534  0.00690584  0.96735999 -0.25360334
 1215.6  1.11111111  0.96733534  0.00690628  0.96736000 -0.25360333
 1215.7  1.11111111  0.96733534  0.00690678  0.96736000 -0.25360333
 1215.8  1.11111111  0.96733533  0.00690726  0.96735999 -0.25360334
 1215.9  1.11111111  0.96733532  0.00690768  0.96735999 -0.25360335
 1216.0  1.11111111  0.96733533  0.00690805  0.96735999 -0.25360335
 1216.1  1.11111111  0.96733533  0.00690843  0.96735999 -0.25360336
 1216.2  1.11111111  0.96733531  0.00690876  0.96735998 -0.25360338
 1216.3  1.11111111  0.96733530  0.00690896  0.96735997 -0.25360339
 1216.4  1.11111111  0.96733531  0.00690907  0.96735998 -0.25360340
 1216.5  1.11111111  0.96733531  0.00690916  0.96735998 -0.25360341
 1216.6  1.11111111  0.96733530  0.00690920  0.96735997 -0.25360343
 1216.7  1.11111111  0.96733528  0.00690908  0.96735996 -0.25360345
 1216.8  1.11111111  0.96733529  0.00690887  0.96735996 -0.25360346
 1216.9  1.11111111  0.96733530  0.00690866  0.96735997 -0.25360346
 1217.0  1.11111111  0.96733529  0.00690842  0.96735996 -0.25360348
 1217.1  1.11111111  0.96733528  0.00690807  0.96735995 -0.25360349
 1217.2  1.11111111  0.96733529  0.00690765  0.96735995 -0.25360349
 1217.3  1.11111111  0.96733530  0.00690727  0.96735996 -0.25360348
 1217.4  1.11111111  0.96733530  0.00690691  0.96735996 -0.25360349
 1217.5  1.11111111  0.96733529  0.00690651  0.96735995 -0.25360350
 1217.6  1.11111111  0.96733530  0.00690609  0.96735995 -0.25360349
 1217.7  1.11111111  0.96733532  0.00690575  0.96735996 -0.25360347
 1217.8  1.11111111  0.96733532  0.00690548  0.96735996 -0.25360347
 1217.9  1.11111111  0.96733531  0.00690523  0.96735996 -0.25360347
 1218.0  1.11111111  0.96733532  0.00690500  0.96735996 -0.25360345
 1218.1  1.11111111  0.96733533  0.00690486  0.96735997 -0.25360343
 1218.2  1.11111111  0.96733533  0.00690483  0.96735997 -0.25360342
 1218.3  1.11111111  0.96733533  0.00690484  0.96735997 -0.25360342
 1218.4  1.11111111  0.96733533  0.00690488  0.96735998 -0.25360340
 1218.5  1.11111111  0.96733534  0.00690501  0.96735999 -0.25360339
 1218.6  1.11111111  0.96733534  0.00690524  0.96735999 -0.25360338
 1218.7  1.11111111  0.96733533  0.00690548  0.96735998 -0.25360338
 1218.8  1.11111111  0.96733534  0.00690573  0.96735998 -0.25360337
 1218.9  1.11111111  0.96733534  0.00690605  0.96735999 -0.25360336
 1219.0  1.11111111  0.96733534  0.00690641  0.96735999 -0.25360336
 1219.1  1.11111111  0.96733533  0.00690675  0.96735998 -0.25360336
 1219.2  1.11111111  0.96733533  0.00690706  0.96735999 -0.25360336
 1219.3  1.11111111  0.96733533  0.00690739  0.96735999 -0.25360336
 1219.4  1.11111111  0.96733532  0.00690772  0.96735999 -0.25360337
 1219.5  1.11111111  0.96733531  0.00690797  0.96735998 -0.25360338
 1219.6  1.11111111  0.96733531  0.00690817  0.96735998 -0.25360339
 1219.7  1.11111111  0.96733532  0.00690835  0.96735998 -0.25360339
 1219.8  1.11111111  0.96733531  0.00690849  0.96735998 -0.25360340
 1219.9  1.11111111  0.96733530  0.00690853  0.96735997 -0.25360342
 1220.0  1.11111111  0.96733530  0.00690851  0.96735997 -0.25360343
 1220.1  1.11111111  0.96733530  0.00690846  0.96735997 -0.25360343
 1220.2  1.11111111  0.96733530  0.00690837  0.96735997 -0.25360344
 1220.3  1.11111111  0.96733529  0.00690821  0.96735996 -0.25360346
 1220.4  1.11111111  0.96733529  0.00690799  0.96735996 -0.25360346
 1220.5  1.11111111  0.96733530  0.00690775  0.96735996 -0.25360346
 1220.6  1.11111111  0.96733530  0.00690749  0.96735996 -0.25360347
 1220.7  1.11111111  0.96733530  0.00690722  0.96735996 -0.25360347
 1220.8  1.11111111  0.96733530  0.00690692  0.96735996 -0.25360347
 1220.9  1.11111111  0.96733530  0.00690662  0.96735996 -0.25360347
 1221.0  1.11111111  0.96733531  0.00690634  0.96735996 -0.25360347
 1221.1  1.11111111  0.96733531  0.00690609  0.96735996 -0.25360346
 1221.2  1.11111111  0.96733531  0.00690587  0.96735996 -0.25360346
 1221.3  1.11111111  0.96733531  0.00690568  0.96735996 -0.25360345
 1221.4  1.11111111  0.96733532  0.00690552  0.96735997 -0.25360344
 1221.5  1.11111111  0.96733532  0.00690542  0.96735997 -0.25360343
 1221.6  1.11111111  0.96733533  0.00690536  0.96735997 -0.25360342
 1221.7  1.11111111  0.96733533  0.00690536  0.96735997 -0.25360342
 1221.8  1.11111111  0.96733533  0.00690539  0.96735998 -0.25360341
 1221.9  1.11111111  0.96733533  0.00690550  0.96735998 -0.25360340
 1222.0  1.11111111  0.96733533  0.00690564  0.96735998 -0.25360339
 1222.1  1.11111111  0.96733533  0.00690581  0.96735998 -0.25360339
 1222.2  1.11111111  0.96733533  0.00690602  0.96735998 -0.25360338
 1222.3  1.11111111  0.96733533  0.00690624  0.96735998 -0.25360338
 1222.4  1.11111111  0.96733533  0.00690646  0.96735998 -0.25360338
 1222.5  1.11111111  0.96733533  0.00690668  0.96735998 -0.25360338
 1222.6  1.11111111  0.96733532  0.00690688  0.96735998 -0.25360338
 1222.7  1.11111111  0.96733532  0.00690707  0.96735998 -0.25360339
 1222.8  1.11111111  0.96733532  0.00690724  0.96735998 -0.25360339
 1222.9  1.11111111  0.96733532  0.00690738  0.96735998 -0.25360339
 1223.0  1.11111111  0.96733532  0.00690746  0.96735998 -0.25360340
 1223.1  1.11111111  0.96733531  0.00690757  0.96735998 -0.25360340
 1223.2  1.11111111  0.96733531  0.00690766  0.96735998 -0.25360341
 1223.3  1.11111111  0.96733531  0.00690771  0.96735997 -0.25360341
 1223.4  1.11111111  0.96733531  0.00690773  0.96735997 -0.25360342
 1223.5  1.11111111  0.96733531  0.00690773  0.96735997 -0.25360342
 1223.6  1.11111111  0.96733531  0.00690770  0.96735997 -0.25360343
 1223.7  1.11111111  0.96733531  0.00690764  0.96735997 -0.25360343
 1223.8  1.11111111  0.96733531  0.00690757  0.96735997 -0.25360344
 1223.9  1.11111111  0.96733531  0.00690747  0.96735997 -0.25360344
 1224.0  1.11111111  0.96733531  0.00690735  0.96735997 -0.25360344
 1224.1  1.11111111  0.96733531  0.00690722  0.96735997 -0.25360345
 1224.2  1.11111111  0.96733531  0.00690709  0.96735997 -0.25360345
 1224.3  1.11111111  0.96733531  0.00690695  0.96735997 -0.25360345
 1224.4  1.11111111  0.96733531  0.00690680  0.96735997 -0.25360345
 1224.5  1.11111111  0.96733531  0.00690665  0.96735997 -0.25360345
 1224.6  1.11111111  0.96733531  0.00690651  0.96735997 -0.25360344
 1224.7  1.11111111  0.96733531  0.00690638  0.96735997 -0.25360344
 1224.8  1.11111111  0.96733531  0.00690626  0.96735997 -0.25360344
 1224.9  1.11111111  0.96733532  0.00690616  0.96735997 -0.25360344
 1225.0  1.11111111  0.96733532  0.00690609  0.96735997 -0.25360343
 1225.1  1.11111111  0.96733532  0.00690603  0.96735997 -0.25360343
