 # AA:        338547.52789288008     
 # FLEGG:     222776.77439590584     
 # AF0:     -6.22068574088730716E-002
 # CPAR:      600.01081710162225     
 # Diff:     8.55074003082074152E-002
 # TF:       3.79473319220205556E-007
 # H:         284.00000000000000     
 # GRAD:     0.10000000000000001     
 # HR:       3.00000000000000006E-003
 # LP:       0.17999999997609775     
 # TIME  LP  TMAB  TMDS  TMPC  TMZ
34869.9  0.94444444  0.96816767 -0.00125689  0.96816849 -0.25049723
34870.0  0.94444444  0.96816774 -0.00275505  0.96817166 -0.25048092
34870.1  0.94444444  0.96816900 -0.00361260  0.96817574 -0.25045828
34870.2  0.94444444  0.96817304 -0.00368879  0.96818006 -0.25043339
34870.3  0.94444444  0.96817924 -0.00298615  0.96818384 -0.25041072
34870.4  0.94444444  0.96818542 -0.00163581  0.96818680 -0.25039396
34870.5  0.94444444  0.96818800  0.00011646  0.96818801 -0.25038636
34870.6  0.94444444  0.96818519  0.00194107  0.96818714 -0.25038929
34870.7  0.94444444  0.96817855  0.00350640  0.96818490 -0.25040160
34870.8  0.94444444  0.96817106  0.00454155  0.96818171 -0.25042094
34870.9  0.94444444  0.96816599  0.00488214  0.96817830 -0.25044362
34871.0  0.94444444  0.96816432  0.00449726  0.96817477 -0.25046608
34871.1  0.94444444  0.96816468  0.00344185  0.96817080 -0.25048513
34871.2  0.94444444  0.96816628  0.00188008  0.96816811 -0.25049656
34871.3  0.94444444  0.96816789  0.00010773  0.96816789 -0.25049771
34871.4  0.94444444  0.96816901 -0.00152911  0.96817022 -0.25048846
34871.5  0.94444444  0.96817004 -0.00272169  0.96817386 -0.25047129
34871.6  0.94444444  0.96817170 -0.00328423  0.96817727 -0.25045017
34871.7  0.94444444  0.96817554 -0.00314733  0.96818066 -0.25042824
34871.8  0.94444444  0.96818114 -0.00233336  0.96818395 -0.25040893
34871.9  0.94444444  0.96818570 -0.00098675  0.96818621 -0.25039592
34872.0  0.94444444  0.96818683  0.00064656  0.96818705 -0.25039149
34872.1  0.94444444  0.96818328  0.00226630  0.96818593 -0.25039666
34872.2  0.94444444  0.96817662  0.00356663  0.96818319 -0.25041024
34872.3  0.94444444  0.96817054  0.00432364  0.96818019 -0.25042895
34872.4  0.94444444  0.96816714  0.00443341  0.96817729 -0.25044957
34872.5  0.94444444  0.96816664  0.00390350  0.96817451 -0.25046887
34872.6  0.94444444  0.96816747  0.00282363  0.96817159 -0.25048411
34872.7  0.94444444  0.96816807  0.00134875  0.96816901 -0.25049259
34872.8  0.94444444  0.96816867 -0.00026043  0.96816870 -0.25049162
34872.9  0.94444444  0.96816971 -0.00167801  0.96817116 -0.25048104
34873.0  0.94444444  0.96817138 -0.00262821  0.96817495 -0.25046370
34873.1  0.94444444  0.96817407 -0.00295551  0.96817858 -0.25044351
34873.2  0.94444444  0.96817789 -0.00263615  0.96818147 -0.25042410
34873.3  0.94444444  0.96818245 -0.00174050  0.96818402 -0.25040813
34873.4  0.94444444  0.96818570 -0.00042062  0.96818579 -0.25039837
34873.5  0.94444444  0.96818549  0.00108450  0.96818610 -0.25039684
34873.6  0.94444444  0.96818164  0.00249891  0.96818487 -0.25040373
34873.7  0.94444444  0.96817566  0.00356331  0.96818221 -0.25041774
34873.8  0.94444444  0.96817051  0.00409007  0.96817915 -0.25043586
34873.9  0.94444444  0.96816813  0.00401222  0.96817645 -0.25045463
34874.0  0.94444444  0.96816793  0.00336432  0.96817378 -0.25047139
34874.1  0.94444444  0.96816860  0.00224969  0.96817122 -0.25048353
34874.2  0.94444444  0.96816921  0.00084740  0.96816958 -0.25048864
34874.3  0.94444444  0.96816975 -0.00058920  0.96816992 -0.25048518
34874.4  0.94444444  0.96817100 -0.00177481  0.96817263 -0.25047345
34874.5  0.94444444  0.96817301 -0.00248063  0.96817618 -0.25045649
34874.6  0.94444444  0.96817602 -0.00259922  0.96817951 -0.25043788
34874.7  0.94444444  0.96818003 -0.00213070  0.96818238 -0.25042068
34874.8  0.94444444  0.96818372 -0.00116964  0.96818442 -0.25040777
34874.9  0.94444444  0.96818538  0.00010785  0.96818539 -0.25040135
34875.0  0.94444444  0.96818376  0.00146823  0.96818487 -0.25040269
34875.1  0.94444444  0.96817928  0.00265723  0.96818293 -0.25041140
34875.2  0.94444444  0.96817431  0.00346209  0.96818050 -0.25042528
34875.3  0.94444444  0.96817099  0.00376283  0.96817830 -0.25044156
34875.4  0.94444444  0.96816975  0.00353848  0.96817622 -0.25045782
34875.5  0.94444444  0.96816973  0.00283692  0.96817389 -0.25047185
34875.6  0.94444444  0.96816980  0.00175100  0.96817138 -0.25048145
34875.7  0.94444444  0.96817003  0.00045282  0.96817014 -0.25048409
34875.8  0.94444444  0.96817097 -0.00080133  0.96817130 -0.25047855
34875.9  0.94444444  0.96817265 -0.00175615  0.96817424 -0.25046621
34876.0  0.94444444  0.96817486 -0.00223731  0.96817745 -0.25045024
34876.1  0.94444444  0.96817752 -0.00218764  0.96817999 -0.25043392
34876.2  0.94444444  0.96818071 -0.00163934  0.96818210 -0.25041956
34876.3  0.94444444  0.96818358 -0.00068778  0.96818382 -0.25040930
34876.4  0.94444444  0.96818449  0.00050130  0.96818462 -0.25040516
34876.5  0.94444444  0.96818261  0.00171086  0.96818412 -0.25040802
34876.6  0.94444444  0.96817843  0.00271541  0.96818224 -0.25041737
34876.7  0.94444444  0.96817395  0.00332967  0.96817967 -0.25043114
34876.8  0.94444444  0.96817135  0.00346254  0.96817755 -0.25044629
34876.9  0.94444444  0.96817074  0.00312269  0.96817578 -0.25046051
34877.0  0.94444444  0.96817095  0.00237663  0.96817387 -0.25047199
34877.1  0.94444444  0.96817094  0.00132860  0.96817185 -0.25047901
34877.2  0.94444444  0.96817075  0.00014176  0.96817076 -0.25047975
34877.3  0.94444444  0.96817159 -0.00095210  0.96817205 -0.25047300
34877.4  0.94444444  0.96817365 -0.00172065  0.96817518 -0.25046028
34877.5  0.94444444  0.96817627 -0.00201996  0.96817838 -0.25044500
34877.6  0.94444444  0.96817914 -0.00182249  0.96818086 -0.25043023
34877.7  0.94444444  0.96818185 -0.00118866  0.96818258 -0.25041822
34877.8  0.94444444  0.96818363 -0.00023756  0.96818366 -0.25041071
34877.9  0.94444444  0.96818352  0.00086456  0.96818390 -0.25040902
34878.0  0.94444444  0.96818108  0.00191796  0.96818298 -0.25041358
34878.1  0.94444444  0.96817729  0.00272923  0.96818113 -0.25042338
34878.2  0.94444444  0.96817382  0.00315856  0.96817898 -0.25043637
34878.3  0.94444444  0.96817191  0.00314769  0.96817703 -0.25045011
34878.4  0.94444444  0.96817145  0.00271822  0.96817527 -0.25046249
34878.5  0.94444444  0.96817149  0.00194239  0.96817344 -0.25047182
34878.6  0.94444444  0.96817153  0.00093600  0.96817198 -0.25047639
34878.7  0.94444444  0.96817188 -0.00012565  0.96817189 -0.25047477
34878.8  0.94444444  0.96817301 -0.00103341  0.96817356 -0.25046693
34878.9  0.94444444  0.96817498 -0.00160578  0.96817631 -0.25045465
34879.0  0.94444444  0.96817743 -0.00174309  0.96817900 -0.25044081
34879.1  0.94444444  0.96818002 -0.00144212  0.96818109 -0.25042799
34879.2  0.94444444  0.96818227 -0.00077115  0.96818257 -0.25041814
34879.3  0.94444444  0.96818325  0.00014608  0.96818326 -0.25041291
34879.4  0.94444444  0.96818235  0.00114287  0.96818303 -0.25041320
34879.5  0.94444444  0.96817970  0.00203769  0.96818185 -0.25041889
34879.6  0.94444444  0.96817640  0.00266966  0.96818008 -0.25042871
34879.7  0.94444444  0.96817393  0.00293808  0.96817839 -0.25044061
34879.8  0.94444444  0.96817281  0.00281897  0.96817692 -0.25045262
34879.9  0.94444444  0.96817251  0.00234408  0.96817535 -0.25046311
34880.0  0.94444444  0.96817234  0.00158110  0.96817363 -0.25047054
34880.1  0.94444444  0.96817214  0.00064329  0.96817235 -0.25047337
34880.2  0.94444444  0.96817255 -0.00029868  0.96817260 -0.25047036
34880.3  0.94444444  0.96817402 -0.00105015  0.96817459 -0.25046182
34880.4  0.94444444  0.96817612 -0.00146081  0.96817722 -0.25045000
34880.5  0.94444444  0.96817837 -0.00146831  0.96817949 -0.25043757
34880.6  0.94444444  0.96818051 -0.00109338  0.96818113 -0.25042667
34880.7  0.94444444  0.96818216 -0.00041384  0.96818225 -0.25041885
34880.8  0.94444444  0.96818271  0.00045058  0.96818282 -0.25041535
34880.9  0.94444444  0.96818162  0.00134641  0.96818256 -0.25041691
34881.0  0.94444444  0.96817904  0.00210932  0.96818134 -0.25042328
34881.1  0.94444444  0.96817605  0.00260088  0.96817955 -0.25043309
34881.2  0.94444444  0.96817393  0.00274227  0.96817781 -0.25044433
34881.3  0.94444444  0.96817310  0.00252693  0.96817639 -0.25045505
34881.4  0.94444444  0.96817296  0.00200262  0.96817503 -0.25046376
34881.5  0.94444444  0.96817284  0.00124852  0.96817365 -0.25046926
34881.6  0.94444444  0.96817275  0.00038156  0.96817283 -0.25047029
34881.7  0.94444444  0.96817331 -0.00043834  0.96817341 -0.25046606
34881.8  0.94444444  0.96817489 -0.00104282  0.96817545 -0.25045720
34881.9  0.94444444  0.96817710 -0.00131037  0.96817798 -0.25044591
34882.0  0.94444444  0.96817935 -0.00120289  0.96818009 -0.25043468
34882.1  0.94444444  0.96818121 -0.00075944  0.96818151 -0.25042545
34882.2  0.94444444  0.96818222 -0.00007144  0.96818222 -0.25041963
34882.3  0.94444444  0.96818196  0.00073468  0.96818224 -0.25041811
34882.4  0.94444444  0.96818039  0.00151479  0.96818158 -0.25042106
34882.5  0.94444444  0.96817802  0.00213069  0.96818036 -0.25042783
34882.6  0.94444444  0.96817577  0.00247875  0.96817894 -0.25043705
34882.7  0.94444444  0.96817430  0.00251067  0.96817755 -0.25044711
34882.8  0.94444444  0.96817361  0.00223128  0.96817618 -0.25045646
34882.9  0.94444444  0.96817336  0.00168693  0.96817483 -0.25046366
34883.0  0.94444444  0.96817328  0.00096188  0.96817376 -0.25046744
34883.1  0.94444444  0.96817352  0.00018004  0.96817353 -0.25046684
34883.2  0.94444444  0.96817439 -0.00050861  0.96817453 -0.25046165
34883.3  0.94444444  0.96817591 -0.00096763  0.96817639 -0.25045298
34883.4  0.94444444  0.96817779 -0.00111329  0.96817843 -0.25044279
34883.5  0.94444444  0.96817968 -0.00092989  0.96818012 -0.25043307
34883.6  0.94444444  0.96818118 -0.00046209  0.96818129 -0.25042544
34883.7  0.94444444  0.96818187  0.00020074  0.96818189 -0.25042112
34883.8  0.94444444  0.96818135  0.00093791  0.96818180 -0.25042084
34883.9  0.94444444  0.96817967  0.00161505  0.96818102 -0.25042460
34884.0  0.94444444  0.96817748  0.00211133  0.96817978 -0.25043156
34884.1  0.94444444  0.96817563  0.00234580  0.96817847 -0.25044030
34884.2  0.94444444  0.96817460  0.00229101  0.96817731 -0.25044930
34884.3  0.94444444  0.96817416  0.00196584  0.96817616 -0.25045726
34884.4  0.94444444  0.96817387  0.00141987  0.96817491 -0.25046305
34884.5  0.94444444  0.96817365  0.00073470  0.96817393 -0.25046555
34884.6  0.94444444  0.96817391  0.00003094  0.96817391 -0.25046387
34884.7  0.94444444  0.96817499 -0.00055071  0.96817515 -0.25045803
34884.8  0.94444444  0.96817670 -0.00089151  0.96817711 -0.25044941
34884.9  0.94444444  0.96817853 -0.00093201  0.96817898 -0.25044003
34885.0  0.94444444  0.96818013 -0.00067923  0.96818037 -0.25043164
34885.1  0.94444444  0.96818122 -0.00018993  0.96818124 -0.25042555
34885.2  0.94444444  0.96818149  0.00044460  0.96818159 -0.25042270
34885.3  0.94444444  0.96818074  0.00111066  0.96818137 -0.25042355
34885.4  0.94444444  0.96817906  0.00168857  0.96818054 -0.25042793
34885.5  0.94444444  0.96817707  0.00207564  0.96817930 -0.25043494
34885.6  0.94444444  0.96817551  0.00220964  0.96817803 -0.25044319
34885.7  0.94444444  0.96817465  0.00207767  0.96817688 -0.25045128
34885.8  0.94444444  0.96817431  0.00170868  0.96817582 -0.25045797
34885.9  0.94444444  0.96817417  0.00116253  0.96817487 -0.25046226
34886.0  0.94444444  0.96817419  0.00052684  0.96817433 -0.25046329
34886.1  0.94444444  0.96817465 -0.00008447  0.96817465 -0.25046056
34886.2  0.94444444  0.96817577 -0.00055122  0.96817593 -0.25045446
34886.3  0.94444444  0.96817737 -0.00078123  0.96817769 -0.25044631
34886.4  0.94444444  0.96817907 -0.00073546  0.96817935 -0.25043787
34886.5  0.94444444  0.96818043 -0.00043299  0.96818053 -0.25043076
34886.6  0.94444444  0.96818113  0.00006161  0.96818113 -0.25042611
34886.7  0.94444444  0.96818095  0.00065474  0.96818117 -0.25042464
34886.8  0.94444444  0.96817990  0.00123899  0.96818069 -0.25042649
34886.9  0.94444444  0.96817834  0.00171189  0.96817986 -0.25043121
34887.0  0.94444444  0.96817681  0.00199519  0.96817886 -0.25043785
34887.1  0.94444444  0.96817568  0.00204768  0.96817785 -0.25044529
34887.2  0.94444444  0.96817502  0.00186692  0.96817682 -0.25045235
34887.3  0.94444444  0.96817465  0.00148290  0.96817579 -0.25045795
34887.4  0.94444444  0.96817448  0.00095546  0.96817495 -0.25046109
34887.5  0.94444444  0.96817462  0.00037474  0.96817470 -0.25046102
34887.6  0.94444444  0.96817528 -0.00014999  0.96817529 -0.25045756
34887.7  0.94444444  0.96817645 -0.00051572  0.96817659 -0.25045139
34887.8  0.94444444  0.96817788 -0.00065404  0.96817810 -0.25044386
34887.9  0.94444444  0.96817928 -0.00054595  0.96817943 -0.25043649
34888.0  0.94444444  0.96818038 -0.00021872  0.96818040 -0.25043054
34888.1  0.94444444  0.96818089  0.00026404  0.96818093 -0.25042698
34888.2  0.94444444  0.96818060  0.00081342  0.96818094 -0.25042642
34888.3  0.94444444  0.96817950  0.00132936  0.96818042 -0.25042891
34888.4  0.94444444  0.96817797  0.00171925  0.96817950 -0.25043392
34888.5  0.94444444  0.96817657  0.00191793  0.96817847 -0.25044040
34888.6  0.94444444  0.96817566  0.00189923  0.96817752 -0.25044720
34888.7  0.94444444  0.96817519  0.00167321  0.96817663 -0.25045328
34888.8  0.94444444  0.96817491  0.00127739  0.96817575 -0.25045776
34888.9  0.94444444  0.96817475  0.00077329  0.96817506 -0.25045983
34889.0  0.94444444  0.96817495  0.00024782  0.96817499 -0.25045887
34889.1  0.94444444  0.96817575 -0.00019766  0.96817577 -0.25045485
34889.2  0.94444444  0.96817703 -0.00047361  0.96817715 -0.25044863
34889.3  0.94444444  0.96817846 -0.00052880  0.96817860 -0.25044160
34889.4  0.94444444  0.96817967 -0.00036088  0.96817974 -0.25043517
34889.5  0.94444444  0.96818043 -0.00000967  0.96818043 -0.25043042
34889.6  0.94444444  0.96818058  0.00045669  0.96818069 -0.25042807
34889.7  0.94444444  0.96818003  0.00095341  0.96818050 -0.25042847
34889.8  0.94444444  0.96817893  0.00139215  0.96817993 -0.25043148
34889.9  0.94444444  0.96817760  0.00169697  0.96817909 -0.25043648
34890.0  0.94444444  0.96817645  0.00181851  0.96817815 -0.25044256
34890.1  0.94444444  0.96817569  0.00174158  0.96817726 -0.25044867
34890.2  0.94444444  0.96817530  0.00148313  0.96817643 -0.25045383
34890.3  0.94444444  0.96817513  0.00108640  0.96817574 -0.25045722
34890.4  0.94444444  0.96817518  0.00061722  0.96817537 -0.25045820
34890.5  0.94444444  0.96817554  0.00015869  0.96817555 -0.25045646
34890.6  0.94444444  0.96817634 -0.00020239  0.96817636 -0.25045222
34890.7  0.94444444  0.96817748 -0.00039613  0.96817757 -0.25044633
34890.8  0.94444444  0.96817872 -0.00038792  0.96817880 -0.25044003
34890.9  0.94444444  0.96817975 -0.00018462  0.96817976 -0.25043453
34891.0  0.94444444  0.96818030  0.00017074  0.96818031 -0.25043077
34891.1  0.94444444  0.96818023  0.00060986  0.96818042 -0.25042936
34891.2  0.94444444  0.96817955  0.00105238  0.96818012 -0.25043045
34891.3  0.94444444  0.96817848  0.00142009  0.96817952 -0.25043377
34891.4  0.94444444  0.96817737  0.00165129  0.96817877 -0.25043865
34891.5  0.94444444  0.96817648  0.00171112  0.96817799 -0.25044422
34891.6  0.94444444  0.96817588  0.00159380  0.96817719 -0.25044961
34891.7  0.94444444  0.96817551  0.00131953  0.96817641 -0.25045396
34891.8  0.94444444  0.96817532  0.00093203  0.96817577 -0.25045653
34891.9  0.94444444  0.96817540  0.00049717  0.96817553 -0.25045673
34892.0  0.94444444  0.96817590  0.00009581  0.96817590 -0.25045439
34892.1  0.94444444  0.96817679 -0.00019399  0.96817681 -0.25044995
34892.2  0.94444444  0.96817790 -0.00031745  0.96817795 -0.25044436
34892.3  0.94444444  0.96817896 -0.00025541  0.96817900 -0.25043875
34892.4  0.94444444  0.96817977 -0.00002479  0.96817977 -0.25043412
34892.5  0.94444444  0.96818015  0.00032865  0.96818021 -0.25043125
34892.6  0.94444444  0.96817997  0.00073928  0.96818025 -0.25043060
34892.7  0.94444444  0.96817924  0.00113228  0.96817990 -0.25043225
34892.8  0.94444444  0.96817816  0.00143737  0.96817923 -0.25043583
34892.9  0.94444444  0.96817711  0.00160281  0.96817844 -0.25044064
34893.0  0.94444444  0.96817634  0.00160470  0.96817767 -0.25044580
34893.1  0.94444444  0.96817589  0.00144770  0.96817697 -0.25045046
34893.2  0.94444444  0.96817565  0.00115965  0.96817635 -0.25045393
34893.3  0.94444444  0.96817557  0.00078751  0.96817589 -0.25045560
34893.4  0.94444444  0.96817574  0.00039499  0.96817582 -0.25045507
34893.5  0.94444444  0.96817631  0.00005511  0.96817631 -0.25045232
34893.6  0.94444444  0.96817723 -0.00016572  0.96817724 -0.25044785
34893.7  0.94444444  0.96817829 -0.00022575  0.96817832 -0.25044263
34893.8  0.94444444  0.96817921 -0.00011782  0.96817922 -0.25043772
34893.9  0.94444444  0.96817978  0.00013234  0.96817979 -0.25043399
34894.0  0.94444444  0.96817989  0.00047489  0.96818000 -0.25043203
34894.1  0.94444444  0.96817952  0.00084669  0.96817989 -0.25043212
34894.2  0.94444444  0.96817878  0.00118199  0.96817950 -0.25043415
34894.3  0.94444444  0.96817787  0.00142337  0.96817892 -0.25043774
34894.4  0.94444444  0.96817703  0.00153156  0.96817824 -0.25044224
34894.5  0.94444444  0.96817639  0.00149098  0.96817754 -0.25044687
34894.6  0.94444444  0.96817600  0.00131054  0.96817689 -0.25045088
34894.7  0.94444444  0.96817582  0.00102114  0.96817636 -0.25045359
34894.8  0.94444444  0.96817584  0.00067195  0.96817607 -0.25045451
34894.9  0.94444444  0.96817612  0.00032482  0.96817618 -0.25045340
34895.0  0.94444444  0.96817670  0.00004415  0.96817671 -0.25045042
34895.1  0.94444444  0.96817754 -0.00011698  0.96817754 -0.25044614
34895.2  0.94444444  0.96817845 -0.00012919  0.96817846 -0.25044142
34895.3  0.94444444  0.96817923  0.00000709  0.96817923 -0.25043716
34895.4  0.94444444  0.96817969  0.00026343  0.96817973 -0.25043412
34895.5  0.94444444  0.96817970  0.00059045  0.96817988 -0.25043282
34895.6  0.94444444  0.96817926  0.00092754  0.96817970 -0.25043344
34895.7  0.94444444  0.96817850  0.00121435  0.96817926 -0.25043579
34895.8  0.94444444  0.96817766  0.00140197  0.96817867 -0.25043940
34895.9  0.94444444  0.96817694  0.00146106  0.96817804 -0.25044361
34896.0  0.94444444  0.96817643  0.00138477  0.96817742 -0.25044773
34896.1  0.94444444  0.96817610  0.00118710  0.96817683 -0.25045112
34896.2  0.94444444  0.96817593  0.00090060  0.96817635 -0.25045318
34896.3  0.94444444  0.96817600  0.00057432  0.96817617 -0.25045348
34896.4  0.94444444  0.96817637  0.00026802  0.96817641 -0.25045190
34896.5  0.94444444  0.96817705  0.00004035  0.96817705 -0.25044870
34896.6  0.94444444  0.96817789 -0.00006567  0.96817789 -0.25044455
34896.7  0.94444444  0.96817870 -0.00003259  0.96817870 -0.25044029
34896.8  0.94444444  0.96817930  0.00012967  0.96817931 -0.25043671
34896.9  0.94444444  0.96817957  0.00038826  0.96817965 -0.25043441
34897.0  0.94444444  0.96817945  0.00069466  0.96817970 -0.25043376
34897.1  0.94444444  0.96817896  0.00099325  0.96817946 -0.25043483
34897.2  0.94444444  0.96817821  0.00123102  0.96817900 -0.25043738
34897.3  0.94444444  0.96817744  0.00136754  0.96817841 -0.25044093
34897.4  0.94444444  0.96817682  0.00138191  0.96817781 -0.25044482
34897.5  0.94444444  0.96817642  0.00127472  0.96817726 -0.25044841
34897.6  0.94444444  0.96817621  0.00106579  0.96817679 -0.25045112
34897.7  0.94444444  0.96817616  0.00079052  0.96817648 -0.25045249
34897.8  0.94444444  0.96817630  0.00049629  0.96817643 -0.25045223
34897.9  0.94444444  0.96817670  0.00023642  0.96817673 -0.25045034
34898.0  0.94444444  0.96817735  0.00006005  0.96817735 -0.25044715
34898.1  0.94444444  0.96817812  0.00000039  0.96817812 -0.25044328
34898.2  0.94444444  0.96817882  0.00006680  0.96817882 -0.25043953
34898.3  0.94444444  0.96817927  0.00024370  0.96817930 -0.25043658
34898.4  0.94444444  0.96817939  0.00049575  0.96817952 -0.25043493
34898.5  0.94444444  0.96817916  0.00077589  0.96817947 -0.25043481
34898.6  0.94444444  0.96817865  0.00103417  0.96817920 -0.25043619
34898.7  0.94444444  0.96817801  0.00122622  0.96817878 -0.25043878
34898.8  0.94444444  0.96817737  0.00132044  0.96817827 -0.25044213
34898.9  0.94444444  0.96817685  0.00130244  0.96817773 -0.25044566
34899.0  0.94444444  0.96817649  0.00117646  0.96817721 -0.25044878
34899.1  0.94444444  0.96817630  0.00096426  0.96817678 -0.25045096
34899.2  0.94444444  0.96817630  0.00070261  0.96817655 -0.25045179
34899.3  0.94444444  0.96817652  0.00043801  0.96817662 -0.25045110
34899.4  0.94444444  0.96817696  0.00021926  0.96817699 -0.25044898
34899.5  0.94444444  0.96817759  0.00008712  0.96817759 -0.25044583
34899.6  0.94444444  0.96817827  0.00006563  0.96817827 -0.25044227
34899.7  0.94444444  0.96817887  0.00015721  0.96817888 -0.25043899
34899.8  0.94444444  0.96817923  0.00034286  0.96817929 -0.25043657
34899.9  0.94444444  0.96817928  0.00058680  0.96817945 -0.25043543
34900.0  0.94444444  0.96817898  0.00084359  0.96817935 -0.25043574
34900.1  0.94444444  0.96817843  0.00106674  0.96817902 -0.25043741
34900.2  0.94444444  0.96817780  0.00121761  0.96817856 -0.25044008
34900.3  0.94444444  0.96817723  0.00127204  0.96817807 -0.25044326
34900.4  0.94444444  0.96817681  0.00122320  0.96817758 -0.25044642
34900.5  0.94444444  0.96817654  0.00108080  0.96817714 -0.25044903
34900.6  0.94444444  0.96817641  0.00086909  0.96817680 -0.25045067
34900.7  0.94444444  0.96817645  0.00062447  0.96817665 -0.25045102
34900.8  0.94444444  0.96817673  0.00039114  0.96817681 -0.25044995
34900.9  0.94444444  0.96817723  0.00021297  0.96817725 -0.25044766
34901.0  0.94444444  0.96817786  0.00012336  0.96817787 -0.25044459
34901.1  0.94444444  0.96817846  0.00013766  0.96817847 -0.25044138
34901.2  0.94444444  0.96817891  0.00025059  0.96817895 -0.25043861
34901.3  0.94444444  0.96817912  0.00043905  0.96817922 -0.25043676
34901.4  0.94444444  0.96817905  0.00066747  0.96817928 -0.25043614
34901.5  0.94444444  0.96817872  0.00089454  0.96817913 -0.25043680
34901.6  0.94444444  0.96817821  0.00108024  0.96817882 -0.25043861
34901.7  0.94444444  0.96817765  0.00119289  0.96817839 -0.25044122
34901.8  0.94444444  0.96817716  0.00121441  0.96817792 -0.25044416
34901.9  0.94444444  0.96817681  0.00114288  0.96817749 -0.25044693
34902.0  0.94444444  0.96817661  0.00099175  0.96817712 -0.25044906
34902.1  0.94444444  0.96817657  0.00078735  0.96817689 -0.25045020
34902.2  0.94444444  0.96817667  0.00056524  0.96817684 -0.25045013
34902.3  0.94444444  0.96817696  0.00036513  0.96817703 -0.25044883
34902.4  0.94444444  0.96817743  0.00022405  0.96817745 -0.25044653
34902.5  0.94444444  0.96817799  0.00016828  0.96817801 -0.25044366
34902.6  0.94444444  0.96817853  0.00020744  0.96817855 -0.25044078
34902.7  0.94444444  0.96817890  0.00033257  0.96817896 -0.25043844
34902.8  0.94444444  0.96817902  0.00051877  0.96817916 -0.25043705
34902.9  0.94444444  0.96817888  0.00073094  0.96817916 -0.25043683
34903.0  0.94444444  0.96817853  0.00093074  0.96817897 -0.25043776
34903.1  0.94444444  0.96817805  0.00108342  0.96817866 -0.25043965
34903.2  0.94444444  0.96817756  0.00116357  0.96817826 -0.25044216
34903.3  0.94444444  0.96817714  0.00115866  0.96817784 -0.25044486
34903.4  0.94444444  0.96817683  0.00107039  0.96817743 -0.25044728
34903.5  0.94444444  0.96817666  0.00091430  0.96817709 -0.25044902
34903.6  0.94444444  0.96817665  0.00071767  0.96817691 -0.25044975
34903.7  0.94444444  0.96817682  0.00051583  0.96817695 -0.25044932
34903.8  0.94444444  0.96817716  0.00034586  0.96817722 -0.25044780
34903.9  0.94444444  0.96817764  0.00023916  0.96817767 -0.25044548
34904.0  0.94444444  0.96817815  0.00021485  0.96817817 -0.25044281
34904.1  0.94444444  0.96817859  0.00027613  0.96817863 -0.25044029
34904.2  0.94444444  0.96817888  0.00041023  0.96817896 -0.25043838
34904.3  0.94444444  0.96817892  0.00059140  0.96817911 -0.25043741
34904.4  0.94444444  0.96817873  0.00078589  0.96817905 -0.25043754
34904.5  0.94444444  0.96817834  0.00095850  0.96817882 -0.25043870
34904.6  0.94444444  0.96817787  0.00107908  0.96817847 -0.25044067
34904.7  0.94444444  0.96817743  0.00112789  0.96817809 -0.25044306
34904.8  0.94444444  0.96817709  0.00109826  0.96817771 -0.25044546
34904.9  0.94444444  0.96817687  0.00099658  0.96817738 -0.25044749
34905.0  0.94444444  0.96817676  0.00084071  0.96817713 -0.25044880
34905.1  0.94444444  0.96817680  0.00065767  0.96817702 -0.25044915
34905.2  0.94444444  0.96817700  0.00048010  0.96817712 -0.25044845
34905.3  0.94444444  0.96817736  0.00034070  0.96817742 -0.25044681
34905.4  0.94444444  0.96817781  0.00026537  0.96817785 -0.25044456
34905.5  0.94444444  0.96817827  0.00026733  0.96817830 -0.25044213
34905.6  0.94444444  0.96817862  0.00034469  0.96817868 -0.25043999
34905.7  0.94444444  0.96817879  0.00048158  0.96817891 -0.25043850
34905.8  0.94444444  0.96817876  0.00065207  0.96817898 -0.25043792
34905.9  0.94444444  0.96817854  0.00082526  0.96817889 -0.25043830
34906.0  0.94444444  0.96817819  0.00097065  0.96817867 -0.25043958
34906.1  0.94444444  0.96817778  0.00106328  0.96817836 -0.25044150
34906.2  0.94444444  0.96817739  0.00108786  0.96817800 -0.25044373
34906.3  0.94444444  0.96817709  0.00104108  0.96817765 -0.25044587
34906.4  0.94444444  0.96817691  0.00093181  0.96817736 -0.25044756
34906.5  0.94444444  0.96817686  0.00077947  0.96817717 -0.25044851
34906.6  0.94444444  0.96817693  0.00061097  0.96817713 -0.25044855
34906.7  0.94444444  0.96817715  0.00045649  0.96817726 -0.25044765
34906.8  0.94444444  0.96817750  0.00034418  0.96817756 -0.25044597
34906.9  0.94444444  0.96817792  0.00029468  0.96817796 -0.25044383
34907.0  0.94444444  0.96817832  0.00031670  0.96817838 -0.25044163
34907.1  0.94444444  0.96817862  0.00040522  0.96817871 -0.25043980
34907.2  0.94444444  0.96817874  0.00054277  0.96817889 -0.25043865
34907.3  0.94444444  0.96817866  0.00070329  0.96817891 -0.25043838
34907.4  0.94444444  0.96817840  0.00085742  0.96817878 -0.25043901
34907.5  0.94444444  0.96817805  0.00097790  0.96817854 -0.25044039
34907.6  0.94444444  0.96817767  0.00104459  0.96817823 -0.25044227
34907.7  0.94444444  0.96817734  0.00104707  0.96817790 -0.25044431
34907.8  0.94444444  0.96817709  0.00098591  0.96817759 -0.25044618
34907.9  0.94444444  0.96817694  0.00087184  0.96817734 -0.25044755
34908.0  0.94444444  0.96817693  0.00072496  0.96817720 -0.25044818
34908.1  0.94444444  0.96817705  0.00057163  0.96817722 -0.25044794
34908.2  0.94444444  0.96817731  0.00043992  0.96817741 -0.25044686
34908.3  0.94444444  0.96817767  0.00035397  0.96817773 -0.25044516
34908.4  0.94444444  0.96817805  0.00032906  0.96817811 -0.25044316
34908.5  0.94444444  0.96817838  0.00036872  0.96817845 -0.25044124
34908.6  0.94444444  0.96817859  0.00046454  0.96817871 -0.25043974
34908.7  0.94444444  0.96817864  0.00059818  0.96817883 -0.25043893
34908.8  0.94444444  0.96817852  0.00074485  0.96817881 -0.25043892
34908.9  0.94444444  0.96817826  0.00087818  0.96817866 -0.25043971
34909.0  0.94444444  0.96817792  0.00097485  0.96817841 -0.25044113
34909.1  0.94444444  0.96817758  0.00101862  0.96817811 -0.25044292
34909.2  0.94444444  0.96817730  0.00100292  0.96817782 -0.25044477
34909.3  0.94444444  0.96817711  0.00093149  0.96817756 -0.25044635
34909.4  0.94444444  0.96817703  0.00081721  0.96817737 -0.25044740
34909.5  0.94444444  0.96817705  0.00068010  0.96817729 -0.25044775
34909.6  0.94444444  0.96817719  0.00054443  0.96817734 -0.25044731
34909.7  0.94444444  0.96817744  0.00043479  0.96817754 -0.25044615
34909.8  0.94444444  0.96817777  0.00037134  0.96817784 -0.25044450
34909.9  0.94444444  0.96817812  0.00036546  0.96817819 -0.25044266
34910.0  0.94444444  0.96817840  0.00041743  0.96817849 -0.25044099
34910.1  0.94444444  0.96817855  0.00051663  0.96817868 -0.25043978
34910.2  0.94444444  0.96817855  0.00064418  0.96817876 -0.25043925
34910.3  0.94444444  0.96817840  0.00077674  0.96817871 -0.25043946
34910.4  0.94444444  0.96817815  0.00089081  0.96817856 -0.25044035
34910.5  0.94444444  0.96817784  0.00096669  0.96817832 -0.25044177
34910.6  0.94444444  0.96817754  0.00099162  0.96817805 -0.25044345
34910.7  0.94444444  0.96817729  0.00096191  0.96817777 -0.25044511
34910.8  0.94444444  0.96817713  0.00088326  0.96817753 -0.25044645
34910.9  0.94444444  0.96817707  0.00076986  0.96817738 -0.25044724
34911.0  0.94444444  0.96817713  0.00064201  0.96817734 -0.25044733
34911.1  0.94444444  0.96817730  0.00052273  0.96817744 -0.25044671
34911.2  0.94444444  0.96817756  0.00043361  0.96817766 -0.25044549
34911.3  0.94444444  0.96817787  0.00039077  0.96817795 -0.25044390
34911.4  0.94444444  0.96817818  0.00040168  0.96817826 -0.25044223
34911.5  0.94444444  0.96817841  0.00046368  0.96817852 -0.25044080
34911.6  0.94444444  0.96817852  0.00056463  0.96817868 -0.25043986
34911.7  0.94444444  0.96817847  0.00068541  0.96817871 -0.25043958
34911.8  0.94444444  0.96817829  0.00080381  0.96817862 -0.25043999
34911.9  0.94444444  0.96817802  0.00089877  0.96817844 -0.25044098
34912.0  0.94444444  0.96817774  0.00095413  0.96817821 -0.25044238
34912.1  0.94444444  0.96817748  0.00096109  0.96817795 -0.25044393
34912.2  0.94444444  0.96817728  0.00091922  0.96817772 -0.25044537
34912.3  0.94444444  0.96817716  0.00083626  0.96817753 -0.25044645
34912.4  0.94444444  0.96817714  0.00072694  0.96817742 -0.25044699
34912.5  0.94444444  0.96817723  0.00061080  0.96817742 -0.25044687
34912.6  0.94444444  0.96817742  0.00050890  0.96817755 -0.25044612
34912.7  0.94444444  0.96817768  0.00043977  0.96817778 -0.25044488
34912.8  0.94444444  0.96817797  0.00041571  0.96817806 -0.25044338
34912.9  0.94444444  0.96817822  0.00044043  0.96817832 -0.25044192
34913.0  0.94444444  0.96817838  0.00050859  0.96817852 -0.25044074
34913.1  0.94444444  0.96817843  0.00060713  0.96817862 -0.25044006
34913.2  0.94444444  0.96817836  0.00071792  0.96817863 -0.25043998
34913.3  0.94444444  0.96817818  0.00082102  0.96817853 -0.25044051
34913.4  0.94444444  0.96817794  0.00089828  0.96817835 -0.25044154
34913.5  0.94444444  0.96817768  0.00093650  0.96817813 -0.25044288
34913.6  0.94444444  0.96817745  0.00092963  0.96817790 -0.25044429
34913.7  0.94444444  0.96817729  0.00087954  0.96817769 -0.25044553
34913.8  0.94444444  0.96817722  0.00079543  0.96817754 -0.25044638
34913.9  0.94444444  0.96817722  0.00069225  0.96817747 -0.25044670
34914.0  0.94444444  0.96817732  0.00058833  0.96817750 -0.25044642
34914.1  0.94444444  0.96817751  0.00050238  0.96817764 -0.25044560
34914.2  0.94444444  0.96817776  0.00045004  0.96817786 -0.25044437
34914.3  0.94444444  0.96817802  0.00044073  0.96817812 -0.25044298
34914.4  0.94444444  0.96817824  0.00047571  0.96817836 -0.25044169
34914.5  0.94444444  0.96817837  0.00054787  0.96817852 -0.25044072
34914.6  0.94444444  0.96817838  0.00064341  0.96817859 -0.25044026
34914.7  0.94444444  0.96817828  0.00074471  0.96817857 -0.25044036
34914.8  0.94444444  0.96817809  0.00083364  0.96817845 -0.25044099
34914.9  0.94444444  0.96817786  0.00089475  0.96817827 -0.25044204
34915.0  0.94444444  0.96817763  0.00091773  0.96817806 -0.25044331
34915.1  0.94444444  0.96817743  0.00089917  0.96817785 -0.25044458
34915.2  0.94444444  0.96817730  0.00084284  0.96817766 -0.25044563
34915.3  0.94444444  0.96817725  0.00075884  0.96817754 -0.25044627
34915.4  0.94444444  0.96817729  0.00066217  0.96817751 -0.25044640
34915.5  0.94444444  0.96817741  0.00057041  0.96817758 -0.25044598
34915.6  0.94444444  0.96817761  0.00050010  0.96817774 -0.25044509
34915.7  0.94444444  0.96817784  0.00046385  0.96817796 -0.25044391
34915.8  0.94444444  0.96817807  0.00046786  0.96817819 -0.25044265
34915.9  0.94444444  0.96817825  0.00051091  0.96817838 -0.25044154
34916.0  0.94444444  0.96817833  0.00058460  0.96817851 -0.25044078
34916.1  0.94444444  0.96817831  0.00067505  0.96817855 -0.25044051
34916.2  0.94444444  0.96817819  0.00076565  0.96817849 -0.25044076
34916.3  0.94444444  0.96817800  0.00084021  0.96817836 -0.25044147
34916.4  0.94444444  0.96817778  0.00088586  0.96817819 -0.25044250
34916.5  0.94444444  0.96817758  0.00089524  0.96817800 -0.25044368
34916.6  0.94444444  0.96817743  0.00086734  0.96817781 -0.25044479
34916.7  0.94444444  0.96817733  0.00080739  0.96817767 -0.25044564
34916.8  0.94444444  0.96817731  0.00072615  0.96817758 -0.25044609
34916.9  0.94444444  0.96817736  0.00063803  0.96817757 -0.25044606
34917.0  0.94444444  0.96817750  0.00055892  0.96817766 -0.25044554
34917.1  0.94444444  0.96817769  0.00050325  0.96817782 -0.25044463
34917.2  0.94444444  0.96817790  0.00048094  0.96817802 -0.25044352
34917.3  0.94444444  0.96817810  0.00049552  0.96817823 -0.25044239
34917.4  0.94444444  0.96817823  0.00054394  0.96817839 -0.25044146
34917.5  0.94444444  0.96817828  0.00061665  0.96817848 -0.25044090
34917.6  0.94444444  0.96817824  0.00070051  0.96817850 -0.25044078
34917.7  0.94444444  0.96817811  0.00078032  0.96817843 -0.25044113
34917.8  0.94444444  0.96817794  0.00084189  0.96817831 -0.25044188
34917.9  0.94444444  0.96817774  0.00087475  0.96817813 -0.25044288
34918.0  0.94444444  0.96817756  0.00087328  0.96817795 -0.25044397
34918.1  0.94444444  0.96817742  0.00083832  0.96817779 -0.25044493
34918.2  0.94444444  0.96817735  0.00077641  0.96817767 -0.25044562
34918.3  0.94444444  0.96817735  0.00069863  0.96817761 -0.25044590
34918.4  0.94444444  0.96817743  0.00061900  0.96817763 -0.25044573
34918.5  0.94444444  0.96817757  0.00055178  0.96817772 -0.25044515
34918.6  0.94444444  0.96817775  0.00050902  0.96817789 -0.25044424
34918.7  0.94444444  0.96817796  0.00049857  0.96817808 -0.25044319
34918.8  0.94444444  0.96817812  0.00052183  0.96817826 -0.25044219
34918.9  0.94444444  0.96817823  0.00057418  0.96817840 -0.25044142
34919.0  0.94444444  0.96817825  0.00064555  0.96817846 -0.25044103
34919.1  0.94444444  0.96817818  0.00072262  0.96817845 -0.25044106
34919.2  0.94444444  0.96817804  0.00079164  0.96817836 -0.25044151
34919.3  0.94444444  0.96817787  0.00084052  0.96817823 -0.25044228
34919.4  0.94444444  0.96817769  0.00086101  0.96817807 -0.25044323
34919.5  0.94444444  0.96817754  0.00084998  0.96817791 -0.25044420
34919.6  0.94444444  0.96817743  0.00080964  0.96817776 -0.25044502
34919.7  0.94444444  0.96817738  0.00074738  0.96817767 -0.25044554
34919.8  0.94444444  0.96817741  0.00067457  0.96817764 -0.25044567
34919.9  0.94444444  0.96817750  0.00060422  0.96817769 -0.25044539
34920.0  0.94444444  0.96817765  0.00054914  0.96817781 -0.25044475
34920.1  0.94444444  0.96817782  0.00051901  0.96817796 -0.25044388
34920.2  0.94444444  0.96817799  0.00051895  0.96817813 -0.25044292
34920.3  0.94444444  0.96817813  0.00054867  0.96817828 -0.25044207
34920.4  0.94444444  0.96817820  0.00060228  0.96817838 -0.25044146
34920.5  0.94444444  0.96817819  0.00066985  0.96817842 -0.25044121
34920.6  0.94444444  0.96817811  0.00073904  0.96817839 -0.25044135
34920.7  0.94444444  0.96817797  0.00079738  0.96817830 -0.25044186
34920.8  0.94444444  0.96817781  0.00083481  0.96817817 -0.25044262
34920.9  0.94444444  0.96817766  0.00084507  0.96817802 -0.25044351
34921.0  0.94444444  0.96817753  0.00082676  0.96817788 -0.25044437
34921.1  0.94444444  0.96817745  0.00078353  0.96817777 -0.25044504
34921.2  0.94444444  0.96817742  0.00072303  0.96817769 -0.25044542
34921.3  0.94444444  0.96817746  0.00065615  0.96817769 -0.25044543
34921.4  0.94444444  0.96817756  0.00059487  0.96817774 -0.25044508
34921.5  0.94444444  0.96817770  0.00055025  0.96817786 -0.25044442
34921.6  0.94444444  0.96817787  0.00053036  0.96817801 -0.25044358
34921.7  0.94444444  0.96817802  0.00053852  0.96817817 -0.25044272
34921.8  0.94444444  0.96817812  0.00057281  0.96817829 -0.25044199
34921.9  0.94444444  0.96817817  0.00062668  0.96817837 -0.25044152
34922.0  0.94444444  0.96817814  0.00069009  0.96817839 -0.25044140
34922.1  0.94444444  0.96817806  0.00075160  0.96817835 -0.25044163
34922.2  0.94444444  0.96817792  0.00080033  0.96817825 -0.25044217
34922.3  0.94444444  0.96817777  0.00082772  0.96817813 -0.25044292
34922.4  0.94444444  0.96817763  0.00082928  0.96817799 -0.25044375
34922.5  0.94444444  0.96817752  0.00080498  0.96817785 -0.25044450
34922.6  0.94444444  0.96817746  0.00075946  0.96817776 -0.25044504
34922.7  0.94444444  0.96817746  0.00070109  0.96817771 -0.25044529
34922.8  0.94444444  0.96817751  0.00064033  0.96817773 -0.25044519
34922.9  0.94444444  0.96817762  0.00058812  0.96817780 -0.25044477
34923.0  0.94444444  0.96817776  0.00055380  0.96817792 -0.25044411
34923.1  0.94444444  0.96817791  0.00054337  0.96817806 -0.25044332
34923.2  0.94444444  0.96817804  0.00055856  0.96817820 -0.25044255
34923.3  0.94444444  0.96817812  0.00059621  0.96817830 -0.25044195
34923.4  0.94444444  0.96817814  0.00064913  0.96817836 -0.25044162
34923.5  0.94444444  0.96817809  0.00070755  0.96817835 -0.25044161
34923.6  0.94444444  0.96817799  0.00076085  0.96817829 -0.25044192
34923.7  0.94444444  0.96817787  0.00079975  0.96817820 -0.25044248
34923.8  0.94444444  0.96817773  0.00081762  0.96817808 -0.25044319
34923.9  0.94444444  0.96817761  0.00081174  0.96817795 -0.25044393
34924.0  0.94444444  0.96817753  0.00078352  0.96817785 -0.25044457
34924.1  0.94444444  0.96817749  0.00073806  0.96817777 -0.25044499
34924.2  0.94444444  0.96817750  0.00068335  0.96817774 -0.25044512
34924.3  0.94444444  0.96817757  0.00062939  0.96817777 -0.25044495
34924.4  0.94444444  0.96817767  0.00058583  0.96817785 -0.25044449
34924.5  0.94444444  0.96817780  0.00056041  0.96817797 -0.25044384
34924.6  0.94444444  0.96817793  0.00055754  0.96817809 -0.25044312
34924.7  0.94444444  0.96817804  0.00057746  0.96817821 -0.25044245
34924.8  0.94444444  0.96817810  0.00061629  0.96817829 -0.25044196
34924.9  0.94444444  0.96817810  0.00066689  0.96817833 -0.25044174
34925.0  0.94444444  0.96817805  0.00072002  0.96817832 -0.25044181
34925.1  0.94444444  0.96817795  0.00076613  0.96817826 -0.25044216
34925.2  0.94444444  0.96817783  0.00079712  0.96817816 -0.25044273
34925.3  0.94444444  0.96817771  0.00080767  0.96817804 -0.25044340
34925.4  0.94444444  0.96817760  0.00079618  0.96817793 -0.25044407
34925.5  0.94444444  0.96817754  0.00076499  0.96817784 -0.25044461
34925.6  0.94444444  0.96817751  0.00071977  0.96817778 -0.25044493
34925.7  0.94444444  0.96817754  0.00066859  0.96817777 -0.25044497
34925.8  0.94444444  0.96817761  0.00062064  0.96817780 -0.25044473
34925.9  0.94444444  0.96817771  0.00058451  0.96817789 -0.25044425
34926.0  0.94444444  0.96817784  0.00056666  0.96817800 -0.25044362
34926.1  0.94444444  0.96817796  0.00057031  0.96817813 -0.25044294
34926.2  0.94444444  0.96817805  0.00059456  0.96817823 -0.25044236
34926.3  0.94444444  0.96817809  0.00063468  0.96817829 -0.25044198
34926.4  0.94444444  0.96817807  0.00068317  0.96817831 -0.25044185
34926.5  0.94444444  0.96817801  0.00073121  0.96817828 -0.25044200
34926.6  0.94444444  0.96817791  0.00077018  0.96817821 -0.25044240
34926.7  0.94444444  0.96817779  0.00079342  0.96817812 -0.25044296
34926.8  0.94444444  0.96817768  0.00079705  0.96817801 -0.25044359
34926.9  0.94444444  0.96817759  0.00078048  0.96817791 -0.25044419
34927.0  0.94444444  0.96817754  0.00074701  0.96817783 -0.25044463
34927.1  0.94444444  0.96817754  0.00070280  0.96817779 -0.25044485
34927.2  0.94444444  0.96817757  0.00065565  0.96817780 -0.25044480
34927.3  0.94444444  0.96817766  0.00061426  0.96817785 -0.25044450
34927.4  0.94444444  0.96817776  0.00058594  0.96817794 -0.25044401
34927.5  0.94444444  0.96817787  0.00057544  0.96817804 -0.25044341
34927.6  0.94444444  0.96817798  0.00058474  0.96817815 -0.25044281
34927.7  0.94444444  0.96817804  0.00061192  0.96817823 -0.25044233
34927.8  0.94444444  0.96817806  0.00065159  0.96817828 -0.25044204
34927.9  0.94444444  0.96817804  0.00069679  0.96817829 -0.25044199
34928.0  0.94444444  0.96817796  0.00073913  0.96817824 -0.25044221
34928.1  0.94444444  0.96817786  0.00077077  0.96817817 -0.25044263
34928.2  0.94444444  0.96817777  0.00078697  0.96817809 -0.25044316
34928.3  0.94444444  0.96817766  0.00078464  0.96817797 -0.25044375
34928.4  0.94444444  0.96817761  0.00076446  0.96817791 -0.25044424
34928.5  0.94444444  0.96817757  0.00073081  0.96817784 -0.25044460
34928.6  0.94444444  0.96817756  0.00068859  0.96817780 -0.25044474
34928.7  0.94444444  0.96817762  0.00064635  0.96817784 -0.25044462
34928.8  0.94444444  0.96817768  0.00061135  0.96817787 -0.25044430
34928.9  0.94444444  0.96817779  0.00058951  0.96817797 -0.25044380
34929.0  0.94444444  0.96817790  0.00058550  0.96817808 -0.25044324
34929.1  0.94444444  0.96817797  0.00059908  0.96817816 -0.25044272
34929.2  0.94444444  0.96817803  0.00062769  0.96817823 -0.25044232
34929.3  0.94444444  0.96817805  0.00066645  0.96817828 -0.25044211
34929.4  0.94444444  0.96817799  0.00070762  0.96817824 -0.25044216
34929.5  0.94444444  0.96817795  0.00074409  0.96817823 -0.25044239
34929.6  0.94444444  0.96817783  0.00076996  0.96817814 -0.25044283
34929.7  0.94444444  0.96817773  0.00077937  0.96817804 -0.25044335
34929.8  0.94444444  0.96817767  0.00077251  0.96817798 -0.25044385
34929.9  0.94444444  0.96817758  0.00074963  0.96817787 -0.25044431
34930.0  0.94444444  0.96817759  0.00071532  0.96817786 -0.25044455
34930.1  0.94444444  0.96817759  0.00067639  0.96817783 -0.25044462
34930.2  0.94444444  0.96817764  0.00063879  0.96817785 -0.25044445
34930.3  0.94444444  0.96817773  0.00060997  0.96817792 -0.25044409
34930.4  0.94444444  0.96817782  0.00059500  0.96817801 -0.25044361
34930.5  0.94444444  0.96817790  0.00059595  0.96817809 -0.25044311
34930.6  0.94444444  0.96817800  0.00061318  0.96817819 -0.25044263
34930.7  0.94444444  0.96817801  0.00064310  0.96817822 -0.25044234
34930.8  0.94444444  0.96817801  0.00067940  0.96817825 -0.25044221
34930.9  0.94444444  0.96817797  0.00071688  0.96817824 -0.25044230
34931.0  0.94444444  0.96817787  0.00074715  0.96817816 -0.25044261
34931.1  0.94444444  0.96817782  0.00076635  0.96817812 -0.25044300
34931.2  0.94444444  0.96817771  0.00077074  0.96817802 -0.25044350
34931.3  0.94444444  0.96817765  0.00075944  0.96817795 -0.25044395
34931.4  0.94444444  0.96817761  0.00073530  0.96817789 -0.25044430
34931.5  0.94444444  0.96817759  0.00070217  0.96817785 -0.25044449
34931.6  0.94444444  0.96817763  0.00066616  0.96817785 -0.25044448
34931.7  0.94444444  0.96817769  0.00063412  0.96817790 -0.25044426
34931.8  0.94444444  0.96817775  0.00061129  0.96817794 -0.25044392
34931.9  0.94444444  0.96817786  0.00060172  0.96817805 -0.25044344
34932.0  0.94444444  0.96817792  0.00060753  0.96817811 -0.25044300
34932.1  0.94444444  0.96817797  0.00062638  0.96817818 -0.25044262
34932.2  0.94444444  0.96817801  0.00065605  0.96817823 -0.25044237
34932.3  0.94444444  0.96817797  0.00069010  0.96817822 -0.25044233
34932.4  0.94444444  0.96817794  0.00072267  0.96817821 -0.25044246
34932.5  0.94444444  0.96817786  0.00074824  0.96817815 -0.25044277
34932.6  0.94444444  0.96817778  0.00076177  0.96817808 -0.25044318
34932.7  0.94444444  0.96817771  0.00076149  0.96817801 -0.25044361
34932.8  0.94444444  0.96817765  0.00074771  0.96817794 -0.25044401
34932.9  0.94444444  0.96817761  0.00072252  0.96817788 -0.25044430
34933.0  0.94444444  0.96817763  0.00069108  0.96817788 -0.25044440
34933.1  0.94444444  0.96817764  0.00065869  0.96817787 -0.25044435
34933.2  0.94444444  0.96817771  0.00063095  0.96817792 -0.25044411
34933.3  0.94444444  0.96817779  0.00061363  0.96817798 -0.25044374
34933.4  0.94444444  0.96817786  0.00060878  0.96817805 -0.25044333
34933.5  0.94444444  0.96817794  0.00061797  0.96817814 -0.25044291
34933.6  0.94444444  0.96817797  0.00063891  0.96817818 -0.25044260
34933.7  0.94444444  0.96817798  0.00066758  0.96817821 -0.25044243
34933.8  0.94444444  0.96817796  0.00069906  0.96817821 -0.25044243
34933.9  0.94444444  0.96817790  0.00072745  0.96817818 -0.25044262
34934.0  0.94444444  0.96817784  0.00074767  0.96817813 -0.25044292
34934.1  0.94444444  0.96817777  0.00075658  0.96817806 -0.25044331
34934.2  0.94444444  0.96817769  0.00075229  0.96817798 -0.25044372
34934.3  0.94444444  0.96817766  0.00073596  0.96817794 -0.25044404
34934.4  0.94444444  0.96817763  0.00071087  0.96817789 -0.25044427
34934.5  0.94444444  0.96817764  0.00068104  0.96817788 -0.25044432
34934.6  0.94444444  0.96817769  0.00065256  0.96817791 -0.25044421
34934.7  0.94444444  0.96817774  0.00062988  0.96817794 -0.25044396
34934.8  0.94444444  0.96817782  0.00061725  0.96817801 -0.25044360
34934.9  0.94444444  0.96817788  0.00061697  0.96817808 -0.25044321
34935.0  0.94444444  0.96817793  0.00062867  0.96817814 -0.25044286
34935.1  0.94444444  0.96817797  0.00065030  0.96817819 -0.25044261
34935.2  0.94444444  0.96817796  0.00067786  0.96817820 -0.25044250
34935.3  0.94444444  0.96817793  0.00070595  0.96817818 -0.25044256
34935.4  0.94444444  0.96817788  0.00073001  0.96817816 -0.25044275
34935.5  0.94444444  0.96817781  0.00074554  0.96817809 -0.25044307
34935.6  0.94444444  0.96817775  0.00074995  0.96817804 -0.25044343
34935.7  0.94444444  0.96817769  0.00074292  0.96817798 -0.25044378
34935.8  0.94444444  0.96817766  0.00072530  0.96817793 -0.25044406
34935.9  0.94444444  0.96817765  0.00070077  0.96817791 -0.25044421
34936.0  0.94444444  0.96817766  0.00067353  0.96817790 -0.25044423
34936.1  0.94444444  0.96817771  0.00064849  0.96817792 -0.25044408
34936.2  0.94444444  0.96817777  0.00063030  0.96817797 -0.25044381
34936.3  0.94444444  0.96817783  0.00062200  0.96817803 -0.25044348
34936.4  0.94444444  0.96817789  0.00062490  0.96817809 -0.25044313
34936.5  0.94444444  0.96817793  0.00063860  0.96817814 -0.25044283
34936.6  0.94444444  0.96817795  0.00066020  0.96817817 -0.25044264
34936.7  0.94444444  0.96817795  0.00068598  0.96817819 -0.25044257
34936.8  0.94444444  0.96817791  0.00071124  0.96817817 -0.25044267
34936.9  0.94444444  0.96817786  0.00073121  0.96817813 -0.25044289
34937.0  0.94444444  0.96817780  0.00074274  0.96817808 -0.25044319
34937.1  0.94444444  0.96817773  0.00074360  0.96817802 -0.25044353
34937.2  0.94444444  0.96817769  0.00073391  0.96817797 -0.25044383
34937.3  0.94444444  0.96817767  0.00071563  0.96817793 -0.25044406
34937.4  0.94444444  0.96817766  0.00069190  0.96817791 -0.25044416
34937.5  0.94444444  0.96817769  0.00066713  0.96817792 -0.25044413
34937.6  0.94444444  0.96817773  0.00064580  0.96817794 -0.25044396
34937.7  0.94444444  0.96817778  0.00063150  0.96817799 -0.25044369
34937.8  0.94444444  0.96817785  0.00062707  0.96817805 -0.25044337
34937.9  0.94444444  0.96817789  0.00063295  0.96817810 -0.25044306
34938.0  0.94444444  0.96817793  0.00064799  0.96817815 -0.25044281
34938.1  0.94444444  0.96817794  0.00066945  0.96817817 -0.25044267
34938.2  0.94444444  0.96817792  0.00069315  0.96817817 -0.25044266
34938.3  0.94444444  0.96817789  0.00071507  0.96817815 -0.25044278
34938.4  0.94444444  0.96817783  0.00073122  0.96817811 -0.25044301
34938.5  0.94444444  0.96817778  0.00073878  0.96817806 -0.25044330
34938.6  0.94444444  0.96817773  0.00073663  0.96817801 -0.25044360
34938.7  0.94444444  0.96817769  0.00072517  0.96817796 -0.25044387
34938.8  0.94444444  0.96817768  0.00070656  0.96817793 -0.25044404
34938.9  0.94444444  0.96817768  0.00068435  0.96817792 -0.25044409
34939.0  0.94444444  0.96817771  0.00066234  0.96817793 -0.25044403
34939.1  0.94444444  0.96817775  0.00064461  0.96817797 -0.25044384
34939.2  0.94444444  0.96817780  0.00063423  0.96817801 -0.25044358
34939.3  0.94444444  0.96817786  0.00063287  0.96817806 -0.25044328
34939.4  0.94444444  0.96817790  0.00064088  0.96817811 -0.25044301
34939.5  0.94444444  0.96817792  0.00065655  0.96817814 -0.25044282
34939.6  0.94444444  0.96817793  0.00067704  0.96817816 -0.25044272
34939.7  0.94444444  0.96817790  0.00069863  0.96817816 -0.25044275
34939.8  0.94444444  0.96817786  0.00071733  0.96817813 -0.25044289
34939.9  0.94444444  0.96817782  0.00072995  0.96817809 -0.25044312
34940.0  0.94444444  0.96817777  0.00073436  0.96817804 -0.25044339
34940.1  0.94444444  0.96817772  0.00072976  0.96817800 -0.25044366
34940.2  0.94444444  0.96817770  0.00071725  0.96817796 -0.25044388
34940.3  0.94444444  0.96817768  0.00069896  0.96817794 -0.25044401
34940.4  0.94444444  0.96817770  0.00067826  0.96817793 -0.25044403
34940.5  0.94444444  0.96817772  0.00065895  0.96817795 -0.25044393
34940.6  0.94444444  0.96817777  0.00064437  0.96817798 -0.25044374
34940.7  0.94444444  0.96817782  0.00063723  0.96817803 -0.25044348
34940.8  0.94444444  0.96817786  0.00063865  0.96817807 -0.25044322
34940.9  0.94444444  0.96817790  0.00064824  0.96817812 -0.25044298
34941.0  0.94444444  0.96817792  0.00066424  0.96817815 -0.25044283
34941.1  0.94444444  0.96817791  0.00068366  0.96817815 -0.25044277
34941.2  0.94444444  0.96817789  0.00070296  0.96817814 -0.25044283
34941.3  0.94444444  0.96817785  0.00071869  0.96817812 -0.25044299
34941.4  0.94444444  0.96817780  0.00072806  0.96817807 -0.25044322
34941.5  0.94444444  0.96817776  0.00072958  0.96817803 -0.25044347
34941.6  0.94444444  0.96817772  0.00072314  0.96817799 -0.25044370
34941.7  0.94444444  0.96817770  0.00070993  0.96817796 -0.25044388
34941.8  0.94444444  0.96817770  0.00069232  0.96817794 -0.25044397
34941.9  0.94444444  0.96817771  0.00067353  0.96817795 -0.25044396
34942.0  0.94444444  0.96817774  0.00065686  0.96817797 -0.25044384
34942.1  0.94444444  0.96817779  0.00064532  0.96817800 -0.25044364
34942.2  0.94444444  0.96817783  0.00064094  0.96817804 -0.25044340
34942.3  0.94444444  0.96817787  0.00064440  0.96817808 -0.25044317
34942.4  0.94444444  0.96817790  0.00065502  0.96817812 -0.25044297
34942.5  0.94444444  0.96817791  0.00067083  0.96817814 -0.25044285
34942.6  0.94444444  0.96817789  0.00068884  0.96817814 -0.25044283
34942.7  0.94444444  0.96817787  0.00070582  0.96817813 -0.25044291
34942.8  0.94444444  0.96817783  0.00071886  0.96817810 -0.25044307
34942.9  0.94444444  0.96817779  0.00072559  0.96817806 -0.25044329
34943.0  0.94444444  0.96817775  0.00072491  0.96817802 -0.25044352
34943.1  0.94444444  0.96817772  0.00071712  0.96817799 -0.25044373
34943.2  0.94444444  0.96817770  0.00070353  0.96817796 -0.25044388
34943.3  0.94444444  0.96817771  0.00068664  0.96817795 -0.25044393
34943.4  0.94444444  0.96817773  0.00066964  0.96817796 -0.25044389
34943.5  0.94444444  0.96817776  0.00065542  0.96817798 -0.25044376
34943.6  0.94444444  0.96817780  0.00064649  0.96817801 -0.25044356
34943.7  0.94444444  0.96817784  0.00064459  0.96817806 -0.25044334
34943.8  0.94444444  0.96817787  0.00064977  0.96817809 -0.25044313
34943.9  0.94444444  0.96817789  0.00066104  0.96817812 -0.25044296
34944.0  0.94444444  0.96817790  0.00067661  0.96817814 -0.25044287
34944.1  0.94444444  0.96817788  0.00069328  0.96817813 -0.25044289
34944.2  0.94444444  0.96817786  0.00070810  0.96817812 -0.25044298
34944.3  0.94444444  0.96817782  0.00071875  0.96817809 -0.25044315
34944.4  0.94444444  0.96817777  0.00072290  0.96817804 -0.25044337
34944.5  0.94444444  0.96817775  0.00072014  0.96817802 -0.25044357
34944.6  0.94444444  0.96817772  0.00071138  0.96817799 -0.25044375
34944.7  0.94444444  0.96817770  0.00069753  0.96817795 -0.25044387
34944.8  0.94444444  0.96817773  0.00068169  0.96817797 -0.25044388
34944.9  0.94444444  0.96817773  0.00066671  0.96817796 -0.25044383
34945.0  0.94444444  0.96817777  0.00065449  0.96817799 -0.25044368
34945.1  0.94444444  0.96817782  0.00064854  0.96817804 -0.25044348
34945.2  0.94444444  0.96817783  0.00064865  0.96817805 -0.25044329
34945.3  0.94444444  0.96817789  0.00065521  0.96817811 -0.25044309
34945.4  0.94444444  0.96817789  0.00066734  0.96817812 -0.25044297
34945.5  0.94444444  0.96817788  0.00068181  0.96817812 -0.25044292
34945.6  0.94444444  0.96817788  0.00069690  0.96817813 -0.25044294
34945.7  0.94444444  0.96817784  0.00070967  0.96817810 -0.25044306
34945.8  0.94444444  0.96817780  0.00071738  0.96817807 -0.25044324
34945.9  0.94444444  0.96817779  0.00071949  0.96817805 -0.25044341
34946.0  0.94444444  0.96817773  0.00071532  0.96817799 -0.25044363
34946.1  0.94444444  0.96817773  0.00070515  0.96817799 -0.25044375
34946.2  0.94444444  0.96817773  0.00069238  0.96817797 -0.25044383
34946.3  0.94444444  0.96817772  0.00067744  0.96817795 -0.25044384
34946.4  0.94444444  0.96817777  0.00066449  0.96817800 -0.25044373
34946.5  0.94444444  0.96817777  0.00065529  0.96817800 -0.25044361
34946.6  0.94444444  0.96817782  0.00065091  0.96817804 -0.25044342
34946.7  0.94444444  0.96817786  0.00065322  0.96817808 -0.25044323
34946.8  0.94444444  0.96817787  0.00066073  0.96817809 -0.25044309
34946.9  0.94444444  0.96817788  0.00067239  0.96817812 -0.25044298
34947.0  0.94444444  0.96817789  0.00068640  0.96817813 -0.25044295
34947.1  0.94444444  0.96817784  0.00069950  0.96817809 -0.25044303
34947.2  0.94444444  0.96817784  0.00070984  0.96817810 -0.25044312
34947.3  0.94444444  0.96817779  0.00071587  0.96817805 -0.25044330
34947.4  0.94444444  0.96817776  0.00071558  0.96817803 -0.25044348
34947.5  0.94444444  0.96817776  0.00071047  0.96817802 -0.25044362
34947.6  0.94444444  0.96817771  0.00070033  0.96817797 -0.25044377
34947.7  0.94444444  0.96817774  0.00068750  0.96817798 -0.25044379
34947.8  0.94444444  0.96817774  0.00067456  0.96817797 -0.25044378
34947.9  0.94444444  0.96817776  0.00066320  0.96817799 -0.25044369
34948.0  0.94444444  0.96817780  0.00065596  0.96817802 -0.25044353
34948.1  0.94444444  0.96817782  0.00065407  0.96817805 -0.25044337
34948.2  0.94444444  0.96817785  0.00065728  0.96817807 -0.25044321
34948.3  0.94444444  0.96817788  0.00066566  0.96817811 -0.25044307
34948.4  0.94444444  0.96817786  0.00067726  0.96817810 -0.25044301
34948.5  0.94444444  0.96817787  0.00068971  0.96817812 -0.25044300
34948.6  0.94444444  0.96817785  0.00070167  0.96817810 -0.25044307
34948.7  0.94444444  0.96817781  0.00070976  0.96817807 -0.25044320
34948.8  0.94444444  0.96817780  0.00071363  0.96817806 -0.25044335
34948.9  0.94444444  0.96817775  0.00071217  0.96817802 -0.25044352
34949.0  0.94444444  0.96817774  0.00070557  0.96817800 -0.25044365
34949.1  0.94444444  0.96817774  0.00069562  0.96817799 -0.25044374
34949.2  0.94444444  0.96817773  0.00068363  0.96817797 -0.25044377
34949.3  0.94444444  0.96817775  0.00067186  0.96817799 -0.25044372
34949.4  0.94444444  0.96817778  0.00066275  0.96817801 -0.25044362
34949.5  0.94444444  0.96817780  0.00065736  0.96817802 -0.25044349
34949.6  0.94444444  0.96817785  0.00065704  0.96817807 -0.25044331
34949.7  0.94444444  0.96817785  0.00066180  0.96817808 -0.25044318
34949.8  0.94444444  0.96817787  0.00067019  0.96817810 -0.25044308
34949.9  0.94444444  0.96817787  0.00068143  0.96817811 -0.25044303
34950.0  0.94444444  0.96817785  0.00069278  0.96817809 -0.25044306
34950.1  0.94444444  0.96817784  0.00070256  0.96817810 -0.25044313
34950.2  0.94444444  0.96817781  0.00070914  0.96817807 -0.25044326
34950.3  0.94444444  0.96817778  0.00071105  0.96817804 -0.25044340
34950.4  0.94444444  0.96817776  0.00070828  0.96817802 -0.25044354
34950.5  0.94444444  0.96817774  0.00070141  0.96817800 -0.25044366
34950.6  0.94444444  0.96817774  0.00069134  0.96817799 -0.25044373
34950.7  0.94444444  0.96817775  0.00068045  0.96817799 -0.25044372
34950.8  0.94444444  0.96817776  0.00067031  0.96817799 -0.25044368
34950.9  0.94444444  0.96817779  0.00066271  0.96817802 -0.25044356
34951.0  0.94444444  0.96817781  0.00065937  0.96817804 -0.25044343
34951.1  0.94444444  0.96817783  0.00066023  0.96817806 -0.25044329
34951.2  0.94444444  0.96817786  0.00066567  0.96817809 -0.25044316
34951.3  0.94444444  0.96817786  0.00067437  0.96817810 -0.25044309
34951.4  0.94444444  0.96817786  0.00068467  0.96817810 -0.25044306
34951.5  0.94444444  0.96817785  0.00069498  0.96817810 -0.25044309
34951.6  0.94444444  0.96817782  0.00070318  0.96817808 -0.25044319
34951.7  0.94444444  0.96817780  0.00070789  0.96817806 -0.25044330
34951.8  0.94444444  0.96817778  0.00070855  0.96817804 -0.25044344
34951.9  0.94444444  0.96817775  0.00070470  0.96817801 -0.25044357
34952.0  0.94444444  0.96817775  0.00069741  0.96817800 -0.25044365
34952.1  0.94444444  0.96817774  0.00068793  0.96817799 -0.25044371
34952.2  0.94444444  0.96817776  0.00067776  0.96817799 -0.25044369
34952.3  0.94444444  0.96817778  0.00066914  0.96817801 -0.25044362
34952.4  0.94444444  0.96817779  0.00066323  0.96817802 -0.25044352
34952.5  0.94444444  0.96817782  0.00066125  0.96817805 -0.25044338
34952.6  0.94444444  0.96817784  0.00066354  0.96817807 -0.25044326
34952.7  0.94444444  0.96817785  0.00066943  0.96817808 -0.25044316
34952.8  0.94444444  0.96817786  0.00067800  0.96817810 -0.25044310
34952.9  0.94444444  0.96817785  0.00068769  0.96817809 -0.25044310
34953.0  0.94444444  0.96817784  0.00069653  0.96817809 -0.25044314
34953.1  0.94444444  0.96817782  0.00070328  0.96817808 -0.25044323
34953.2  0.94444444  0.96817779  0.00070647  0.96817805 -0.25044335
34953.3  0.94444444  0.96817778  0.00070567  0.96817803 -0.25044347
34953.4  0.94444444  0.96817776  0.00070124  0.96817801 -0.25044358
34953.5  0.94444444  0.96817775  0.00069371  0.96817800 -0.25044365
34953.6  0.94444444  0.96817776  0.00068477  0.96817800 -0.25044367
34953.7  0.94444444  0.96817776  0.00067586  0.96817800 -0.25044365
34953.8  0.94444444  0.96817778  0.00066853  0.96817801 -0.25044358
34953.9  0.94444444  0.96817781  0.00066425  0.96817803 -0.25044347
34954.0  0.94444444  0.96817782  0.00066358  0.96817805 -0.25044335
34954.1  0.94444444  0.96817784  0.00066665  0.96817807 -0.25044324
34954.2  0.94444444  0.96817785  0.00067298  0.96817809 -0.25044316
34954.3  0.94444444  0.96817785  0.00068115  0.96817809 -0.25044312
34954.4  0.94444444  0.96817785  0.00068990  0.96817809 -0.25044313
34954.5  0.94444444  0.96817783  0.00069757  0.96817808 -0.25044319
34954.6  0.94444444  0.96817781  0.00070274  0.96817807 -0.25044328
34954.7  0.94444444  0.96817779  0.00070471  0.96817805 -0.25044339
34954.8  0.94444444  0.96817777  0.00070297  0.96817802 -0.25044350
34954.9  0.94444444  0.96817776  0.00069796  0.96817801 -0.25044359
34955.0  0.94444444  0.96817775  0.00069065  0.96817800 -0.25044364
34955.1  0.94444444  0.96817776  0.00068225  0.96817800 -0.25044365
34955.2  0.94444444  0.96817777  0.00067441  0.96817801 -0.25044361
34955.3  0.94444444  0.96817779  0.00066849  0.96817802 -0.25044353
34955.4  0.94444444  0.96817781  0.00066542  0.96817804 -0.25044343
34955.5  0.94444444  0.96817783  0.00066590  0.96817806 -0.25044332
34955.6  0.94444444  0.96817784  0.00066964  0.96817807 -0.25044323
34955.7  0.94444444  0.96817785  0.00067600  0.96817809 -0.25044316
34955.8  0.94444444  0.96817785  0.00068388  0.96817809 -0.25044314
34955.9  0.94444444  0.96817784  0.00069169  0.96817808 -0.25044316
34956.0  0.94444444  0.96817782  0.00069817  0.96817808 -0.25044322
34956.1  0.94444444  0.96817780  0.00070210  0.96817806 -0.25044332
34956.2  0.94444444  0.96817778  0.00070279  0.96817804 -0.25044342
34956.3  0.94444444  0.96817777  0.00070023  0.96817802 -0.25044351
34956.4  0.94444444  0.96817776  0.00069496  0.96817801 -0.25044359
34956.5  0.94444444  0.96817776  0.00068790  0.96817800 -0.25044362
34956.6  0.94444444  0.96817777  0.00068037  0.96817801 -0.25044362
34956.7  0.94444444  0.96817778  0.00067361  0.96817801 -0.25044357
34956.8  0.94444444  0.96817780  0.00066883  0.96817803 -0.25044350
34956.9  0.94444444  0.96817781  0.00066696  0.96817804 -0.25044340
34957.0  0.94444444  0.96817783  0.00066824  0.96817806 -0.25044330
34957.1  0.94444444  0.96817784  0.00067238  0.96817807 -0.25044322
34957.2  0.94444444  0.96817785  0.00067867  0.96817808 -0.25044317
34957.3  0.94444444  0.96817784  0.00068592  0.96817808 -0.25044316
34957.4  0.94444444  0.96817783  0.00069284  0.96817808 -0.25044319
34957.5  0.94444444  0.96817782  0.00069822  0.96817807 -0.25044326
34957.6  0.94444444  0.96817780  0.00070110  0.96817805 -0.25044335
34957.7  0.94444444  0.96817778  0.00070095  0.96817804 -0.25044344
34957.8  0.94444444  0.96817777  0.00069790  0.96817802 -0.25044352
34957.9  0.94444444  0.96817776  0.00069251  0.96817801 -0.25044358
34958.0  0.94444444  0.96817776  0.00068575  0.96817801 -0.25044361
34958.1  0.94444444  0.96817777  0.00067885  0.96817801 -0.25044359
34958.2  0.94444444  0.96817778  0.00067303  0.96817802 -0.25044354
34958.3  0.94444444  0.96817780  0.00066931  0.96817803 -0.25044347
34958.4  0.94444444  0.96817782  0.00066833  0.96817805 -0.25044337
34958.5  0.94444444  0.96817783  0.00067027  0.96817806 -0.25044329
34958.6  0.94444444  0.96817784  0.00067473  0.96817807 -0.25044322
34958.7  0.94444444  0.96817784  0.00068090  0.96817808 -0.25044318
34958.8  0.94444444  0.96817784  0.00068765  0.96817808 -0.25044318
34958.9  0.94444444  0.96817783  0.00069377  0.96817807 -0.25044322
34959.0  0.94444444  0.96817781  0.00069815  0.96817806 -0.25044329
34959.1  0.94444444  0.96817779  0.00070006  0.96817805 -0.25044337
34959.2  0.94444444  0.96817778  0.00069918  0.96817803 -0.25044346
34959.3  0.94444444  0.96817777  0.00069569  0.96817802 -0.25044353
34959.4  0.94444444  0.96817777  0.00069023  0.96817801 -0.25044358
34959.5  0.94444444  0.96817777  0.00068380  0.96817801 -0.25044359
34959.6  0.94444444  0.96817778  0.00067755  0.96817801 -0.25044357
34959.7  0.94444444  0.96817779  0.00067262  0.96817802 -0.25044351
34959.8  0.94444444  0.96817781  0.00066987  0.96817804 -0.25044344
34959.9  0.94444444  0.96817782  0.00066978  0.96817805 -0.25044335
34960.0  0.94444444  0.96817783  0.00067232  0.96817807 -0.25044327
34960.1  0.94444444  0.96817784  0.00067701  0.96817807 -0.25044322
34960.2  0.94444444  0.96817784  0.00068299  0.96817808 -0.25044320
34960.3  0.94444444  0.96817783  0.00068919  0.96817808 -0.25044321
34960.4  0.94444444  0.96817782  0.00069453  0.96817807 -0.25044325
34960.5  0.94444444  0.96817781  0.00069805  0.96817806 -0.25044332
34960.6  0.94444444  0.96817779  0.00069913  0.96817804 -0.25044340
34960.7  0.94444444  0.96817778  0.00069758  0.96817803 -0.25044348
34960.8  0.94444444  0.96817777  0.00069373  0.96817802 -0.25044354
34960.9  0.94444444  0.96817777  0.00068824  0.96817801 -0.25044358
34961.0  0.94444444  0.96817777  0.00068210  0.96817801 -0.25044358
34961.1  0.94444444  0.96817778  0.00067646  0.96817802 -0.25044355
34961.2  0.94444444  0.96817779  0.00067233  0.96817803 -0.25044349
34961.3  0.94444444  0.96817781  0.00067044  0.96817804 -0.25044341
34961.4  0.94444444  0.96817782  0.00067110  0.96817805 -0.25044333
34961.5  0.94444444  0.96817783  0.00067418  0.96817807 -0.25044326
34961.6  0.94444444  0.96817784  0.00067911  0.96817808 -0.25044322
34961.7  0.94444444  0.96817784  0.00068499  0.96817808 -0.25044321
34961.8  0.94444444  0.96817782  0.00069066  0.96817807 -0.25044323
34961.9  0.94444444  0.96817781  0.00069510  0.96817806 -0.25044328
34962.0  0.94444444  0.96817780  0.00069761  0.96817805 -0.25044335
34962.1  0.94444444  0.96817779  0.00069781  0.96817804 -0.25044342
34962.2  0.94444444  0.96817778  0.00069559  0.96817803 -0.25044349
34962.3  0.94444444  0.96817777  0.00069146  0.96817802 -0.25044354
34962.4  0.94444444  0.96817777  0.00068615  0.96817801 -0.25044357
34962.5  0.94444444  0.96817777  0.00068044  0.96817801 -0.25044356
34962.6  0.94444444  0.96817779  0.00067561  0.96817803 -0.25044351
34962.7  0.94444444  0.96817780  0.00067255  0.96817803 -0.25044346
34962.8  0.94444444  0.96817781  0.00067150  0.96817804 -0.25044339
34962.9  0.94444444  0.96817783  0.00067289  0.96817806 -0.25044331
34963.0  0.94444444  0.96817783  0.00067637  0.96817806 -0.25044326
34963.1  0.94444444  0.96817783  0.00068100  0.96817807 -0.25044323
34963.2  0.94444444  0.96817784  0.00068650  0.96817808 -0.25044322
34963.3  0.94444444  0.96817782  0.00069158  0.96817807 -0.25044325
34963.4  0.94444444  0.96817781  0.00069511  0.96817806 -0.25044330
34963.5  0.94444444  0.96817780  0.00069695  0.96817805 -0.25044337
34963.6  0.94444444  0.96817778  0.00069638  0.96817803 -0.25044345
34963.7  0.94444444  0.96817778  0.00069357  0.96817803 -0.25044350
34963.8  0.94444444  0.96817778  0.00068957  0.96817802 -0.25044354
34963.9  0.94444444  0.96817777  0.00068437  0.96817801 -0.25044356
34964.0  0.94444444  0.96817779  0.00067942  0.96817803 -0.25044353
34964.1  0.94444444  0.96817778  0.00067554  0.96817802 -0.25044350
34964.2  0.94444444  0.96817780  0.00067287  0.96817803 -0.25044344
34964.3  0.94444444  0.96817783  0.00067282  0.96817806 -0.25044336
34964.4  0.94444444  0.96817781  0.00067467  0.96817805 -0.25044331
34964.5  0.94444444  0.96817784  0.00067812  0.96817808 -0.25044325
34964.6  0.94444444  0.96817783  0.00068309  0.96817807 -0.25044324
34964.7  0.94444444  0.96817781  0.00068771  0.96817806 -0.25044325
34964.8  0.94444444  0.96817783  0.00069193  0.96817808 -0.25044327
34964.9  0.94444444  0.96817780  0.00069500  0.96817805 -0.25044333
34965.0  0.94444444  0.96817779  0.00069568  0.96817804 -0.25044339
34965.1  0.94444444  0.96817779  0.00069488  0.96817804 -0.25044345
34965.2  0.94444444  0.96817777  0.00069194  0.96817801 -0.25044351
34965.3  0.94444444  0.96817778  0.00068753  0.96817802 -0.25044353
34965.4  0.94444444  0.96817778  0.00068313  0.96817802 -0.25044353
34965.5  0.94444444  0.96817778  0.00067857  0.96817802 -0.25044352
34965.6  0.94444444  0.96817781  0.00067539  0.96817804 -0.25044346
34965.7  0.94444444  0.96817780  0.00067398  0.96817804 -0.25044341
34965.8  0.94444444  0.96817781  0.00067399  0.96817805 -0.25044335
34965.9  0.94444444  0.96817783  0.00067637  0.96817807 -0.25044329
34966.0  0.94444444  0.96817782  0.00067994  0.96817806 -0.25044327
34966.1  0.94444444  0.96817783  0.00068424  0.96817808 -0.25044325
34966.2  0.94444444  0.96817782  0.00068889  0.96817807 -0.25044326
34966.3  0.94444444  0.96817780  0.00069225  0.96817805 -0.25044331
34966.4  0.94444444  0.96817781  0.00069438  0.96817806 -0.25044334
34966.5  0.94444444  0.96817779  0.00069481  0.96817804 -0.25044341
34966.6  0.94444444  0.96817778  0.00069312  0.96817803 -0.25044346
34966.7  0.94444444  0.96817779  0.00069027  0.96817803 -0.25044350
34966.8  0.94444444  0.96817777  0.00068625  0.96817801 -0.25044353
34966.9  0.94444444  0.96817779  0.00068180  0.96817803 -0.25044352
34967.0  0.94444444  0.96817779  0.00067822  0.96817803 -0.25044349
34967.1  0.94444444  0.96817779  0.00067547  0.96817803 -0.25044345
34967.2  0.94444444  0.96817782  0.00067458  0.96817805 -0.25044338
34967.3  0.94444444  0.96817781  0.00067560  0.96817805 -0.25044334
34967.4  0.94444444  0.96817782  0.00067783  0.96817806 -0.25044329
34967.5  0.94444444  0.96817783  0.00068157  0.96817807 -0.25044326
34967.6  0.94444444  0.96817782  0.00068560  0.96817806 -0.25044327
34967.7  0.94444444  0.96817782  0.00068935  0.96817807 -0.25044328
34967.8  0.94444444  0.96817781  0.00069248  0.96817806 -0.25044332
34967.9  0.94444444  0.96817779  0.00069381  0.96817804 -0.25044338
34968.0  0.94444444  0.96817780  0.00069360  0.96817804 -0.25044342
34968.1  0.94444444  0.96817778  0.00069182  0.96817803 -0.25044347
34968.2  0.94444444  0.96817778  0.00068852  0.96817802 -0.25044350
34968.3  0.94444444  0.96817779  0.00068487  0.96817803 -0.25044351
34968.4  0.94444444  0.96817778  0.00068103  0.96817802 -0.25044351
34968.5  0.94444444  0.96817780  0.00067780  0.96817803 -0.25044347
34968.6  0.94444444  0.96817780  0.00067598  0.96817804 -0.25044343
34968.7  0.94444444  0.96817781  0.00067546  0.96817804 -0.25044338
34968.8  0.94444444  0.96817783  0.00067673  0.96817806 -0.25044332
34968.9  0.94444444  0.96817782  0.00067942  0.96817806 -0.25044330
34969.0  0.94444444  0.96817782  0.00068279  0.96817806 -0.25044328
34969.1  0.94444444  0.96817782  0.00068659  0.96817807 -0.25044328
34969.2  0.94444444  0.96817781  0.00068983  0.96817805 -0.25044331
34969.3  0.94444444  0.96817781  0.00069203  0.96817806 -0.25044334
34969.4  0.94444444  0.96817780  0.00069306  0.96817805 -0.25044339
34969.5  0.94444444  0.96817779  0.00069233  0.96817803 -0.25044344
34969.6  0.94444444  0.96817779  0.00069030  0.96817803 -0.25044347
34969.7  0.94444444  0.96817778  0.00068726  0.96817802 -0.25044350
