 # AA:        215147.38852220433     
 # FLEGG:     177593.93392391363     
 # AF0:     -6.22068574088730716E-002
 # CPAR:      600.01081710162225     
 # Diff:     8.55074003082074152E-002
 # TF:       3.79473319220205556E-007
 # H:         284.00000000000000     
 # GRAD:     0.10000000000000001     
 # HR:       3.00000000000000006E-003
 # LP:       0.17995999777933200     
 # TIME  LP  TMAB  TMDS  TMPC  TMZ
18514.1  0.94444444  0.96810091 -0.00340344  0.96810690 -0.25072790
18514.2  0.94444444  0.96810390 -0.00416993  0.96811288 -0.25069889
18514.3  0.94444444  0.96810966 -0.00429427  0.96811918 -0.25066775
18514.4  0.94444444  0.96811806 -0.00376873  0.96812540 -0.25063798
18514.5  0.94444444  0.96812700 -0.00265986  0.96813065 -0.25061326
18514.6  0.94444444  0.96813334 -0.00111104  0.96813398 -0.25059678
18514.7  0.94444444  0.96813495  0.00068100  0.96813519 -0.25059030
18514.8  0.94444444  0.96813092  0.00249487  0.96813414 -0.25059448
18514.9  0.94444444  0.96812238  0.00410713  0.96813109 -0.25060857
18515.0  0.94444444  0.96811221  0.00533040  0.96812689 -0.25063037
18515.1  0.94444444  0.96810286  0.00603189  0.96812165 -0.25065747
18515.2  0.94444444  0.96809623  0.00613562  0.96811568 -0.25068685
18515.3  0.94444444  0.96809312  0.00562950  0.96810949 -0.25071512
18515.4  0.94444444  0.96809323  0.00456856  0.96810401 -0.25073871
18515.5  0.94444444  0.96809589  0.00308847  0.96810081 -0.25075404
18515.6  0.94444444  0.96809926  0.00138988  0.96810026 -0.25075936
18515.7  0.94444444  0.96810150 -0.00031234  0.96810155 -0.25075487
18515.8  0.94444444  0.96810246 -0.00182175  0.96810417 -0.25074152
18515.9  0.94444444  0.96810352 -0.00296931  0.96810807 -0.25072080
18516.0  0.94444444  0.96810672 -0.00361922  0.96811348 -0.25069472
18516.1  0.94444444  0.96811273 -0.00368676  0.96811975 -0.25066648
18516.2  0.94444444  0.96812026 -0.00316774  0.96812544 -0.25064009
18516.3  0.94444444  0.96812735 -0.00213893  0.96812971 -0.25061885
18516.4  0.94444444  0.96813177 -0.00073933  0.96813206 -0.25060526
18516.5  0.94444444  0.96813212  0.00085090  0.96813250 -0.25060061
18516.6  0.94444444  0.96812839  0.00243836  0.96813146 -0.25060496
18516.7  0.94444444  0.96812152  0.00383713  0.96812913 -0.25061758
18516.8  0.94444444  0.96811335  0.00489003  0.96812570 -0.25063695
18516.9  0.94444444  0.96810564  0.00548420  0.96812117 -0.25066102
18517.0  0.94444444  0.96809968  0.00554865  0.96811558 -0.25068733
18517.1  0.94444444  0.96809660  0.00506560  0.96810986 -0.25071245
18517.2  0.94444444  0.96809675  0.00409539  0.96810541 -0.25073274
18517.3  0.94444444  0.96809906  0.00277098  0.96810303 -0.25074556
18517.4  0.94444444  0.96810180  0.00126907  0.96810264 -0.25074977
18517.5  0.94444444  0.96810336 -0.00023002  0.96810339 -0.25074569
18517.6  0.94444444  0.96810406 -0.00156113  0.96810531 -0.25073381
18517.7  0.94444444  0.96810563 -0.00256679  0.96810903 -0.25071493
18517.8  0.94444444  0.96810923 -0.00311792  0.96811425 -0.25069126
18517.9  0.94444444  0.96811481 -0.00314434  0.96811991 -0.25066608
18518.0  0.94444444  0.96812118 -0.00265072  0.96812480 -0.25064291
18518.1  0.94444444  0.96812673 -0.00171398  0.96812825 -0.25062459
18518.2  0.94444444  0.96813016 -0.00045980  0.96813027 -0.25061294
18518.3  0.94444444  0.96813042  0.00095739  0.96813089 -0.25060905
18518.4  0.94444444  0.96812724  0.00236757  0.96813014 -0.25061320
18518.5  0.94444444  0.96812138  0.00360609  0.96812810 -0.25062480
18518.6  0.94444444  0.96811410  0.00453010  0.96812470 -0.25064264
18518.7  0.94444444  0.96810710  0.00503042  0.96812017 -0.25066467
18518.8  0.94444444  0.96810196  0.00504641  0.96811511 -0.25068817
18518.9  0.94444444  0.96809953  0.00457743  0.96811035 -0.25071008
18519.0  0.94444444  0.96809973  0.00368846  0.96810676 -0.25072750
18519.1  0.94444444  0.96810140  0.00249848  0.96810463 -0.25073851
18519.2  0.94444444  0.96810314  0.00115445  0.96810383 -0.25074216
18519.3  0.94444444  0.96810443 -0.00018543  0.96810445 -0.25073810
18519.4  0.94444444  0.96810573 -0.00136141  0.96810669 -0.25072667
18519.5  0.94444444  0.96810795 -0.00222829  0.96811052 -0.25070911
18519.6  0.94444444  0.96811158 -0.00267789  0.96811528 -0.25068778
18519.7  0.94444444  0.96811638 -0.00266062  0.96812003 -0.25066563
18519.8  0.94444444  0.96812169 -0.00218943  0.96812417 -0.25064538
18519.9  0.94444444  0.96812637 -0.00133134  0.96812728 -0.25062937
18520.0  0.94444444  0.96812913 -0.00019687  0.96812915 -0.25061937
18520.1  0.94444444  0.96812905  0.00107405  0.96812965 -0.25061643
18520.2  0.94444444  0.96812589  0.00232678  0.96812869 -0.25062086
18520.3  0.94444444  0.96812039  0.00340992  0.96812639 -0.25063199
18520.4  0.94444444  0.96811399  0.00419604  0.96812309 -0.25064837
18520.5  0.94444444  0.96810824  0.00459654  0.96811915 -0.25066799
18520.6  0.94444444  0.96810424  0.00457025  0.96811503 -0.25068849
18520.7  0.94444444  0.96810233  0.00412598  0.96811112 -0.25070746
18520.8  0.94444444  0.96810218  0.00331957  0.96810787 -0.25072266
18520.9  0.94444444  0.96810317  0.00224985  0.96810579 -0.25073218
18521.0  0.94444444  0.96810464  0.00104968  0.96810520 -0.25073489
18521.1  0.94444444  0.96810618 -0.00013246  0.96810619 -0.25073052
18521.2  0.94444444  0.96810783 -0.00115206  0.96810851 -0.25071974
18521.3  0.94444444  0.96810994 -0.00188830  0.96811178 -0.25070404
18521.4  0.94444444  0.96811302 -0.00225682  0.96811565 -0.25068532
18521.5  0.94444444  0.96811718 -0.00221707  0.96811972 -0.25066584
18521.6  0.94444444  0.96812181 -0.00177808  0.96812344 -0.25064798
18521.7  0.94444444  0.96812582 -0.00099789  0.96812633 -0.25063394
18521.8  0.94444444  0.96812797  0.00002327  0.96812797 -0.25062542
18521.9  0.94444444  0.96812749  0.00115556  0.96812818 -0.25062339
18522.0  0.94444444  0.96812446  0.00225857  0.96812709 -0.25062788
18522.1  0.94444444  0.96811969  0.00320000  0.96812498 -0.25063813
18522.2  0.94444444  0.96811445  0.00387229  0.96812220 -0.25065275
18522.3  0.94444444  0.96810984  0.00420434  0.96811897 -0.25067004
18522.4  0.94444444  0.96810644  0.00416271  0.96811539 -0.25068815
18522.5  0.94444444  0.96810448  0.00375136  0.96811175 -0.25070501
18522.6  0.94444444  0.96810398  0.00301717  0.96810868 -0.25071844
18522.7  0.94444444  0.96810468  0.00205163  0.96810685 -0.25072657
18522.8  0.94444444  0.96810611  0.00097985  0.96810661 -0.25072840
18522.9  0.94444444  0.96810766 -0.00006287  0.96810766 -0.25072403
18523.0  0.94444444  0.96810913 -0.00095375  0.96810960 -0.25071427
18523.1  0.94444444  0.96811102 -0.00159155  0.96811233 -0.25070025
18523.2  0.94444444  0.96811390 -0.00190191  0.96811577 -0.25068350
18523.3  0.94444444  0.96811783 -0.00184644  0.96811959 -0.25066600
18523.4  0.94444444  0.96812207 -0.00143198  0.96812313 -0.25065006
18523.5  0.94444444  0.96812545 -0.00071432  0.96812571 -0.25063779
18523.6  0.94444444  0.96812697  0.00021049  0.96812700 -0.25063068
18523.7  0.94444444  0.96812619  0.00122282  0.96812697 -0.25062943
18523.8  0.94444444  0.96812337  0.00219748  0.96812586 -0.25063389
18523.9  0.94444444  0.96811930  0.00302017  0.96812401 -0.25064329
18524.0  0.94444444  0.96811490  0.00359968  0.96812160 -0.25065646
18524.1  0.94444444  0.96811089  0.00387405  0.96811864 -0.25067201
18524.2  0.94444444  0.96810774  0.00381214  0.96811524 -0.25068828
18524.3  0.94444444  0.96810581  0.00341785  0.96811184 -0.25070326
18524.4  0.94444444  0.96810535  0.00273891  0.96810923 -0.25071484
18524.5  0.94444444  0.96810613  0.00186530  0.96810793 -0.25072146
18524.6  0.94444444  0.96810750  0.00091126  0.96810792 -0.25072254
18524.7  0.94444444  0.96810885 -0.00000695  0.96810885 -0.25071831
18524.8  0.94444444  0.96811020 -0.00078484  0.96811051 -0.25070939
18524.9  0.94444444  0.96811212 -0.00133293  0.96811304 -0.25069664
18525.0  0.94444444  0.96811504 -0.00158336  0.96811633 -0.25068146
18525.1  0.94444444  0.96811868 -0.00150355  0.96811985 -0.25066585
18525.2  0.94444444  0.96812225 -0.00110608  0.96812288 -0.25065194
18525.3  0.94444444  0.96812480 -0.00044787  0.96812490 -0.25064154
18525.4  0.94444444  0.96812569  0.00038153  0.96812576 -0.25063580
18525.5  0.94444444  0.96812479  0.00127696  0.96812563 -0.25063511
18525.6  0.94444444  0.96812237  0.00213131  0.96812472 -0.25063933
18525.7  0.94444444  0.96811897  0.00284668  0.96812316 -0.25064785
18525.8  0.94444444  0.96811518  0.00334349  0.96812096 -0.25065975
18525.9  0.94444444  0.96811158  0.00356527  0.96811814 -0.25067378
18526.0  0.94444444  0.96810876  0.00348431  0.96811503 -0.25068826
18526.1  0.94444444  0.96810721  0.00311034  0.96811221 -0.25070125
18526.2  0.94444444  0.96810700  0.00249344  0.96811021 -0.25071102
18526.3  0.94444444  0.96810771  0.00171545  0.96810923 -0.25071648
18526.4  0.94444444  0.96810873  0.00087316  0.96810913 -0.25071724
18526.5  0.94444444  0.96810977  0.00006453  0.96810978 -0.25071335
18526.6  0.94444444  0.96811111 -0.00061657  0.96811130 -0.25070517
18526.7  0.94444444  0.96811314 -0.00108705  0.96811375 -0.25069354
18526.8  0.94444444  0.96811591 -0.00128740  0.96811677 -0.25067992
18526.9  0.94444444  0.96811903 -0.00119417  0.96811977 -0.25066621
18527.0  0.94444444  0.96812186 -0.00082493  0.96812221 -0.25065420
18527.1  0.94444444  0.96812383 -0.00023242  0.96812386 -0.25064528
18527.2  0.94444444  0.96812457  0.00050655  0.96812470 -0.25064035
18527.3  0.94444444  0.96812388  0.00130168  0.96812476 -0.25063984
18527.4  0.94444444  0.96812185  0.00205875  0.96812404 -0.25064375
18527.5  0.94444444  0.96811882  0.00268902  0.96812255 -0.25065162
18527.6  0.94444444  0.96811534  0.00311831  0.96812037 -0.25066255
18527.7  0.94444444  0.96811214  0.00329614  0.96811775 -0.25067519
18527.8  0.94444444  0.96810980  0.00320311  0.96811510 -0.25068795
18527.9  0.94444444  0.96810857  0.00285434  0.96811278 -0.25069922
18528.0  0.94444444  0.96810833  0.00229621  0.96811105 -0.25070769
18528.1  0.94444444  0.96810869  0.00159799  0.96811001 -0.25071245
18528.2  0.94444444  0.96810941  0.00084336  0.96810977 -0.25071299
18528.3  0.94444444  0.96811046  0.00012304  0.96811047 -0.25070918
18528.4  0.94444444  0.96811199 -0.00047450  0.96811211 -0.25070144
18528.5  0.94444444  0.96811405 -0.00087542  0.96811444 -0.25069080
18528.6  0.94444444  0.96811651 -0.00103229  0.96811706 -0.25067868
18528.7  0.94444444  0.96811913 -0.00093027  0.96811957 -0.25066664
18528.8  0.94444444  0.96812154 -0.00058672  0.96812172 -0.25065609
18528.9  0.94444444  0.96812329 -0.00004715  0.96812329 -0.25064826
18529.0  0.94444444  0.96812393  0.00062069  0.96812413 -0.25064404
18529.1  0.94444444  0.96812320  0.00133426  0.96812412 -0.25064391
18529.2  0.94444444  0.96812118  0.00200597  0.96812325 -0.25064784
18529.3  0.94444444  0.96811832  0.00255464  0.96812169 -0.25065527
18529.4  0.94444444  0.96811527  0.00291634  0.96811966 -0.25066520
18529.5  0.94444444  0.96811263  0.00305187  0.96811744 -0.25067641
18529.6  0.94444444  0.96811072  0.00294957  0.96811522 -0.25068759
18529.7  0.94444444  0.96810961  0.00262419  0.96811316 -0.25069747
18529.8  0.94444444  0.96810922  0.00211518  0.96811153 -0.25070488
18529.9  0.94444444  0.96810946  0.00148443  0.96811060 -0.25070887
18530.0  0.94444444  0.96811025  0.00081041  0.96811059 -0.25070892
18530.1  0.94444444  0.96811146  0.00017746  0.96811148 -0.25070506
18530.2  0.94444444  0.96811297 -0.00033728  0.96811303 -0.25069791
18530.3  0.94444444  0.96811476 -0.00067393  0.96811500 -0.25068843
18530.4  0.94444444  0.96811686 -0.00079517  0.96811719 -0.25067774
18530.5  0.94444444  0.96811915 -0.00068886  0.96811940 -0.25066711
18530.6  0.94444444  0.96812129 -0.00036958  0.96812136 -0.25065782
18530.7  0.94444444  0.96812276  0.00012166  0.96812276 -0.25065105
18530.8  0.94444444  0.96812312  0.00072169  0.96812339 -0.25064762
18530.9  0.94444444  0.96812226  0.00135455  0.96812320 -0.25064788
18531.0  0.94444444  0.96812037  0.00194207  0.96812232 -0.25065168
18531.1  0.94444444  0.96811796  0.00241509  0.96812097 -0.25065840
18531.2  0.94444444  0.96811548  0.00272132  0.96811931 -0.25066721
18531.3  0.94444444  0.96811328  0.00282865  0.96811741 -0.25067712
18531.4  0.94444444  0.96811155  0.00272604  0.96811539 -0.25068705
18531.5  0.94444444  0.96811044  0.00242509  0.96811348 -0.25069580
18531.6  0.94444444  0.96811005  0.00196209  0.96811204 -0.25070222
18531.7  0.94444444  0.96811036  0.00139595  0.96811137 -0.25070545
18531.8  0.94444444  0.96811117  0.00079889  0.96811150 -0.25070517
18531.9  0.94444444  0.96811225  0.00024413  0.96811228 -0.25070157
18532.0  0.94444444  0.96811352 -0.00020360  0.96811354 -0.25069517
18532.1  0.94444444  0.96811509 -0.00049315  0.96811521 -0.25068670
18532.2  0.94444444  0.96811704 -0.00059042  0.96811722 -0.25067712
18532.3  0.94444444  0.96811917 -0.00048346  0.96811929 -0.25066761
18532.4  0.94444444  0.96812105 -0.00018646  0.96812107 -0.25065941
18532.5  0.94444444  0.96812220  0.00026087  0.96812224 -0.25065359
18532.6  0.94444444  0.96812236  0.00079955  0.96812269 -0.25065082
18532.7  0.94444444  0.96812152  0.00136141  0.96812247 -0.25065128
18532.8  0.94444444  0.96811992  0.00187900  0.96812175 -0.25065479
18532.9  0.94444444  0.96811789  0.00229301  0.96812061 -0.25066087
18533.0  0.94444444  0.96811572  0.00255727  0.96811910 -0.25066883
18533.1  0.94444444  0.96811368  0.00264172  0.96811728 -0.25067781
18533.2  0.94444444  0.96811203  0.00253581  0.96811535 -0.25068673
18533.3  0.94444444  0.96811104  0.00225253  0.96811366 -0.25069442
18533.4  0.94444444  0.96811078  0.00182887  0.96811251 -0.25069986
18533.5  0.94444444  0.96811113  0.00131996  0.96811203 -0.25070245
18533.6  0.94444444  0.96811183  0.00078923  0.96811216 -0.25070200
18533.7  0.94444444  0.96811275  0.00029945  0.96811279 -0.25069865
18533.8  0.94444444  0.96811394 -0.00009237  0.96811394 -0.25069278
18533.9  0.94444444  0.96811551 -0.00033925  0.96811557 -0.25068503
18534.0  0.94444444  0.96811739 -0.00041057  0.96811748 -0.25067636
18534.1  0.94444444  0.96811929 -0.00029822  0.96811933 -0.25066793
18534.2  0.94444444  0.96812080 -0.00001914  0.96812080 -0.25066083
18534.3  0.94444444  0.96812163  0.00038799  0.96812171 -0.25065593
18534.4  0.94444444  0.96812165  0.00087024  0.96812204 -0.25065371
18534.5  0.94444444  0.96812090  0.00136848  0.96812187 -0.25065430
18534.6  0.94444444  0.96811952  0.00182410  0.96812124 -0.25065758
18534.7  0.94444444  0.96811770  0.00218446  0.96812016 -0.25066317
18534.8  0.94444444  0.96811570  0.00240760  0.96811870 -0.25067044
18534.9  0.94444444  0.96811386  0.00246714  0.96811700 -0.25067852
18535.0  0.94444444  0.96811247  0.00235687  0.96811534 -0.25068635
18535.1  0.94444444  0.96811172  0.00209267  0.96811399 -0.25069295
18535.2  0.94444444  0.96811158  0.00170975  0.96811309 -0.25069754
18535.3  0.94444444  0.96811185  0.00125613  0.96811267 -0.25069967
18535.4  0.94444444  0.96811241  0.00078605  0.96811273 -0.25069913
18535.5  0.94444444  0.96811326  0.00035506  0.96811332 -0.25069598
18535.6  0.94444444  0.96811445  0.00001522  0.96811445 -0.25069056
18535.7  0.94444444  0.96811596 -0.00019158  0.96811598 -0.25068353
18535.8  0.94444444  0.96811761 -0.00024059  0.96811764 -0.25067584
18535.9  0.94444444  0.96811915 -0.00012848  0.96811916 -0.25066850
18536.0  0.94444444  0.96812035  0.00012735  0.96812035 -0.25066239
18536.1  0.94444444  0.96812102  0.00049283  0.96812114 -0.25065818
18536.2  0.94444444  0.96812106  0.00092254  0.96812150 -0.25065630
18536.3  0.94444444  0.96812042  0.00136478  0.96812139 -0.25065693
18536.4  0.94444444  0.96811917  0.00176677  0.96812079 -0.25066002
18536.5  0.94444444  0.96811750  0.00208043  0.96811974 -0.25066517
18536.6  0.94444444  0.96811573  0.00226854  0.96811838 -0.25067175
18536.7  0.94444444  0.96811416  0.00230992  0.96811692 -0.25067890
18536.8  0.94444444  0.96811304  0.00220214  0.96811554 -0.25068575
18536.9  0.94444444  0.96811240  0.00196067  0.96811439 -0.25069150
18537.0  0.94444444  0.96811219  0.00161574  0.96811354 -0.25069552
18537.1  0.94444444  0.96811234  0.00120884  0.96811309 -0.25069733
18537.2  0.94444444  0.96811284  0.00078904  0.96811316 -0.25069670
18537.3  0.94444444  0.96811370  0.00040796  0.96811379 -0.25069368
18537.4  0.94444444  0.96811487  0.00011277  0.96811488 -0.25068867
18537.5  0.94444444  0.96811623 -0.00006110  0.96811623 -0.25068236
18537.6  0.94444444  0.96811763 -0.00009461  0.96811764 -0.25067556
18537.7  0.94444444  0.96811895  0.00001363  0.96811895 -0.25066909
18537.8  0.94444444  0.96812002  0.00024842  0.96812005 -0.25066370
18537.9  0.94444444  0.96812065  0.00058018  0.96812083 -0.25066000
18538.0  0.94444444  0.96812067  0.00096785  0.96812116 -0.25065845
18538.1  0.94444444  0.96812002  0.00136345  0.96812098 -0.25065922
18538.2  0.94444444  0.96811881  0.00171830  0.96812033 -0.25066220
18538.3  0.94444444  0.96811729  0.00198974  0.96811933 -0.25066695
18538.4  0.94444444  0.96811576  0.00214682  0.96811814 -0.25067286
18538.5  0.94444444  0.96811445  0.00217329  0.96811689 -0.25067920
18538.6  0.94444444  0.96811346  0.00206807  0.96811566 -0.25068526
18538.7  0.94444444  0.96811282  0.00184454  0.96811458 -0.25069035
18538.8  0.94444444  0.96811258  0.00152971  0.96811379 -0.25069383
18538.9  0.94444444  0.96811276  0.00116239  0.96811346 -0.25069525
18539.0  0.94444444  0.96811333  0.00078867  0.96811365 -0.25069443
18539.1  0.94444444  0.96811420  0.00045504  0.96811431 -0.25069153
18539.2  0.94444444  0.96811525  0.00020149  0.96811528 -0.25068697
18539.3  0.94444444  0.96811643  0.00005687  0.96811643 -0.25068135
18539.4  0.94444444  0.96811766  0.00003676  0.96811766 -0.25067531
18539.5  0.94444444  0.96811886  0.00014240  0.96811887 -0.25066956
18539.6  0.94444444  0.96811981  0.00036012  0.96811987 -0.25066482
18539.7  0.94444444  0.96812029  0.00066212  0.96812052 -0.25066169
18539.8  0.94444444  0.96812018  0.00100979  0.96812071 -0.25066053
18539.9  0.94444444  0.96811950  0.00135937  0.96812045 -0.25066144
18540.0  0.94444444  0.96811841  0.00166846  0.96811985 -0.25066422
18540.1  0.94444444  0.96811714  0.00190142  0.96811901 -0.25066849
18540.2  0.94444444  0.96811586  0.00203265  0.96811799 -0.25067375
18540.3  0.94444444  0.96811470  0.00204810  0.96811687 -0.25067939
18540.4  0.94444444  0.96811378  0.00194635  0.96811574 -0.25068478
18540.5  0.94444444  0.96811320  0.00173980  0.96811477 -0.25068923
18540.6  0.94444444  0.96811305  0.00145444  0.96811414 -0.25069216
18540.7  0.94444444  0.96811329  0.00112670  0.96811395 -0.25069322
18540.8  0.94444444  0.96811384  0.00079753  0.96811417 -0.25069233
18540.9  0.94444444  0.96811458  0.00050642  0.96811471 -0.25068969
18541.0  0.94444444  0.96811547  0.00028707  0.96811551 -0.25068561
18541.1  0.94444444  0.96811652  0.00016481  0.96811654 -0.25068057
18541.2  0.94444444  0.96811767  0.00015405  0.96811768 -0.25067516
18541.3  0.94444444  0.96811874  0.00025572  0.96811878 -0.25067007
18541.4  0.94444444  0.96811953  0.00045615  0.96811964 -0.25066595
18541.5  0.94444444  0.96811987  0.00072875  0.96812014 -0.25066331
18541.6  0.94444444  0.96811971  0.00103849  0.96812027 -0.25066242
18541.7  0.94444444  0.96811912  0.00134730  0.96812006 -0.25066332
18541.8  0.94444444  0.96811822  0.00161891  0.96811957 -0.25066584
18541.9  0.94444444  0.96811712  0.00182221  0.96811884 -0.25066970
18542.0  0.94444444  0.96811596  0.00193384  0.96811789 -0.25067446
18542.1  0.94444444  0.96811488  0.00194061  0.96811682 -0.25067955
18542.2  0.94444444  0.96811404  0.00184198  0.96811579 -0.25068433
18542.3  0.94444444  0.96811357  0.00165107  0.96811498 -0.25068819
18542.4  0.94444444  0.96811348  0.00139284  0.96811449 -0.25069065
18542.5  0.94444444  0.96811370  0.00110010  0.96811433 -0.25069147
18542.6  0.94444444  0.96811415  0.00080814  0.96811449 -0.25069062
18542.7  0.94444444  0.96811480  0.00055116  0.96811495 -0.25068818
18542.8  0.94444444  0.96811565  0.00035982  0.96811571 -0.25068445
18542.9  0.94444444  0.96811667  0.00025739  0.96811670 -0.25067985
18543.0  0.94444444  0.96811773  0.00025621  0.96811776 -0.25067500
18543.1  0.94444444  0.96811865  0.00035522  0.96811871 -0.25067051
18543.2  0.94444444  0.96811927  0.00054018  0.96811942 -0.25066696
18543.3  0.94444444  0.96811951  0.00078657  0.96811983 -0.25066473
18543.4  0.94444444  0.96811936  0.00106356  0.96811995 -0.25066404
18543.5  0.94444444  0.96811885  0.00133793  0.96811978 -0.25066493
18543.6  0.94444444  0.96811803  0.00157734  0.96811932 -0.25066729
18543.7  0.94444444  0.96811701  0.00175344  0.96811859 -0.25067085
18543.8  0.94444444  0.96811593  0.00184522  0.96811768 -0.25067518
18543.9  0.94444444  0.96811497  0.00184219  0.96811673 -0.25067972
18544.0  0.94444444  0.96811429  0.00174612  0.96811586 -0.25068389
18544.1  0.94444444  0.96811393  0.00157049  0.96811520 -0.25068720
18544.2  0.94444444  0.96811386  0.00133776  0.96811479 -0.25068928
18544.3  0.94444444  0.96811404  0.00107623  0.96811464 -0.25068993
18544.4  0.94444444  0.96811444  0.00081710  0.96811479 -0.25068906
18544.5  0.94444444  0.96811507  0.00059167  0.96811526 -0.25068676
18544.6  0.94444444  0.96811590  0.00042757  0.96811600 -0.25068332
18544.7  0.94444444  0.96811683  0.00034464  0.96811689 -0.25067919
18544.8  0.94444444  0.96811773  0.00035184  0.96811779 -0.25067491
18544.9  0.94444444  0.96811847  0.00044633  0.96811857 -0.25067102
18545.0  0.94444444  0.96811897  0.00061489  0.96811916 -0.25066796
18545.1  0.94444444  0.96811918  0.00083616  0.96811954 -0.25066605
18545.2  0.94444444  0.96811905  0.00108322  0.96811966 -0.25066551
18545.3  0.94444444  0.96811858  0.00132627  0.96811949 -0.25066640
18545.4  0.94444444  0.96811781  0.00153590  0.96811903 -0.25066862
18545.5  0.94444444  0.96811687  0.00168678  0.96811834 -0.25067187
18545.6  0.94444444  0.96811595  0.00176151  0.96811755 -0.25067573
18545.7  0.94444444  0.96811516  0.00175258  0.96811675 -0.25067971
18545.8  0.94444444  0.96811460  0.00166269  0.96811603 -0.25068335
18545.9  0.94444444  0.96811427  0.00150363  0.96811544 -0.25068624
18546.0  0.94444444  0.96811417  0.00129471  0.96811504 -0.25068805
18546.1  0.94444444  0.96811432  0.00106084  0.96811490 -0.25068856
18546.2  0.94444444  0.96811471  0.00083084  0.96811507 -0.25068768
18546.3  0.94444444  0.96811533  0.00063320  0.96811553 -0.25068554
18546.4  0.94444444  0.96811607  0.00049199  0.96811620 -0.25068243
18546.5  0.94444444  0.96811687  0.00042333  0.96811696 -0.25067876
18546.6  0.94444444  0.96811763  0.00043411  0.96811772 -0.25067499
18546.7  0.94444444  0.96811828  0.00052181  0.96811842 -0.25067154
18546.8  0.94444444  0.96811875  0.00067506  0.96811898 -0.25066883
18546.9  0.94444444  0.96811895  0.00087491  0.96811934 -0.25066717
18547.0  0.94444444  0.96811881  0.00109666  0.96811943 -0.25066677
18547.1  0.94444444  0.96811834  0.00131280  0.96811923 -0.25066768
18547.2  0.94444444  0.96811763  0.00149688  0.96811879 -0.25066974
18547.3  0.94444444  0.96811681  0.00162714  0.96811818 -0.25067268
18547.4  0.94444444  0.96811602  0.00168911  0.96811749 -0.25067613
18547.5  0.94444444  0.96811533  0.00167666  0.96811679 -0.25067967
18547.6  0.94444444  0.96811480  0.00159207  0.96811611 -0.25068292
18547.7  0.94444444  0.96811448  0.00144575  0.96811556 -0.25068547
18547.8  0.94444444  0.96811439  0.00125565  0.96811521 -0.25068702
18547.9  0.94444444  0.96811457  0.00104551  0.96811514 -0.25068734
18548.0  0.94444444  0.96811498  0.00084166  0.96811534 -0.25068644
18548.1  0.94444444  0.96811554  0.00066904  0.96811578 -0.25068445
18548.2  0.94444444  0.96811620  0.00054790  0.96811636 -0.25068164
18548.3  0.94444444  0.96811690  0.00049179  0.96811702 -0.25067836
18548.4  0.94444444  0.96811759  0.00050663  0.96811772 -0.25067499
18548.5  0.94444444  0.96811819  0.00059010  0.96811837 -0.25067193
18548.6  0.94444444  0.96811860  0.00073154  0.96811887 -0.25066957
18548.7  0.94444444  0.96811872  0.00091288  0.96811915 -0.25066819
18548.8  0.94444444  0.96811853  0.00111108  0.96811917 -0.25066797
18548.9  0.94444444  0.96811808  0.00130154  0.96811895 -0.25066888
18549.0  0.94444444  0.96811746  0.00146157  0.96811856 -0.25067077
18549.1  0.94444444  0.96811676  0.00157291  0.96811804 -0.25067342
18549.2  0.94444444  0.96811606  0.00162321  0.96811743 -0.25067650
18549.3  0.94444444  0.96811544  0.00160701  0.96811677 -0.25067967
18549.4  0.94444444  0.96811496  0.00152650  0.96811616 -0.25068254
18549.5  0.94444444  0.96811469  0.00139189  0.96811569 -0.25068474
18549.6  0.94444444  0.96811467  0.00122040  0.96811543 -0.25068600
18549.7  0.94444444  0.96811487  0.00103372  0.96811542 -0.25068618
18549.8  0.94444444  0.96811523  0.00085473  0.96811561 -0.25068530
18549.9  0.94444444  0.96811572  0.00070456  0.96811597 -0.25068350
18550.0  0.94444444  0.96811629  0.00060061  0.96811648 -0.25068097
18550.1  0.94444444  0.96811693  0.00055497  0.96811709 -0.25067803
18550.2  0.94444444  0.96811756  0.00057291  0.96811773 -0.25067502
18550.3  0.94444444  0.96811807  0.00065174  0.96811829 -0.25067234
18550.4  0.94444444  0.96811839  0.00078090  0.96811870 -0.25067031
18550.5  0.94444444  0.96811845  0.00094354  0.96811891 -0.25066918
18550.6  0.94444444  0.96811827  0.00111927  0.96811891 -0.25066905
18550.7  0.94444444  0.96811789  0.00128695  0.96811874 -0.25066990
18550.8  0.94444444  0.96811736  0.00142702  0.96811841 -0.25067162
18550.9  0.94444444  0.96811674  0.00152326  0.96811794 -0.25067401
18551.0  0.94444444  0.96811610  0.00156436  0.96811737 -0.25067680
18551.1  0.94444444  0.96811553  0.00154559  0.96811677 -0.25067962
18551.2  0.94444444  0.96811512  0.00146977  0.96811624 -0.25068214
18551.3  0.94444444  0.96811492  0.00134704  0.96811586 -0.25068402
18551.4  0.94444444  0.96811491  0.00119315  0.96811565 -0.25068508
18551.5  0.94444444  0.96811508  0.00102704  0.96811562 -0.25068519
18551.6  0.94444444  0.96811539  0.00086853  0.96811577 -0.25068437
18551.7  0.94444444  0.96811582  0.00073642  0.96811610 -0.25068271
18551.8  0.94444444  0.96811637  0.00064659  0.96811658 -0.25068041
18551.9  0.94444444  0.96811696  0.00060991  0.96811716 -0.25067774
18552.0  0.94444444  0.96811752  0.00063041  0.96811773 -0.25067507
18552.1  0.94444444  0.96811795  0.00070463  0.96811821 -0.25067272
18552.2  0.94444444  0.96811820  0.00082239  0.96811855 -0.25067098
18552.3  0.94444444  0.96811825  0.00096867  0.96811873 -0.25067003
18552.4  0.94444444  0.96811810  0.00112565  0.96811875 -0.25066996
18552.5  0.94444444  0.96811776  0.00127460  0.96811860 -0.25067077
18552.6  0.94444444  0.96811727  0.00139774  0.96811828 -0.25067237
18552.7  0.94444444  0.96811668  0.00148026  0.96811781 -0.25067457
18552.8  0.94444444  0.96811610  0.00151241  0.96811728 -0.25067708
18552.9  0.94444444  0.96811561  0.00149094  0.96811676 -0.25067958
18553.0  0.94444444  0.96811528  0.00141946  0.96811632 -0.25068177
18553.1  0.94444444  0.96811511  0.00130747  0.96811599 -0.25068339
18553.2  0.94444444  0.96811510  0.00116888  0.96811581 -0.25068428
18553.3  0.94444444  0.96811524  0.00102039  0.96811578 -0.25068433
18553.4  0.94444444  0.96811554  0.00087991  0.96811594 -0.25068353
18553.5  0.94444444  0.96811597  0.00076461  0.96811627 -0.25068197
18553.6  0.94444444  0.96811648  0.00068855  0.96811672 -0.25067987
18553.7  0.94444444  0.96811700  0.00066057  0.96811723 -0.25067749
18553.8  0.94444444  0.96811747  0.00068315  0.96811771 -0.25067514
18553.9  0.94444444  0.96811782  0.00075251  0.96811811 -0.25067310
18554.0  0.94444444  0.96811803  0.00085955  0.96811841 -0.25067160
18554.1  0.94444444  0.96811808  0.00099107  0.96811858 -0.25067079
18554.2  0.94444444  0.96811793  0.00113109  0.96811859 -0.25067079
18554.3  0.94444444  0.96811760  0.00126255  0.96811842 -0.25067158
18554.4  0.94444444  0.96811714  0.00136946  0.96811811 -0.25067307
18554.5  0.94444444  0.96811662  0.00143907  0.96811769 -0.25067506
18554.6  0.94444444  0.96811613  0.00146361  0.96811724 -0.25067728
18554.7  0.94444444  0.96811573  0.00144106  0.96811680 -0.25067948
18554.8  0.94444444  0.96811544  0.00137486  0.96811641 -0.25068139
18554.9  0.94444444  0.96811528  0.00127333  0.96811612 -0.25068281
18555.0  0.94444444  0.96811527  0.00114879  0.96811595 -0.25068355
18555.1  0.94444444  0.96811541  0.00101647  0.96811594 -0.25068354
18555.2  0.94444444  0.96811570  0.00089272  0.96811611 -0.25068275
18555.3  0.94444444  0.96811610  0.00079273  0.96811642 -0.25068132
18555.4  0.94444444  0.96811654  0.00072831  0.96811682 -0.25067944
18555.5  0.94444444  0.96811698  0.00070654  0.96811724 -0.25067733
18555.6  0.94444444  0.96811738  0.00072927  0.96811766 -0.25067526
18555.7  0.94444444  0.96811770  0.00079325  0.96811803 -0.25067346
18555.8  0.94444444  0.96811790  0.00089046  0.96811831 -0.25067214
18555.9  0.94444444  0.96811793  0.00100887  0.96811845 -0.25067147
18556.0  0.94444444  0.96811777  0.00113376  0.96811844 -0.25067153
18556.1  0.94444444  0.96811746  0.00124968  0.96811827 -0.25067230
18556.2  0.94444444  0.96811705  0.00134267  0.96811798 -0.25067366
18556.3  0.94444444  0.96811661  0.00140202  0.96811763 -0.25067543
18556.4  0.94444444  0.96811619  0.00142136  0.96811723 -0.25067742
18556.5  0.94444444  0.96811582  0.00139891  0.96811684 -0.25067937
18556.6  0.94444444  0.96811555  0.00133766  0.96811648 -0.25068107
18556.7  0.94444444  0.96811540  0.00124498  0.96811620 -0.25068230
18556.8  0.94444444  0.96811541  0.00113247  0.96811607 -0.25068292
18556.9  0.94444444  0.96811556  0.00101426  0.96811609 -0.25068284
18557.0  0.94444444  0.96811583  0.00090505  0.96811626 -0.25068209
18557.1  0.94444444  0.96811618  0.00081789  0.96811653 -0.25068079
18557.2  0.94444444  0.96811657  0.00076279  0.96811687 -0.25067910
18557.3  0.94444444  0.96811697  0.00074585  0.96811725 -0.25067721
18557.4  0.94444444  0.96811734  0.00076873  0.96811764 -0.25067536
18557.5  0.94444444  0.96811763  0.00082837  0.96811798 -0.25067376
18557.6  0.94444444  0.96811779  0.00091716  0.96811822 -0.25067263
18557.7  0.94444444  0.96811779  0.00102380  0.96811833 -0.25067209
18557.8  0.94444444  0.96811763  0.00113509  0.96811829 -0.25067219
18557.9  0.94444444  0.96811734  0.00123728  0.96811814 -0.25067292
18558.0  0.94444444  0.96811699  0.00131841  0.96811789 -0.25067415
18558.1  0.94444444  0.96811660  0.00136924  0.96811757 -0.25067575
18558.2  0.94444444  0.96811622  0.00138405  0.96811721 -0.25067753
18558.3  0.94444444  0.96811588  0.00136127  0.96811684 -0.25067928
18558.4  0.94444444  0.96811564  0.00130386  0.96811652 -0.25068078
18558.5  0.94444444  0.96811553  0.00121919  0.96811629 -0.25068183
18558.6  0.94444444  0.96811556  0.00111809  0.96811620 -0.25068232
18558.7  0.94444444  0.96811571  0.00101321  0.96811624 -0.25068220
18558.8  0.94444444  0.96811595  0.00091718  0.96811638 -0.25068151
18558.9  0.94444444  0.96811625  0.00084124  0.96811662 -0.25068032
18559.0  0.94444444  0.96811660  0.00079418  0.96811693 -0.25067880
18559.1  0.94444444  0.96811697  0.00078150  0.96811728 -0.25067710
18559.2  0.94444444  0.96811730  0.00080460  0.96811764 -0.25067545
18559.3  0.94444444  0.96811755  0.00086029  0.96811793 -0.25067405
18559.4  0.94444444  0.96811766  0.00094118  0.96811812 -0.25067309
18559.5  0.94444444  0.96811764  0.00103685  0.96811819 -0.25067266
18559.6  0.94444444  0.96811749  0.00113550  0.96811816 -0.25067279
18559.7  0.94444444  0.96811725  0.00122541  0.96811803 -0.25067346
18559.8  0.94444444  0.96811694  0.00129618  0.96811781 -0.25067458
18559.9  0.94444444  0.96811659  0.00133953  0.96811751 -0.25067603
18560.0  0.94444444  0.96811623  0.00135027  0.96811718 -0.25067764
18560.1  0.94444444  0.96811594  0.00132730  0.96811685 -0.25067919
18560.2  0.94444444  0.96811574  0.00127388  0.96811658 -0.25068049
18560.3  0.94444444  0.96811567  0.00119715  0.96811641 -0.25068138
18560.4  0.94444444  0.96811570  0.00110681  0.96811633 -0.25068178
18560.5  0.94444444  0.96811582  0.00101372  0.96811635 -0.25068165
18560.6  0.94444444  0.96811603  0.00092885  0.96811647 -0.25068101
18560.7  0.94444444  0.96811630  0.00086233  0.96811669 -0.25067993
18560.8  0.94444444  0.96811663  0.00082221  0.96811698 -0.25067853
18560.9  0.94444444  0.96811697  0.00081335  0.96811731 -0.25067701
18561.0  0.94444444  0.96811726  0.00083644  0.96811762 -0.25067555
18561.1  0.94444444  0.96811745  0.00088789  0.96811786 -0.25067435
18561.2  0.94444444  0.96811754  0.00096089  0.96811802 -0.25067352
18561.3  0.94444444  0.96811752  0.00104645  0.96811809 -0.25067316
18561.4  0.94444444  0.96811740  0.00113438  0.96811807 -0.25067329
18561.5  0.94444444  0.96811719  0.00121422  0.96811795 -0.25067391
18561.6  0.94444444  0.96811690  0.00127635  0.96811774 -0.25067496
18561.7  0.94444444  0.96811656  0.00131315  0.96811745 -0.25067628
18561.8  0.94444444  0.96811625  0.00132038  0.96811715 -0.25067772
18561.9  0.94444444  0.96811600  0.00129766  0.96811687 -0.25067908
18562.0  0.94444444  0.96811584  0.00124834  0.96811665 -0.25068021
18562.1  0.94444444  0.96811578  0.00117888  0.96811649 -0.25068099
18562.2  0.94444444  0.96811579  0.00109766  0.96811641 -0.25068132
18562.3  0.94444444  0.96811590  0.00101433  0.96811643 -0.25068118
18562.4  0.94444444  0.96811610  0.00093905  0.96811655 -0.25068057
18562.5  0.94444444  0.96811637  0.00088103  0.96811677 -0.25067956
18562.6  0.94444444  0.96811668  0.00084740  0.96811705 -0.25067829
18562.7  0.94444444  0.96811697  0.00084197  0.96811734 -0.25067694
18562.8  0.94444444  0.96811720  0.00086468  0.96811759 -0.25067566
18562.9  0.94444444  0.96811736  0.00091214  0.96811779 -0.25067461
18563.0  0.94444444  0.96811745  0.00097846  0.96811794 -0.25067389
18563.1  0.94444444  0.96811743  0.00105556  0.96811801 -0.25067359
18563.2  0.94444444  0.96811732  0.00113417  0.96811799 -0.25067374
18563.3  0.94444444  0.96811711  0.00120477  0.96811786 -0.25067434
18563.4  0.94444444  0.96811682  0.00125843  0.96811764 -0.25067532
18563.5  0.94444444  0.96811654  0.00128885  0.96811740 -0.25067651
18563.6  0.94444444  0.96811627  0.00129298  0.96811714 -0.25067778
18563.7  0.94444444  0.96811607  0.00127073  0.96811690 -0.25067898
18563.8  0.94444444  0.96811594  0.00122543  0.96811671 -0.25067996
18563.9  0.94444444  0.96811586  0.00116252  0.96811656 -0.25068064
18564.0  0.94444444  0.96811587  0.00108928  0.96811649 -0.25068091
18564.1  0.94444444  0.96811599  0.00101502  0.96811653 -0.25068074
18564.2  0.94444444  0.96811619  0.00094889  0.96811665 -0.25068015
18564.3  0.94444444  0.96811644  0.00089898  0.96811686 -0.25067923
18564.4  0.94444444  0.96811671  0.00087123  0.96811710 -0.25067809
18564.5  0.94444444  0.96811693  0.00086827  0.96811732 -0.25067691
18564.6  0.94444444  0.96811714  0.00088976  0.96811755 -0.25067578
18564.7  0.94444444  0.96811730  0.00093341  0.96811775 -0.25067484
18564.8  0.94444444  0.96811736  0.00099346  0.96811787 -0.25067423
18564.9  0.94444444  0.96811737  0.00106282  0.96811795 -0.25067397
18565.0  0.94444444  0.96811722  0.00113294  0.96811789 -0.25067417
18565.1  0.94444444  0.96811702  0.00119449  0.96811776 -0.25067474
18565.2  0.94444444  0.96811679  0.00124079  0.96811759 -0.25067561
18565.3  0.94444444  0.96811654  0.00126622  0.96811737 -0.25067668
18565.4  0.94444444  0.96811632  0.00126845  0.96811716 -0.25067779
18565.5  0.94444444  0.96811614  0.00124753  0.96811694 -0.25067886
18565.6  0.94444444  0.96811599  0.00120586  0.96811674 -0.25067974
18565.7  0.94444444  0.96811593  0.00114839  0.96811661 -0.25068032
18565.8  0.94444444  0.96811597  0.00108269  0.96811657 -0.25068053
18565.9  0.94444444  0.96811607  0.00101665  0.96811661 -0.25068034
18566.0  0.94444444  0.96811627  0.00095882  0.96811675 -0.25067978
18566.1  0.94444444  0.96811646  0.00091585  0.96811690 -0.25067897
18566.2  0.94444444  0.96811669  0.00089221  0.96811711 -0.25067795
18566.3  0.94444444  0.96811691  0.00089090  0.96811732 -0.25067689
18566.4  0.94444444  0.96811710  0.00091154  0.96811753 -0.25067588
18566.5  0.94444444  0.96811725  0.00095192  0.96811772 -0.25067505
18566.6  0.94444444  0.96811731  0.00100686  0.96811783 -0.25067452
18566.7  0.94444444  0.96811726  0.00106916  0.96811785 -0.25067435
18566.8  0.94444444  0.96811715  0.00113104  0.96811781 -0.25067455
18566.9  0.94444444  0.96811697  0.00118512  0.96811769 -0.25067507
18567.0  0.94444444  0.96811676  0.00122502  0.96811754 -0.25067586
18567.1  0.94444444  0.96811656  0.00124660  0.96811736 -0.25067680
18567.2  0.94444444  0.96811633  0.00124718  0.96811714 -0.25067783
18567.3  0.94444444  0.96811616  0.00122667  0.96811694 -0.25067878
18567.4  0.94444444  0.96811604  0.00118788  0.96811677 -0.25067955
18567.5  0.94444444  0.96811600  0.00113556  0.96811667 -0.25068003
18567.6  0.94444444  0.96811606  0.00107677  0.96811666 -0.25068017
18567.7  0.94444444  0.96811616  0.00101865  0.96811670 -0.25067998
18567.8  0.94444444  0.96811631  0.00096801  0.96811680 -0.25067948
18567.9  0.94444444  0.96811650  0.00093071  0.96811695 -0.25067873
18568.0  0.94444444  0.96811670  0.00091108  0.96811713 -0.25067782
18568.1  0.94444444  0.96811691  0.00091139  0.96811734 -0.25067685
18568.2  0.94444444  0.96811709  0.00093175  0.96811754 -0.25067595
18568.3  0.94444444  0.96811719  0.00096916  0.96811767 -0.25067525
18568.4  0.94444444  0.96811722  0.00101872  0.96811776 -0.25067481
18568.5  0.94444444  0.96811717  0.00107415  0.96811777 -0.25067470
18568.6  0.94444444  0.96811707  0.00112861  0.96811773 -0.25067488
18568.7  0.94444444  0.96811693  0.00117600  0.96811765 -0.25067536
18568.8  0.94444444  0.96811675  0.00121067  0.96811750 -0.25067608
18568.9  0.94444444  0.96811654  0.00122852  0.96811732 -0.25067694
18569.0  0.94444444  0.96811635  0.00122739  0.96811713 -0.25067785
18569.1  0.94444444  0.96811619  0.00120755  0.96811695 -0.25067869
18569.2  0.94444444  0.96811611  0.00117183  0.96811682 -0.25067934
18569.3  0.94444444  0.96811609  0.00112502  0.96811675 -0.25067974
18569.4  0.94444444  0.96811613  0.00107279  0.96811672 -0.25067985
18569.5  0.94444444  0.96811622  0.00102141  0.96811676 -0.25067967
18569.6  0.94444444  0.96811635  0.00097686  0.96811684 -0.25067921
18569.7  0.94444444  0.96811652  0.00094447  0.96811699 -0.25067852
18569.8  0.94444444  0.96811672  0.00092831  0.96811716 -0.25067770
18569.9  0.94444444  0.96811690  0.00093017  0.96811735 -0.25067684
18570.0  0.94444444  0.96811704  0.00094955  0.96811751 -0.25067606
18570.1  0.94444444  0.96811712  0.00098366  0.96811762 -0.25067546
18570.2  0.94444444  0.96811714  0.00102804  0.96811769 -0.25067509
18570.3  0.94444444  0.96811712  0.00107738  0.96811772 -0.25067498
18570.4  0.94444444  0.96811703  0.00112589  0.96811769 -0.25067516
18570.5  0.94444444  0.96811690  0.00116769  0.96811760 -0.25067561
18570.6  0.94444444  0.96811672  0.00119774  0.96811746 -0.25067627
18570.7  0.94444444  0.96811653  0.00121231  0.96811729 -0.25067705
18570.8  0.94444444  0.96811637  0.00120984  0.96811712 -0.25067786
18570.9  0.94444444  0.96811625  0.00119109  0.96811698 -0.25067858
18571.0  0.94444444  0.96811618  0.00115859  0.96811687 -0.25067915
18571.1  0.94444444  0.96811615  0.00111645  0.96811680 -0.25067950
18571.2  0.94444444  0.96811618  0.00106965  0.96811677 -0.25067959
18571.3  0.94444444  0.96811626  0.00102378  0.96811680 -0.25067941
18571.4  0.94444444  0.96811639  0.00098452  0.96811689 -0.25067897
18571.5  0.94444444  0.96811656  0.00095673  0.96811703 -0.25067834
18571.6  0.94444444  0.96811673  0.00094369  0.96811719 -0.25067759
18571.7  0.94444444  0.96811688  0.00094671  0.96811734 -0.25067684
18571.8  0.94444444  0.96811699  0.00096496  0.96811748 -0.25067616
18571.9  0.94444444  0.96811707  0.00099604  0.96811758 -0.25067563
18572.0  0.94444444  0.96811710  0.00103619  0.96811765 -0.25067531
18572.1  0.94444444  0.96811707  0.00108056  0.96811768 -0.25067523
18572.2  0.94444444  0.96811699  0.00112374  0.96811764 -0.25067542
18572.3  0.94444444  0.96811685  0.00116034  0.96811754 -0.25067585
18572.4  0.94444444  0.96811669  0.00118587  0.96811741 -0.25067645
18572.5  0.94444444  0.96811653  0.00119749  0.96811727 -0.25067714
18572.6  0.94444444  0.96811639  0.00119414  0.96811713 -0.25067785
18572.7  0.94444444  0.96811629  0.00117651  0.96811700 -0.25067849
18572.8  0.94444444  0.96811622  0.00114684  0.96811690 -0.25067899
18572.9  0.94444444  0.96811619  0.00110865  0.96811683 -0.25067929
18573.0  0.94444444  0.96811623  0.00106664  0.96811682 -0.25067934
18573.1  0.94444444  0.96811631  0.00102606  0.96811686 -0.25067915
18573.2  0.94444444  0.96811644  0.00099196  0.96811695 -0.25067874
18573.3  0.94444444  0.96811659  0.00096842  0.96811707 -0.25067817
18573.4  0.94444444  0.96811673  0.00095796  0.96811720 -0.25067752
18573.5  0.94444444  0.96811686  0.00096156  0.96811733 -0.25067685
18573.6  0.94444444  0.96811696  0.00097863  0.96811746 -0.25067625
18573.7  0.94444444  0.96811703  0.00100706  0.96811756 -0.25067579
18573.8  0.94444444  0.96811706  0.00104339  0.96811762 -0.25067551
18573.9  0.94444444  0.96811702  0.00108306  0.96811762 -0.25067547
18574.0  0.94444444  0.96811693  0.00112107  0.96811758 -0.25067566
18574.1  0.94444444  0.96811681  0.00115280  0.96811749 -0.25067605
18574.2  0.94444444  0.96811667  0.00117457  0.96811739 -0.25067659
18574.3  0.94444444  0.96811654  0.00118405  0.96811727 -0.25067720
18574.4  0.94444444  0.96811642  0.00118032  0.96811714 -0.25067783
18574.5  0.94444444  0.96811632  0.00116384  0.96811702 -0.25067840
18574.6  0.94444444  0.96811626  0.00113664  0.96811692 -0.25067884
18574.7  0.94444444  0.96811624  0.00110211  0.96811687 -0.25067909
18574.8  0.94444444  0.96811628  0.00106465  0.96811687 -0.25067911
18574.9  0.94444444  0.96811637  0.00102896  0.96811691 -0.25067893
18575.0  0.94444444  0.96811647  0.00099930  0.96811699 -0.25067856
18575.1  0.94444444  0.96811659  0.00097902  0.96811709 -0.25067805
18575.2  0.94444444  0.96811672  0.00097039  0.96811720 -0.25067746
18575.3  0.94444444  0.96811684  0.00097435  0.96811733 -0.25067687
18575.4  0.94444444  0.96811694  0.00099042  0.96811745 -0.25067633
18575.5  0.94444444  0.96811700  0.00101656  0.96811753 -0.25067593
18575.6  0.94444444  0.96811701  0.00104939  0.96811758 -0.25067570
18575.7  0.94444444  0.96811697  0.00108472  0.96811757 -0.25067569
18575.8  0.94444444  0.96811689  0.00111820  0.96811753 -0.25067587
18575.9  0.94444444  0.96811679  0.00114593  0.96811747 -0.25067622
18576.0  0.94444444  0.96811667  0.00116477  0.96811737 -0.25067670
18576.1  0.94444444  0.96811655  0.00117254  0.96811726 -0.25067726
18576.2  0.94444444  0.96811643  0.00116831  0.96811714 -0.25067783
18576.3  0.94444444  0.96811634  0.00115265  0.96811703 -0.25067833
18576.4  0.94444444  0.96811629  0.00112760  0.96811695 -0.25067870
18576.5  0.94444444  0.96811629  0.00109647  0.96811691 -0.25067890
18576.6  0.94444444  0.96811633  0.00106317  0.96811691 -0.25067891
18576.7  0.94444444  0.96811640  0.00103170  0.96811695 -0.25067874
18576.8  0.94444444  0.96811649  0.00100571  0.96811701 -0.25067840
18576.9  0.94444444  0.96811660  0.00098823  0.96811711 -0.25067794
18577.0  0.94444444  0.96811672  0.00098135  0.96811722 -0.25067741
18577.1  0.94444444  0.96811683  0.00098591  0.96811734 -0.25067687
18577.2  0.94444444  0.96811692  0.00100120  0.96811743 -0.25067640
18577.3  0.94444444  0.96811696  0.00102514  0.96811750 -0.25067606
18577.4  0.94444444  0.96811696  0.00105460  0.96811753 -0.25067588
18577.5  0.94444444  0.96811692  0.00108595  0.96811753 -0.25067588
18577.6  0.94444444  0.96811686  0.00111550  0.96811750 -0.25067605
18577.7  0.94444444  0.96811677  0.00113978  0.96811744 -0.25067637
18577.8  0.94444444  0.96811666  0.00115592  0.96811735 -0.25067681
18577.9  0.94444444  0.96811654  0.00116193  0.96811724 -0.25067732
18578.0  0.94444444  0.96811644  0.00115716  0.96811713 -0.25067782
18578.1  0.94444444  0.96811637  0.00114239  0.96811704 -0.25067825
18578.2  0.94444444  0.96811634  0.00111965  0.96811698 -0.25067857
18578.3  0.94444444  0.96811634  0.00109182  0.96811695 -0.25067873
18578.4  0.94444444  0.96811637  0.00106226  0.96811695 -0.25067874
18578.5  0.94444444  0.96811643  0.00103444  0.96811698 -0.25067857
18578.6  0.94444444  0.96811651  0.00101170  0.96811704 -0.25067826
18578.7  0.94444444  0.96811662  0.00099681  0.96811713 -0.25067784
18578.8  0.94444444  0.96811673  0.00099157  0.96811724 -0.25067736
18578.9  0.94444444  0.96811682  0.00099648  0.96811733 -0.25067689
18579.0  0.94444444  0.96811688  0.00101070  0.96811741 -0.25067649
18579.1  0.94444444  0.96811692  0.00103231  0.96811747 -0.25067619
18579.2  0.94444444  0.96811692  0.00105865  0.96811750 -0.25067604
18579.3  0.94444444  0.96811689  0.00108658  0.96811750 -0.25067604
18579.4  0.94444444  0.96811683  0.00111277  0.96811747 -0.25067620
18579.5  0.94444444  0.96811675  0.00113402  0.96811741 -0.25067650
18579.6  0.94444444  0.96811664  0.00114771  0.96811732 -0.25067691
18579.7  0.94444444  0.96811654  0.00115228  0.96811723 -0.25067736
18579.8  0.94444444  0.96811646  0.00114734  0.96811714 -0.25067779
18579.9  0.94444444  0.96811640  0.00113371  0.96811707 -0.25067817
18580.0  0.94444444  0.96811637  0.00111315  0.96811701 -0.25067845
18580.1  0.94444444  0.96811637  0.00108815  0.96811698 -0.25067859
18580.2  0.94444444  0.96811639  0.00106169  0.96811698 -0.25067858
18580.3  0.94444444  0.96811645  0.00103701  0.96811701 -0.25067842
18580.4  0.94444444  0.96811654  0.00101717  0.96811707 -0.25067813
18580.5  0.94444444  0.96811663  0.00100458  0.96811715 -0.25067775
18580.6  0.94444444  0.96811672  0.00100063  0.96811724 -0.25067733
18580.7  0.94444444  0.96811680  0.00100560  0.96811732 -0.25067691
18580.8  0.94444444  0.96811686  0.00101872  0.96811739 -0.25067656
18580.9  0.94444444  0.96811689  0.00103837  0.96811745 -0.25067630
18581.0  0.94444444  0.96811690  0.00106216  0.96811748 -0.25067617
18581.1  0.94444444  0.96811687  0.00108720  0.96811748 -0.25067618
18581.2  0.94444444  0.96811681  0.00111036  0.96811744 -0.25067634
18581.3  0.94444444  0.96811672  0.00112879  0.96811738 -0.25067662
18581.4  0.94444444  0.96811663  0.00114032  0.96811731 -0.25067699
18581.5  0.94444444  0.96811655  0.00114373  0.96811723 -0.25067738
18581.6  0.94444444  0.96811648  0.00113876  0.96811715 -0.25067777
18581.7  0.94444444  0.96811642  0.00112613  0.96811708 -0.25067811
18581.8  0.94444444  0.96811639  0.00110736  0.96811703 -0.25067835
18581.9  0.94444444  0.96811639  0.00108474  0.96811700 -0.25067847
18582.0  0.94444444  0.96811642  0.00106110  0.96811700 -0.25067844
18582.1  0.94444444  0.96811648  0.00103941  0.96811704 -0.25067829
18582.2  0.94444444  0.96811656  0.00102229  0.96811710 -0.25067802
18582.3  0.94444444  0.96811664  0.00101171  0.96811717 -0.25067768
18582.4  0.94444444  0.96811672  0.00100878  0.96811724 -0.25067730
18582.5  0.94444444  0.96811679  0.00101373  0.96811732 -0.25067694
18582.6  0.94444444  0.96811684  0.00102593  0.96811738 -0.25067662
18582.7  0.94444444  0.96811687  0.00104391  0.96811743 -0.25067640
18582.8  0.94444444  0.96811687  0.00106530  0.96811745 -0.25067630
18582.9  0.94444444  0.96811683  0.00108746  0.96811745 -0.25067632
18583.0  0.94444444  0.96811678  0.00110774  0.96811741 -0.25067647
18583.1  0.94444444  0.96811671  0.00112366  0.96811736 -0.25067673
18583.2  0.94444444  0.96811663  0.00113345  0.96811729 -0.25067705
18583.3  0.94444444  0.96811656  0.00113605  0.96811723 -0.25067740
18583.4  0.94444444  0.96811649  0.00113121  0.96811715 -0.25067775
18583.5  0.94444444  0.96811644  0.00111953  0.96811709 -0.25067804
18583.6  0.94444444  0.96811642  0.00110243  0.96811704 -0.25067825
18583.7  0.94444444  0.96811642  0.00108208  0.96811702 -0.25067835
18583.8  0.94444444  0.96811645  0.00106104  0.96811704 -0.25067832
18583.9  0.94444444  0.96811651  0.00104197  0.96811707 -0.25067817
18584.0  0.94444444  0.96811657  0.00102710  0.96811712 -0.25067793
18584.1  0.94444444  0.96811664  0.00101806  0.96811718 -0.25067762
18584.2  0.94444444  0.96811671  0.00101581  0.96811724 -0.25067729
18584.3  0.94444444  0.96811677  0.00102065  0.96811731 -0.25067696
18584.4  0.94444444  0.96811683  0.00103201  0.96811738 -0.25067668
18584.5  0.94444444  0.96811685  0.00104845  0.96811742 -0.25067649
18584.6  0.94444444  0.96811684  0.00106779  0.96811743 -0.25067641
18584.7  0.94444444  0.96811680  0.00108755  0.96811742 -0.25067644
18584.8  0.94444444  0.96811676  0.00110534  0.96811739 -0.25067658
18584.9  0.94444444  0.96811670  0.00111920  0.96811735 -0.25067681
18585.0  0.94444444  0.96811664  0.00112763  0.96811729 -0.25067710
18585.1  0.94444444  0.96811656  0.00112956  0.96811722 -0.25067742
18585.2  0.94444444  0.96811650  0.00112466  0.96811715 -0.25067773
18585.3  0.94444444  0.96811645  0.00111360  0.96811709 -0.25067799
18585.4  0.94444444  0.96811644  0.00109786  0.96811706 -0.25067817
18585.5  0.94444444  0.96811645  0.00107959  0.96811706 -0.25067823
18585.6  0.94444444  0.96811648  0.00106114  0.96811707 -0.25067820
18585.7  0.94444444  0.96811652  0.00104439  0.96811708 -0.25067807
18585.8  0.94444444  0.96811658  0.00103132  0.96811713 -0.25067785
18585.9  0.94444444  0.96811664  0.00102360  0.96811718 -0.25067757
18586.0  0.94444444  0.96811671  0.00102201  0.96811725 -0.25067727
18586.1  0.94444444  0.96811678  0.00102706  0.96811733 -0.25067696
18586.2  0.94444444  0.96811680  0.00103783  0.96811736 -0.25067674
18586.3  0.94444444  0.96811682  0.00105262  0.96811739 -0.25067657
18586.4  0.94444444  0.96811681  0.00106992  0.96811740 -0.25067651
18586.5  0.94444444  0.96811678  0.00108727  0.96811739 -0.25067655
18586.6  0.94444444  0.96811675  0.00110304  0.96811738 -0.25067667
18586.7  0.94444444  0.96811669  0.00111531  0.96811733 -0.25067688
18586.8  0.94444444  0.96811662  0.00112235  0.96811727 -0.25067715
18586.9  0.94444444  0.96811656  0.00112344  0.96811721 -0.25067744
18587.0  0.94444444  0.96811651  0.00111845  0.96811715 -0.25067772
18587.1  0.94444444  0.96811647  0.00110812  0.96811711 -0.25067794
18587.2  0.94444444  0.96811648  0.00109410  0.96811710 -0.25067807
18587.3  0.94444444  0.96811647  0.00107791  0.96811707 -0.25067814
18587.4  0.94444444  0.96811650  0.00106136  0.96811708 -0.25067810
18587.5  0.94444444  0.96811653  0.00104659  0.96811710 -0.25067798
18587.6  0.94444444  0.96811658  0.00103511  0.96811714 -0.25067778
18587.7  0.94444444  0.96811666  0.00102874  0.96811721 -0.25067751
18587.8  0.94444444  0.96811671  0.00102807  0.96811726 -0.25067725
18587.9  0.94444444  0.96811676  0.00103297  0.96811731 -0.25067699
18588.0  0.94444444  0.96811678  0.00104274  0.96811735 -0.25067679
18588.1  0.94444444  0.96811679  0.00105606  0.96811737 -0.25067666
18588.2  0.94444444  0.96811679  0.00107134  0.96811739 -0.25067660
18588.3  0.94444444  0.96811678  0.00108703  0.96811739 -0.25067663
18588.4  0.94444444  0.96811673  0.00110098  0.96811736 -0.25067676
18588.5  0.94444444  0.96811668  0.00111150  0.96811732 -0.25067695
18588.6  0.94444444  0.96811661  0.00111734  0.96811726 -0.25067720
18588.7  0.94444444  0.96811656  0.00111767  0.96811721 -0.25067745
18588.8  0.94444444  0.96811653  0.00111298  0.96811717 -0.25067768
18588.9  0.94444444  0.96811650  0.00110371  0.96811713 -0.25067788
18589.0  0.94444444  0.96811649  0.00109106  0.96811710 -0.25067801
18589.1  0.94444444  0.96811649  0.00107650  0.96811709 -0.25067806
18589.2  0.94444444  0.96811651  0.00106168  0.96811709 -0.25067802
18589.3  0.94444444  0.96811655  0.00104856  0.96811712 -0.25067790
18589.4  0.94444444  0.96811661  0.00103886  0.96811716 -0.25067771
18589.5  0.94444444  0.96811666  0.00103361  0.96811721 -0.25067748
18589.6  0.94444444  0.96811671  0.00103338  0.96811726 -0.25067724
18589.7  0.94444444  0.96811674  0.00103798  0.96811729 -0.25067703
18589.8  0.94444444  0.96811677  0.00104676  0.96811733 -0.25067684
18589.9  0.94444444  0.96811679  0.00105888  0.96811736 -0.25067672
18590.0  0.94444444  0.96811678  0.00107276  0.96811738 -0.25067668
18590.1  0.94444444  0.96811676  0.00108674  0.96811737 -0.25067671
18590.2  0.94444444  0.96811671  0.00109899  0.96811734 -0.25067684
18590.3  0.94444444  0.96811666  0.00110794  0.96811730 -0.25067702
18590.4  0.94444444  0.96811662  0.00111268  0.96811726 -0.25067723
18590.5  0.94444444  0.96811657  0.00111282  0.96811721 -0.25067745
18590.6  0.94444444  0.96811654  0.00110836  0.96811717 -0.25067766
18590.7  0.94444444  0.96811651  0.00109990  0.96811714 -0.25067783
18590.8  0.94444444  0.96811649  0.00108832  0.96811710 -0.25067795
18590.9  0.94444444  0.96811650  0.00107508  0.96811710 -0.25067798
18591.0  0.94444444  0.96811653  0.00106197  0.96811711 -0.25067794
18591.1  0.94444444  0.96811657  0.00105056  0.96811714 -0.25067782
18591.2  0.94444444  0.96811661  0.00104229  0.96811718 -0.25067765
18591.3  0.94444444  0.96811665  0.00103795  0.96811721 -0.25067746
18591.4  0.94444444  0.96811669  0.00103793  0.96811725 -0.25067725
18591.5  0.94444444  0.96811673  0.00104227  0.96811729 -0.25067704
18591.6  0.94444444  0.96811676  0.00105048  0.96811733 -0.25067688
18591.7  0.94444444  0.96811677  0.00106155  0.96811736 -0.25067678
18591.8  0.94444444  0.96811676  0.00107408  0.96811736 -0.25067675
18591.9  0.94444444  0.96811673  0.00108636  0.96811734 -0.25067680
18592.0  0.94444444  0.96811670  0.00109692  0.96811732 -0.25067691
18592.1  0.94444444  0.96811666  0.00110463  0.96811729 -0.25067706
18592.2  0.94444444  0.96811662  0.00110862  0.96811726 -0.25067725
18592.3  0.94444444  0.96811658  0.00110853  0.96811722 -0.25067745
18592.4  0.94444444  0.96811654  0.00110426  0.96811717 -0.25067764
18592.5  0.94444444  0.96811652  0.00109633  0.96811714 -0.25067779
18592.6  0.94444444  0.96811651  0.00108578  0.96811712 -0.25067789
18592.7  0.94444444  0.96811652  0.00107400  0.96811712 -0.25067791
18592.8  0.94444444  0.96811655  0.00106251  0.96811713 -0.25067786
18592.9  0.94444444  0.96811658  0.00105265  0.96811715 -0.25067776
18593.0  0.94444444  0.96811661  0.00104544  0.96811718 -0.25067761
18593.1  0.94444444  0.96811665  0.00104174  0.96811721 -0.25067743
18593.2  0.94444444  0.96811669  0.00104204  0.96811725 -0.25067724
18593.3  0.94444444  0.96811673  0.00104624  0.96811730 -0.25067706
18593.4  0.94444444  0.96811675  0.00105388  0.96811733 -0.25067692
18593.5  0.94444444  0.96811675  0.00106386  0.96811734 -0.25067684
18593.6  0.94444444  0.96811674  0.00107490  0.96811734 -0.25067682
18593.7  0.94444444  0.96811672  0.00108565  0.96811733 -0.25067686
18593.8  0.94444444  0.96811669  0.00109490  0.96811731 -0.25067696
18593.9  0.94444444  0.96811666  0.00110163  0.96811729 -0.25067710
18594.0  0.94444444  0.96811662  0.00110504  0.96811725 -0.25067727
18594.1  0.94444444  0.96811658  0.00110465  0.96811721 -0.25067746
18594.2  0.94444444  0.96811655  0.00110053  0.96811717 -0.25067762
18594.3  0.94444444  0.96811653  0.00109325  0.96811715 -0.25067775
18594.4  0.94444444  0.96811653  0.00108381  0.96811714 -0.25067783
18594.5  0.94444444  0.96811654  0.00107348  0.96811714 -0.25067784
18594.6  0.94444444  0.96811656  0.00106340  0.96811714 -0.25067781
18594.7  0.94444444  0.96811658  0.00105469  0.96811716 -0.25067771
18594.8  0.94444444  0.96811662  0.00104837  0.96811718 -0.25067758
18594.9  0.94444444  0.96811665  0.00104520  0.96811722 -0.25067742
18595.0  0.94444444  0.96811669  0.00104559  0.96811726 -0.25067725
18595.1  0.94444444  0.96811672  0.00104943  0.96811729 -0.25067709
18595.2  0.94444444  0.96811674  0.00105618  0.96811731 -0.25067697
18595.3  0.94444444  0.96811674  0.00106494  0.96811733 -0.25067690
18595.4  0.94444444  0.96811673  0.00107466  0.96811733 -0.25067688
18595.5  0.94444444  0.96811671  0.00108422  0.96811732 -0.25067691
18595.6  0.94444444  0.96811669  0.00109252  0.96811731 -0.25067700
18595.7  0.94444444  0.96811666  0.00109862  0.96811728 -0.25067713
18595.8  0.94444444  0.96811662  0.00110171  0.96811725 -0.25067728
18595.9  0.94444444  0.96811659  0.00110142  0.96811721 -0.25067744
18596.0  0.94444444  0.96811656  0.00109779  0.96811718 -0.25067759
18596.1  0.94444444  0.96811654  0.00109134  0.96811716 -0.25067771
18596.2  0.94444444  0.96811654  0.00108294  0.96811715 -0.25067778
18596.3  0.94444444  0.96811655  0.00107365  0.96811715 -0.25067779
18596.4  0.94444444  0.96811657  0.00106456  0.96811715 -0.25067776
18596.5  0.94444444  0.96811659  0.00105668  0.96811716 -0.25067768
18596.6  0.94444444  0.96811662  0.00105095  0.96811719 -0.25067756
18596.7  0.94444444  0.96811665  0.00104809  0.96811722 -0.25067741
18596.8  0.94444444  0.96811669  0.00104851  0.96811726 -0.25067725
18596.9  0.94444444  0.96811672  0.00105213  0.96811729 -0.25067711
18597.0  0.94444444  0.96811673  0.00105839  0.96811731 -0.25067700
18597.1  0.94444444  0.96811673  0.00106640  0.96811731 -0.25067694
18597.2  0.94444444  0.96811672  0.00107517  0.96811732 -0.25067693
18597.3  0.94444444  0.96811671  0.00108374  0.96811731 -0.25067696
18597.4  0.94444444  0.96811669  0.00109118  0.96811730 -0.25067704
18597.5  0.94444444  0.96811666  0.00109658  0.96811728 -0.25067715
18597.6  0.94444444  0.96811662  0.00109920  0.96811724 -0.25067730
18597.7  0.94444444  0.96811658  0.00109863  0.96811721 -0.25067745
18597.8  0.94444444  0.96811656  0.00109502  0.96811718 -0.25067758
18597.9  0.94444444  0.96811656  0.00108903  0.96811717 -0.25067767
18598.0  0.94444444  0.96811656  0.00108147  0.96811716 -0.25067773
18598.1  0.94444444  0.96811656  0.00107320  0.96811716 -0.25067774
18598.2  0.94444444  0.96811657  0.00106508  0.96811716 -0.25067772
18598.3  0.94444444  0.96811659  0.00105801  0.96811717 -0.25067764
18598.4  0.94444444  0.96811662  0.00105292  0.96811719 -0.25067753
18598.5  0.94444444  0.96811666  0.00105060  0.96811723 -0.25067738
18598.6  0.94444444  0.96811669  0.00105135  0.96811726 -0.25067725
18598.7  0.94444444  0.96811671  0.00105487  0.96811728 -0.25067713
18598.8  0.94444444  0.96811671  0.00106055  0.96811729 -0.25067704
18598.9  0.94444444  0.96811671  0.00106767  0.96811730 -0.25067699
18599.0  0.94444444  0.96811671  0.00107545  0.96811731 -0.25067697
18599.1  0.94444444  0.96811671  0.00108327  0.96811732 -0.25067699
18599.2  0.94444444  0.96811668  0.00109003  0.96811729 -0.25067708
18599.3  0.94444444  0.96811665  0.00109458  0.96811726 -0.25067719
18599.4  0.94444444  0.96811662  0.00109662  0.96811724 -0.25067732
18599.5  0.94444444  0.96811658  0.00109575  0.96811720 -0.25067745
18599.6  0.94444444  0.96811658  0.00109233  0.96811720 -0.25067755
18599.7  0.94444444  0.96811658  0.00108716  0.96811719 -0.25067764
18599.8  0.94444444  0.96811656  0.00108036  0.96811716 -0.25067770
18599.9  0.94444444  0.96811657  0.00107278  0.96811716 -0.25067771
18600.0  0.94444444  0.96811657  0.00106547  0.96811716 -0.25067768
18600.1  0.94444444  0.96811659  0.00105909  0.96811717 -0.25067761
18600.2  0.94444444  0.96811664  0.00105488  0.96811722 -0.25067748
18600.3  0.94444444  0.96811666  0.00105336  0.96811724 -0.25067737
18600.4  0.94444444  0.96811667  0.00105408  0.96811725 -0.25067726
18600.5  0.94444444  0.96811670  0.00105725  0.96811728 -0.25067714
18600.6  0.94444444  0.96811669  0.00106236  0.96811728 -0.25067708
18600.7  0.94444444  0.96811671  0.00106862  0.96811730 -0.25067702
18600.8  0.94444444  0.96811673  0.00107608  0.96811732 -0.25067699
18600.9  0.94444444  0.96811668  0.00108305  0.96811729 -0.25067705
18601.0  0.94444444  0.96811667  0.00108869  0.96811729 -0.25067711
18601.1  0.94444444  0.96811664  0.00109267  0.96811725 -0.25067722
18601.2  0.94444444  0.96811661  0.00109395  0.96811722 -0.25067734
18601.3  0.94444444  0.96811661  0.00109316  0.96811723 -0.25067743
18601.4  0.94444444  0.96811659  0.00109038  0.96811720 -0.25067754
18601.5  0.94444444  0.96811656  0.00108539  0.96811717 -0.25067762
18601.6  0.94444444  0.96811657  0.00107919  0.96811718 -0.25067766
18601.7  0.94444444  0.96811656  0.00107237  0.96811715 -0.25067768
18601.8  0.94444444  0.96811659  0.00106557  0.96811717 -0.25067763
18601.9  0.94444444  0.96811663  0.00106056  0.96811721 -0.25067755
18602.0  0.94444444  0.96811662  0.00105706  0.96811720 -0.25067748
18602.1  0.94444444  0.96811667  0.00105556  0.96811724 -0.25067735
18602.2  0.94444444  0.96811666  0.00105656  0.96811724 -0.25067727
18602.3  0.94444444  0.96811668  0.00105908  0.96811726 -0.25067717
18602.4  0.94444444  0.96811672  0.00106392  0.96811730 -0.25067708
18602.5  0.94444444  0.96811670  0.00107003  0.96811730 -0.25067705
18602.6  0.94444444  0.96811670  0.00107640  0.96811730 -0.25067705
18602.7  0.94444444  0.96811669  0.00108258  0.96811729 -0.25067708
18602.8  0.94444444  0.96811665  0.00108738  0.96811726 -0.25067716
18602.9  0.94444444  0.96811664  0.00109043  0.96811726 -0.25067723
18603.0  0.94444444  0.96811663  0.00109197  0.96811725 -0.25067732
18603.1  0.94444444  0.96811659  0.00109114  0.96811721 -0.25067745
18603.2  0.94444444  0.96811660  0.00108837  0.96811722 -0.25067751
18603.3  0.94444444  0.96811656  0.00108392  0.96811716 -0.25067761
18603.4  0.94444444  0.96811657  0.00107791  0.96811717 -0.25067763
18603.5  0.94444444  0.96811659  0.00107199  0.96811719 -0.25067762
18603.6  0.94444444  0.96811659  0.00106639  0.96811718 -0.25067760
18603.7  0.94444444  0.96811662  0.00106180  0.96811721 -0.25067753
18603.8  0.94444444  0.96811663  0.00105890  0.96811721 -0.25067745
18603.9  0.94444444  0.96811664  0.00105754  0.96811722 -0.25067737
18604.0  0.94444444  0.96811667  0.00105822  0.96811725 -0.25067726
18604.1  0.94444444  0.96811669  0.00106117  0.96811728 -0.25067717
18604.2  0.94444444  0.96811669  0.00106546  0.96811728 -0.25067711
18604.3  0.94444444  0.96811671  0.00107103  0.96811730 -0.25067707
18604.4  0.94444444  0.96811668  0.00107670  0.96811727 -0.25067709
18604.5  0.94444444  0.96811667  0.00108173  0.96811728 -0.25067712
18604.6  0.94444444  0.96811667  0.00108616  0.96811728 -0.25067717
18604.7  0.94444444  0.96811664  0.00108895  0.96811725 -0.25067726
18604.8  0.94444444  0.96811663  0.00109016  0.96811725 -0.25067734
18604.9  0.94444444  0.96811660  0.00108936  0.96811721 -0.25067744
18605.0  0.94444444  0.96811658  0.00108650  0.96811719 -0.25067752
18605.1  0.94444444  0.96811659  0.00108223  0.96811719 -0.25067757
18605.2  0.94444444  0.96811658  0.00107720  0.96811718 -0.25067760
18605.3  0.94444444  0.96811660  0.00107185  0.96811719 -0.25067759
18605.4  0.94444444  0.96811661  0.00106706  0.96811720 -0.25067756
18605.5  0.94444444  0.96811660  0.00106298  0.96811719 -0.25067752
18605.6  0.94444444  0.96811664  0.00106015  0.96811722 -0.25067743
18605.7  0.94444444  0.96811665  0.00105928  0.96811723 -0.25067735
18605.8  0.94444444  0.96811668  0.00106014  0.96811726 -0.25067726
18605.9  0.94444444  0.96811669  0.00106293  0.96811728 -0.25067718
18606.0  0.94444444  0.96811669  0.00106699  0.96811727 -0.25067714
18606.1  0.94444444  0.96811668  0.00107165  0.96811728 -0.25067712
18606.2  0.94444444  0.96811668  0.00107663  0.96811728 -0.25067711
18606.3  0.94444444  0.96811667  0.00108127  0.96811728 -0.25067714
18606.4  0.94444444  0.96811666  0.00108509  0.96811727 -0.25067719
18606.5  0.94444444  0.96811664  0.00108772  0.96811726 -0.25067727
18606.6  0.94444444  0.96811661  0.00108844  0.96811722 -0.25067736
18606.7  0.94444444  0.96811661  0.00108741  0.96811722 -0.25067743
18606.8  0.94444444  0.96811659  0.00108482  0.96811720 -0.25067750
18606.9  0.94444444  0.96811659  0.00108100  0.96811720 -0.25067755
18607.0  0.94444444  0.96811660  0.00107663  0.96811720 -0.25067757
18607.1  0.94444444  0.96811659  0.00107194  0.96811718 -0.25067757
18607.2  0.94444444  0.96811660  0.00106747  0.96811719 -0.25067754
18607.3  0.94444444  0.96811662  0.00106385  0.96811720 -0.25067749
18607.4  0.94444444  0.96811664  0.00106155  0.96811722 -0.25067742
18607.5  0.94444444  0.96811666  0.00106092  0.96811724 -0.25067733
18607.6  0.94444444  0.96811667  0.00106203  0.96811725 -0.25067726
18607.7  0.94444444  0.96811667  0.00106444  0.96811726 -0.25067721
18607.8  0.94444444  0.96811668  0.00106797  0.96811727 -0.25067716
18607.9  0.94444444  0.96811668  0.00107218  0.96811727 -0.25067714
18608.0  0.94444444  0.96811668  0.00107662  0.96811728 -0.25067714
18608.1  0.94444444  0.96811667  0.00108091  0.96811728 -0.25067716
18608.2  0.94444444  0.96811665  0.00108427  0.96811726 -0.25067722
18608.3  0.94444444  0.96811663  0.00108630  0.96811724 -0.25067729
18608.4  0.94444444  0.96811662  0.00108679  0.96811723 -0.25067736
18608.5  0.94444444  0.96811661  0.00108574  0.96811722 -0.25067743
18608.6  0.94444444  0.96811661  0.00108347  0.96811721 -0.25067748
18608.7  0.94444444  0.96811660  0.00108017  0.96811720 -0.25067753
18608.8  0.94444444  0.96811659  0.00107611  0.96811719 -0.25067755
18608.9  0.94444444  0.96811660  0.00107183  0.96811719 -0.25067755
18609.0  0.94444444  0.96811660  0.00106782  0.96811719 -0.25067752
18609.1  0.94444444  0.96811663  0.00106471  0.96811721 -0.25067746
18609.2  0.94444444  0.96811664  0.00106293  0.96811723 -0.25067740
18609.3  0.94444444  0.96811665  0.00106251  0.96811724 -0.25067734
18609.4  0.94444444  0.96811666  0.00106347  0.96811725 -0.25067727
18609.5  0.94444444  0.96811667  0.00106564  0.96811726 -0.25067722
18609.6  0.94444444  0.96811668  0.00106880  0.96811727 -0.25067718
18609.7  0.94444444  0.96811668  0.00107271  0.96811728 -0.25067715
18609.8  0.94444444  0.96811668  0.00107681  0.96811728 -0.25067716
18609.9  0.94444444  0.96811666  0.00108051  0.96811727 -0.25067719
18610.0  0.94444444  0.96811665  0.00108335  0.96811725 -0.25067724
18610.1  0.94444444  0.96811663  0.00108496  0.96811724 -0.25067730
18610.2  0.94444444  0.96811663  0.00108533  0.96811723 -0.25067736
18610.3  0.94444444  0.96811661  0.00108446  0.96811722 -0.25067742
18610.4  0.94444444  0.96811660  0.00108237  0.96811721 -0.25067747
18610.5  0.94444444  0.96811660  0.00107930  0.96811720 -0.25067751
18610.6  0.94444444  0.96811659  0.00107555  0.96811719 -0.25067753
18610.7  0.94444444  0.96811660  0.00107169  0.96811720 -0.25067752
18610.8  0.94444444  0.96811662  0.00106829  0.96811721 -0.25067749
18610.9  0.94444444  0.96811663  0.00106572  0.96811722 -0.25067745
18611.0  0.94444444  0.96811664  0.00106419  0.96811723 -0.25067739
18611.1  0.94444444  0.96811665  0.00106384  0.96811723 -0.25067734
18611.2  0.94444444  0.96811666  0.00106467  0.96811724 -0.25067728
18611.3  0.94444444  0.96811667  0.00106665  0.96811726 -0.25067723
18611.4  0.94444444  0.96811668  0.00106959  0.96811727 -0.25067719
18611.5  0.94444444  0.96811668  0.00107308  0.96811727 -0.25067718
18611.6  0.94444444  0.96811667  0.00107664  0.96811727 -0.25067718
18611.7  0.94444444  0.96811666  0.00107982  0.96811726 -0.25067721
18611.8  0.94444444  0.96811665  0.00108226  0.96811725 -0.25067725
18611.9  0.94444444  0.96811664  0.00108373  0.96811724 -0.25067730
18612.0  0.94444444  0.96811663  0.00108411  0.96811723 -0.25067736
18612.1  0.94444444  0.96811662  0.00108337  0.96811722 -0.25067741
18612.2  0.94444444  0.96811661  0.00108155  0.96811721 -0.25067746
18612.3  0.94444444  0.96811660  0.00107882  0.96811720 -0.25067749
18612.4  0.94444444  0.96811660  0.00107552  0.96811720 -0.25067751
18612.5  0.94444444  0.96811661  0.00107211  0.96811720 -0.25067750
18612.6  0.94444444  0.96811662  0.00106905  0.96811721 -0.25067748
18612.7  0.94444444  0.96811663  0.00106671  0.96811722 -0.25067744
18612.8  0.94444444  0.96811664  0.00106531  0.96811723 -0.25067739
18612.9  0.94444444  0.96811665  0.00106493  0.96811723 -0.25067734
18613.0  0.94444444  0.96811666  0.00106564  0.96811724 -0.25067729
18613.1  0.94444444  0.96811667  0.00106738  0.96811726 -0.25067724
18613.2  0.94444444  0.96811667  0.00106997  0.96811726 -0.25067721
18613.3  0.94444444  0.96811667  0.00107308  0.96811727 -0.25067719
18613.4  0.94444444  0.96811667  0.00107628  0.96811726 -0.25067720
18613.5  0.94444444  0.96811666  0.00107915  0.96811726 -0.25067722
18613.6  0.94444444  0.96811665  0.00108136  0.96811725 -0.25067726
18613.7  0.94444444  0.96811664  0.00108271  0.96811724 -0.25067731
18613.8  0.94444444  0.96811663  0.00108310  0.96811723 -0.25067735
18613.9  0.94444444  0.96811662  0.00108246  0.96811722 -0.25067740
