 # AA:        299035.25615521270     
 # FLEGG:     209373.29379482215     
 # AF0:     -6.22068574088730716E-002
 # CPAR:      600.01081710162225     
 # Diff:     8.55074003082074152E-002
 # TF:       3.79473319220205556E-007
 # H:         284.00000000000000     
 # GRAD:     0.10000000000000001     
 # HR:       3.00000000000000006E-003
 # LP:       0.19004008016027388     
 # TIME  LP  TMAB  TMDS  TMPC  TMZ
29668.2  1.00000000  0.96813911 -0.00190328  0.96814099 -0.25061920
29668.3  1.00000000  0.96813969 -0.00316622  0.96814486 -0.25059853
29668.4  1.00000000  0.96814234 -0.00375190  0.96814961 -0.25057290
29668.5  1.00000000  0.96814782 -0.00357750  0.96815443 -0.25054649
29668.6  1.00000000  0.96815521 -0.00267806  0.96815891 -0.25052329
29668.7  1.00000000  0.96816128 -0.00120222  0.96816202 -0.25050725
29668.8  1.00000000  0.96816277  0.00059636  0.96816295 -0.25050114
29668.9  1.00000000  0.96815897  0.00241736  0.96816198 -0.25050547
29669.0  1.00000000  0.96815122  0.00396861  0.96815935 -0.25051934
29669.1  1.00000000  0.96814272  0.00500729  0.96815567 -0.25054023
29669.2  1.00000000  0.96813644  0.00538471  0.96815141 -0.25056483
29669.3  1.00000000  0.96813332  0.00504177  0.96814644 -0.25058978
29669.4  1.00000000  0.96813376  0.00402688  0.96814213 -0.25061059
29669.5  1.00000000  0.96813640  0.00251699  0.96813967 -0.25062350
29669.6  1.00000000  0.96813920  0.00077627  0.96813951 -0.25062649
29669.7  1.00000000  0.96814060 -0.00090294  0.96814102 -0.25061973
29669.8  1.00000000  0.96814084 -0.00226611  0.96814349 -0.25060484
29669.9  1.00000000  0.96814243 -0.00310422  0.96814740 -0.25058358
29670.0  1.00000000  0.96814670 -0.00327510  0.96815224 -0.25055937
29670.1  1.00000000  0.96815278 -0.00275585  0.96815671 -0.25053659
29670.2  1.00000000  0.96815849 -0.00164587  0.96815989 -0.25051906
29670.3  1.00000000  0.96816116 -0.00014408  0.96816117 -0.25050962
29670.4  1.00000000  0.96815984  0.00149710  0.96816100 -0.25050915
29670.5  1.00000000  0.96815494  0.00302170  0.96815966 -0.25051737
29670.6  1.00000000  0.96814801  0.00419465  0.96815709 -0.25053310
29670.7  1.00000000  0.96814137  0.00483660  0.96815346 -0.25055396
29670.8  1.00000000  0.96813675  0.00484087  0.96814885 -0.25057693
29670.9  1.00000000  0.96813546  0.00419984  0.96814457 -0.25059782
29671.0  1.00000000  0.96813718  0.00303401  0.96814193 -0.25061273
29671.1  1.00000000  0.96813970  0.00155270  0.96814094 -0.25061967
29671.2  1.00000000  0.96814123 -0.00000288  0.96814123 -0.25061806
29671.3  1.00000000  0.96814168 -0.00139420  0.96814268 -0.25060832
29671.4  1.00000000  0.96814284 -0.00240033  0.96814582 -0.25059149
29671.5  1.00000000  0.96814604 -0.00284702  0.96815022 -0.25057030
29671.6  1.00000000  0.96815070 -0.00266688  0.96815438 -0.25054891
29671.7  1.00000000  0.96815569 -0.00190957  0.96815757 -0.25053081
29671.8  1.00000000  0.96815922 -0.00071321  0.96815948 -0.25051871
29671.9  1.00000000  0.96815994  0.00072308  0.96816021 -0.25051415
29672.0  1.00000000  0.96815737  0.00217414  0.96815981 -0.25051761
29672.1  1.00000000  0.96815194  0.00341136  0.96815795 -0.25052879
29672.2  1.00000000  0.96814551  0.00423502  0.96815478 -0.25054593
29672.3  1.00000000  0.96814029  0.00451149  0.96815080 -0.25056621
29672.4  1.00000000  0.96813782  0.00419869  0.96814692 -0.25058608
29672.5  1.00000000  0.96813821  0.00336141  0.96814405 -0.25060210
29672.6  1.00000000  0.96813985  0.00214753  0.96814223 -0.25061207
29672.7  1.00000000  0.96814130  0.00075134  0.96814159 -0.25061460
29672.8  1.00000000  0.96814232 -0.00060277  0.96814251 -0.25060912
29672.9  1.00000000  0.96814356 -0.00169190  0.96814504 -0.25059646
29673.0  1.00000000  0.96814584 -0.00233507  0.96814866 -0.25057883
29673.1  1.00000000  0.96814924 -0.00243617  0.96815231 -0.25055957
29673.2  1.00000000  0.96815343 -0.00199573  0.96815548 -0.25054172
29673.3  1.00000000  0.96815730 -0.00109418  0.96815792 -0.25052795
29673.4  1.00000000  0.96815926  0.00011844  0.96815927 -0.25052037
29673.5  1.00000000  0.96815828  0.00144495  0.96815936 -0.25052010
29673.6  1.00000000  0.96815434  0.00267030  0.96815803 -0.25052721
29673.7  1.00000000  0.96814884  0.00359560  0.96815551 -0.25054045
29673.8  1.00000000  0.96814382  0.00407741  0.96815241 -0.25055746
29673.9  1.00000000  0.96814064  0.00404695  0.96814910 -0.25057556
29674.0  1.00000000  0.96813966  0.00351532  0.96814605 -0.25059187
29674.1  1.00000000  0.96814026  0.00257149  0.96814367 -0.25060383
29674.2  1.00000000  0.96814154  0.00136950  0.96814251 -0.25060943
29674.3  1.00000000  0.96814296  0.00011181  0.96814297 -0.25060766
29674.4  1.00000000  0.96814420 -0.00099253  0.96814471 -0.25059909
29674.5  1.00000000  0.96814570 -0.00176914  0.96814732 -0.25058533
29674.6  1.00000000  0.96814811 -0.00210040  0.96815039 -0.25056865
29674.7  1.00000000  0.96815160 -0.00194009  0.96815354 -0.25055168
29674.8  1.00000000  0.96815542 -0.00131788  0.96815631 -0.25053711
29674.9  1.00000000  0.96815801 -0.00034063  0.96815807 -0.25052743
29675.0  1.00000000  0.96815819  0.00082478  0.96815855 -0.25052414
29675.1  1.00000000  0.96815579  0.00198628  0.96815783 -0.25052753
29675.2  1.00000000  0.96815163  0.00295876  0.96815615 -0.25053688
29675.3  1.00000000  0.96814718  0.00359411  0.96815385 -0.25055056
29675.4  1.00000000  0.96814352  0.00379771  0.96815097 -0.25056661
29675.5  1.00000000  0.96814135  0.00353490  0.96814780 -0.25058255
29675.6  1.00000000  0.96814094  0.00284712  0.96814512 -0.25059557
29675.7  1.00000000  0.96814186  0.00185320  0.96814364 -0.25060338
29675.8  1.00000000  0.96814331  0.00072639  0.96814359 -0.25060477
29675.9  1.00000000  0.96814447 -0.00034736  0.96814453 -0.25059995
29676.0  1.00000000  0.96814553 -0.00120316  0.96814628 -0.25058983
29676.1  1.00000000  0.96814741 -0.00170676  0.96814891 -0.25057579
29676.2  1.00000000  0.96815040 -0.00177511  0.96815202 -0.25056015
29676.3  1.00000000  0.96815387 -0.00140036  0.96815488 -0.25054563
29676.4  1.00000000  0.96815659 -0.00065365  0.96815681 -0.25053476
29676.5  1.00000000  0.96815752  0.00033128  0.96815758 -0.25052918
29676.6  1.00000000  0.96815645  0.00139179  0.96815745 -0.25052938
29676.7  1.00000000  0.96815363  0.00236243  0.96815651 -0.25053520
29676.8  1.00000000  0.96814983  0.00309400  0.96815478 -0.25054576
29676.9  1.00000000  0.96814600  0.00347163  0.96815222 -0.25055956
29677.0  1.00000000  0.96814312  0.00343016  0.96814919 -0.25057441
29677.1  1.00000000  0.96814199  0.00297719  0.96814657 -0.25058755
29677.2  1.00000000  0.96814248  0.00219809  0.96814498 -0.25059671
29677.3  1.00000000  0.96814362  0.00122952  0.96814440 -0.25060068
29677.4  1.00000000  0.96814462  0.00022767  0.96814465 -0.25059911
29677.5  1.00000000  0.96814556 -0.00065233  0.96814578 -0.25059226
29677.6  1.00000000  0.96814716 -0.00126770  0.96814799 -0.25058096
29677.7  1.00000000  0.96814961 -0.00151439  0.96815080 -0.25056721
29677.8  1.00000000  0.96815245 -0.00135818  0.96815340 -0.25055355
29677.9  1.00000000  0.96815496 -0.00083731  0.96815533 -0.25054224
29678.0  1.00000000  0.96815645 -0.00004641  0.96815645 -0.25053491
29678.1  1.00000000  0.96815650  0.00088581  0.96815690 -0.25053242
29678.2  1.00000000  0.96815488  0.00181433  0.96815658 -0.25053513
29678.3  1.00000000  0.96815182  0.00259217  0.96815529 -0.25054277
29678.4  1.00000000  0.96814818  0.00309255  0.96815312 -0.25055415
29678.5  1.00000000  0.96814512  0.00323315  0.96815052 -0.25056732
29678.6  1.00000000  0.96814352  0.00299580  0.96814815 -0.25057991
29678.7  1.00000000  0.96814335  0.00242930  0.96814640 -0.25058990
29678.8  1.00000000  0.96814390  0.00163035  0.96814527 -0.25059593
29678.9  1.00000000  0.96814466  0.00072628  0.96814493 -0.25059709
29679.0  1.00000000  0.96814561 -0.00013723  0.96814562 -0.25059309
29679.1  1.00000000  0.96814702 -0.00081645  0.96814736 -0.25058451
29679.2  1.00000000  0.96814894 -0.00119931  0.96814968 -0.25057298
29679.3  1.00000000  0.96815117 -0.00123136  0.96815195 -0.25056060
29679.4  1.00000000  0.96815349 -0.00091792  0.96815393 -0.25054929
29679.5  1.00000000  0.96815540 -0.00031495  0.96815546 -0.25054071
29679.6  1.00000000  0.96815625  0.00047952  0.96815637 -0.25053615
29679.7  1.00000000  0.96815549  0.00133769  0.96815642 -0.25053636
29679.8  1.00000000  0.96815316  0.00211904  0.96815548 -0.25054138
29679.9  1.00000000  0.96815001  0.00269567  0.96815376 -0.25055029
29680.0  1.00000000  0.96814708  0.00297728  0.96815166 -0.25056150
29680.1  1.00000000  0.96814510  0.00292438  0.96814951 -0.25057318
29680.2  1.00000000  0.96814422  0.00255094  0.96814758 -0.25058350
29680.3  1.00000000  0.96814419  0.00191866  0.96814609 -0.25059090
29680.4  1.00000000  0.96814476  0.00113087  0.96814542 -0.25059407
29680.5  1.00000000  0.96814575  0.00032028  0.96814580 -0.25059246
29680.6  1.00000000  0.96814698 -0.00037790  0.96814705 -0.25058649
29680.7  1.00000000  0.96814844 -0.00085286  0.96814882 -0.25057730
29680.8  1.00000000  0.96815024 -0.00103465  0.96815079 -0.25056645
29680.9  1.00000000  0.96815236 -0.00089956  0.96815278 -0.25055559
29681.0  1.00000000  0.96815440 -0.00047176  0.96815452 -0.25054643
29681.1  1.00000000  0.96815561  0.00017659  0.96815563 -0.25054051
29681.2  1.00000000  0.96815545  0.00093634  0.96815590 -0.25053877
29681.3  1.00000000  0.96815389  0.00168174  0.96815535 -0.25054140
29681.4  1.00000000  0.96815145  0.00229343  0.96815416 -0.25054782
29681.5  1.00000000  0.96814885  0.00267777  0.96815256 -0.25055695
29681.6  1.00000000  0.96814666  0.00277683  0.96815064 -0.25056740
29681.7  1.00000000  0.96814524  0.00257526  0.96814866 -0.25057754
29681.8  1.00000000  0.96814475  0.00210649  0.96814704 -0.25058563
29681.9  1.00000000  0.96814511  0.00145122  0.96814620 -0.25059025
29682.0  1.00000000  0.96814596  0.00072226  0.96814623 -0.25059074
29682.1  1.00000000  0.96814692  0.00003900  0.96814692 -0.25058723
29682.2  1.00000000  0.96814802 -0.00049240  0.96814815 -0.25058037
29682.3  1.00000000  0.96814951 -0.00078953  0.96814983 -0.25057119
29682.4  1.00000000  0.96815142 -0.00080542  0.96815176 -0.25056115
29682.5  1.00000000  0.96815338 -0.00053948  0.96815353 -0.25055197
29682.6  1.00000000  0.96815473 -0.00004039  0.96815473 -0.25054521
29682.7  1.00000000  0.96815507  0.00060499  0.96815526 -0.25054188
29682.8  1.00000000  0.96815429  0.00129081  0.96815515 -0.25054235
29682.9  1.00000000  0.96815260  0.00190908  0.96815448 -0.25054646
29683.0  1.00000000  0.96815037  0.00236354  0.96815325 -0.25055359
29683.1  1.00000000  0.96814809  0.00258136  0.96815153 -0.25056269
29683.2  1.00000000  0.96814632  0.00252618  0.96814962 -0.25057222
29683.3  1.00000000  0.96814550  0.00220970  0.96814802 -0.25058049
29683.4  1.00000000  0.96814555  0.00169010  0.96814703 -0.25058613
29683.5  1.00000000  0.96814610  0.00105667  0.96814667 -0.25058837
29683.6  1.00000000  0.96814680  0.00041122  0.96814688 -0.25058700
29683.7  1.00000000  0.96814771 -0.00014470  0.96814772 -0.25058221
29683.8  1.00000000  0.96814904 -0.00052077  0.96814918 -0.25057470
29683.9  1.00000000  0.96815073 -0.00065538  0.96815095 -0.25056578
29684.0  1.00000000  0.96815246 -0.00053057  0.96815261 -0.25055703
29684.1  1.00000000  0.96815384 -0.00017368  0.96815385 -0.25054988
29684.2  1.00000000  0.96815455  0.00035240  0.96815461 -0.25054536
29684.3  1.00000000  0.96815441  0.00096254  0.96815489 -0.25054407
29684.4  1.00000000  0.96815332  0.00156028  0.96815457 -0.25054621
29684.5  1.00000000  0.96815144  0.00204947  0.96815361 -0.25055151
29684.6  1.00000000  0.96814926  0.00234975  0.96815211 -0.25055911
29684.7  1.00000000  0.96814743  0.00241327  0.96815044 -0.25056765
29684.8  1.00000000  0.96814639  0.00223431  0.96814897 -0.25057565
29684.9  1.00000000  0.96814611  0.00184819  0.96814787 -0.25058188
29685.0  1.00000000  0.96814630  0.00131963  0.96814720 -0.25058546
29685.1  1.00000000  0.96814678  0.00073318  0.96814706 -0.25058584
29685.2  1.00000000  0.96814759  0.00018387  0.96814761 -0.25058289
29685.3  1.00000000  0.96814876 -0.00023702  0.96814879 -0.25057709
29685.4  1.00000000  0.96815016 -0.00046155  0.96815027 -0.25056955
29685.5  1.00000000  0.96815160 -0.00045870  0.96815171 -0.25056157
29685.6  1.00000000  0.96815293 -0.00023499  0.96815296 -0.25055439
29685.7  1.00000000  0.96815392  0.00017082  0.96815393 -0.25054906
29685.8  1.00000000  0.96815424  0.00069349  0.96815449 -0.25054639
29685.9  1.00000000  0.96815364  0.00124847  0.96815445 -0.25054687
29686.0  1.00000000  0.96815217  0.00174389  0.96815374 -0.25055044
29686.1  1.00000000  0.96815030  0.00209861  0.96815257 -0.25055643
29686.2  1.00000000  0.96814858  0.00225797  0.96815121 -0.25056376
29686.3  1.00000000  0.96814737  0.00220102  0.96814988 -0.25057124
29686.4  1.00000000  0.96814673  0.00194039  0.96814867 -0.25057775
29686.5  1.00000000  0.96814656  0.00151831  0.96814775 -0.25058229
29686.6  1.00000000  0.96814685  0.00100366  0.96814737 -0.25058404
29686.7  1.00000000  0.96814755  0.00048308  0.96814767 -0.25058270
29686.8  1.00000000  0.96814852  0.00004319  0.96814852 -0.25057859
29686.9  1.00000000  0.96814963 -0.00024673  0.96814966 -0.25057251
29687.0  1.00000000  0.96815085 -0.00034477  0.96815091 -0.25056546
29687.1  1.00000000  0.96815216 -0.00023827  0.96815219 -0.25055848
29687.2  1.00000000  0.96815333  0.00005509  0.96815333 -0.25055268
29687.3  1.00000000  0.96815392  0.00048658  0.96815405 -0.25054906
29687.4  1.00000000  0.96815368  0.00098339  0.96815418 -0.25054821
29687.5  1.00000000  0.96815264  0.00146239  0.96815375 -0.25055022
29687.6  1.00000000  0.96815116  0.00184650  0.96815292 -0.25055463
29687.7  1.00000000  0.96814961  0.00207736  0.96815184 -0.25056070
29687.8  1.00000000  0.96814827  0.00212056  0.96815059 -0.25056750
29687.9  1.00000000  0.96814732  0.00196981  0.96814932 -0.25057397
29688.0  1.00000000  0.96814690  0.00165007  0.96814831 -0.25057902
29688.1  1.00000000  0.96814705  0.00121628  0.96814781 -0.25058175
29688.2  1.00000000  0.96814760  0.00074306  0.96814789 -0.25058178
29688.3  1.00000000  0.96814834  0.00030768  0.96814839 -0.25057924
29688.4  1.00000000  0.96814922 -0.00002241  0.96814922 -0.25057459
29688.5  1.00000000  0.96815031 -0.00019653  0.96815033 -0.25056855
29688.6  1.00000000  0.96815156 -0.00018726  0.96815158 -0.25056205
29688.7  1.00000000  0.96815272  0.00000313  0.96815272 -0.25055620
29688.8  1.00000000  0.96815342  0.00034037  0.96815348 -0.25055202
29688.9  1.00000000  0.96815346  0.00076575  0.96815377 -0.25055012
29689.0  1.00000000  0.96815287  0.00120916  0.96815363 -0.25055072
29689.1  1.00000000  0.96815180  0.00160064  0.96815312 -0.25055364
29689.2  1.00000000  0.96815045  0.00187944  0.96815228 -0.25055845
29689.3  1.00000000  0.96814907  0.00200108  0.96815114 -0.25056441
29689.4  1.00000000  0.96814798  0.00194571  0.96814994 -0.25057052
29689.5  1.00000000  0.96814742  0.00172461  0.96814895 -0.25057571
29689.6  1.00000000  0.96814739  0.00137791  0.96814837 -0.25057913
29689.7  1.00000000  0.96814771  0.00096458  0.96814819 -0.25058033
29689.8  1.00000000  0.96814821  0.00055070  0.96814836 -0.25057920
29689.9  1.00000000  0.96814892  0.00020123  0.96814894 -0.25057590
29690.0  1.00000000  0.96814989 -0.00002724  0.96814989 -0.25057092
29690.1  1.00000000  0.96815102 -0.00009749  0.96815103 -0.25056512
29690.2  1.00000000  0.96815209 -0.00000037  0.96815209 -0.25055952
29690.3  1.00000000  0.96815284  0.00024412  0.96815287 -0.25055503
29690.4  1.00000000  0.96815316  0.00059332  0.96815334 -0.25055230
29690.5  1.00000000  0.96815298  0.00099084  0.96815348 -0.25055169
29690.6  1.00000000  0.96815226  0.00137360  0.96815323 -0.25055331
29690.7  1.00000000  0.96815111  0.00167982  0.96815256 -0.25055694
29690.8  1.00000000  0.96814979  0.00185921  0.96815157 -0.25056197
29690.9  1.00000000  0.96814867  0.00188349  0.96815050 -0.25056750
29691.0  1.00000000  0.96814799  0.00175230  0.96814958 -0.25057259
29691.1  1.00000000  0.96814774  0.00149051  0.96814889 -0.25057647
29691.2  1.00000000  0.96814780  0.00114146  0.96814847 -0.25057859
29691.3  1.00000000  0.96814812  0.00076099  0.96814842 -0.25057861
29691.4  1.00000000  0.96814873  0.00041101  0.96814882 -0.25057649
29691.5  1.00000000  0.96814960  0.00014968  0.96814961 -0.25057258
29691.6  1.00000000  0.96815058  0.00001887  0.96815058 -0.25056762
29691.7  1.00000000  0.96815152  0.00003635  0.96815152 -0.25056246
29691.8  1.00000000  0.96815231  0.00019572  0.96815233 -0.25055789
29691.9  1.00000000  0.96815283  0.00046970  0.96815295 -0.25055459
29692.0  1.00000000  0.96815293  0.00081406  0.96815327 -0.25055307
29692.1  1.00000000  0.96815246  0.00117258  0.96815317 -0.25055363
29692.2  1.00000000  0.96815152  0.00148574  0.96815266 -0.25055615
29692.3  1.00000000  0.96815038  0.00170258  0.96815188 -0.25056017
29692.4  1.00000000  0.96814934  0.00179020  0.96815099 -0.25056496
29692.5  1.00000000  0.96814857  0.00173792  0.96815013 -0.25056976
29692.6  1.00000000  0.96814812  0.00155623  0.96814937 -0.25057385
29692.7  1.00000000  0.96814798  0.00127427  0.96814882 -0.25057661
29692.8  1.00000000  0.96814817  0.00093838  0.96814863 -0.25057753
29692.9  1.00000000  0.96814868  0.00060491  0.96814886 -0.25057645
29693.0  1.00000000  0.96814938  0.00032903  0.96814944 -0.25057363
29693.1  1.00000000  0.96815018  0.00015388  0.96815019 -0.25056960
29693.2  1.00000000  0.96815100  0.00010465  0.96815100 -0.25056501
29693.3  1.00000000  0.96815181  0.00018737  0.96815183 -0.25056055
29693.4  1.00000000  0.96815245  0.00038832  0.96815253 -0.25055692
29693.5  1.00000000  0.96815272  0.00067417  0.96815296 -0.25055476
29693.6  1.00000000  0.96815249  0.00099669  0.96815300 -0.25055441
29693.7  1.00000000  0.96815181  0.00130205  0.96815268 -0.25055589
29693.8  1.00000000  0.96815090  0.00154142  0.96815213 -0.25055888
29693.9  1.00000000  0.96814997  0.00167865  0.96815142 -0.25056288
29694.0  1.00000000  0.96814914  0.00169353  0.96815062 -0.25056728
29694.1  1.00000000  0.96814852  0.00158395  0.96814982 -0.25057140
29694.2  1.00000000  0.96814822  0.00136792  0.96814919 -0.25057454
29694.3  1.00000000  0.96814829  0.00108234  0.96814890 -0.25057614
29694.4  1.00000000  0.96814866  0.00077608  0.96814897 -0.25057598
29694.5  1.00000000  0.96814919  0.00049909  0.96814932 -0.25057418
29694.6  1.00000000  0.96814982  0.00029411  0.96814987 -0.25057106
29694.7  1.00000000  0.96815057  0.00019256  0.96815059 -0.25056709
29694.8  1.00000000  0.96815138  0.00021057  0.96815141 -0.25056288
29694.9  1.00000000  0.96815209  0.00034495  0.96815215 -0.25055916
29695.0  1.00000000  0.96815246  0.00057192  0.96815262 -0.25055657
29695.1  1.00000000  0.96815240  0.00085176  0.96815277 -0.25055551
29695.2  1.00000000  0.96815198  0.00113823  0.96815265 -0.25055607
29695.3  1.00000000  0.96815131  0.00138636  0.96815230 -0.25055812
29695.4  1.00000000  0.96815048  0.00155775  0.96815173 -0.25056134
29695.5  1.00000000  0.96814962  0.00162514  0.96815099 -0.25056525
29695.6  1.00000000  0.96814891  0.00157723  0.96815019 -0.25056920
29695.7  1.00000000  0.96814852  0.00142323  0.96814957 -0.25057247
29695.8  1.00000000  0.96814849  0.00119123  0.96814922 -0.25057455
29695.9  1.00000000  0.96814870  0.00092066  0.96814914 -0.25057515
29696.0  1.00000000  0.96814907  0.00065465  0.96814929 -0.25057426
29696.1  1.00000000  0.96814958  0.00043471  0.96814967 -0.25057199
29696.2  1.00000000  0.96815027  0.00029628  0.96815032 -0.25056867
29696.3  1.00000000  0.96815104  0.00026241  0.96815107 -0.25056487
29696.4  1.00000000  0.96815170  0.00033702  0.96815175 -0.25056128
29696.5  1.00000000  0.96815211  0.00050500  0.96815224 -0.25055848
29696.6  1.00000000  0.96815222  0.00073695  0.96815250 -0.25055687
29696.7  1.00000000  0.96815205  0.00099536  0.96815256 -0.25055663
29696.8  1.00000000  0.96815158  0.00123988  0.96815237 -0.25055783
29696.9  1.00000000  0.96815086  0.00143097  0.96815191 -0.25056030
29697.0  1.00000000  0.96815004  0.00153708  0.96815126 -0.25056362
29697.1  1.00000000  0.96814933  0.00154165  0.96815056 -0.25056721
29697.2  1.00000000  0.96814890  0.00144630  0.96814998 -0.25057044
29697.3  1.00000000  0.96814874  0.00126925  0.96814957 -0.25057284
29697.4  1.00000000  0.96814877  0.00103945  0.96814933 -0.25057408
29697.5  1.00000000  0.96814899  0.00079322  0.96814931 -0.25057395
29697.6  1.00000000  0.96814942  0.00057066  0.96814959 -0.25057245
29697.7  1.00000000  0.96815003  0.00040870  0.96815012 -0.25056982
29697.8  1.00000000  0.96815070  0.00033365  0.96815076 -0.25056655
29697.9  1.00000000  0.96815129  0.00035515  0.96815136 -0.25056322
29698.0  1.00000000  0.96815175  0.00046714  0.96815186 -0.25056034
29698.1  1.00000000  0.96815203  0.00065078  0.96815224 -0.25055830
29698.2  1.00000000  0.96815204  0.00087664  0.96815244 -0.25055745
29698.3  1.00000000  0.96815173  0.00110819  0.96815237 -0.25055793
29698.4  1.00000000  0.96815113  0.00130670  0.96815201 -0.25055969
29698.5  1.00000000  0.96815040  0.00143962  0.96815147 -0.25056238
29698.6  1.00000000  0.96814976  0.00148711  0.96815090 -0.25056552
29698.7  1.00000000  0.96814928  0.00144380  0.96815035 -0.25056861
29698.8  1.00000000  0.96814897  0.00131796  0.96814987 -0.25057119
29698.9  1.00000000  0.96814886  0.00112969  0.96814952 -0.25057287
29699.0  1.00000000  0.96814898  0.00090968  0.96814941 -0.25057334
29699.1  1.00000000  0.96814935  0.00069515  0.96814960 -0.25057251
29699.2  1.00000000  0.96814986  0.00052173  0.96815000 -0.25057056
29699.3  1.00000000  0.96815041  0.00041641  0.96815050 -0.25056788
29699.4  1.00000000  0.96815095  0.00039393  0.96815103 -0.25056489
29699.5  1.00000000  0.96815144  0.00045659  0.96815155 -0.25056203
29699.6  1.00000000  0.96815182  0.00059425  0.96815201 -0.25055976
29699.7  1.00000000  0.96815194  0.00078419  0.96815226 -0.25055847
29699.8  1.00000000  0.96815175  0.00099421  0.96815226 -0.25055838
29699.9  1.00000000  0.96815129  0.00118911  0.96815202 -0.25055947
29700.0  1.00000000  0.96815072  0.00133785  0.96815164 -0.25056151
29700.1  1.00000000  0.96815014  0.00141830  0.96815118 -0.25056415
29700.2  1.00000000  0.96814962  0.00141878  0.96815066 -0.25056700
29700.3  1.00000000  0.96814922  0.00133928  0.96815014 -0.25056962
29700.4  1.00000000  0.96814902  0.00119289  0.96814975 -0.25057156
29700.5  1.00000000  0.96814907  0.00100474  0.96814959 -0.25057247
29700.6  1.00000000  0.96814934  0.00080701  0.96814968 -0.25057224
29700.7  1.00000000  0.96814971  0.00063178  0.96814992 -0.25057097
29700.8  1.00000000  0.96815016  0.00050585  0.96815029 -0.25056887
29700.9  1.00000000  0.96815066  0.00044841  0.96815076 -0.25056627
29701.0  1.00000000  0.96815117  0.00046859  0.96815128 -0.25056356
29701.1  1.00000000  0.96815158  0.00056288  0.96815175 -0.25056121
29701.2  1.00000000  0.96815177  0.00071465  0.96815203 -0.25055964
29701.3  1.00000000  0.96815169  0.00089748  0.96815211 -0.25055907
29701.4  1.00000000  0.96815141  0.00108136  0.96815201 -0.25055954
29701.5  1.00000000  0.96815098  0.00123758  0.96815177 -0.25056095
29701.6  1.00000000  0.96815046  0.00134194  0.96815139 -0.25056310
29701.7  1.00000000  0.96814992  0.00137772  0.96815090 -0.25056565
29701.8  1.00000000  0.96814947  0.00133898  0.96815040 -0.25056817
29701.9  1.00000000  0.96814923  0.00123311  0.96815001 -0.25057022
29702.0  1.00000000  0.96814920  0.00107918  0.96814980 -0.25057147
29702.1  1.00000000  0.96814934  0.00090311  0.96814976 -0.25057177
29702.2  1.00000000  0.96814959  0.00073289  0.96814987 -0.25057109
29702.3  1.00000000  0.96814996  0.00059514  0.96815014 -0.25056953
29702.4  1.00000000  0.96815043  0.00051222  0.96815057 -0.25056734
29702.5  1.00000000  0.96815093  0.00049773  0.96815106 -0.25056487
29702.6  1.00000000  0.96815133  0.00055298  0.96815149 -0.25056258
29702.7  1.00000000  0.96815156  0.00066715  0.96815179 -0.25056084
29702.8  1.00000000  0.96815161  0.00082045  0.96815195 -0.25055988
29702.9  1.00000000  0.96815147  0.00098827  0.96815198 -0.25055983
29703.0  1.00000000  0.96815116  0.00114413  0.96815183 -0.25056070
29703.1  1.00000000  0.96815069  0.00126275  0.96815152 -0.25056238
29703.2  1.00000000  0.96815017  0.00132460  0.96815108 -0.25056457
29703.3  1.00000000  0.96814973  0.00132017  0.96815063 -0.25056689
29703.4  1.00000000  0.96814946  0.00125192  0.96815027 -0.25056894
29703.5  1.00000000  0.96814935  0.00113241  0.96815001 -0.25057042
29703.6  1.00000000  0.96814937  0.00098116  0.96814987 -0.25057112
29703.7  1.00000000  0.96814954  0.00082228  0.96814988 -0.25057094
29703.8  1.00000000  0.96814985  0.00068161  0.96815009 -0.25056987
29703.9  1.00000000  0.96815027  0.00058252  0.96815044 -0.25056811
29704.0  1.00000000  0.96815071  0.00054075  0.96815086 -0.25056597
29704.1  1.00000000  0.96815108  0.00056148  0.96815124 -0.25056384
29704.2  1.00000000  0.96815135  0.00063981  0.96815156 -0.25056202
29704.3  1.00000000  0.96815149  0.00076260  0.96815179 -0.25056078
29704.4  1.00000000  0.96815147  0.00091023  0.96815190 -0.25056032
29704.5  1.00000000  0.96815125  0.00105863  0.96815182 -0.25056073
29704.6  1.00000000  0.96815085  0.00118309  0.96815158 -0.25056195
29704.7  1.00000000  0.96815041  0.00126341  0.96815123 -0.25056373
29704.8  1.00000000  0.96815000  0.00128771  0.96815086 -0.25056577
29704.9  1.00000000  0.96814970  0.00125354  0.96815051 -0.25056774
29705.0  1.00000000  0.96814950  0.00116709  0.96815021 -0.25056936
29705.1  1.00000000  0.96814944  0.00104221  0.96815000 -0.25057037
29705.2  1.00000000  0.96814953  0.00089940  0.96814995 -0.25057058
29705.3  1.00000000  0.96814978  0.00076268  0.96815008 -0.25056996
29705.4  1.00000000  0.96815013  0.00065458  0.96815035 -0.25056864
29705.5  1.00000000  0.96815049  0.00059180  0.96815067 -0.25056687
29705.6  1.00000000  0.96815084  0.00058309  0.96815101 -0.25056494
29705.7  1.00000000  0.96815115  0.00062915  0.96815135 -0.25056312
29705.8  1.00000000  0.96815137  0.00072251  0.96815164 -0.25056170
29705.9  1.00000000  0.96815142  0.00084774  0.96815179 -0.25056095
29706.0  1.00000000  0.96815127  0.00098363  0.96815177 -0.25056097
29706.1  1.00000000  0.96815098  0.00110752  0.96815161 -0.25056175
29706.2  1.00000000  0.96815061  0.00119977  0.96815136 -0.25056312
29706.3  1.00000000  0.96815024  0.00124658  0.96815105 -0.25056485
29706.4  1.00000000  0.96814991  0.00124133  0.96815071 -0.25056669
29706.5  1.00000000  0.96814966  0.00118505  0.96815038 -0.25056835
29706.6  1.00000000  0.96814953  0.00108677  0.96815014 -0.25056955
29706.7  1.00000000  0.96814957  0.00096335  0.96815005 -0.25057007
29706.8  1.00000000  0.96814975  0.00083577  0.96815011 -0.25056985
29706.9  1.00000000  0.96815001  0.00072468  0.96815028 -0.25056896
29707.0  1.00000000  0.96815032  0.00064714  0.96815053 -0.25056756
29707.1  1.00000000  0.96815065  0.00061490  0.96815084 -0.25056585
29707.2  1.00000000  0.96815097  0.00063305  0.96815118 -0.25056411
29707.3  1.00000000  0.96815122  0.00069851  0.96815148 -0.25056262
29707.4  1.00000000  0.96815132  0.00079989  0.96815165 -0.25056166
29707.5  1.00000000  0.96815125  0.00091957  0.96815169 -0.25056136
29707.6  1.00000000  0.96815105  0.00103782  0.96815161 -0.25056174
29707.7  1.00000000  0.96815077  0.00113620  0.96815144 -0.25056271
29707.8  1.00000000  0.96815044  0.00119960  0.96815119 -0.25056414
29707.9  1.00000000  0.96815010  0.00121793  0.96815087 -0.25056580
29708.0  1.00000000  0.96814981  0.00118810  0.96815054 -0.25056742
29708.1  1.00000000  0.96814966  0.00111551  0.96815030 -0.25056871
29708.2  1.00000000  0.96814965  0.00101326  0.96815018 -0.25056946
29708.3  1.00000000  0.96814976  0.00089867  0.96815017 -0.25056958
29708.4  1.00000000  0.96814993  0.00078985  0.96815026 -0.25056907
29708.5  1.00000000  0.96815018  0.00070362  0.96815043 -0.25056802
29708.6  1.00000000  0.96815049  0.00065381  0.96815071 -0.25056658
29708.7  1.00000000  0.96815081  0.00064882  0.96815103 -0.25056497
29708.8  1.00000000  0.96815107  0.00068901  0.96815131 -0.25056350
29708.9  1.00000000  0.96815119  0.00076645  0.96815149 -0.25056242
29709.0  1.00000000  0.96815119  0.00086767  0.96815158 -0.25056186
29709.1  1.00000000  0.96815109  0.00097640  0.96815158 -0.25056189
29709.2  1.00000000  0.96815089  0.00107578  0.96815149 -0.25056250
29709.3  1.00000000  0.96815060  0.00114986  0.96815129 -0.25056363
29709.4  1.00000000  0.96815026  0.00118617  0.96815099 -0.25056508
29709.5  1.00000000  0.96814998  0.00117901  0.96815070 -0.25056658
29709.6  1.00000000  0.96814980  0.00113074  0.96815046 -0.25056789
29709.7  1.00000000  0.96814974  0.00105037  0.96815031 -0.25056880
29709.8  1.00000000  0.96814977  0.00095107  0.96815024 -0.25056920
29709.9  1.00000000  0.96814987  0.00084834  0.96815024 -0.25056903
29710.0  1.00000000  0.96815008  0.00075874  0.96815038 -0.25056829
29710.1  1.00000000  0.96815037  0.00069736  0.96815062 -0.25056711
29710.2  1.00000000  0.96815067  0.00067413  0.96815090 -0.25056570
29710.3  1.00000000  0.96815090  0.00069177  0.96815115 -0.25056432
29710.4  1.00000000  0.96815106  0.00074620  0.96815134 -0.25056317
29710.5  1.00000000  0.96815113  0.00082816  0.96815149 -0.25056241
29710.6  1.00000000  0.96815111  0.00092492  0.96815155 -0.25056217
29710.7  1.00000000  0.96815096  0.00102074  0.96815150 -0.25056248
29710.8  1.00000000  0.96815070  0.00109958  0.96815133 -0.25056332
29710.9  1.00000000  0.96815040  0.00114843  0.96815108 -0.25056452
29711.0  1.00000000  0.96815015  0.00116004  0.96815084 -0.25056585
29711.1  1.00000000  0.96814996  0.00113394  0.96815062 -0.25056712
29711.2  1.00000000  0.96814984  0.00107475  0.96815044 -0.25056813
29711.3  1.00000000  0.96814980  0.00099184  0.96815031 -0.25056874
29711.4  1.00000000  0.96814986  0.00089865  0.96815028 -0.25056882
29711.5  1.00000000  0.96815004  0.00081079  0.96815038 -0.25056837
29711.6  1.00000000  0.96815028  0.00074315  0.96815057 -0.25056747
29711.7  1.00000000  0.96815053  0.00070595  0.96815079 -0.25056629
29711.8  1.00000000  0.96815074  0.00070417  0.96815100 -0.25056504
29711.9  1.00000000  0.96815093  0.00073749  0.96815121 -0.25056388
29712.0  1.00000000  0.96815106  0.00080055  0.96815139 -0.25056300
29712.1  1.00000000  0.96815108  0.00088332  0.96815149 -0.25056255
29712.2  1.00000000  0.96815098  0.00097162  0.96815146 -0.25056262
29712.3  1.00000000  0.96815077  0.00105061  0.96815134 -0.25056318
29712.4  1.00000000  0.96815054  0.00110774  0.96815117 -0.25056410
29712.5  1.00000000  0.96815030  0.00113466  0.96815097 -0.25056524
29712.6  1.00000000  0.96815010  0.00112780  0.96815076 -0.25056643
29712.7  1.00000000  0.96814994  0.00108810  0.96815055 -0.25056748
29712.8  1.00000000  0.96814985  0.00102197  0.96815039 -0.25056822
29712.9  1.00000000  0.96814989  0.00094075  0.96815035 -0.25056851
29713.0  1.00000000  0.96815002  0.00085834  0.96815040 -0.25056832
29713.1  1.00000000  0.96815020  0.00078818  0.96815052 -0.25056769
29713.2  1.00000000  0.96815040  0.00074075  0.96815068 -0.25056676
29713.3  1.00000000  0.96815061  0.00072316  0.96815088 -0.25056565
29713.4  1.00000000  0.96815082  0.00073825  0.96815110 -0.25056452
29713.5  1.00000000  0.96815097  0.00078362  0.96815129 -0.25056358
29713.6  1.00000000  0.96815102  0.00085138  0.96815140 -0.25056300
29713.7  1.00000000  0.96815096  0.00092965  0.96815141 -0.25056285
29713.8  1.00000000  0.96815083  0.00100556  0.96815135 -0.25056315
29713.9  1.00000000  0.96815065  0.00106733  0.96815124 -0.25056381
29714.0  1.00000000  0.96815044  0.00110559  0.96815107 -0.25056476
29714.1  1.00000000  0.96815022  0.00111417  0.96815086 -0.25056585
29714.2  1.00000000  0.96815003  0.00109155  0.96815065 -0.25056689
29714.3  1.00000000  0.96814993  0.00104186  0.96815049 -0.25056769
29714.4  1.00000000  0.96814994  0.00097405  0.96815043 -0.25056813
29714.5  1.00000000  0.96815001  0.00089960  0.96815043 -0.25056816
29714.6  1.00000000  0.96815014  0.00083018  0.96815049 -0.25056779
29714.7  1.00000000  0.96815030  0.00077652  0.96815061 -0.25056708
29714.8  1.00000000  0.96815051  0.00074732  0.96815080 -0.25056612
29714.9  1.00000000  0.96815072  0.00074740  0.96815101 -0.25056508
29715.0  1.00000000  0.96815087  0.00077642  0.96815118 -0.25056415
29715.1  1.00000000  0.96815094  0.00082876  0.96815130 -0.25056348
29715.2  1.00000000  0.96815093  0.00089536  0.96815135 -0.25056316
29715.3  1.00000000  0.96815086  0.00096560  0.96815134 -0.25056322
29715.4  1.00000000  0.96815072  0.00102853  0.96815127 -0.25056366
29715.5  1.00000000  0.96815053  0.00107402  0.96815113 -0.25056442
29715.6  1.00000000  0.96815032  0.00109444  0.96815094 -0.25056537
29715.7  1.00000000  0.96815014  0.00108672  0.96815075 -0.25056634
29715.8  1.00000000  0.96815003  0.00105291  0.96815061 -0.25056716
29715.9  1.00000000  0.96815000  0.00099917  0.96815051 -0.25056771
29716.0  1.00000000  0.96815002  0.00093425  0.96815047 -0.25056793
29716.1  1.00000000  0.96815010  0.00086829  0.96815049 -0.25056778
29716.2  1.00000000  0.96815024  0.00081200  0.96815058 -0.25056727
29716.3  1.00000000  0.96815043  0.00077478  0.96815074 -0.25056648
29716.4  1.00000000  0.96815062  0.00076259  0.96815092 -0.25056556
29716.5  1.00000000  0.96815076  0.00077671  0.96815107 -0.25056468
29716.6  1.00000000  0.96815086  0.00081409  0.96815120 -0.25056396
29716.7  1.00000000  0.96815090  0.00086856  0.96815129 -0.25056351
29716.8  1.00000000  0.96815087  0.00093151  0.96815132 -0.25056338
29716.9  1.00000000  0.96815077  0.00099273  0.96815128 -0.25056363
29717.0  1.00000000  0.96815060  0.00104198  0.96815116 -0.25056420
29717.1  1.00000000  0.96815041  0.00107115  0.96815100 -0.25056499
29717.2  1.00000000  0.96815025  0.00107610  0.96815085 -0.25056585
29717.3  1.00000000  0.96815013  0.00105674  0.96815071 -0.25056666
29717.4  1.00000000  0.96815005  0.00101647  0.96815059 -0.25056729
29717.5  1.00000000  0.96815003  0.00096168  0.96815051 -0.25056765
29717.6  1.00000000  0.96815008  0.00090125  0.96815050 -0.25056767
29717.7  1.00000000  0.96815020  0.00084541  0.96815057 -0.25056734
29717.8  1.00000000  0.96815036  0.00080343  0.96815070 -0.25056673
29717.9  1.00000000  0.96815052  0.00078170  0.96815084 -0.25056596
29718.0  1.00000000  0.96815066  0.00078306  0.96815098 -0.25056515
29718.1  1.00000000  0.96815078  0.00080695  0.96815112 -0.25056441
29718.2  1.00000000  0.96815085  0.00084958  0.96815123 -0.25056387
29718.3  1.00000000  0.96815086  0.00090399  0.96815128 -0.25056361
29718.4  1.00000000  0.96815078  0.00096093  0.96815126 -0.25056369
29718.5  1.00000000  0.96815065  0.00101086  0.96815118 -0.25056408
29718.6  1.00000000  0.96815050  0.00104590  0.96815106 -0.25056470
29718.7  1.00000000  0.96815035  0.00106099  0.96815093 -0.25056545
29718.8  1.00000000  0.96815022  0.00105406  0.96815079 -0.25056622
29718.9  1.00000000  0.96815011  0.00102619  0.96815066 -0.25056688
29719.0  1.00000000  0.96815007  0.00098195  0.96815057 -0.25056733
29719.1  1.00000000  0.96815010  0.00092891  0.96815054 -0.25056748
29719.2  1.00000000  0.96815019  0.00087612  0.96815058 -0.25056732
29719.3  1.00000000  0.96815031  0.00083207  0.96815067 -0.25056689
29719.4  1.00000000  0.96815044  0.00080338  0.96815077 -0.25056627
29719.5  1.00000000  0.96815058  0.00079433  0.96815090 -0.25056555
29719.6  1.00000000  0.96815071  0.00080639  0.96815104 -0.25056483
29719.7  1.00000000  0.96815080  0.00083759  0.96815116 -0.25056424
29719.8  1.00000000  0.96815082  0.00088247  0.96815122 -0.25056389
29719.9  1.00000000  0.96815078  0.00093327  0.96815123 -0.25056383
29720.0  1.00000000  0.96815069  0.00098165  0.96815118 -0.25056405
29720.1  1.00000000  0.96815057  0.00101999  0.96815110 -0.25056451
29720.2  1.00000000  0.96815043  0.00104275  0.96815099 -0.25056513
29720.3  1.00000000  0.96815029  0.00104613  0.96815086 -0.25056583
29720.4  1.00000000  0.96815018  0.00102955  0.96815073 -0.25056649
29720.5  1.00000000  0.96815012  0.00099598  0.96815063 -0.25056699
29720.6  1.00000000  0.96815013  0.00095141  0.96815059 -0.25056725
29720.7  1.00000000  0.96815018  0.00090331  0.96815060 -0.25056724
29720.8  1.00000000  0.96815026  0.00085923  0.96815064 -0.25056698
29720.9  1.00000000  0.96815037  0.00082598  0.96815073 -0.25056650
29721.0  1.00000000  0.96815051  0.00080893  0.96815085 -0.25056587
29721.1  1.00000000  0.96815064  0.00081096  0.96815098 -0.25056520
29721.2  1.00000000  0.96815074  0.00083153  0.96815109 -0.25056461
29721.3  1.00000000  0.96815077  0.00086668  0.96815116 -0.25056419
29721.4  1.00000000  0.96815076  0.00091038  0.96815119 -0.25056401
29721.5  1.00000000  0.96815071  0.00095566  0.96815118 -0.25056408
29721.6  1.00000000  0.96815062  0.00099549  0.96815113 -0.25056439
29721.7  1.00000000  0.96815050  0.00102343  0.96815104 -0.25056490
29721.8  1.00000000  0.96815036  0.00103477  0.96815091 -0.25056552
29721.9  1.00000000  0.96815024  0.00102785  0.96815079 -0.25056614
29722.0  1.00000000  0.96815018  0.00100430  0.96815070 -0.25056666
29722.1  1.00000000  0.96815016  0.00096843  0.96815064 -0.25056699
29722.2  1.00000000  0.96815018  0.00092601  0.96815062 -0.25056711
29722.3  1.00000000  0.96815023  0.00088368  0.96815063 -0.25056698
29722.4  1.00000000  0.96815033  0.00084830  0.96815070 -0.25056663
29722.5  1.00000000  0.96815046  0.00082581  0.96815081 -0.25056611
29722.6  1.00000000  0.96815058  0.00081980  0.96815092 -0.25056551
29722.7  1.00000000  0.96815067  0.00083075  0.96815103 -0.25056495
29722.8  1.00000000  0.96815072  0.00085640  0.96815110 -0.25056450
29722.9  1.00000000  0.96815074  0.00089251  0.96815115 -0.25056423
29723.0  1.00000000  0.96815072  0.00093340  0.96815117 -0.25056417
29723.1  1.00000000  0.96815065  0.00097247  0.96815114 -0.25056436
29723.2  1.00000000  0.96815054  0.00100313  0.96815106 -0.25056474
29723.3  1.00000000  0.96815042  0.00102037  0.96815095 -0.25056527
29723.4  1.00000000  0.96815032  0.00102179  0.96815085 -0.25056582
29723.5  1.00000000  0.96815024  0.00100765  0.96815077 -0.25056634
29723.6  1.00000000  0.96815020  0.00098041  0.96815069 -0.25056673
29723.7  1.00000000  0.96815019  0.00094432  0.96815065 -0.25056694
29723.8  1.00000000  0.96815022  0.00090528  0.96815065 -0.25056693
29723.9  1.00000000  0.96815031  0.00086986  0.96815070 -0.25056669
29724.0  1.00000000  0.96815041  0.00084395  0.96815078 -0.25056628
29724.1  1.00000000  0.96815051  0.00083146  0.96815087 -0.25056578
29724.2  1.00000000  0.96815060  0.00083394  0.96815096 -0.25056526
29724.3  1.00000000  0.96815067  0.00085081  0.96815105 -0.25056479
29724.4  1.00000000  0.96815072  0.00087938  0.96815112 -0.25056445
29724.5  1.00000000  0.96815072  0.00091503  0.96815115 -0.25056431
29724.6  1.00000000  0.96815066  0.00095170  0.96815113 -0.25056438
29724.7  1.00000000  0.96815057  0.00098320  0.96815107 -0.25056465
29724.8  1.00000000  0.96815047  0.00100464  0.96815100 -0.25056507
29724.9  1.00000000  0.96815038  0.00101291  0.96815091 -0.25056556
29725.0  1.00000000  0.96815030  0.00100695  0.96815082 -0.25056605
29725.1  1.00000000  0.96815023  0.00098765  0.96815074 -0.25056647
29725.2  1.00000000  0.96815021  0.00095815  0.96815068 -0.25056674
29725.3  1.00000000  0.96815023  0.00092353  0.96815067 -0.25056682
29725.4  1.00000000  0.96815029  0.00088968  0.96815070 -0.25056669
29725.5  1.00000000  0.96815037  0.00086204  0.96815075 -0.25056640
29725.6  1.00000000  0.96815046  0.00084474  0.96815083 -0.25056599
29725.7  1.00000000  0.96815055  0.00084032  0.96815091 -0.25056551
29725.8  1.00000000  0.96815063  0.00084955  0.96815100 -0.25056505
29725.9  1.00000000  0.96815068  0.00087090  0.96815108 -0.25056469
29726.0  1.00000000  0.96815069  0.00090066  0.96815111 -0.25056448
29726.1  1.00000000  0.96815066  0.00093366  0.96815111 -0.25056446
29726.2  1.00000000  0.96815060  0.00096451  0.96815108 -0.25056462
29726.3  1.00000000  0.96815052  0.00098849  0.96815103 -0.25056493
29726.4  1.00000000  0.96815043  0.00100193  0.96815095 -0.25056534
29726.5  1.00000000  0.96815034  0.00100267  0.96815086 -0.25056580
29726.6  1.00000000  0.96815027  0.00099056  0.96815078 -0.25056622
29726.7  1.00000000  0.96815024  0.00096778  0.96815072 -0.25056653
29726.8  1.00000000  0.96815025  0.00093842  0.96815070 -0.25056667
29726.9  1.00000000  0.96815028  0.00090734  0.96815071 -0.25056665
29727.0  1.00000000  0.96815034  0.00087940  0.96815074 -0.25056646
29727.1  1.00000000  0.96815041  0.00085891  0.96815080 -0.25056614
29727.2  1.00000000  0.96815050  0.00084920  0.96815087 -0.25056572
29727.3  1.00000000  0.96815059  0.00085190  0.96815096 -0.25056529
29727.4  1.00000000  0.96815064  0.00086636  0.96815103 -0.25056492
29727.5  1.00000000  0.96815066  0.00088990  0.96815107 -0.25056467
29727.6  1.00000000  0.96815065  0.00091848  0.96815109 -0.25056457
29727.7  1.00000000  0.96815062  0.00094759  0.96815108 -0.25056463
29727.8  1.00000000  0.96815056  0.00097268  0.96815104 -0.25056485
29727.9  1.00000000  0.96815047  0.00098969  0.96815098 -0.25056519
29728.0  1.00000000  0.96815039  0.00099578  0.96815090 -0.25056559
29728.1  1.00000000  0.96815032  0.00099008  0.96815082 -0.25056599
29728.2  1.00000000  0.96815028  0.00097387  0.96815077 -0.25056631
29728.3  1.00000000  0.96815027  0.00095002  0.96815073 -0.25056651
29728.4  1.00000000  0.96815028  0.00092237  0.96815072 -0.25056657
29728.5  1.00000000  0.96815032  0.00089527  0.96815073 -0.25056648
29728.6  1.00000000  0.96815038  0.00087311  0.96815078 -0.25056623
29728.7  1.00000000  0.96815047  0.00085962  0.96815085 -0.25056589
29728.8  1.00000000  0.96815054  0.00085690  0.96815092 -0.25056550
29728.9  1.00000000  0.96815060  0.00086509  0.96815099 -0.25056514
29729.0  1.00000000  0.96815063  0.00088257  0.96815103 -0.25056486
29729.1  1.00000000  0.96815064  0.00090648  0.96815107 -0.25056470
29729.2  1.00000000  0.96815063  0.00093304  0.96815107 -0.25056468
29729.3  1.00000000  0.96815058  0.00095793  0.96815105 -0.25056482
29729.4  1.00000000  0.96815050  0.00097696  0.96815100 -0.25056508
29729.5  1.00000000  0.96815043  0.00098706  0.96815093 -0.25056542
29729.6  1.00000000  0.96815036  0.00098686  0.96815086 -0.25056578
29729.7  1.00000000  0.96815031  0.00097667  0.96815081 -0.25056611
29729.8  1.00000000  0.96815029  0.00095824  0.96815076 -0.25056635
29729.9  1.00000000  0.96815028  0.00093447  0.96815073 -0.25056647
29730.0  1.00000000  0.96815031  0.00090927  0.96815074 -0.25056645
29730.1  1.00000000  0.96815037  0.00088687  0.96815077 -0.25056628
29730.2  1.00000000  0.96815044  0.00087096  0.96815083 -0.25056601
29730.3  1.00000000  0.96815050  0.00086392  0.96815089 -0.25056568
29730.4  1.00000000  0.96815056  0.00086660  0.96815095 -0.25056534
29730.5  1.00000000  0.96815060  0.00087846  0.96815100 -0.25056505
29730.6  1.00000000  0.96815063  0.00089762  0.96815104 -0.25056484
29730.7  1.00000000  0.96815062  0.00092093  0.96815106 -0.25056476
29730.8  1.00000000  0.96815058  0.00094444  0.96815104 -0.25056483
29730.9  1.00000000  0.96815053  0.00096423  0.96815101 -0.25056501
29731.0  1.00000000  0.96815046  0.00097720  0.96815096 -0.25056529
29731.1  1.00000000  0.96815040  0.00098156  0.96815090 -0.25056561
29731.2  1.00000000  0.96815035  0.00097673  0.96815084 -0.25056592
29731.3  1.00000000  0.96815031  0.00096346  0.96815079 -0.25056618
29731.4  1.00000000  0.96815030  0.00094392  0.96815076 -0.25056635
29731.5  1.00000000  0.96815031  0.00092142  0.96815075 -0.25056638
29731.6  1.00000000  0.96815036  0.00089980  0.96815077 -0.25056629
29731.7  1.00000000  0.96815041  0.00088250  0.96815081 -0.25056609
29731.8  1.00000000  0.96815047  0.00087210  0.96815086 -0.25056582
29731.9  1.00000000  0.96815052  0.00087015  0.96815091 -0.25056551
29732.0  1.00000000  0.96815057  0.00087695  0.96815097 -0.25056522
29732.1  1.00000000  0.96815061  0.00089143  0.96815102 -0.25056499
29732.2  1.00000000  0.96815061  0.00091109  0.96815104 -0.25056487
29732.3  1.00000000  0.96815059  0.00093252  0.96815104 -0.25056487
29732.4  1.00000000  0.96815054  0.00095222  0.96815101 -0.25056498
29732.5  1.00000000  0.96815049  0.00096715  0.96815098 -0.25056519
29732.6  1.00000000  0.96815044  0.00097507  0.96815093 -0.25056546
29732.7  1.00000000  0.96815038  0.00097472  0.96815087 -0.25056576
29732.8  1.00000000  0.96815034  0.00096617  0.96815082 -0.25056602
29732.9  1.00000000  0.96815031  0.00095098  0.96815078 -0.25056621
29733.0  1.00000000  0.96815032  0.00093165  0.96815077 -0.25056630
29733.1  1.00000000  0.96815035  0.00091146  0.96815078 -0.25056627
29733.2  1.00000000  0.96815039  0.00089366  0.96815080 -0.25056614
29733.3  1.00000000  0.96815044  0.00088091  0.96815084 -0.25056593
29733.4  1.00000000  0.96815049  0.00087520  0.96815089 -0.25056566
29733.5  1.00000000  0.96815055  0.00087754  0.96815094 -0.25056538
29733.6  1.00000000  0.96815059  0.00088754  0.96815099 -0.25056514
29733.7  1.00000000  0.96815060  0.00090341  0.96815102 -0.25056498
29733.8  1.00000000  0.96815058  0.00092232  0.96815102 -0.25056493
29733.9  1.00000000  0.96815055  0.00094111  0.96815101 -0.25056498
29734.0  1.00000000  0.96815052  0.00095701  0.96815099 -0.25056513
29734.1  1.00000000  0.96815047  0.00096761  0.96815095 -0.25056535
29734.2  1.00000000  0.96815041  0.00097111  0.96815090 -0.25056561
29734.3  1.00000000  0.96815036  0.00096681  0.96815084 -0.25056588
29734.4  1.00000000  0.96815033  0.00095552  0.96815080 -0.25056609
29734.5  1.00000000  0.96815033  0.00093944  0.96815079 -0.25056621
29734.6  1.00000000  0.96815035  0.00092133  0.96815079 -0.25056623
29734.7  1.00000000  0.96815037  0.00090395  0.96815080 -0.25056616
29734.8  1.00000000  0.96815041  0.00088984  0.96815082 -0.25056600
29734.9  1.00000000  0.96815046  0.00088130  0.96815086 -0.25056577
29735.0  1.00000000  0.96815052  0.00087996  0.96815092 -0.25056551
29735.1  1.00000000  0.96815056  0.00088605  0.96815097 -0.25056527
29735.2  1.00000000  0.96815058  0.00089824  0.96815100 -0.25056510
29735.3  1.00000000  0.96815057  0.00091417  0.96815100 -0.25056501
29735.4  1.00000000  0.96815056  0.00093136  0.96815100 -0.25056501
29735.5  1.00000000  0.96815054  0.00094740  0.96815100 -0.25056509
29735.6  1.00000000  0.96815050  0.00095981  0.96815097 -0.25056526
29735.7  1.00000000  0.96815044  0.00096623  0.96815092 -0.25056550
29735.8  1.00000000  0.96815038  0.00096542  0.96815086 -0.25056575
29735.9  1.00000000  0.96815035  0.00095783  0.96815083 -0.25056596
29736.0  1.00000000  0.96815035  0.00094522  0.96815081 -0.25056610
29736.1  1.00000000  0.96815036  0.00092970  0.96815080 -0.25056617
29736.2  1.00000000  0.96815036  0.00091335  0.96815079 -0.25056615
29736.3  1.00000000  0.96815039  0.00089855  0.96815080 -0.25056605
29736.4  1.00000000  0.96815044  0.00088804  0.96815085 -0.25056586
29736.5  1.00000000  0.96815050  0.00088392  0.96815091 -0.25056562
29736.6  1.00000000  0.96815054  0.00088664  0.96815095 -0.25056540
29736.7  1.00000000  0.96815055  0.00089516  0.96815097 -0.25056522
29736.8  1.00000000  0.96815055  0.00090782  0.96815098 -0.25056510
29736.9  1.00000000  0.96815056  0.00092298  0.96815100 -0.25056505
29737.0  1.00000000  0.96815056  0.00093863  0.96815101 -0.25056508
29737.1  1.00000000  0.96815051  0.00095198  0.96815098 -0.25056521
29737.2  1.00000000  0.96815045  0.00096030  0.96815093 -0.25056542
29737.3  1.00000000  0.96815040  0.00096225  0.96815088 -0.25056564
29737.4  1.00000000  0.96815038  0.00095814  0.96815086 -0.25056583
29737.5  1.00000000  0.96815038  0.00094914  0.96815084 -0.25056598
29737.6  1.00000000  0.96815036  0.00093643  0.96815081 -0.25056609
29737.7  1.00000000  0.96815035  0.00092142  0.96815079 -0.25056613
29737.8  1.00000000  0.96815038  0.00090663  0.96815080 -0.25056607
29737.9  1.00000000  0.96815043  0.00089517  0.96815085 -0.25056591
29738.0  1.00000000  0.96815049  0.00088915  0.96815090 -0.25056571
29738.1  1.00000000  0.96815051  0.00088892  0.96815092 -0.25056552
29738.2  1.00000000  0.96815052  0.00089381  0.96815093 -0.25056535
29738.3  1.00000000  0.96815054  0.00090315  0.96815096 -0.25056520
29738.4  1.00000000  0.96815057  0.00091623  0.96815100 -0.25056510
29738.5  1.00000000  0.96815056  0.00093103  0.96815101 -0.25056510
29738.6  1.00000000  0.96815051  0.00094437  0.96815097 -0.25056520
29738.7  1.00000000  0.96815046  0.00095367  0.96815093 -0.25056536
29738.8  1.00000000  0.96815043  0.00095781  0.96815090 -0.25056554
29738.9  1.00000000  0.96815042  0.00095701  0.96815089 -0.25056571
29739.0  1.00000000  0.96815040  0.00095154  0.96815087 -0.25056588
29739.1  1.00000000  0.96815036  0.00094142  0.96815082 -0.25056602
29739.2  1.00000000  0.96815035  0.00092796  0.96815079 -0.25056609
29739.3  1.00000000  0.96815038  0.00091401  0.96815081 -0.25056605
29739.4  1.00000000  0.96815043  0.00090250  0.96815085 -0.25056593
29739.5  1.00000000  0.96815047  0.00089516  0.96815088 -0.25056578
29739.6  1.00000000  0.96815047  0.00089221  0.96815088 -0.25056563
29739.7  1.00000000  0.96815049  0.00089368  0.96815091 -0.25056546
29739.8  1.00000000  0.96815054  0.00090022  0.96815096 -0.25056528
29739.9  1.00000000  0.96815057  0.00091131  0.96815100 -0.25056516
29740.0  1.00000000  0.96815056  0.00092458  0.96815100 -0.25056514
29740.1  1.00000000  0.96815051  0.00093715  0.96815096 -0.25056521
29740.2  1.00000000  0.96815046  0.00094670  0.96815093 -0.25056532
29740.3  1.00000000  0.96815047  0.00095276  0.96815094 -0.25056544
29740.4  1.00000000  0.96815045  0.00095508  0.96815092 -0.25056560
29740.5  1.00000000  0.96815040  0.00095233  0.96815087 -0.25056579
29740.6  1.00000000  0.96815036  0.00094444  0.96815082 -0.25056594
29740.7  1.00000000  0.96815035  0.00093289  0.96815080 -0.25056603
29740.8  1.00000000  0.96815040  0.00092043  0.96815083 -0.25056601
29740.9  1.00000000  0.96815044  0.00090978  0.96815086 -0.25056593
29741.0  1.00000000  0.96815043  0.00090135  0.96815085 -0.25056585
29741.1  1.00000000  0.96815045  0.00089585  0.96815086 -0.25056571
29741.2  1.00000000  0.96815049  0.00089493  0.96815090 -0.25056554
29741.3  1.00000000  0.96815054  0.00089915  0.96815095 -0.25056536
29741.4  1.00000000  0.96815057  0.00090824  0.96815100 -0.25056523
29741.5  1.00000000  0.96815052  0.00091940  0.96815096 -0.25056522
29741.6  1.00000000  0.96815050  0.00093013  0.96815095 -0.25056523
29741.7  1.00000000  0.96815050  0.00094010  0.96815096 -0.25056528
29741.8  1.00000000  0.96815049  0.00094778  0.96815095 -0.25056538
29741.9  1.00000000  0.96815047  0.00095221  0.96815094 -0.25056553
29742.0  1.00000000  0.96815039  0.00095152  0.96815086 -0.25056573
29742.1  1.00000000  0.96815037  0.00094547  0.96815083 -0.25056586
29742.2  1.00000000  0.96815039  0.00093659  0.96815084 -0.25056593
29742.3  1.00000000  0.96815040  0.00092647  0.96815085 -0.25056596
29742.4  1.00000000  0.96815042  0.00091626  0.96815085 -0.25056594
29742.5  1.00000000  0.96815040  0.00090709  0.96815083 -0.25056589
29742.6  1.00000000  0.96815043  0.00089982  0.96815085 -0.25056577
29742.7  1.00000000  0.96815050  0.00089743  0.96815092 -0.25056559
29742.8  1.00000000  0.96815052  0.00089998  0.96815094 -0.25056544
29742.9  1.00000000  0.96815053  0.00090621  0.96815096 -0.25056533
29743.0  1.00000000  0.96815051  0.00091490  0.96815094 -0.25056528
29743.1  1.00000000  0.96815051  0.00092416  0.96815095 -0.25056525
29743.2  1.00000000  0.96815053  0.00093431  0.96815098 -0.25056526
29743.3  1.00000000  0.96815050  0.00094312  0.96815096 -0.25056535
29743.4  1.00000000  0.96815045  0.00094838  0.96815091 -0.25056549
29743.5  1.00000000  0.96815041  0.00094921  0.96815088 -0.25056565
29743.6  1.00000000  0.96815039  0.00094560  0.96815086 -0.25056577
29743.7  1.00000000  0.96815042  0.00093944  0.96815087 -0.25056585
29743.8  1.00000000  0.96815041  0.00093140  0.96815085 -0.25056592
29743.9  1.00000000  0.96815038  0.00092155  0.96815082 -0.25056595
29744.0  1.00000000  0.96815040  0.00091203  0.96815083 -0.25056590
29744.1  1.00000000  0.96815043  0.00090441  0.96815086 -0.25056580
29744.2  1.00000000  0.96815050  0.00090099  0.96815092 -0.25056564
29744.3  1.00000000  0.96815050  0.00090160  0.96815092 -0.25056553
29744.4  1.00000000  0.96815049  0.00090507  0.96815092 -0.25056543
29744.5  1.00000000  0.96815051  0.00091136  0.96815094 -0.25056533
29744.6  1.00000000  0.96815053  0.00091978  0.96815096 -0.25056528
29744.7  1.00000000  0.96815054  0.00092951  0.96815098 -0.25056527
29744.8  1.00000000  0.96815050  0.00093832  0.96815095 -0.25056534
29744.9  1.00000000  0.96815044  0.00094393  0.96815090 -0.25056547
29745.0  1.00000000  0.96815044  0.00094611  0.96815090 -0.25056557
29745.1  1.00000000  0.96815043  0.00094517  0.96815089 -0.25056569
29745.2  1.00000000  0.96815043  0.00094131  0.96815088 -0.25056578
29745.3  1.00000000  0.96815040  0.00093472  0.96815085 -0.25056588
29745.4  1.00000000  0.96815037  0.00092569  0.96815082 -0.25056593
29745.5  1.00000000  0.96815041  0.00091660  0.96815085 -0.25056588
29745.6  1.00000000  0.96815044  0.00090939  0.96815087 -0.25056581
29745.7  1.00000000  0.96815047  0.00090502  0.96815089 -0.25056570
29745.8  1.00000000  0.96815047  0.00090353  0.96815089 -0.25056560
29745.9  1.00000000  0.96815048  0.00090478  0.96815090 -0.25056550
29746.0  1.00000000  0.96815052  0.00090924  0.96815094 -0.25056538
29746.1  1.00000000  0.96815053  0.00091674  0.96815097 -0.25056531
29746.2  1.00000000  0.96815052  0.00092541  0.96815096 -0.25056530
29746.3  1.00000000  0.96815049  0.00093342  0.96815094 -0.25056535
29746.4  1.00000000  0.96815046  0.00093933  0.96815091 -0.25056543
29746.5  1.00000000  0.96815047  0.00094295  0.96815093 -0.25056551
29746.6  1.00000000  0.96815045  0.00094416  0.96815091 -0.25056562
29746.7  1.00000000  0.96815042  0.00094202  0.96815088 -0.25056573
29746.8  1.00000000  0.96815039  0.00093661  0.96815084 -0.25056583
29746.9  1.00000000  0.96815039  0.00092895  0.96815084 -0.25056588
29747.0  1.00000000  0.96815042  0.00092098  0.96815086 -0.25056586
29747.1  1.00000000  0.96815044  0.00091422  0.96815087 -0.25056581
29747.2  1.00000000  0.96815044  0.00090892  0.96815087 -0.25056575
29747.3  1.00000000  0.96815045  0.00090567  0.96815088 -0.25056566
29747.4  1.00000000  0.96815048  0.00090540  0.96815090 -0.25056555
29747.5  1.00000000  0.96815052  0.00090852  0.96815094 -0.25056543
29747.6  1.00000000  0.96815052  0.00091464  0.96815096 -0.25056536
29747.7  1.00000000  0.96815050  0.00092181  0.96815094 -0.25056535
29747.8  1.00000000  0.96815049  0.00092884  0.96815093 -0.25056536
29747.9  1.00000000  0.96815048  0.00093510  0.96815093 -0.25056540
29748.0  1.00000000  0.96815048  0.00093993  0.96815094 -0.25056547
29748.1  1.00000000  0.96815045  0.00094246  0.96815091 -0.25056557
29748.2  1.00000000  0.96815042  0.00094155  0.96815087 -0.25056569
29748.3  1.00000000  0.96815040  0.00093747  0.96815086 -0.25056578
29748.4  1.00000000  0.96815041  0.00093156  0.96815086 -0.25056582
29748.5  1.00000000  0.96815043  0.00092493  0.96815087 -0.25056583
29748.6  1.00000000  0.96815043  0.00091842  0.96815086 -0.25056582
29748.7  1.00000000  0.96815042  0.00091245  0.96815085 -0.25056578
29748.8  1.00000000  0.96815045  0.00090818  0.96815087 -0.25056570
29748.9  1.00000000  0.96815048  0.00090695  0.96815091 -0.25056558
29749.0  1.00000000  0.96815051  0.00090884  0.96815093 -0.25056549
29749.1  1.00000000  0.96815050  0.00091318  0.96815093 -0.25056542
29749.2  1.00000000  0.96815049  0.00091875  0.96815093 -0.25056539
29749.3  1.00000000  0.96815050  0.00092499  0.96815094 -0.25056537
29749.4  1.00000000  0.96815050  0.00093142  0.96815095 -0.25056539
29749.5  1.00000000  0.96815048  0.00093684  0.96815094 -0.25056545
29749.6  1.00000000  0.96815045  0.00093997  0.96815091 -0.25056554
29749.7  1.00000000  0.96815043  0.00094017  0.96815088 -0.25056564
29749.8  1.00000000  0.96815042  0.00093776  0.96815087 -0.25056572
29749.9  1.00000000  0.96815043  0.00093358  0.96815088 -0.25056577
29750.0  1.00000000  0.96815042  0.00092819  0.96815087 -0.25056580
29750.1  1.00000000  0.96815042  0.00092199  0.96815085 -0.25056582
29750.2  1.00000000  0.96815042  0.00091590  0.96815085 -0.25056579
29750.3  1.00000000  0.96815045  0.00091125  0.96815088 -0.25056572
29750.4  1.00000000  0.96815048  0.00090911  0.96815091 -0.25056562
29750.5  1.00000000  0.96815049  0.00090969  0.96815092 -0.25056554
29750.6  1.00000000  0.96815048  0.00091227  0.96815091 -0.25056548
29750.7  1.00000000  0.96815049  0.00091640  0.96815092 -0.25056543
29750.8  1.00000000  0.96815050  0.00092191  0.96815094 -0.25056539
29750.9  1.00000000  0.96815050  0.00092808  0.96815095 -0.25056539
29751.0  1.00000000  0.96815049  0.00093368  0.96815094 -0.25056543
29751.1  1.00000000  0.96815045  0.00093728  0.96815090 -0.25056552
29751.2  1.00000000  0.96815044  0.00093841  0.96815089 -0.25056559
29751.3  1.00000000  0.96815044  0.00093755  0.96815089 -0.25056566
29751.4  1.00000000  0.96815043  0.00093490  0.96815089 -0.25056572
29751.5  1.00000000  0.96815042  0.00093050  0.96815087 -0.25056578
29751.6  1.00000000  0.96815041  0.00092482  0.96815085 -0.25056581
29751.7  1.00000000  0.96815042  0.00091885  0.96815086 -0.25056579
29751.8  1.00000000  0.96815045  0.00091426  0.96815089 -0.25056572
29751.9  1.00000000  0.96815047  0.00091162  0.96815090 -0.25056566
29752.0  1.00000000  0.96815047  0.00091086  0.96815090 -0.25056559
29752.1  1.00000000  0.96815047  0.00091198  0.96815090 -0.25056553
29752.2  1.00000000  0.96815049  0.00091489  0.96815092 -0.25056546
29752.3  1.00000000  0.96815051  0.00091975  0.96815095 -0.25056541
29752.4  1.00000000  0.96815050  0.00092545  0.96815094 -0.25056540
29752.5  1.00000000  0.96815047  0.00093059  0.96815092 -0.25056544
29752.6  1.00000000  0.96815046  0.00093435  0.96815091 -0.25056549
29752.7  1.00000000  0.96815045  0.00093643  0.96815091 -0.25056555
29752.8  1.00000000  0.96815046  0.00093694  0.96815091 -0.25056561
29752.9  1.00000000  0.96815044  0.00093551  0.96815089 -0.25056569
29753.0  1.00000000  0.96815041  0.00093190  0.96815086 -0.25056575
29753.1  1.00000000  0.96815042  0.00092690  0.96815086 -0.25056578
29753.2  1.00000000  0.96815043  0.00092168  0.96815087 -0.25056577
29753.3  1.00000000  0.96815045  0.00091732  0.96815089 -0.25056573
29753.4  1.00000000  0.96815045  0.00091414  0.96815088 -0.25056569
29753.5  1.00000000  0.96815045  0.00091226  0.96815088 -0.25056563
29753.6  1.00000000  0.96815048  0.00091217  0.96815090 -0.25056556
29753.7  1.00000000  0.96815049  0.00091434  0.96815092 -0.25056549
29753.8  1.00000000  0.96815051  0.00091831  0.96815094 -0.25056544
29753.9  1.00000000  0.96815049  0.00092312  0.96815093 -0.25056543
29754.0  1.00000000  0.96815047  0.00092769  0.96815092 -0.25056545
29754.1  1.00000000  0.96815048  0.00093150  0.96815092 -0.25056547
29754.2  1.00000000  0.96815047  0.00093455  0.96815092 -0.25056552
29754.3  1.00000000  0.96815046  0.00093594  0.96815091 -0.25056558
29754.4  1.00000000  0.96815043  0.00093534  0.96815088 -0.25056566
29754.5  1.00000000  0.96815042  0.00093259  0.96815087 -0.25056572
29754.6  1.00000000  0.96815043  0.00092853  0.96815087 -0.25056574
29754.7  1.00000000  0.96815044  0.00092430  0.96815088 -0.25056575
29754.8  1.00000000  0.96815044  0.00092008  0.96815088 -0.25056574
29754.9  1.00000000  0.96815044  0.00091642  0.96815087 -0.25056571
29755.0  1.00000000  0.96815045  0.00091381  0.96815088 -0.25056566
29755.1  1.00000000  0.96815047  0.00091299  0.96815090 -0.25056559
29755.2  1.00000000  0.96815049  0.00091447  0.96815092 -0.25056552
29755.3  1.00000000  0.96815049  0.00091734  0.96815093 -0.25056548
29755.4  1.00000000  0.96815048  0.00092111  0.96815092 -0.25056546
29755.5  1.00000000  0.96815048  0.00092513  0.96815092 -0.25056545
29755.6  1.00000000  0.96815048  0.00092912  0.96815093 -0.25056546
29755.7  1.00000000  0.96815048  0.00093265  0.96815093 -0.25056550
29755.8  1.00000000  0.96815046  0.00093454  0.96815091 -0.25056556
29755.9  1.00000000  0.96815043  0.00093456  0.96815088 -0.25056563
29756.0  1.00000000  0.96815043  0.00093278  0.96815088 -0.25056568
29756.1  1.00000000  0.96815044  0.00092990  0.96815088 -0.25056571
29756.2  1.00000000  0.96815044  0.00092642  0.96815088 -0.25056573
29756.3  1.00000000  0.96815043  0.00092236  0.96815087 -0.25056574
29756.4  1.00000000  0.96815043  0.00091847  0.96815087 -0.25056572
29756.5  1.00000000  0.96815046  0.00091557  0.96815089 -0.25056567
29756.6  1.00000000  0.96815047  0.00091436  0.96815090 -0.25056561
29756.7  1.00000000  0.96815048  0.00091495  0.96815091 -0.25056555
29756.8  1.00000000  0.96815047  0.00091672  0.96815091 -0.25056552
29756.9  1.00000000  0.96815048  0.00091953  0.96815091 -0.25056548
29757.0  1.00000000  0.96815049  0.00092314  0.96815093 -0.25056546
29757.1  1.00000000  0.96815049  0.00092713  0.96815093 -0.25056547
29757.2  1.00000000  0.96815048  0.00093067  0.96815092 -0.25056550
29757.3  1.00000000  0.96815045  0.00093281  0.96815090 -0.25056555
29757.4  1.00000000  0.96815044  0.00093343  0.96815089 -0.25056560
29757.5  1.00000000  0.96815045  0.00093271  0.96815090 -0.25056564
29757.6  1.00000000  0.96815044  0.00093087  0.96815089 -0.25056568
29757.7  1.00000000  0.96815044  0.00092793  0.96815088 -0.25056572
29757.8  1.00000000  0.96815043  0.00092417  0.96815087 -0.25056573
29757.9  1.00000000  0.96815044  0.00092041  0.96815088 -0.25056572
29758.0  1.00000000  0.96815046  0.00091753  0.96815089 -0.25056568
29758.1  1.00000000  0.96815046  0.00091596  0.96815090 -0.25056563
29758.2  1.00000000  0.96815047  0.00091561  0.96815090 -0.25056559
29758.3  1.00000000  0.96815047  0.00091643  0.96815090 -0.25056555
29758.4  1.00000000  0.96815048  0.00091851  0.96815092 -0.25056550
29758.5  1.00000000  0.96815049  0.00092171  0.96815093 -0.25056547
29758.6  1.00000000  0.96815048  0.00092540  0.96815093 -0.25056548
29758.7  1.00000000  0.96815047  0.00092865  0.96815092 -0.25056550
29758.8  1.00000000  0.96815046  0.00093097  0.96815091 -0.25056554
29758.9  1.00000000  0.96815046  0.00093223  0.96815091 -0.25056557
29759.0  1.00000000  0.96815046  0.00093242  0.96815090 -0.25056561
29759.1  1.00000000  0.96815044  0.00093133  0.96815089 -0.25056566
29759.2  1.00000000  0.96815043  0.00092887  0.96815088 -0.25056570
29759.3  1.00000000  0.96815043  0.00092559  0.96815087 -0.25056572
29759.4  1.00000000  0.96815044  0.00092226  0.96815088 -0.25056571
29759.5  1.00000000  0.96815045  0.00091949  0.96815089 -0.25056568
29759.6  1.00000000  0.96815045  0.00091752  0.96815089 -0.25056565
29759.7  1.00000000  0.96815046  0.00091641  0.96815089 -0.25056562
29759.8  1.00000000  0.96815047  0.00091653  0.96815090 -0.25056557
29759.9  1.00000000  0.96815048  0.00091806  0.96815092 -0.25056552
29760.0  1.00000000  0.96815049  0.00092073  0.96815092 -0.25056550
29760.1  1.00000000  0.96815048  0.00092385  0.96815092 -0.25056549
29760.2  1.00000000  0.96815047  0.00092674  0.96815091 -0.25056550
29760.3  1.00000000  0.96815047  0.00092923  0.96815091 -0.25056552
29760.4  1.00000000  0.96815047  0.00093104  0.96815091 -0.25056555
29760.5  1.00000000  0.96815046  0.00093184  0.96815090 -0.25056559
29760.6  1.00000000  0.96815044  0.00093127  0.96815089 -0.25056564
29760.7  1.00000000  0.96815043  0.00092937  0.96815088 -0.25056568
29760.8  1.00000000  0.96815044  0.00092675  0.96815088 -0.25056569
29760.9  1.00000000  0.96815045  0.00092395  0.96815089 -0.25056570
29761.0  1.00000000  0.96815045  0.00092127  0.96815089 -0.25056569
29761.1  1.00000000  0.96815045  0.00091895  0.96815088 -0.25056567
29761.2  1.00000000  0.96815046  0.00091737  0.96815089 -0.25056563
29761.3  1.00000000  0.96815047  0.00091704  0.96815090 -0.25056559
29761.4  1.00000000  0.96815048  0.00091805  0.96815092 -0.25056554
29761.5  1.00000000  0.96815048  0.00092003  0.96815091 -0.25056552
29761.6  1.00000000  0.96815047  0.00092248  0.96815091 -0.25056551
29761.7  1.00000000  0.96815047  0.00092510  0.96815091 -0.25056551
29761.8  1.00000000  0.96815048  0.00092770  0.96815092 -0.25056551
29761.9  1.00000000  0.96815047  0.00092984  0.96815092 -0.25056554
29762.0  1.00000000  0.96815045  0.00093096  0.96815090 -0.25056558
29762.1  1.00000000  0.96815044  0.00093078  0.96815089 -0.25056562
29762.2  1.00000000  0.96815044  0.00092958  0.96815089 -0.25056565
29762.3  1.00000000  0.96815045  0.00092768  0.96815089 -0.25056567
29762.4  1.00000000  0.96815044  0.00092536  0.96815089 -0.25056569
29762.5  1.00000000  0.96815044  0.00092280  0.96815088 -0.25056569
29762.6  1.00000000  0.96815044  0.00092039  0.96815088 -0.25056567
29762.7  1.00000000  0.96815045  0.00091861  0.96815089 -0.25056564
29762.8  1.00000000  0.96815047  0.00091788  0.96815090 -0.25056560
29762.9  1.00000000  0.96815047  0.00091825  0.96815091 -0.25056557
29763.0  1.00000000  0.96815047  0.00091951  0.96815091 -0.25056554
29763.1  1.00000000  0.96815047  0.00092140  0.96815091 -0.25056552
29763.2  1.00000000  0.96815047  0.00092371  0.96815092 -0.25056551
29763.3  1.00000000  0.96815048  0.00092620  0.96815092 -0.25056551
29763.4  1.00000000  0.96815047  0.00092842  0.96815092 -0.25056553
29763.5  1.00000000  0.96815046  0.00092985  0.96815090 -0.25056557
29763.6  1.00000000  0.96815045  0.00093021  0.96815090 -0.25056560
29763.7  1.00000000  0.96815045  0.00092962  0.96815089 -0.25056563
29763.8  1.00000000  0.96815045  0.00092832  0.96815089 -0.25056565
29763.9  1.00000000  0.96815044  0.00092645  0.96815089 -0.25056567
29764.0  1.00000000  0.96815044  0.00092410  0.96815088 -0.25056568
29764.1  1.00000000  0.96815044  0.00092169  0.96815088 -0.25056568
29764.2  1.00000000  0.96815045  0.00091978  0.96815089 -0.25056565
29764.3  1.00000000  0.96815047  0.00091879  0.96815090 -0.25056562
29764.4  1.00000000  0.96815047  0.00091871  0.96815090 -0.25056559
29764.5  1.00000000  0.96815047  0.00091937  0.96815090 -0.25056556
29764.6  1.00000000  0.96815047  0.00092068  0.96815091 -0.25056554
29764.7  1.00000000  0.96815048  0.00092269  0.96815092 -0.25056552
29764.8  1.00000000  0.96815048  0.00092506  0.96815092 -0.25056552
29764.9  1.00000000  0.96815047  0.00092725  0.96815091 -0.25056553
29765.0  1.00000000  0.96815046  0.00092873  0.96815090 -0.25056556
29765.1  1.00000000  0.96815045  0.00092941  0.96815090 -0.25056559
29765.2  1.00000000  0.96815046  0.00092940  0.96815090 -0.25056561
29765.3  1.00000000  0.96815045  0.00092868  0.96815090 -0.25056564
29765.4  1.00000000  0.96815044  0.00092718  0.96815089 -0.25056566
29765.5  1.00000000  0.96815044  0.00092504  0.96815088 -0.25056568
29765.6  1.00000000  0.96815045  0.00092281  0.96815089 -0.25056567
29765.7  1.00000000  0.96815046  0.00092099  0.96815090 -0.25056565
29765.8  1.00000000  0.96815046  0.00091983  0.96815090 -0.25056563
29765.9  1.00000000  0.96815046  0.00091926  0.96815090 -0.25056561
29766.0  1.00000000  0.96815046  0.00091935  0.96815090 -0.25056558
29766.1  1.00000000  0.96815047  0.00092030  0.96815091 -0.25056555
29766.2  1.00000000  0.96815048  0.00092201  0.96815092 -0.25056553
29766.3  1.00000000  0.96815047  0.00092412  0.96815091 -0.25056553
29766.4  1.00000000  0.96815047  0.00092605  0.96815091 -0.25056554
29766.5  1.00000000  0.96815046  0.00092756  0.96815090 -0.25056555
29766.6  1.00000000  0.96815046  0.00092861  0.96815091 -0.25056557
29766.7  1.00000000  0.96815046  0.00092907  0.96815090 -0.25056560
29766.8  1.00000000  0.96815045  0.00092876  0.96815089 -0.25056563
29766.9  1.00000000  0.96815044  0.00092753  0.96815089 -0.25056565
29767.0  1.00000000  0.96815044  0.00092574  0.96815088 -0.25056566
29767.1  1.00000000  0.96815045  0.00092387  0.96815089 -0.25056566
29767.2  1.00000000  0.96815045  0.00092218  0.96815089 -0.25056565
29767.3  1.00000000  0.96815045  0.00092081  0.96815089 -0.25056564
29767.4  1.00000000  0.96815046  0.00091983  0.96815089 -0.25056562
29767.5  1.00000000  0.96815046  0.00091959  0.96815090 -0.25056559
29767.6  1.00000000  0.96815047  0.00092024  0.96815091 -0.25056556
29767.7  1.00000000  0.96815047  0.00092160  0.96815091 -0.25056554
29767.8  1.00000000  0.96815047  0.00092329  0.96815091 -0.25056554
29767.9  1.00000000  0.96815047  0.00092494  0.96815091 -0.25056554
