 # AA:        374122.00557971641     
 # FLEGG:     234189.12014372982     
 # AF0:     -6.22068574088730716E-002
 # CPAR:      600.01081710162225     
 # Diff:     8.55074003082074152E-002
 # TF:       3.79473319220205556E-007
 # H:         284.00000000000000     
 # GRAD:     0.10000000000000001     
 # HR:       3.00000000000000006E-003
 # LP:       0.19000000000066325     
 # TIME  LP  TMAB  TMDS  TMPC  TMZ
40570.2  1.00000000  0.96816925 -0.00099672  0.96816977 -0.25051000
40570.3  1.00000000  0.96816931 -0.00252309  0.96817260 -0.25049487
40570.4  1.00000000  0.96817032 -0.00338838  0.96817625 -0.25047339
40570.5  1.00000000  0.96817401 -0.00343963  0.96818012 -0.25044974
40570.6  1.00000000  0.96817989 -0.00268142  0.96818360 -0.25042840
40570.7  1.00000000  0.96818548 -0.00126356  0.96818631 -0.25041326
40570.8  1.00000000  0.96818705  0.00053090  0.96818719 -0.25040763
40570.9  1.00000000  0.96818333  0.00233559  0.96818615 -0.25041244
40571.0  1.00000000  0.96817639  0.00379913  0.96818384 -0.25042624
40571.1  1.00000000  0.96816946  0.00464806  0.96818061 -0.25044631
40571.2  1.00000000  0.96816560  0.00473454  0.96817718 -0.25046863
40571.3  1.00000000  0.96816501  0.00405173  0.96817349 -0.25048942
40571.4  1.00000000  0.96816655  0.00271638  0.96817037 -0.25050455
40571.5  1.00000000  0.96816895  0.00100187  0.96816947 -0.25051025
40571.6  1.00000000  0.96817035 -0.00073075  0.96817062 -0.25050578
40571.7  1.00000000  0.96817078 -0.00213840  0.96817314 -0.25049256
40571.8  1.00000000  0.96817155 -0.00296607  0.96817609 -0.25047366
40571.9  1.00000000  0.96817463 -0.00307223  0.96817951 -0.25045230
40572.0  1.00000000  0.96818006 -0.00243105  0.96818311 -0.25043234
40572.1  1.00000000  0.96818487 -0.00117057  0.96818558 -0.25041819
40572.2  1.00000000  0.96818621  0.00044448  0.96818632 -0.25041263
40572.3  1.00000000  0.96818306  0.00208602  0.96818531 -0.25041653
40572.4  1.00000000  0.96817704  0.00342932  0.96818312 -0.25042867
40572.5  1.00000000  0.96817147  0.00423417  0.96818073 -0.25044613
40572.6  1.00000000  0.96816793  0.00437113  0.96817780 -0.25046615
40572.7  1.00000000  0.96816683  0.00380760  0.96817432 -0.25048534
40572.8  1.00000000  0.96816767  0.00263612  0.96817126 -0.25049968
40572.9  1.00000000  0.96816951  0.00109113  0.96817012 -0.25050563
40573.0  1.00000000  0.96817128 -0.00048957  0.96817140 -0.25050193
40573.1  1.00000000  0.96817186 -0.00178843  0.96817351 -0.25049052
40573.2  1.00000000  0.96817243 -0.00258495  0.96817588 -0.25047389
40573.3  1.00000000  0.96817512 -0.00273658  0.96817899 -0.25045453
40573.4  1.00000000  0.96817987 -0.00220453  0.96818238 -0.25043611
40573.5  1.00000000  0.96818440 -0.00109052  0.96818501 -0.25042254
40573.6  1.00000000  0.96818570  0.00037144  0.96818577 -0.25041695
40573.7  1.00000000  0.96818289  0.00186984  0.96818469 -0.25042016
40573.8  1.00000000  0.96817780  0.00311191  0.96818280 -0.25043072
40573.9  1.00000000  0.96817285  0.00387742  0.96818062 -0.25044634
40574.0  1.00000000  0.96816972  0.00404383  0.96817817 -0.25046428
40574.1  1.00000000  0.96816833  0.00357838  0.96817494 -0.25048190
40574.2  1.00000000  0.96816848  0.00254312  0.96817182 -0.25049553
40574.3  1.00000000  0.96817010  0.00114926  0.96817078 -0.25050137
40574.4  1.00000000  0.96817189 -0.00029196  0.96817193 -0.25049845
40574.5  1.00000000  0.96817278 -0.00149044  0.96817393 -0.25048841
40574.6  1.00000000  0.96817340 -0.00224224  0.96817600 -0.25047363
40574.7  1.00000000  0.96817563 -0.00242097  0.96817865 -0.25045626
40574.8  1.00000000  0.96817991 -0.00197718  0.96818193 -0.25043924
40574.9  1.00000000  0.96818386 -0.00099198  0.96818437 -0.25042660
40575.0  1.00000000  0.96818502  0.00032082  0.96818507 -0.25042112
40575.1  1.00000000  0.96818261  0.00168219  0.96818407 -0.25042362
40575.2  1.00000000  0.96817817  0.00282173  0.96818229 -0.25043288
40575.3  1.00000000  0.96817408  0.00354340  0.96818057 -0.25044656
40575.4  1.00000000  0.96817121  0.00373569  0.96817842 -0.25046269
40575.5  1.00000000  0.96816964  0.00335422  0.96817545 -0.25047882
40575.6  1.00000000  0.96816948  0.00244752  0.96817257 -0.25049152
40575.7  1.00000000  0.96817076  0.00119900  0.96817150 -0.25049734
40575.8  1.00000000  0.96817259 -0.00010900  0.96817259 -0.25049509
40575.9  1.00000000  0.96817353 -0.00121051  0.96817429 -0.25048645
40576.0  1.00000000  0.96817405 -0.00192510  0.96817596 -0.25047347
40576.1  1.00000000  0.96817601 -0.00212919  0.96817835 -0.25045781
40576.2  1.00000000  0.96817970 -0.00176843  0.96818132 -0.25044225
40576.3  1.00000000  0.96818331 -0.00090537  0.96818373 -0.25043031
40576.4  1.00000000  0.96818440  0.00027332  0.96818444 -0.25042489
40576.5  1.00000000  0.96818237  0.00151014  0.96818354 -0.25042674
40576.6  1.00000000  0.96817869  0.00256232  0.96818208 -0.25043465
40576.7  1.00000000  0.96817513  0.00324980  0.96818058 -0.25044679
40576.8  1.00000000  0.96817250  0.00346384  0.96817870 -0.25046132
40576.9  1.00000000  0.96817078  0.00315626  0.96817592 -0.25047616
40577.0  1.00000000  0.96817022  0.00235827  0.96817309 -0.25048813
40577.1  1.00000000  0.96817132  0.00123467  0.96817210 -0.25049378
40577.2  1.00000000  0.96817305  0.00004423  0.96817305 -0.25049215
40577.3  1.00000000  0.96817406 -0.00097276  0.96817455 -0.25048467
40577.4  1.00000000  0.96817459 -0.00164883  0.96817600 -0.25047315
40577.5  1.00000000  0.96817630 -0.00186979  0.96817810 -0.25045904
40577.6  1.00000000  0.96817969 -0.00157495  0.96818097 -0.25044466
40577.7  1.00000000  0.96818291 -0.00081274  0.96818325 -0.25043352
40577.8  1.00000000  0.96818389  0.00024712  0.96818393 -0.25042826
40577.9  1.00000000  0.96818212  0.00137161  0.96818309 -0.25042962
40578.0  1.00000000  0.96817889  0.00233814  0.96818172 -0.25043653
40578.1  1.00000000  0.96817588  0.00298431  0.96818048 -0.25044722
40578.2  1.00000000  0.96817349  0.00321004  0.96817881 -0.25046029
40578.3  1.00000000  0.96817169  0.00296141  0.96817622 -0.25047389
40578.4  1.00000000  0.96817099  0.00226110  0.96817363 -0.25048499
40578.5  1.00000000  0.96817187  0.00125453  0.96817269 -0.25049046
40578.6  1.00000000  0.96817358  0.00017596  0.96817360 -0.25048927
40578.7  1.00000000  0.96817461 -0.00075554  0.96817491 -0.25048284
40578.8  1.00000000  0.96817509 -0.00139135  0.96817609 -0.25047272
40578.9  1.00000000  0.96817658 -0.00162290  0.96817794 -0.25046006
40579.0  1.00000000  0.96817953 -0.00138834  0.96818053 -0.25044696
40579.1  1.00000000  0.96818242 -0.00072305  0.96818269 -0.25043655
40579.2  1.00000000  0.96818333  0.00022489  0.96818335 -0.25043143
40579.3  1.00000000  0.96818181  0.00124324  0.96818261 -0.25043231
40579.4  1.00000000  0.96817913  0.00213188  0.96818148 -0.25043817
40579.5  1.00000000  0.96817655  0.00274264  0.96818043 -0.25044761
40579.6  1.00000000  0.96817439  0.00297888  0.96817897 -0.25045935
40579.7  1.00000000  0.96817260  0.00278561  0.96817661 -0.25047178
40579.8  1.00000000  0.96817171  0.00217438  0.96817415 -0.25048216
40579.9  1.00000000  0.96817241  0.00127345  0.96817325 -0.25048746
40580.0  1.00000000  0.96817394  0.00029421  0.96817399 -0.25048678
40580.1  1.00000000  0.96817495 -0.00056484  0.96817511 -0.25048127
40580.2  1.00000000  0.96817543 -0.00116511  0.96817613 -0.25047233
40580.3  1.00000000  0.96817674 -0.00140543  0.96817776 -0.25046094
40580.4  1.00000000  0.96817942 -0.00122188  0.96818019 -0.25044890
40580.5  1.00000000  0.96818204 -0.00063906  0.96818225 -0.25043918
40580.6  1.00000000  0.96818290  0.00021130  0.96818293 -0.25043419
40580.7  1.00000000  0.96818164  0.00113816  0.96818231 -0.25043465
40580.8  1.00000000  0.96817929  0.00195741  0.96818127 -0.25043974
40580.9  1.00000000  0.96817704  0.00253220  0.96818035 -0.25044810
40581.0  1.00000000  0.96817504  0.00277177  0.96817901 -0.25045871
40581.1  1.00000000  0.96817328  0.00261985  0.96817683 -0.25047008
40581.2  1.00000000  0.96817234  0.00208415  0.96817458 -0.25047967
40581.3  1.00000000  0.96817287  0.00127737  0.96817371 -0.25048476
40581.4  1.00000000  0.96817429  0.00038922  0.96817437 -0.25048443
40581.5  1.00000000  0.96817528 -0.00039924  0.96817536 -0.25047970
40581.6  1.00000000  0.96817578 -0.00096147  0.96817626 -0.25047179
40581.7  1.00000000  0.96817698 -0.00120201  0.96817773 -0.25046153
40581.8  1.00000000  0.96817933 -0.00105929  0.96817991 -0.25045058
40581.9  1.00000000  0.96818165 -0.00055088  0.96818181 -0.25044159
40582.0  1.00000000  0.96818242  0.00020850  0.96818245 -0.25043681
40582.1  1.00000000  0.96818134  0.00104636  0.96818190 -0.25043694
40582.2  1.00000000  0.96817937  0.00179752  0.96818104 -0.25044124
40582.3  1.00000000  0.96817742  0.00233676  0.96818024 -0.25044862
40582.4  1.00000000  0.96817562  0.00257719  0.96817905 -0.25045815
40582.5  1.00000000  0.96817395  0.00246370  0.96817708 -0.25046850
40582.6  1.00000000  0.96817298  0.00199832  0.96817504 -0.25047736
40582.7  1.00000000  0.96817339  0.00127993  0.96817423 -0.25048223
40582.8  1.00000000  0.96817462  0.00047717  0.96817473 -0.25048227
40582.9  1.00000000  0.96817553 -0.00024747  0.96817556 -0.25047829
40583.0  1.00000000  0.96817602 -0.00077595  0.96817633 -0.25047131
40583.1  1.00000000  0.96817708 -0.00101825  0.96817762 -0.25046210
40583.2  1.00000000  0.96817920 -0.00091337  0.96817963 -0.25045210
40583.3  1.00000000  0.96818127 -0.00047177  0.96818139 -0.25044375
40583.4  1.00000000  0.96818201  0.00020588  0.96818203 -0.25043913
40583.5  1.00000000  0.96818115  0.00096613  0.96818163 -0.25043893
40583.6  1.00000000  0.96817947  0.00165817  0.96818089 -0.25044258
40583.7  1.00000000  0.96817777  0.00216591  0.96818019 -0.25044910
40583.8  1.00000000  0.96817610  0.00240610  0.96817909 -0.25045772
40583.9  1.00000000  0.96817448  0.00232348  0.96817727 -0.25046718
40584.0  1.00000000  0.96817350  0.00191766  0.96817540 -0.25047537
40584.1  1.00000000  0.96817377  0.00127533  0.96817461 -0.25048004
40584.2  1.00000000  0.96817486  0.00054713  0.96817502 -0.25048033
40584.3  1.00000000  0.96817572 -0.00011913  0.96817573 -0.25047696
40584.4  1.00000000  0.96817622 -0.00061432  0.96817642 -0.25047078
40584.5  1.00000000  0.96817725 -0.00085272  0.96817762 -0.25046246
40584.6  1.00000000  0.96817913 -0.00077615  0.96817944 -0.25045334
40584.7  1.00000000  0.96818098 -0.00039110  0.96818106 -0.25044563
40584.8  1.00000000  0.96818165  0.00021445  0.96818167 -0.25044124
40584.9  1.00000000  0.96818090  0.00090228  0.96818132 -0.25044083
40585.0  1.00000000  0.96817947  0.00153648  0.96818069 -0.25044391
40585.1  1.00000000  0.96817797  0.00201034  0.96818006 -0.25044968
40585.2  1.00000000  0.96817646  0.00224517  0.96817906 -0.25045742
40585.3  1.00000000  0.96817495  0.00218845  0.96817743 -0.25046602
40585.4  1.00000000  0.96817401  0.00183675  0.96817575 -0.25047355
40585.5  1.00000000  0.96817420  0.00126566  0.96817503 -0.25047796
40585.6  1.00000000  0.96817514  0.00060868  0.96817533 -0.25047849
40585.7  1.00000000  0.96817593 -0.00000149  0.96817593 -0.25047566
40585.8  1.00000000  0.96817642 -0.00046356  0.96817654 -0.25047023
40585.9  1.00000000  0.96817733 -0.00069775  0.96817759 -0.25046278
40586.0  1.00000000  0.96817901 -0.00064801  0.96817923 -0.25045450
40586.1  1.00000000  0.96818065 -0.00031609  0.96818070 -0.25044739
40586.2  1.00000000  0.96818128  0.00022182  0.96818130 -0.25044319
40586.3  1.00000000  0.96818069  0.00084342  0.96818106 -0.25044255
40586.4  1.00000000  0.96817948  0.00142555  0.96818053 -0.25044511
40586.5  1.00000000  0.96817819  0.00186959  0.96817999 -0.25045018
40586.6  1.00000000  0.96817681  0.00210095  0.96817909 -0.25045714
40586.7  1.00000000  0.96817540  0.00206772  0.96817760 -0.25046498
40586.8  1.00000000  0.96817446  0.00176422  0.96817607 -0.25047192
40586.9  1.00000000  0.96817454  0.00125580  0.96817536 -0.25047614
40587.0  1.00000000  0.96817535  0.00066087  0.96817557 -0.25047687
40587.1  1.00000000  0.96817606  0.00010009  0.96817607 -0.25047452
40587.2  1.00000000  0.96817655 -0.00033255  0.96817661 -0.25046972
40587.3  1.00000000  0.96817741 -0.00056118  0.96817758 -0.25046300
40587.4  1.00000000  0.96817892 -0.00053239  0.96817907 -0.25045546
40587.5  1.00000000  0.96818041 -0.00024500  0.96818044 -0.25044888
40587.6  1.00000000  0.96818099  0.00023495  0.96818102 -0.25044489
40587.7  1.00000000  0.96818051  0.00079787  0.96818084 -0.25044411
40587.8  1.00000000  0.96817947  0.00133205  0.96818038 -0.25044625
40587.9  1.00000000  0.96817831  0.00174624  0.96817989 -0.25045074
40588.0  1.00000000  0.96817705  0.00196982  0.96817906 -0.25045701
40588.1  1.00000000  0.96817574  0.00195386  0.96817771 -0.25046413
40588.2  1.00000000  0.96817484  0.00169123  0.96817632 -0.25047051
40588.3  1.00000000  0.96817487  0.00123897  0.96817567 -0.25047448
40588.4  1.00000000  0.96817556  0.00070208  0.96817582 -0.25047534
40588.5  1.00000000  0.96817623  0.00018905  0.96817625 -0.25047338
40588.6  1.00000000  0.96817671 -0.00021289  0.96817673 -0.25046915
40588.7  1.00000000  0.96817750 -0.00043319  0.96817760 -0.25046313
40588.8  1.00000000  0.96817884 -0.00042162  0.96817893 -0.25045630
40588.9  1.00000000  0.96818015 -0.00017464  0.96818016 -0.25045027
40589.0  1.00000000  0.96818068  0.00025069  0.96818071 -0.25044649
40589.1  1.00000000  0.96818029  0.00075780  0.96818059 -0.25044558
40589.2  1.00000000  0.96817942  0.00124612  0.96818022 -0.25044733
40589.3  1.00000000  0.96817842  0.00163181  0.96817979 -0.25045126
40589.4  1.00000000  0.96817729  0.00184845  0.96817905 -0.25045688
40589.5  1.00000000  0.96817607  0.00184882  0.96817784 -0.25046334
40589.6  1.00000000  0.96817523  0.00162439  0.96817660 -0.25046919
40589.7  1.00000000  0.96817519  0.00122389  0.96817597 -0.25047296
40589.8  1.00000000  0.96817576  0.00073967  0.96817604 -0.25047395
40589.9  1.00000000  0.96817634  0.00026966  0.96817638 -0.25047236
40590.0  1.00000000  0.96817680 -0.00010544  0.96817680 -0.25046866
40590.1  1.00000000  0.96817754 -0.00031892  0.96817759 -0.25046325
40590.2  1.00000000  0.96817874 -0.00032288  0.96817879 -0.25045705
40590.3  1.00000000  0.96817992 -0.00011158  0.96817992 -0.25045148
40590.4  1.00000000  0.96818043  0.00026621  0.96818047 -0.25044790
40590.5  1.00000000  0.96818014  0.00072462  0.96818041 -0.25044688
40590.6  1.00000000  0.96817940  0.00117267  0.96818011 -0.25044830
40590.7  1.00000000  0.96817851  0.00153252  0.96817972 -0.25045176
40590.8  1.00000000  0.96817747  0.00174119  0.96817903 -0.25045682
40590.9  1.00000000  0.96817634  0.00175383  0.96817793 -0.25046270
40591.0  1.00000000  0.96817553  0.00156090  0.96817679 -0.25046808
40591.1  1.00000000  0.96817545  0.00120481  0.96817620 -0.25047162
40591.2  1.00000000  0.96817593  0.00076754  0.96817623 -0.25047268
40591.3  1.00000000  0.96817646  0.00033738  0.96817652 -0.25047140
40591.4  1.00000000  0.96817691 -0.00001085  0.96817691 -0.25046813
40591.5  1.00000000  0.96817760 -0.00021489  0.96817762 -0.25046328
40591.6  1.00000000  0.96817868 -0.00022983  0.96817871 -0.25045765
40591.7  1.00000000  0.96817973 -0.00004872  0.96817973 -0.25045255
40591.8  1.00000000  0.96818019  0.00028619  0.96818023 -0.25044918
40591.9  1.00000000  0.96817996  0.00069903  0.96818021 -0.25044811
40592.0  1.00000000  0.96817932  0.00110790  0.96817996 -0.25044925
40592.1  1.00000000  0.96817854  0.00144141  0.96817962 -0.25045228
40592.2  1.00000000  0.96817761  0.00164083  0.96817900 -0.25045681
40592.3  1.00000000  0.96817658  0.00166364  0.96817800 -0.25046213
40592.4  1.00000000  0.96817583  0.00149967  0.96817699 -0.25046705
40592.5  1.00000000  0.96817572  0.00118516  0.96817644 -0.25047038
40592.6  1.00000000  0.96817611  0.00079206  0.96817644 -0.25047150
40592.7  1.00000000  0.96817658  0.00039961  0.96817666 -0.25047048
40592.8  1.00000000  0.96817699  0.00007648  0.96817699 -0.25046764
40592.9  1.00000000  0.96817762 -0.00011906  0.96817763 -0.25046330
40593.0  1.00000000  0.96817859 -0.00014452  0.96817860 -0.25045821
40593.1  1.00000000  0.96817953  0.00000847  0.96817953 -0.25045353
40593.2  1.00000000  0.96817997  0.00030426  0.96818001 -0.25045035
40593.3  1.00000000  0.96817980  0.00067602  0.96818004 -0.25044922
40593.4  1.00000000  0.96817928  0.00105004  0.96817985 -0.25045010
40593.5  1.00000000  0.96817860  0.00136040  0.96817955 -0.25045274
40593.6  1.00000000  0.96817774  0.00155165  0.96817899 -0.25045681
40593.7  1.00000000  0.96817679  0.00158328  0.96817809 -0.25046163
40593.8  1.00000000  0.96817608  0.00144433  0.96817716 -0.25046616
40593.9  1.00000000  0.96817594  0.00116579  0.96817664 -0.25046929
40594.0  1.00000000  0.96817625  0.00081125  0.96817659 -0.25047045
40594.1  1.00000000  0.96817666  0.00045215  0.96817677 -0.25046966
40594.2  1.00000000  0.96817706  0.00015213  0.96817707 -0.25046717
40594.3  1.00000000  0.96817765 -0.00003428  0.96817765 -0.25046328
40594.4  1.00000000  0.96817853 -0.00006709  0.96817854 -0.25045866
40594.5  1.00000000  0.96817938  0.00006287  0.96817938 -0.25045436
40594.6  1.00000000  0.96817978  0.00032493  0.96817984 -0.25045138
40594.7  1.00000000  0.96817966  0.00065997  0.96817989 -0.25045023
40594.8  1.00000000  0.96817921  0.00100146  0.96817973 -0.25045091
40594.9  1.00000000  0.96817860  0.00128871  0.96817946 -0.25045323
40595.0  1.00000000  0.96817783  0.00147008  0.96817894 -0.25045687
40595.1  1.00000000  0.96817696  0.00150751  0.96817813 -0.25046124
40595.2  1.00000000  0.96817630  0.00139001  0.96817730 -0.25046537
40595.3  1.00000000  0.96817615  0.00114409  0.96817682 -0.25046829
40595.4  1.00000000  0.96817641  0.00082564  0.96817676 -0.25046946
40595.5  1.00000000  0.96817677  0.00049871  0.96817690 -0.25046886
40595.6  1.00000000  0.96817714  0.00022156  0.96817716 -0.25046669
40595.7  1.00000000  0.96817768  0.00004482  0.96817768 -0.25046322
40595.8  1.00000000  0.96817847  0.00000591  0.96817847 -0.25045905
40595.9  1.00000000  0.96817922  0.00011462  0.96817923 -0.25045512
40596.0  1.00000000  0.96817959  0.00034520  0.96817966 -0.25045234
40596.1  1.00000000  0.96817951  0.00064584  0.96817973 -0.25045117
40596.2  1.00000000  0.96817915  0.00095698  0.96817962 -0.25045166
40596.3  1.00000000  0.96817862  0.00122301  0.96817939 -0.25045367
40596.4  1.00000000  0.96817792  0.00139558  0.96817893 -0.25045692
40596.5  1.00000000  0.96817713  0.00143868  0.96817820 -0.25046087
40596.6  1.00000000  0.96817652  0.00134086  0.96817745 -0.25046466
40596.7  1.00000000  0.96817634  0.00112437  0.96817699 -0.25046739
40596.8  1.00000000  0.96817654  0.00083820  0.96817690 -0.25046857
40596.9  1.00000000  0.96817685  0.00053979  0.96817700 -0.25046815
40597.0  1.00000000  0.96817719  0.00028288  0.96817723 -0.25046627
40597.1  1.00000000  0.96817769  0.00011481  0.96817770 -0.25046317
40597.2  1.00000000  0.96817841  0.00007092  0.96817841 -0.25045939
40597.3  1.00000000  0.96817909  0.00016161  0.96817910 -0.25045578
40597.4  1.00000000  0.96817944  0.00036501  0.96817951 -0.25045317
40597.5  1.00000000  0.96817940  0.00063569  0.96817961 -0.25045200
40597.6  1.00000000  0.96817909  0.00091979  0.96817953 -0.25045235
40597.7  1.00000000  0.96817862  0.00116606  0.96817932 -0.25045409
40597.8  1.00000000  0.96817798  0.00132939  0.96817889 -0.25045700
40597.9  1.00000000  0.96817725  0.00137582  0.96817823 -0.25046058
40598.0  1.00000000  0.96817669  0.00129425  0.96817755 -0.25046404
40598.1  1.00000000  0.96817650  0.00110371  0.96817713 -0.25046659
40598.2  1.00000000  0.96817666  0.00084688  0.96817703 -0.25046776
40598.3  1.00000000  0.96817693  0.00057521  0.96817711 -0.25046748
40598.4  1.00000000  0.96817725  0.00033816  0.96817731 -0.25046584
40598.5  1.00000000  0.96817771  0.00017948  0.96817773 -0.25046308
40598.6  1.00000000  0.96817836  0.00013207  0.96817836 -0.25045968
40598.7  1.00000000  0.96817897  0.00020653  0.96817899 -0.25045638
40598.8  1.00000000  0.96817930  0.00038505  0.96817938 -0.25045394
40598.9  1.00000000  0.96817927  0.00062761  0.96817948 -0.25045278
40599.0  1.00000000  0.96817901  0.00088583  0.96817942 -0.25045300
40599.1  1.00000000  0.96817860  0.00111298  0.96817924 -0.25045450
40599.2  1.00000000  0.96817804  0.00126741  0.96817887 -0.25045708
40599.3  1.00000000  0.96817738  0.00131737  0.96817828 -0.25046031
40599.4  1.00000000  0.96817685  0.00125104  0.96817766 -0.25046348
40599.5  1.00000000  0.96817667  0.00108388  0.96817727 -0.25046586
40599.6  1.00000000  0.96817678  0.00085370  0.96817716 -0.25046701
40599.7  1.00000000  0.96817702  0.00060668  0.96817721 -0.25046685
40599.8  1.00000000  0.96817730  0.00038774  0.96817737 -0.25046545
40599.9  1.00000000  0.96817771  0.00023746  0.96817774 -0.25046300
40600.0  1.00000000  0.96817830  0.00018700  0.96817832 -0.25045992
40600.1  1.00000000  0.96817886  0.00024762  0.96817889 -0.25045690
40600.2  1.00000000  0.96817917  0.00040434  0.96817925 -0.25045462
40600.3  1.00000000  0.96817917  0.00062199  0.96817937 -0.25045348
40600.4  1.00000000  0.96817896  0.00085728  0.96817934 -0.25045358
40600.5  1.00000000  0.96817860  0.00106731  0.96817919 -0.25045488
40600.6  1.00000000  0.96817809  0.00121327  0.96817885 -0.25045718
40600.7  1.00000000  0.96817748  0.00126509  0.96817831 -0.25046010
40600.8  1.00000000  0.96817699  0.00121104  0.96817775 -0.25046300
40600.9  1.00000000  0.96817680  0.00106408  0.96817738 -0.25046522
40601.0  1.00000000  0.96817688  0.00085737  0.96817726 -0.25046635
40601.1  1.00000000  0.96817708  0.00063247  0.96817729 -0.25046629
40601.2  1.00000000  0.96817734  0.00043050  0.96817744 -0.25046508
40601.3  1.00000000  0.96817773  0.00028919  0.96817777 -0.25046289
40601.4  1.00000000  0.96817826  0.00023766  0.96817829 -0.25046010
40601.5  1.00000000  0.96817877  0.00028693  0.96817881 -0.25045735
40601.6  1.00000000  0.96817906  0.00042458  0.96817915 -0.25045523
40601.7  1.00000000  0.96817907  0.00061967  0.96817927 -0.25045412
40601.8  1.00000000  0.96817889  0.00083338  0.96817925 -0.25045414
40601.9  1.00000000  0.96817857  0.00102661  0.96817912 -0.25045526
40602.0  1.00000000  0.96817811  0.00116338  0.96817881 -0.25045731
40602.1  1.00000000  0.96817756  0.00121583  0.96817833 -0.25045994
40602.2  1.00000000  0.96817712  0.00117247  0.96817783 -0.25046258
40602.3  1.00000000  0.96817693  0.00104401  0.96817749 -0.25046463
40602.4  1.00000000  0.96817698  0.00085934  0.96817737 -0.25046573
40602.5  1.00000000  0.96817716  0.00065542  0.96817738 -0.25046574
40602.6  1.00000000  0.96817739  0.00046973  0.96817750 -0.25046471
40602.7  1.00000000  0.96817774  0.00033711  0.96817780 -0.25046277
40602.8  1.00000000  0.96817822  0.00028469  0.96817826 -0.25046027
40602.9  1.00000000  0.96817868  0.00032349  0.96817873 -0.25045776
40603.0  1.00000000  0.96817894  0.00044345  0.96817904 -0.25045579
40603.1  1.00000000  0.96817897  0.00061775  0.96817917 -0.25045471
40603.2  1.00000000  0.96817883  0.00081178  0.96817917 -0.25045465
40603.3  1.00000000  0.96817855  0.00098980  0.96817906 -0.25045560
40603.4  1.00000000  0.96817814  0.00111845  0.96817879 -0.25045742
40603.5  1.00000000  0.96817765  0.00117154  0.96817835 -0.25045979
40603.6  1.00000000  0.96817723  0.00113776  0.96817790 -0.25046220
40603.7  1.00000000  0.96817704  0.00102565  0.96817759 -0.25046411
40603.8  1.00000000  0.96817707  0.00086036  0.96817745 -0.25046517
40603.9  1.00000000  0.96817721  0.00067498  0.96817745 -0.25046526
40604.0  1.00000000  0.96817742  0.00050383  0.96817755 -0.25046438
40604.1  1.00000000  0.96817775  0.00037926  0.96817782 -0.25046266
40604.2  1.00000000  0.96817819  0.00032670  0.96817824 -0.25046040
40604.3  1.00000000  0.96817860  0.00035693  0.96817867 -0.25045810
40604.4  1.00000000  0.96817885  0.00046187  0.96817896 -0.25045627
40604.5  1.00000000  0.96817889  0.00061801  0.96817909 -0.25045523
40604.6  1.00000000  0.96817878  0.00079429  0.96817910 -0.25045512
40604.7  1.00000000  0.96817853  0.00095802  0.96817900 -0.25045593
40604.8  1.00000000  0.96817815  0.00107834  0.96817875 -0.25045755
40604.9  1.00000000  0.96817770  0.00113089  0.96817836 -0.25045968
40605.0  1.00000000  0.96817732  0.00110478  0.96817796 -0.25046188
40605.1  1.00000000  0.96817714  0.00100692  0.96817767 -0.25046364
40605.2  1.00000000  0.96817716  0.00085926  0.96817754 -0.25046466
40605.3  1.00000000  0.96817727  0.00069129  0.96817752 -0.25046480
40605.4  1.00000000  0.96817747  0.00053429  0.96817762 -0.25046406
40605.5  1.00000000  0.96817777  0.00041802  0.96817786 -0.25046253
40605.6  1.00000000  0.96817816  0.00036603  0.96817823 -0.25046050
40605.7  1.00000000  0.96817853  0.00038882  0.96817861 -0.25045841
40605.8  1.00000000  0.96817876  0.00047997  0.96817888 -0.25045672
40605.9  1.00000000  0.96817881  0.00061914  0.96817901 -0.25045572
40606.0  1.00000000  0.96817872  0.00077868  0.96817903 -0.25045556
40606.1  1.00000000  0.96817850  0.00092892  0.96817895 -0.25045624
40606.2  1.00000000  0.96817817  0.00104141  0.96817873 -0.25045767
40606.3  1.00000000  0.96817776  0.00109347  0.96817838 -0.25045959
40606.4  1.00000000  0.96817742  0.00107445  0.96817801 -0.25046158
40606.5  1.00000000  0.96817724  0.00098968  0.96817775 -0.25046322
40606.6  1.00000000  0.96817723  0.00085806  0.96817761 -0.25046420
40606.7  1.00000000  0.96817733  0.00070622  0.96817759 -0.25046436
40606.8  1.00000000  0.96817750  0.00056309  0.96817767 -0.25046373
40606.9  1.00000000  0.96817777  0.00045500  0.96817788 -0.25046239
40607.0  1.00000000  0.96817813  0.00040382  0.96817821 -0.25046058
40607.1  1.00000000  0.96817846  0.00041979  0.96817855 -0.25045870
40607.2  1.00000000  0.96817868  0.00049815  0.96817881 -0.25045713
40607.3  1.00000000  0.96817874  0.00062152  0.96817894 -0.25045618
40607.4  1.00000000  0.96817866  0.00076531  0.96817897 -0.25045598
40607.5  1.00000000  0.96817848  0.00090249  0.96817890 -0.25045655
40607.6  1.00000000  0.96817818  0.00100706  0.96817870 -0.25045780
40607.7  1.00000000  0.96817781  0.00105801  0.96817839 -0.25045952
40607.8  1.00000000  0.96817749  0.00104497  0.96817806 -0.25046133
40607.9  1.00000000  0.96817732  0.00097181  0.96817781 -0.25046284
40608.0  1.00000000  0.96817730  0.00085490  0.96817768 -0.25046377
40608.1  1.00000000  0.96817739  0.00071778  0.96817765 -0.25046398
40608.2  1.00000000  0.96817754  0.00058621  0.96817772 -0.25046346
40608.3  1.00000000  0.96817778  0.00048506  0.96817790 -0.25046228
40608.4  1.00000000  0.96817810  0.00043480  0.96817820 -0.25046064
40608.5  1.00000000  0.96817842  0.00044565  0.96817852 -0.25045892
40608.6  1.00000000  0.96817862  0.00051401  0.96817875 -0.25045747
40608.7  1.00000000  0.96817867  0.00062444  0.96817887 -0.25045657
40608.8  1.00000000  0.96817860  0.00075463  0.96817890 -0.25045634
40608.9  1.00000000  0.96817845  0.00088040  0.96817885 -0.25045681
40609.0  1.00000000  0.96817819  0.00097816  0.96817868 -0.25045792
40609.1  1.00000000  0.96817785  0.00102799  0.96817840 -0.25045947
40609.2  1.00000000  0.96817756  0.00101972  0.96817810 -0.25046112
40609.3  1.00000000  0.96817739  0.00095626  0.96817786 -0.25046251
40609.4  1.00000000  0.96817737  0.00085204  0.96817775 -0.25046339
40609.5  1.00000000  0.96817744  0.00072826  0.96817772 -0.25046363
40609.6  1.00000000  0.96817757  0.00060770  0.96817776 -0.25046321
40609.7  1.00000000  0.96817779  0.00051329  0.96817792 -0.25046217
40609.8  1.00000000  0.96817807  0.00046402  0.96817819 -0.25046070
40609.9  1.00000000  0.96817836  0.00046994  0.96817848 -0.25045913
40610.0  1.00000000  0.96817855  0.00052882  0.96817870 -0.25045778
40610.1  1.00000000  0.96817861  0.00062697  0.96817881 -0.25045693
40610.2  1.00000000  0.96817856  0.00074474  0.96817885 -0.25045667
40610.3  1.00000000  0.96817843  0.00086023  0.96817881 -0.25045706
40610.4  1.00000000  0.96817819  0.00095147  0.96817866 -0.25045803
40610.5  1.00000000  0.96817790  0.00100019  0.96817841 -0.25045942
40610.6  1.00000000  0.96817762  0.00099633  0.96817813 -0.25046093
40610.7  1.00000000  0.96817746  0.00094165  0.96817792 -0.25046221
40610.8  1.00000000  0.96817743  0.00084896  0.96817780 -0.25046305
40610.9  1.00000000  0.96817748  0.00073668  0.96817776 -0.25046332
40611.0  1.00000000  0.96817760  0.00062609  0.96817780 -0.25046296
40611.1  1.00000000  0.96817779  0.00053808  0.96817794 -0.25046205
40611.2  1.00000000  0.96817806  0.00049040  0.96817819 -0.25046073
40611.3  1.00000000  0.96817832  0.00049285  0.96817845 -0.25045930
40611.4  1.00000000  0.96817850  0.00054356  0.96817865 -0.25045806
40611.5  1.00000000  0.96817856  0.00063097  0.96817876 -0.25045725
40611.6  1.00000000  0.96817852  0.00073750  0.96817880 -0.25045698
40611.7  1.00000000  0.96817840  0.00084307  0.96817877 -0.25045730
40611.8  1.00000000  0.96817819  0.00092782  0.96817864 -0.25045815
40611.9  1.00000000  0.96817792  0.00097456  0.96817841 -0.25045940
40612.0  1.00000000  0.96817767  0.00097391  0.96817816 -0.25046076
40612.1  1.00000000  0.96817752  0.00092707  0.96817796 -0.25046195
40612.2  1.00000000  0.96817749  0.00084467  0.96817785 -0.25046274
40612.3  1.00000000  0.96817753  0.00074353  0.96817781 -0.25046301
40612.4  1.00000000  0.96817763  0.00064247  0.96817784 -0.25046273
40612.5  1.00000000  0.96817781  0.00056085  0.96817797 -0.25046193
40612.6  1.00000000  0.96817804  0.00051510  0.96817818 -0.25046075
40612.7  1.00000000  0.96817828  0.00051427  0.96817842 -0.25045945
40612.8  1.00000000  0.96817844  0.00055759  0.96817860 -0.25045831
40612.9  1.00000000  0.96817850  0.00063502  0.96817871 -0.25045755
40613.0  1.00000000  0.96817848  0.00073100  0.96817875 -0.25045727
40613.1  1.00000000  0.96817838  0.00082759  0.96817873 -0.25045752
40613.2  1.00000000  0.96817819  0.00090622  0.96817861 -0.25045827
40613.3  1.00000000  0.96817795  0.00095127  0.96817842 -0.25045938
40613.4  1.00000000  0.96817772  0.00095360  0.96817819 -0.25046062
40613.5  1.00000000  0.96817758  0.00091365  0.96817801 -0.25046171
40613.6  1.00000000  0.96817753  0.00084071  0.96817790 -0.25046246
40613.7  1.00000000  0.96817756  0.00074933  0.96817785 -0.25046275
40613.8  1.00000000  0.96817765  0.00065687  0.96817788 -0.25046252
40613.9  1.00000000  0.96817781  0.00058103  0.96817799 -0.25046182
40614.0  1.00000000  0.96817803  0.00053700  0.96817818 -0.25046076
40614.1  1.00000000  0.96817825  0.00053365  0.96817839 -0.25045958
40614.2  1.00000000  0.96817840  0.00057057  0.96817856 -0.25045853
40614.3  1.00000000  0.96817846  0.00063930  0.96817867 -0.25045781
40614.4  1.00000000  0.96817844  0.00072606  0.96817872 -0.25045752
40614.5  1.00000000  0.96817835  0.00081434  0.96817870 -0.25045772
40614.6  1.00000000  0.96817819  0.00088733  0.96817859 -0.25045838
40614.7  1.00000000  0.96817797  0.00093032  0.96817841 -0.25045938
40614.8  1.00000000  0.96817776  0.00093481  0.96817821 -0.25046050
40614.9  1.00000000  0.96817762  0.00090077  0.96817804 -0.25046151
40615.0  1.00000000  0.96817758  0.00083602  0.96817794 -0.25046221
40615.1  1.00000000  0.96817760  0.00075368  0.96817789 -0.25046250
40615.2  1.00000000  0.96817768  0.00066930  0.96817791 -0.25046232
40615.3  1.00000000  0.96817782  0.00059912  0.96817801 -0.25046170
40615.4  1.00000000  0.96817802  0.00055725  0.96817818 -0.25046076
40615.5  1.00000000  0.96817822  0.00055185  0.96817837 -0.25045969
40615.6  1.00000000  0.96817836  0.00058319  0.96817853 -0.25045873
40615.7  1.00000000  0.96817841  0.00064397  0.96817863 -0.25045805
40615.8  1.00000000  0.96817841  0.00072200  0.96817868 -0.25045776
40615.9  1.00000000  0.96817833  0.00080240  0.96817866 -0.25045792
40616.0  1.00000000  0.96817818  0.00086975  0.96817857 -0.25045849
40616.1  1.00000000  0.96817799  0.00091072  0.96817841 -0.25045938
40616.2  1.00000000  0.96817780  0.00091726  0.96817823 -0.25046039
40616.3  1.00000000  0.96817767  0.00088883  0.96817808 -0.25046131
40616.4  1.00000000  0.96817762  0.00083190  0.96817798 -0.25046198
40616.5  1.00000000  0.96817764  0.00075791  0.96817793 -0.25046227
40616.6  1.00000000  0.96817770  0.00068099  0.96817794 -0.25046214
40616.7  1.00000000  0.96817783  0.00061596  0.96817803 -0.25046160
40616.8  1.00000000  0.96817801  0.00057576  0.96817818 -0.25046076
40616.9  1.00000000  0.96817819  0.00056841  0.96817835 -0.25045980
40617.0  1.00000000  0.96817831  0.00059455  0.96817850 -0.25045891
40617.1  1.00000000  0.96817838  0.00064808  0.96817859 -0.25045827
40617.2  1.00000000  0.96817837  0.00071831  0.96817864 -0.25045798
40617.3  1.00000000  0.96817831  0.00079173  0.96817863 -0.25045809
40617.4  1.00000000  0.96817818  0.00085433  0.96817856 -0.25045859
40617.5  1.00000000  0.96817800  0.00089350  0.96817841 -0.25045938
40617.6  1.00000000  0.96817783  0.00090155  0.96817825 -0.25046030
40617.7  1.00000000  0.96817771  0.00087760  0.96817811 -0.25046115
40617.8  1.00000000  0.96817766  0.00082720  0.96817801 -0.25046177
40617.9  1.00000000  0.96817767  0.00076055  0.96817797 -0.25046206
40618.0  1.00000000  0.96817772  0.00069040  0.96817797 -0.25046197
40618.1  1.00000000  0.96817784  0.00063024  0.96817805 -0.25046150
40618.2  1.00000000  0.96817800  0.00059221  0.96817818 -0.25046075
40618.3  1.00000000  0.96817816  0.00058364  0.96817834 -0.25045988
40618.4  1.00000000  0.96817828  0.00060561  0.96817847 -0.25045906
40618.5  1.00000000  0.96817834  0.00065292  0.96817856 -0.25045847
40618.6  1.00000000  0.96817835  0.00071602  0.96817861 -0.25045818
40618.7  1.00000000  0.96817829  0.00078292  0.96817861 -0.25045825
40618.8  1.00000000  0.96817817  0.00084061  0.96817853 -0.25045869
40618.9  1.00000000  0.96817801  0.00087765  0.96817841 -0.25045940
40619.0  1.00000000  0.96817785  0.00088680  0.96817826 -0.25046023
40619.1  1.00000000  0.96817774  0.00086681  0.96817813 -0.25046101
40619.2  1.00000000  0.96817770  0.00082247  0.96817804 -0.25046159
40619.3  1.00000000  0.96817770  0.00076266  0.96817800 -0.25046187
40619.4  1.00000000  0.96817775  0.00069881  0.96817800 -0.25046181
40619.5  1.00000000  0.96817785  0.00064338  0.96817806 -0.25046141
40619.6  1.00000000  0.96817799  0.00060731  0.96817818 -0.25046074
40619.7  1.00000000  0.96817814  0.00059773  0.96817833 -0.25045995
40619.8  1.00000000  0.96817825  0.00061586  0.96817845 -0.25045920
40619.9  1.00000000  0.96817831  0.00065743  0.96817853 -0.25045864
40620.0  1.00000000  0.96817832  0.00071412  0.96817858 -0.25045836
40620.1  1.00000000  0.96817827  0.00077500  0.96817858 -0.25045841
40620.2  1.00000000  0.96817817  0.00082831  0.96817852 -0.25045878
40620.3  1.00000000  0.96817802  0.00086343  0.96817841 -0.25045941
40620.4  1.00000000  0.96817788  0.00087346  0.96817827 -0.25046016
40620.5  1.00000000  0.96817778  0.00085704  0.96817816 -0.25046088
40620.6  1.00000000  0.96817772  0.00081798  0.96817807 -0.25046142
40620.7  1.00000000  0.96817772  0.00076421  0.96817802 -0.25046170
40620.8  1.00000000  0.96817776  0.00070606  0.96817802 -0.25046167
40620.9  1.00000000  0.96817786  0.00065482  0.96817808 -0.25046131
40621.0  1.00000000  0.96817799  0.00062076  0.96817819 -0.25046072
40621.1  1.00000000  0.96817812  0.00061044  0.96817831 -0.25046000
40621.2  1.00000000  0.96817822  0.00062539  0.96817843 -0.25045932
40621.3  1.00000000  0.96817828  0.00066204  0.96817851 -0.25045880
40621.4  1.00000000  0.96817829  0.00071296  0.96817855 -0.25045852
40621.5  1.00000000  0.96817825  0.00076839  0.96817856 -0.25045855
40621.6  1.00000000  0.96817816  0.00081751  0.96817850 -0.25045887
40621.7  1.00000000  0.96817803  0.00085057  0.96817840 -0.25045943
40621.8  1.00000000  0.96817790  0.00086101  0.96817828 -0.25046011
40621.9  1.00000000  0.96817780  0.00084756  0.96817817 -0.25046076
40622.0  1.00000000  0.96817775  0.00081343  0.96817810 -0.25046127
40622.1  1.00000000  0.96817775  0.00076534  0.96817805 -0.25046154
40622.2  1.00000000  0.96817779  0.00071258  0.96817805 -0.25046153
40622.3  1.00000000  0.96817787  0.00066546  0.96817810 -0.25046123
40622.4  1.00000000  0.96817798  0.00063327  0.96817819 -0.25046070
40622.5  1.00000000  0.96817811  0.00062233  0.96817831 -0.25046006
40622.6  1.00000000  0.96817820  0.00063433  0.96817841 -0.25045943
40622.7  1.00000000  0.96817825  0.00066632  0.96817848 -0.25045894
40622.8  1.00000000  0.96817827  0.00071186  0.96817853 -0.25045867
40622.9  1.00000000  0.96817823  0.00076218  0.96817853 -0.25045868
40623.0  1.00000000  0.96817815  0.00080750  0.96817849 -0.25045895
40623.1  1.00000000  0.96817804  0.00083887  0.96817840 -0.25045945
40623.2  1.00000000  0.96817792  0.00085010  0.96817829 -0.25046007
40623.3  1.00000000  0.96817783  0.00083936  0.96817819 -0.25046066
40623.4  1.00000000  0.96817778  0.00080938  0.96817812 -0.25046114
40623.5  1.00000000  0.96817777  0.00076616  0.96817807 -0.25046140
40623.6  1.00000000  0.96817780  0.00071808  0.96817807 -0.25046141
40623.7  1.00000000  0.96817787  0.00067446  0.96817811 -0.25046115
40623.8  1.00000000  0.96817798  0.00064388  0.96817819 -0.25046068
40623.9  1.00000000  0.96817809  0.00063255  0.96817830 -0.25046009
40624.0  1.00000000  0.96817818  0.00064218  0.96817839 -0.25045952
40624.1  1.00000000  0.96817823  0.00067021  0.96817846 -0.25045907
40624.2  1.00000000  0.96817824  0.00071102  0.96817851 -0.25045881
40624.3  1.00000000  0.96817822  0.00075670  0.96817851 -0.25045879
40624.4  1.00000000  0.96817815  0.00079852  0.96817848 -0.25045902
40624.5  1.00000000  0.96817805  0.00082826  0.96817840 -0.25045946
40624.6  1.00000000  0.96817793  0.00084001  0.96817830 -0.25046002
40624.7  1.00000000  0.96817785  0.00083192  0.96817821 -0.25046057
40624.8  1.00000000  0.96817780  0.00080610  0.96817814 -0.25046101
40624.9  1.00000000  0.96817779  0.00076775  0.96817810 -0.25046127
40625.0  1.00000000  0.96817782  0.00072417  0.96817809 -0.25046129
40625.1  1.00000000  0.96817788  0.00068383  0.96817812 -0.25046108
40625.2  1.00000000  0.96817797  0.00065464  0.96817819 -0.25046067
40625.3  1.00000000  0.96817808  0.00064252  0.96817829 -0.25046015
40625.4  1.00000000  0.96817816  0.00064947  0.96817838 -0.25045962
40625.5  1.00000000  0.96817821  0.00067363  0.96817845 -0.25045919
40625.6  1.00000000  0.96817822  0.00071004  0.96817848 -0.25045894
40625.7  1.00000000  0.96817820  0.00075142  0.96817849 -0.25045890
40625.8  1.00000000  0.96817814  0.00079014  0.96817846 -0.25045910
40625.9  1.00000000  0.96817805  0.00081833  0.96817840 -0.25045948
40626.0  1.00000000  0.96817795  0.00083045  0.96817831 -0.25045998
40626.1  1.00000000  0.96817787  0.00082450  0.96817822 -0.25046048
40626.2  1.00000000  0.96817782  0.00080191  0.96817815 -0.25046090
40626.3  1.00000000  0.96817782  0.00076760  0.96817812 -0.25046114
40626.4  1.00000000  0.96817783  0.00072814  0.96817811 -0.25046119
40626.5  1.00000000  0.96817789  0.00069096  0.96817813 -0.25046101
40626.6  1.00000000  0.96817797  0.00066376  0.96817820 -0.25046064
40626.7  1.00000000  0.96817806  0.00065152  0.96817828 -0.25046018
40626.8  1.00000000  0.96817815  0.00065675  0.96817837 -0.25045969
40626.9  1.00000000  0.96817818  0.00067775  0.96817842 -0.25045930
40627.0  1.00000000  0.96817820  0.00071018  0.96817846 -0.25045905
40627.1  1.00000000  0.96817819  0.00074783  0.96817848 -0.25045900
40627.2  1.00000000  0.96817813  0.00078337  0.96817845 -0.25045917
40627.3  1.00000000  0.96817806  0.00080979  0.96817840 -0.25045951
40627.4  1.00000000  0.96817796  0.00082192  0.96817831 -0.25045996
40627.5  1.00000000  0.96817789  0.00081748  0.96817823 -0.25046042
40627.6  1.00000000  0.96817785  0.00079787  0.96817818 -0.25046080
40627.7  1.00000000  0.96817782  0.00076723  0.96817813 -0.25046105
40627.8  1.00000000  0.96817785  0.00073129  0.96817813 -0.25046108
40627.9  1.00000000  0.96817789  0.00069734  0.96817814 -0.25046094
40628.0  1.00000000  0.96817797  0.00067171  0.96817820 -0.25046062
40628.1  1.00000000  0.96817806  0.00065979  0.96817828 -0.25046019
40628.2  1.00000000  0.96817812  0.00066356  0.96817835 -0.25045975
40628.3  1.00000000  0.96817818  0.00068177  0.96817842 -0.25045938
40628.4  1.00000000  0.96817818  0.00071083  0.96817844 -0.25045916
40628.5  1.00000000  0.96817818  0.00074489  0.96817846 -0.25045910
40628.6  1.00000000  0.96817813  0.00077741  0.96817844 -0.25045924
40628.7  1.00000000  0.96817805  0.00080219  0.96817838 -0.25045954
40628.8  1.00000000  0.96817797  0.00081386  0.96817832 -0.25045994
40628.9  1.00000000  0.96817790  0.00081093  0.96817824 -0.25046036
40629.0  1.00000000  0.96817786  0.00079386  0.96817819 -0.25046072
40629.1  1.00000000  0.96817785  0.00076648  0.96817815 -0.25046094
40629.2  1.00000000  0.96817786  0.00073418  0.96817814 -0.25046100
40629.3  1.00000000  0.96817791  0.00070285  0.96817816 -0.25046087
40629.4  1.00000000  0.96817797  0.00067918  0.96817820 -0.25046059
40629.5  1.00000000  0.96817805  0.00066741  0.96817828 -0.25046020
40629.6  1.00000000  0.96817811  0.00066986  0.96817834 -0.25045981
40629.7  1.00000000  0.96817816  0.00068571  0.96817840 -0.25045946
40629.8  1.00000000  0.96817817  0.00071141  0.96817843 -0.25045925
40629.9  1.00000000  0.96817816  0.00074230  0.96817844 -0.25045919
40630.0  1.00000000  0.96817812  0.00077214  0.96817843 -0.25045930
40630.1  1.00000000  0.96817805  0.00079507  0.96817838 -0.25045957
40630.2  1.00000000  0.96817798  0.00080678  0.96817832 -0.25045993
40630.3  1.00000000  0.96817792  0.00080476  0.96817825 -0.25046031
40630.4  1.00000000  0.96817788  0.00079022  0.96817820 -0.25046064
40630.5  1.00000000  0.96817786  0.00076579  0.96817817 -0.25046085
40630.6  1.00000000  0.96817787  0.00073646  0.96817815 -0.25046092
40630.7  1.00000000  0.96817791  0.00070792  0.96817817 -0.25046081
40630.8  1.00000000  0.96817797  0.00068565  0.96817821 -0.25046056
40630.9  1.00000000  0.96817804  0.00067428  0.96817827 -0.25046022
40631.0  1.00000000  0.96817810  0.00067567  0.96817834 -0.25045985
40631.1  1.00000000  0.96817814  0.00068928  0.96817838 -0.25045954
40631.2  1.00000000  0.96817816  0.00071233  0.96817842 -0.25045933
40631.3  1.00000000  0.96817815  0.00074015  0.96817843 -0.25045927
40631.4  1.00000000  0.96817812  0.00076754  0.96817842 -0.25045936
40631.5  1.00000000  0.96817805  0.00078893  0.96817838 -0.25045960
40631.6  1.00000000  0.96817799  0.00080014  0.96817832 -0.25045992
40631.7  1.00000000  0.96817793  0.00079924  0.96817826 -0.25046027
40631.8  1.00000000  0.96817789  0.00078653  0.96817821 -0.25046057
40631.9  1.00000000  0.96817788  0.00076488  0.96817818 -0.25046077
40632.0  1.00000000  0.96817788  0.00073837  0.96817817 -0.25046084
40632.1  1.00000000  0.96817791  0.00071222  0.96817818 -0.25046075
40632.2  1.00000000  0.96817797  0.00069162  0.96817822 -0.25046053
40632.3  1.00000000  0.96817803  0.00068058  0.96817827 -0.25046023
40632.4  1.00000000  0.96817809  0.00068111  0.96817833 -0.25045989
40632.5  1.00000000  0.96817813  0.00069284  0.96817837 -0.25045960
40632.6  1.00000000  0.96817814  0.00071324  0.96817840 -0.25045941
40632.7  1.00000000  0.96817814  0.00073842  0.96817842 -0.25045934
40632.8  1.00000000  0.96817810  0.00076339  0.96817840 -0.25045942
40632.9  1.00000000  0.96817806  0.00078326  0.96817837 -0.25045962
40633.0  1.00000000  0.96817799  0.00079412  0.96817832 -0.25045991
40633.1  1.00000000  0.96817794  0.00079399  0.96817827 -0.25046023
40633.2  1.00000000  0.96817791  0.00078318  0.96817822 -0.25046051
40633.3  1.00000000  0.96817789  0.00076394  0.96817819 -0.25046070
40633.4  1.00000000  0.96817790  0.00074002  0.96817818 -0.25046077
40633.5  1.00000000  0.96817792  0.00071613  0.96817819 -0.25046070
40633.6  1.00000000  0.96817797  0.00069696  0.96817822 -0.25046051
40633.7  1.00000000  0.96817803  0.00068629  0.96817827 -0.25046023
40633.8  1.00000000  0.96817808  0.00068608  0.96817832 -0.25045993
40633.9  1.00000000  0.96817812  0.00069606  0.96817837 -0.25045966
40634.0  1.00000000  0.96817813  0.00071423  0.96817839 -0.25045948
40634.1  1.00000000  0.96817813  0.00073693  0.96817841 -0.25045941
40634.2  1.00000000  0.96817810  0.00075979  0.96817840 -0.25045947
40634.3  1.00000000  0.96817805  0.00077827  0.96817837 -0.25045965
40634.4  1.00000000  0.96817800  0.00078871  0.96817832 -0.25045991
40634.5  1.00000000  0.96817795  0.00078921  0.96817827 -0.25046020
40634.6  1.00000000  0.96817792  0.00077998  0.96817823 -0.25046045
40634.7  1.00000000  0.96817790  0.00076291  0.96817820 -0.25046063
40634.8  1.00000000  0.96817790  0.00074142  0.96817819 -0.25046070
40634.9  1.00000000  0.96817793  0.00071956  0.96817820 -0.25046065
40635.0  1.00000000  0.96817797  0.00070179  0.96817823 -0.25046048
40635.1  1.00000000  0.96817802  0.00069153  0.96817827 -0.25046023
40635.2  1.00000000  0.96817807  0.00069066  0.96817832 -0.25045996
40635.3  1.00000000  0.96817810  0.00069920  0.96817836 -0.25045971
40635.4  1.00000000  0.96817812  0.00071522  0.96817838 -0.25045954
40635.5  1.00000000  0.96817812  0.00073570  0.96817840 -0.25045947
40635.6  1.00000000  0.96817809  0.00075653  0.96817839 -0.25045952
40635.7  1.00000000  0.96817805  0.00077366  0.96817836 -0.25045968
40635.8  1.00000000  0.96817801  0.00078369  0.96817832 -0.25045991
40635.9  1.00000000  0.96817796  0.00078481  0.96817828 -0.25046017
40636.0  1.00000000  0.96817793  0.00077698  0.96817824 -0.25046040
40636.1  1.00000000  0.96817791  0.00076188  0.96817821 -0.25046057
40636.2  1.00000000  0.96817791  0.00074247  0.96817820 -0.25046064
40636.3  1.00000000  0.96817794  0.00072256  0.96817821 -0.25046060
40636.4  1.00000000  0.96817797  0.00070608  0.96817823 -0.25046046
40636.5  1.00000000  0.96817802  0.00069625  0.96817827 -0.25046023
40636.6  1.00000000  0.96817806  0.00069490  0.96817831 -0.25045999
40636.7  1.00000000  0.96817809  0.00070209  0.96817835 -0.25045976
40636.8  1.00000000  0.96817811  0.00071629  0.96817838 -0.25045960
40636.9  1.00000000  0.96817811  0.00073472  0.96817839 -0.25045953
40637.0  1.00000000  0.96817809  0.00075373  0.96817838 -0.25045956
40637.1  1.00000000  0.96817805  0.00076961  0.96817836 -0.25045970
40637.2  1.00000000  0.96817801  0.00077922  0.96817832 -0.25045991
40637.3  1.00000000  0.96817797  0.00078076  0.96817828 -0.25046014
40637.4  1.00000000  0.96817794  0.00077419  0.96817825 -0.25046036
40637.5  1.00000000  0.96817792  0.00076079  0.96817822 -0.25046052
40637.6  1.00000000  0.96817792  0.00074333  0.96817821 -0.25046059
40637.7  1.00000000  0.96817794  0.00072513  0.96817821 -0.25046056
40637.8  1.00000000  0.96817798  0.00070986  0.96817824 -0.25046043
40637.9  1.00000000  0.96817801  0.00070052  0.96817827 -0.25046023
40638.0  1.00000000  0.96817806  0.00069876  0.96817831 -0.25046001
40638.1  1.00000000  0.96817808  0.00070484  0.96817834 -0.25045980
40638.2  1.00000000  0.96817810  0.00071741  0.96817837 -0.25045965
40638.3  1.00000000  0.96817810  0.00073399  0.96817838 -0.25045958
40638.4  1.00000000  0.96817808  0.00075136  0.96817838 -0.25045960
40638.5  1.00000000  0.96817805  0.00076600  0.96817835 -0.25045972
40638.6  1.00000000  0.96817801  0.00077515  0.96817832 -0.25045991
40638.7  1.00000000  0.96817797  0.00077703  0.96817829 -0.25046012
40638.8  1.00000000  0.96817795  0.00077147  0.96817825 -0.25046032
40638.9  1.00000000  0.96817793  0.00075968  0.96817823 -0.25046047
40639.0  1.00000000  0.96817793  0.00074393  0.96817822 -0.25046054
40639.1  1.00000000  0.96817795  0.00072741  0.96817822 -0.25046052
40639.2  1.00000000  0.96817798  0.00071330  0.96817824 -0.25046041
40639.3  1.00000000  0.96817801  0.00070441  0.96817827 -0.25046023
40639.4  1.00000000  0.96817805  0.00070239  0.96817830 -0.25046003
40639.5  1.00000000  0.96817808  0.00070744  0.96817834 -0.25045984
40639.6  1.00000000  0.96817809  0.00071853  0.96817836 -0.25045969
40639.7  1.00000000  0.96817809  0.00073343  0.96817837 -0.25045962
40639.8  1.00000000  0.96817808  0.00074920  0.96817837 -0.25045964
40639.9  1.00000000  0.96817805  0.00076277  0.96817835 -0.25045975
40640.0  1.00000000  0.96817801  0.00077142  0.96817832 -0.25045991
40640.1  1.00000000  0.96817798  0.00077360  0.96817829 -0.25046011
40640.2  1.00000000  0.96817795  0.00076899  0.96817826 -0.25046029
40640.3  1.00000000  0.96817794  0.00075858  0.96817824 -0.25046043
40640.4  1.00000000  0.96817794  0.00074447  0.96817822 -0.25046050
40640.5  1.00000000  0.96817795  0.00072938  0.96817823 -0.25046048
40640.6  1.00000000  0.96817798  0.00071636  0.96817824 -0.25046038
40640.7  1.00000000  0.96817801  0.00070792  0.96817827 -0.25046023
40640.8  1.00000000  0.96817804  0.00070563  0.96817830 -0.25046004
40640.9  1.00000000  0.96817807  0.00070984  0.96817833 -0.25045987
40641.0  1.00000000  0.96817808  0.00071960  0.96817835 -0.25045973
40641.1  1.00000000  0.96817809  0.00073301  0.96817836 -0.25045967
40641.2  1.00000000  0.96817807  0.00074739  0.96817836 -0.25045968
40641.3  1.00000000  0.96817805  0.00075990  0.96817835 -0.25045977
40641.4  1.00000000  0.96817802  0.00076811  0.96817832 -0.25045992
40641.5  1.00000000  0.96817798  0.00077046  0.96817829 -0.25046009
40641.6  1.00000000  0.96817796  0.00076665  0.96817826 -0.25046026
40641.7  1.00000000  0.96817795  0.00075748  0.96817824 -0.25046039
40641.8  1.00000000  0.96817794  0.00074478  0.96817823 -0.25046046
40641.9  1.00000000  0.96817796  0.00073107  0.96817823 -0.25046045
40642.0  1.00000000  0.96817798  0.00071906  0.96817825 -0.25046036
40642.1  1.00000000  0.96817801  0.00071110  0.96817827 -0.25046022
40642.2  1.00000000  0.96817804  0.00070867  0.96817830 -0.25046006
40642.3  1.00000000  0.96817806  0.00071212  0.96817832 -0.25045990
40642.4  1.00000000  0.96817808  0.00072072  0.96817835 -0.25045977
40642.5  1.00000000  0.96817808  0.00073273  0.96817836 -0.25045971
40642.6  1.00000000  0.96817807  0.00074579  0.96817836 -0.25045971
40642.7  1.00000000  0.96817805  0.00075732  0.96817834 -0.25045979
40642.8  1.00000000  0.96817802  0.00076505  0.96817832 -0.25045992
40642.9  1.00000000  0.96817799  0.00076756  0.96817829 -0.25046008
40643.0  1.00000000  0.96817797  0.00076445  0.96817827 -0.25046023
40643.1  1.00000000  0.96817795  0.00075641  0.96817825 -0.25046035
40643.2  1.00000000  0.96817795  0.00074503  0.96817824 -0.25046042
40643.3  1.00000000  0.96817796  0.00073258  0.96817824 -0.25046041
40643.4  1.00000000  0.96817798  0.00072151  0.96817825 -0.25046034
40643.5  1.00000000  0.96817801  0.00071399  0.96817827 -0.25046022
40643.6  1.00000000  0.96817804  0.00071142  0.96817830 -0.25046007
40643.7  1.00000000  0.96817806  0.00071422  0.96817832 -0.25045992
40643.8  1.00000000  0.96817807  0.00072176  0.96817834 -0.25045980
40643.9  1.00000000  0.96817807  0.00073253  0.96817835 -0.25045974
40644.0  1.00000000  0.96817807  0.00074441  0.96817835 -0.25045974
40644.1  1.00000000  0.96817805  0.00075503  0.96817834 -0.25045981
40644.2  1.00000000  0.96817802  0.00076233  0.96817832 -0.25045993
40644.3  1.00000000  0.96817799  0.00076493  0.96817830 -0.25046007
40644.4  1.00000000  0.96817797  0.00076234  0.96817827 -0.25046021
40644.5  1.00000000  0.96817796  0.00075538  0.96817825 -0.25046032
40644.6  1.00000000  0.96817796  0.00074533  0.96817824 -0.25046038
40644.7  1.00000000  0.96817796  0.00073416  0.96817824 -0.25046038
40644.8  1.00000000  0.96817798  0.00072404  0.96817825 -0.25046032
40644.9  1.00000000  0.96817801  0.00071691  0.96817827 -0.25046022
40645.0  1.00000000  0.96817803  0.00071408  0.96817829 -0.25046008
40645.1  1.00000000  0.96817805  0.00071606  0.96817832 -0.25045995
40645.2  1.00000000  0.96817807  0.00072245  0.96817833 -0.25045984
40645.3  1.00000000  0.96817807  0.00073198  0.96817835 -0.25045978
40645.4  1.00000000  0.96817806  0.00074275  0.96817835 -0.25045977
40645.5  1.00000000  0.96817804  0.00075261  0.96817834 -0.25045983
40645.6  1.00000000  0.96817802  0.00075963  0.96817832 -0.25045993
40645.7  1.00000000  0.96817800  0.00076249  0.96817830 -0.25046006
40645.8  1.00000000  0.96817798  0.00076071  0.96817828 -0.25046018
40645.9  1.00000000  0.96817796  0.00075471  0.96817826 -0.25046029
40646.0  1.00000000  0.96817796  0.00074569  0.96817825 -0.25046035
40646.1  1.00000000  0.96817797  0.00073542  0.96817825 -0.25046036
40646.2  1.00000000  0.96817798  0.00072591  0.96817825 -0.25046031
40646.3  1.00000000  0.96817800  0.00071903  0.96817827 -0.25046021
40646.4  1.00000000  0.96817803  0.00071611  0.96817829 -0.25046009
40646.5  1.00000000  0.96817805  0.00071766  0.96817831 -0.25045997
40646.6  1.00000000  0.96817806  0.00072333  0.96817833 -0.25045986
40646.7  1.00000000  0.96817806  0.00073194  0.96817834 -0.25045980
40646.8  1.00000000  0.96817806  0.00074178  0.96817834 -0.25045979
40646.9  1.00000000  0.96817804  0.00075095  0.96817834 -0.25045984
40647.0  1.00000000  0.96817802  0.00075764  0.96817832 -0.25045993
40647.1  1.00000000  0.96817800  0.00076057  0.96817830 -0.25046005
40647.2  1.00000000  0.96817798  0.00075920  0.96817828 -0.25046017
40647.3  1.00000000  0.96817797  0.00075389  0.96817826 -0.25046027
40647.4  1.00000000  0.96817797  0.00074574  0.96817825 -0.25046033
40647.5  1.00000000  0.96817797  0.00073633  0.96817825 -0.25046034
40647.6  1.00000000  0.96817798  0.00072747  0.96817826 -0.25046030
40647.7  1.00000000  0.96817800  0.00072090  0.96817827 -0.25046021
40647.8  1.00000000  0.96817803  0.00071791  0.96817829 -0.25046010
40647.9  1.00000000  0.96817804  0.00071906  0.96817831 -0.25045998
40648.0  1.00000000  0.96817806  0.00072404  0.96817833 -0.25045988
40648.1  1.00000000  0.96817806  0.00073181  0.96817834 -0.25045983
40648.2  1.00000000  0.96817805  0.00074084  0.96817834 -0.25045981
40648.3  1.00000000  0.96817804  0.00074942  0.96817833 -0.25045985
40648.4  1.00000000  0.96817802  0.00075588  0.96817832 -0.25045993
40648.5  1.00000000  0.96817800  0.00075893  0.96817830 -0.25046004
40648.6  1.00000000  0.96817798  0.00075799  0.96817828 -0.25046015
40648.7  1.00000000  0.96817797  0.00075330  0.96817826 -0.25046025
40648.8  1.00000000  0.96817797  0.00074587  0.96817826 -0.25046031
40648.9  1.00000000  0.96817797  0.00073719  0.96817825 -0.25046032
40649.0  1.00000000  0.96817799  0.00072892  0.96817826 -0.25046028
40649.1  1.00000000  0.96817800  0.00072262  0.96817827 -0.25046021
40649.2  1.00000000  0.96817802  0.00071952  0.96817829 -0.25046010
40649.3  1.00000000  0.96817804  0.00072026  0.96817831 -0.25046000
40649.4  1.00000000  0.96817805  0.00072464  0.96817833 -0.25045990
40649.5  1.00000000  0.96817806  0.00073173  0.96817833 -0.25045985
40649.6  1.00000000  0.96817805  0.00074006  0.96817833 -0.25045983
40649.7  1.00000000  0.96817804  0.00074805  0.96817833 -0.25045987
40649.8  1.00000000  0.96817803  0.00075420  0.96817832 -0.25045994
40649.9  1.00000000  0.96817801  0.00075734  0.96817830 -0.25046003
40650.0  1.00000000  0.96817799  0.00075684  0.96817828 -0.25046014
40650.1  1.00000000  0.96817797  0.00075277  0.96817827 -0.25046023
40650.2  1.00000000  0.96817797  0.00074606  0.96817826 -0.25046029
40650.3  1.00000000  0.96817798  0.00073805  0.96817826 -0.25046030
40650.4  1.00000000  0.96817799  0.00073030  0.96817826 -0.25046027
40650.5  1.00000000  0.96817800  0.00072429  0.96817827 -0.25046020
40650.6  1.00000000  0.96817802  0.00072111  0.96817829 -0.25046011
40650.7  1.00000000  0.96817804  0.00072139  0.96817830 -0.25046001
40650.8  1.00000000  0.96817805  0.00072510  0.96817832 -0.25045992
40650.9  1.00000000  0.96817806  0.00073152  0.96817833 -0.25045986
40651.0  1.00000000  0.96817805  0.00073929  0.96817833 -0.25045985
40651.1  1.00000000  0.96817804  0.00074682  0.96817833 -0.25045988
40651.2  1.00000000  0.96817802  0.00075269  0.96817832 -0.25045994
40651.3  1.00000000  0.96817801  0.00075587  0.96817830 -0.25046003
40651.4  1.00000000  0.96817799  0.00075576  0.96817829 -0.25046012
40651.5  1.00000000  0.96817798  0.00075233  0.96817827 -0.25046021
40651.6  1.00000000  0.96817797  0.00074619  0.96817826 -0.25046027
40651.7  1.00000000  0.96817798  0.00073863  0.96817826 -0.25046029
40651.8  1.00000000  0.96817799  0.00073128  0.96817827 -0.25046026
40651.9  1.00000000  0.96817801  0.00072560  0.96817828 -0.25046020
40652.0  1.00000000  0.96817802  0.00072253  0.96817829 -0.25046012
40652.1  1.00000000  0.96817803  0.00072252  0.96817830 -0.25046003
40652.2  1.00000000  0.96817804  0.00072563  0.96817832 -0.25045994
40652.3  1.00000000  0.96817806  0.00073143  0.96817833 -0.25045988
40652.4  1.00000000  0.96817805  0.00073877  0.96817834 -0.25045986
40652.5  1.00000000  0.96817804  0.00074596  0.96817833 -0.25045989
40652.6  1.00000000  0.96817802  0.00075145  0.96817831 -0.25045995
40652.7  1.00000000  0.96817801  0.00075435  0.96817830 -0.25046003
40652.8  1.00000000  0.96817800  0.00075443  0.96817829 -0.25046011
40652.9  1.00000000  0.96817799  0.00075164  0.96817828 -0.25046019
40653.0  1.00000000  0.96817797  0.00074622  0.96817826 -0.25046025
40653.1  1.00000000  0.96817797  0.00073915  0.96817825 -0.25046028
40653.2  1.00000000  0.96817799  0.00073215  0.96817827 -0.25046025
40653.3  1.00000000  0.96817801  0.00072683  0.96817828 -0.25046019
40653.4  1.00000000  0.96817802  0.00072403  0.96817829 -0.25046011
40653.5  1.00000000  0.96817803  0.00072389  0.96817830 -0.25046004
40653.6  1.00000000  0.96817804  0.00072641  0.96817831 -0.25045996
40653.7  1.00000000  0.96817805  0.00073147  0.96817833 -0.25045990
40653.8  1.00000000  0.96817806  0.00073825  0.96817834 -0.25045987
40653.9  1.00000000  0.96817804  0.00074505  0.96817833 -0.25045990
40654.0  1.00000000  0.96817802  0.00075019  0.96817831 -0.25045996
40654.1  1.00000000  0.96817801  0.00075289  0.96817830 -0.25046003
40654.2  1.00000000  0.96817800  0.00075310  0.96817830 -0.25046010
40654.3  1.00000000  0.96817799  0.00075080  0.96817829 -0.25046017
40654.4  1.00000000  0.96817798  0.00074606  0.96817827 -0.25046024
40654.5  1.00000000  0.96817797  0.00073962  0.96817826 -0.25046026
40654.6  1.00000000  0.96817799  0.00073309  0.96817827 -0.25046024
40654.7  1.00000000  0.96817801  0.00072813  0.96817828 -0.25046018
40654.8  1.00000000  0.96817802  0.00072545  0.96817829 -0.25046011
40654.9  1.00000000  0.96817802  0.00072519  0.96817829 -0.25046005
40655.0  1.00000000  0.96817803  0.00072728  0.96817831 -0.25045998
40655.1  1.00000000  0.96817805  0.00073176  0.96817832 -0.25045992
40655.2  1.00000000  0.96817805  0.00073787  0.96817833 -0.25045989
40655.3  1.00000000  0.96817804  0.00074409  0.96817832 -0.25045991
40655.4  1.00000000  0.96817802  0.00074890  0.96817831 -0.25045996
40655.5  1.00000000  0.96817801  0.00075149  0.96817830 -0.25046003
40655.6  1.00000000  0.96817800  0.00075187  0.96817830 -0.25046009
40655.7  1.00000000  0.96817800  0.00074991  0.96817829 -0.25046016
40655.8  1.00000000  0.96817798  0.00074571  0.96817827 -0.25046022
40655.9  1.00000000  0.96817798  0.00073992  0.96817826 -0.25046024
40656.0  1.00000000  0.96817799  0.00073395  0.96817827 -0.25046023
40656.1  1.00000000  0.96817801  0.00072939  0.96817828 -0.25046017
40656.2  1.00000000  0.96817802  0.00072678  0.96817829 -0.25046011
40656.3  1.00000000  0.96817802  0.00072638  0.96817829 -0.25046005
40656.4  1.00000000  0.96817803  0.00072815  0.96817831 -0.25045999
40656.5  1.00000000  0.96817804  0.00073209  0.96817832 -0.25045993
40656.6  1.00000000  0.96817805  0.00073763  0.96817833 -0.25045991
40656.7  1.00000000  0.96817804  0.00074324  0.96817832 -0.25045992
40656.8  1.00000000  0.96817802  0.00074771  0.96817830 -0.25045997
40656.9  1.00000000  0.96817801  0.00075023  0.96817830 -0.25046003
40657.0  1.00000000  0.96817800  0.00075071  0.96817830 -0.25046009
40657.1  1.00000000  0.96817800  0.00074911  0.96817829 -0.25046015
40657.2  1.00000000  0.96817798  0.00074535  0.96817827 -0.25046020
40657.3  1.00000000  0.96817798  0.00074016  0.96817826 -0.25046023
40657.4  1.00000000  0.96817799  0.00073475  0.96817827 -0.25046021
40657.5  1.00000000  0.96817801  0.00073047  0.96817828 -0.25046017
40657.6  1.00000000  0.96817802  0.00072801  0.96817829 -0.25046011
40657.7  1.00000000  0.96817802  0.00072744  0.96817829 -0.25046006
40657.8  1.00000000  0.96817803  0.00072896  0.96817830 -0.25046000
40657.9  1.00000000  0.96817804  0.00073245  0.96817832 -0.25045995
40658.0  1.00000000  0.96817804  0.00073741  0.96817832 -0.25045993
40658.1  1.00000000  0.96817804  0.00074256  0.96817832 -0.25045994
40658.2  1.00000000  0.96817802  0.00074664  0.96817831 -0.25045998
40658.3  1.00000000  0.96817801  0.00074911  0.96817830 -0.25046003
40658.4  1.00000000  0.96817801  0.00074967  0.96817830 -0.25046008
40658.5  1.00000000  0.96817800  0.00074831  0.96817829 -0.25046014
40658.6  1.00000000  0.96817799  0.00074500  0.96817827 -0.25046019
40658.7  1.00000000  0.96817798  0.00074031  0.96817827 -0.25046021
40658.8  1.00000000  0.96817799  0.00073543  0.96817827 -0.25046020
40658.9  1.00000000  0.96817801  0.00073146  0.96817829 -0.25046016
40659.0  1.00000000  0.96817802  0.00072909  0.96817829 -0.25046012
40659.1  1.00000000  0.96817802  0.00072846  0.96817829 -0.25046006
40659.2  1.00000000  0.96817803  0.00072970  0.96817830 -0.25046001
40659.3  1.00000000  0.96817804  0.00073283  0.96817832 -0.25045996
40659.4  1.00000000  0.96817804  0.00073724  0.96817832 -0.25045994
40659.5  1.00000000  0.96817803  0.00074192  0.96817832 -0.25045995
40659.6  1.00000000  0.96817802  0.00074571  0.96817831 -0.25045998
40659.7  1.00000000  0.96817801  0.00074804  0.96817830 -0.25046003
40659.8  1.00000000  0.96817801  0.00074872  0.96817830 -0.25046008
40659.9  1.00000000  0.96817800  0.00074757  0.96817829 -0.25046013
40660.0  1.00000000  0.96817799  0.00074466  0.96817828 -0.25046018
40660.1  1.00000000  0.96817799  0.00074045  0.96817827 -0.25046020
40660.2  1.00000000  0.96817799  0.00073601  0.96817827 -0.25046019
40660.3  1.00000000  0.96817801  0.00073237  0.96817829 -0.25046016
40660.4  1.00000000  0.96817801  0.00073007  0.96817829 -0.25046011
40660.5  1.00000000  0.96817802  0.00072939  0.96817829 -0.25046007
40660.6  1.00000000  0.96817803  0.00073041  0.96817830 -0.25046002
40660.7  1.00000000  0.96817804  0.00073316  0.96817831 -0.25045997
40660.8  1.00000000  0.96817804  0.00073714  0.96817832 -0.25045995
40660.9  1.00000000  0.96817803  0.00074136  0.96817831 -0.25045996
40661.0  1.00000000  0.96817802  0.00074488  0.96817831 -0.25045999
40661.1  1.00000000  0.96817801  0.00074711  0.96817830 -0.25046003
40661.2  1.00000000  0.96817801  0.00074783  0.96817830 -0.25046007
40661.3  1.00000000  0.96817800  0.00074690  0.96817829 -0.25046012
40661.4  1.00000000  0.96817799  0.00074431  0.96817828 -0.25046016
40661.5  1.00000000  0.96817799  0.00074055  0.96817827 -0.25046018
40661.6  1.00000000  0.96817800  0.00073652  0.96817828 -0.25046018
40661.7  1.00000000  0.96817801  0.00073315  0.96817828 -0.25046015
40661.8  1.00000000  0.96817801  0.00073097  0.96817829 -0.25046011
40661.9  1.00000000  0.96817802  0.00073023  0.96817829 -0.25046007
40662.0  1.00000000  0.96817803  0.00073108  0.96817830 -0.25046002
40662.1  1.00000000  0.96817803  0.00073350  0.96817831 -0.25045998
40662.2  1.00000000  0.96817804  0.00073706  0.96817832 -0.25045996
40662.3  1.00000000  0.96817803  0.00074087  0.96817831 -0.25045997
40662.4  1.00000000  0.96817802  0.00074411  0.96817831 -0.25045999
40662.5  1.00000000  0.96817801  0.00074623  0.96817830 -0.25046003
40662.6  1.00000000  0.96817801  0.00074699  0.96817830 -0.25046007
40662.7  1.00000000  0.96817800  0.00074624  0.96817829 -0.25046011
40662.8  1.00000000  0.96817799  0.00074397  0.96817828 -0.25046015
40662.9  1.00000000  0.96817799  0.00074063  0.96817828 -0.25046017
40663.0  1.00000000  0.96817800  0.00073697  0.96817828 -0.25046017
40663.1  1.00000000  0.96817801  0.00073388  0.96817829 -0.25046015
40663.2  1.00000000  0.96817801  0.00073181  0.96817829 -0.25046011
40663.3  1.00000000  0.96817802  0.00073103  0.96817829 -0.25046007
40663.4  1.00000000  0.96817802  0.00073171  0.96817830 -0.25046003
40663.5  1.00000000  0.96817803  0.00073381  0.96817831 -0.25045999
40663.6  1.00000000  0.96817803  0.00073701  0.96817831 -0.25045997
40663.7  1.00000000  0.96817803  0.00074046  0.96817831 -0.25045998
40663.8  1.00000000  0.96817802  0.00074346  0.96817830 -0.25046000
40663.9  1.00000000  0.96817802  0.00074546  0.96817830 -0.25046003
40664.0  1.00000000  0.96817801  0.00074624  0.96817830 -0.25046007
40664.1  1.00000000  0.96817800  0.00074566  0.96817829 -0.25046011
40664.2  1.00000000  0.96817800  0.00074366  0.96817828 -0.25046014
40664.3  1.00000000  0.96817799  0.00074066  0.96817828 -0.25046016
40664.4  1.00000000  0.96817800  0.00073736  0.96817828 -0.25046016
40664.5  1.00000000  0.96817801  0.00073449  0.96817829 -0.25046014
40664.6  1.00000000  0.96817801  0.00073255  0.96817829 -0.25046011
40664.7  1.00000000  0.96817802  0.00073174  0.96817829 -0.25046007
40664.8  1.00000000  0.96817802  0.00073228  0.96817830 -0.25046004
40664.9  1.00000000  0.96817803  0.00073414  0.96817831 -0.25046000
40665.0  1.00000000  0.96817803  0.00073697  0.96817831 -0.25045998
40665.1  1.00000000  0.96817803  0.00074013  0.96817831 -0.25045999
40665.2  1.00000000  0.96817802  0.00074286  0.96817830 -0.25046000
40665.3  1.00000000  0.96817801  0.00074477  0.96817830 -0.25046003
40665.4  1.00000000  0.96817801  0.00074556  0.96817830 -0.25046007
40665.5  1.00000000  0.96817800  0.00074509  0.96817829 -0.25046010
40665.6  1.00000000  0.96817800  0.00074336  0.96817828 -0.25046014
40665.7  1.00000000  0.96817800  0.00074066  0.96817828 -0.25046015
40665.8  1.00000000  0.96817800  0.00073768  0.96817828 -0.25046015
40665.9  1.00000000  0.96817801  0.00073504  0.96817829 -0.25046014
40666.0  1.00000000  0.96817801  0.00073320  0.96817829 -0.25046011
40666.1  1.00000000  0.96817802  0.00073241  0.96817829 -0.25046008
40666.2  1.00000000  0.96817802  0.00073281  0.96817830 -0.25046004
40666.3  1.00000000  0.96817803  0.00073444  0.96817831 -0.25046001
40666.4  1.00000000  0.96817803  0.00073697  0.96817831 -0.25045999
40666.5  1.00000000  0.96817803  0.00073982  0.96817831 -0.25045999
40666.6  1.00000000  0.96817802  0.00074235  0.96817831 -0.25046001
40666.7  1.00000000  0.96817801  0.00074413  0.96817830 -0.25046003
40666.8  1.00000000  0.96817801  0.00074494  0.96817830 -0.25046006
40666.9  1.00000000  0.96817801  0.00074458  0.96817829 -0.25046010
40667.0  1.00000000  0.96817800  0.00074306  0.96817828 -0.25046013
40667.1  1.00000000  0.96817800  0.00074067  0.96817828 -0.25046015
40667.2  1.00000000  0.96817800  0.00073796  0.96817828 -0.25046015
40667.3  1.00000000  0.96817801  0.00073554  0.96817829 -0.25046013
40667.4  1.00000000  0.96817801  0.00073380  0.96817829 -0.25046011
40667.5  1.00000000  0.96817802  0.00073300  0.96817829 -0.25046008
40667.6  1.00000000  0.96817802  0.00073330  0.96817830 -0.25046005
40667.7  1.00000000  0.96817803  0.00073472  0.96817831 -0.25046002
40667.8  1.00000000  0.96817803  0.00073699  0.96817831 -0.25046000
40667.9  1.00000000  0.96817802  0.00073956  0.96817831 -0.25046000
40668.0  1.00000000  0.96817802  0.00074189  0.96817830 -0.25046001
40668.1  1.00000000  0.96817802  0.00074356  0.96817830 -0.25046003
40668.2  1.00000000  0.96817801  0.00074436  0.96817830 -0.25046006
40668.3  1.00000000  0.96817801  0.00074411  0.96817829 -0.25046009
40668.4  1.00000000  0.96817800  0.00074278  0.96817829 -0.25046012
40668.5  1.00000000  0.96817800  0.00074065  0.96817828 -0.25046014
40668.6  1.00000000  0.96817800  0.00073820  0.96817828 -0.25046014
40668.7  1.00000000  0.96817801  0.00073597  0.96817829 -0.25046013
40668.8  1.00000000  0.96817801  0.00073434  0.96817829 -0.25046011
40668.9  1.00000000  0.96817801  0.00073355  0.96817829 -0.25046008
40669.0  1.00000000  0.96817802  0.00073377  0.96817830 -0.25046005
40669.1  1.00000000  0.96817803  0.00073500  0.96817830 -0.25046002
40669.2  1.00000000  0.96817803  0.00073702  0.96817831 -0.25046001
40669.3  1.00000000  0.96817802  0.00073934  0.96817831 -0.25046001
40669.4  1.00000000  0.96817802  0.00074147  0.96817830 -0.25046002
40669.5  1.00000000  0.96817802  0.00074305  0.96817830 -0.25046004
40669.6  1.00000000  0.96817801  0.00074383  0.96817830 -0.25046006
40669.7  1.00000000  0.96817801  0.00074367  0.96817829 -0.25046009
40669.8  1.00000000  0.96817800  0.00074251  0.96817829 -0.25046012
40669.9  1.00000000  0.96817800  0.00074061  0.96817828 -0.25046013
40670.0  1.00000000  0.96817800  0.00073840  0.96817829 -0.25046013
40670.1  1.00000000  0.96817801  0.00073635  0.96817829 -0.25046012
