 # AA:        215147.38852220433     
 # FLEGG:     177593.93392391363     
 # AF0:     -6.22068574088730716E-002
 # CPAR:      600.01081710162225     
 # Diff:     8.55074003082074152E-002
 # TF:       3.79473319220205556E-007
 # H:         284.00000000000000     
 # GRAD:     0.10000000000000001     
 # HR:       3.00000000000000006E-003
 # LP:       0.28003999999987200     
 # TIME  LP  TMAB  TMDS  TMPC  TMZ
19440.3  1.50000000  0.96789939  0.00241957  0.96790241 -0.25169357
19440.4  1.50000000  0.96790584  0.00081383  0.96790618 -0.25167518
19440.5  1.50000000  0.96791169 -0.00031748  0.96791174 -0.25164923
19440.6  1.50000000  0.96791769 -0.00085065  0.96791806 -0.25161931
19440.7  1.50000000  0.96792413 -0.00074076  0.96792441 -0.25158907
19440.8  1.50000000  0.96793020 -0.00001894  0.96793020 -0.25156202
19440.9  1.50000000  0.96793374  0.00121183  0.96793450 -0.25154152
19441.0  1.50000000  0.96793300  0.00278601  0.96793701 -0.25152971
19441.1  1.50000000  0.96792699  0.00450796  0.96793749 -0.25152775
19441.2  1.50000000  0.96791610  0.00616337  0.96793572 -0.25153579
19441.3  1.50000000  0.96790279  0.00755532  0.96793228 -0.25155234
19441.4  1.50000000  0.96788984  0.00852400  0.96792738 -0.25157535
19441.5  1.50000000  0.96788022  0.00896324  0.96792172 -0.25160181
19441.6  1.50000000  0.96787579  0.00883572  0.96791612 -0.25162834
19441.7  1.50000000  0.96787654  0.00817393  0.96791105 -0.25165187
19441.8  1.50000000  0.96788147  0.00707134  0.96790730 -0.25166951
19441.9  1.50000000  0.96788857  0.00567646  0.96790521 -0.25167936
19442.0  1.50000000  0.96789598  0.00416394  0.96790494 -0.25168051
19442.1  1.50000000  0.96790279  0.00272098  0.96790661 -0.25167297
19442.2  1.50000000  0.96790860  0.00151875  0.96790979 -0.25165803
19442.3  1.50000000  0.96791392  0.00069440  0.96791417 -0.25163763
19442.4  1.50000000  0.96791910  0.00033713  0.96791916 -0.25161440
19442.5  1.50000000  0.96792394  0.00047558  0.96792405 -0.25159127
19442.6  1.50000000  0.96792781  0.00107856  0.96792841 -0.25157090
19442.7  1.50000000  0.96792939  0.00206110  0.96793159 -0.25155578
19442.8  1.50000000  0.96792769  0.00329241  0.96793329 -0.25154753
19442.9  1.50000000  0.96792240  0.00461845  0.96793342 -0.25154691
19443.0  1.50000000  0.96791404  0.00587601  0.96793187 -0.25155387
19443.1  1.50000000  0.96790430  0.00691528  0.96792901 -0.25156726
19443.2  1.50000000  0.96789518  0.00761785  0.96792516 -0.25158534
19443.3  1.50000000  0.96788848  0.00790812  0.96792079 -0.25160580
19443.4  1.50000000  0.96788540  0.00776308  0.96791653 -0.25162604
19443.5  1.50000000  0.96788591  0.00721350  0.96791279 -0.25164369
19443.6  1.50000000  0.96788933  0.00633650  0.96791007 -0.25165666
19443.7  1.50000000  0.96789443  0.00524845  0.96790866 -0.25166351
19443.8  1.50000000  0.96790002  0.00408596  0.96790865 -0.25166365
19443.9  1.50000000  0.96790543  0.00299137  0.96791005 -0.25165721
19444.0  1.50000000  0.96791033  0.00209472  0.96791260 -0.25164519
19444.1  1.50000000  0.96791482  0.00149750  0.96791598 -0.25162921
19444.2  1.50000000  0.96791896  0.00126330  0.96791979 -0.25161127
19444.3  1.50000000  0.96792246  0.00140953  0.96792349 -0.25159363
19444.4  1.50000000  0.96792484  0.00190736  0.96792672 -0.25157835
19444.5  1.50000000  0.96792533  0.00268738  0.96792906 -0.25156723
19444.6  1.50000000  0.96792339  0.00364700  0.96793026 -0.25156149
19444.7  1.50000000  0.96791900  0.00466596  0.96793024 -0.25156165
19444.8  1.50000000  0.96791268  0.00561982  0.96792899 -0.25156754
19444.9  1.50000000  0.96790559  0.00639516  0.96792672 -0.25157829
19445.0  1.50000000  0.96789911  0.00690398  0.96792373 -0.25159246
19445.1  1.50000000  0.96789439  0.00709229  0.96792037 -0.25160826
19445.2  1.50000000  0.96789218  0.00694654  0.96791710 -0.25162370
19445.3  1.50000000  0.96789249  0.00649423  0.96791428 -0.25163696
19445.4  1.50000000  0.96789488  0.00579838  0.96791224 -0.25164649
19445.5  1.50000000  0.96789858  0.00495031  0.96791123 -0.25165124
19445.6  1.50000000  0.96790282  0.00405655  0.96791132 -0.25165080
19445.7  1.50000000  0.96790710  0.00322606  0.96791248 -0.25164535
19445.8  1.50000000  0.96791116  0.00255728  0.96791454 -0.25163571
19445.9  1.50000000  0.96791487  0.00212579  0.96791721 -0.25162317
19446.0  1.50000000  0.96791816  0.00197681  0.96792018 -0.25160930
19446.1  1.50000000  0.96792072  0.00212011  0.96792304 -0.25159584
19446.2  1.50000000  0.96792218  0.00252980  0.96792549 -0.25158436
19446.3  1.50000000  0.96792209  0.00314909  0.96792722 -0.25157622
19446.4  1.50000000  0.96792019  0.00389714  0.96792804 -0.25157229
19446.5  1.50000000  0.96791658  0.00468015  0.96792789 -0.25157291
19446.6  1.50000000  0.96791174  0.00540283  0.96792682 -0.25157790
19446.7  1.50000000  0.96790649  0.00597958  0.96792496 -0.25158653
19446.8  1.50000000  0.96790180  0.00634522  0.96792259 -0.25159763
19446.9  1.50000000  0.96789842  0.00646171  0.96791999 -0.25160982
19447.0  1.50000000  0.96789685  0.00632217  0.96791749 -0.25162158
19447.1  1.50000000  0.96789710  0.00595105  0.96791539 -0.25163150
19447.2  1.50000000  0.96789887  0.00539971  0.96791393 -0.25163845
19447.3  1.50000000  0.96790167  0.00473998  0.96791327 -0.25164167
19447.4  1.50000000  0.96790497  0.00405456  0.96791346 -0.25164089
19447.5  1.50000000  0.96790838  0.00342664  0.96791445 -0.25163631
19447.6  1.50000000  0.96791166  0.00293028  0.96791610 -0.25162861
19447.7  1.50000000  0.96791463  0.00262127  0.96791818 -0.25161880
19447.8  1.50000000  0.96791713  0.00253134  0.96792044 -0.25160812
19447.9  1.50000000  0.96791893  0.00266498  0.96792260 -0.25159789
19448.0  1.50000000  0.96791976  0.00299952  0.96792440 -0.25158932
19448.1  1.50000000  0.96791936  0.00348898  0.96792565 -0.25158339
19448.2  1.50000000  0.96791764  0.00406993  0.96792620 -0.25158074
19448.3  1.50000000  0.96791474  0.00466975  0.96792601 -0.25158159
19448.4  1.50000000  0.96791107  0.00521575  0.96792512 -0.25158575
19448.5  1.50000000  0.96790722  0.00564360  0.96792367 -0.25159262
19448.6  1.50000000  0.96790382  0.00590520  0.96792184 -0.25160129
19448.7  1.50000000  0.96790142  0.00597381  0.96791985 -0.25161067
19448.8  1.50000000  0.96790031  0.00584667  0.96791797 -0.25161960
19448.9  1.50000000  0.96790051  0.00554483  0.96791640 -0.25162702
19449.0  1.50000000  0.96790183  0.00510967  0.96791532 -0.25163208
19449.1  1.50000000  0.96790394  0.00459749  0.96791486 -0.25163424
19449.2  1.50000000  0.96790649  0.00407228  0.96791505 -0.25163333
19449.3  1.50000000  0.96790917  0.00359763  0.96791586 -0.25162953
19449.4  1.50000000  0.96791177  0.00322930  0.96791716 -0.25162340
19449.5  1.50000000  0.96791411  0.00300854  0.96791878 -0.25161574
19449.6  1.50000000  0.96791602  0.00295768  0.96792053 -0.25160751
19449.7  1.50000000  0.96791730  0.00307796  0.96792219 -0.25159973
19449.8  1.50000000  0.96791776  0.00334992  0.96792356 -0.25159332
19449.9  1.50000000  0.96791726  0.00373647  0.96792448 -0.25158900
19450.0  1.50000000  0.96791579  0.00418773  0.96792485 -0.25158725
19450.1  1.50000000  0.96791349  0.00464743  0.96792464 -0.25158819
19450.2  1.50000000  0.96791068  0.00505993  0.96792391 -0.25159164
19450.3  1.50000000  0.96790780  0.00537684  0.96792274 -0.25159712
19450.4  1.50000000  0.96790530  0.00556270  0.96792129 -0.25160389
19450.5  1.50000000  0.96790355  0.00559890  0.96791975 -0.25161111
19450.6  1.50000000  0.96790276  0.00548538  0.96791830 -0.25161789
19450.7  1.50000000  0.96790294  0.00524022  0.96791713 -0.25162343
19450.8  1.50000000  0.96790397  0.00489680  0.96791635 -0.25162710
19450.9  1.50000000  0.96790561  0.00449938  0.96791606 -0.25162850
19451.0  1.50000000  0.96790761  0.00409746  0.96791628 -0.25162754
19451.1  1.50000000  0.96790973  0.00373957  0.96791696 -0.25162440
19451.2  1.50000000  0.96791179  0.00346755  0.96791800 -0.25161952
19451.3  1.50000000  0.96791361  0.00331166  0.96791928 -0.25161354
19451.4  1.50000000  0.96791504  0.00328726  0.96792062 -0.25160722
19451.5  1.50000000  0.96791592  0.00339347  0.96792187 -0.25160133
19451.6  1.50000000  0.96791613  0.00361369  0.96792287 -0.25159655
19451.7  1.50000000  0.96791559  0.00391809  0.96792352 -0.25159344
19451.8  1.50000000  0.96791434  0.00426759  0.96792375 -0.25159232
19451.9  1.50000000  0.96791252  0.00461877  0.96792354 -0.25159327
19452.0  1.50000000  0.96791038  0.00492929  0.96792293 -0.25159611
19452.1  1.50000000  0.96790824  0.00516292  0.96792201 -0.25160045
19452.2  1.50000000  0.96790642  0.00529374  0.96792090 -0.25160572
19452.3  1.50000000  0.96790516  0.00530897  0.96791972 -0.25161126
19452.4  1.50000000  0.96790462  0.00521012  0.96791864 -0.25161639
19452.5  1.50000000  0.96790480  0.00501241  0.96791777 -0.25162051
19452.6  1.50000000  0.96790560  0.00474253  0.96791722 -0.25162315
19452.7  1.50000000  0.96790687  0.00443506  0.96791703 -0.25162404
19452.8  1.50000000  0.96790843  0.00412815  0.96791723 -0.25162311
19452.9  1.50000000  0.96791008  0.00385874  0.96791777 -0.25162054
19453.0  1.50000000  0.96791168  0.00365824  0.96791859 -0.25161669
19453.1  1.50000000  0.96791307  0.00354853  0.96791957 -0.25161204
19453.2  1.50000000  0.96791413  0.00354046  0.96792060 -0.25160718
19453.3  1.50000000  0.96791474  0.00363211  0.96792155 -0.25160272
19453.4  1.50000000  0.96791481  0.00380945  0.96792230 -0.25159916
19453.5  1.50000000  0.96791431  0.00404873  0.96792278 -0.25159692
19453.6  1.50000000  0.96791329  0.00431932  0.96792293 -0.25159622
19453.7  1.50000000  0.96791187  0.00458768  0.96792274 -0.25159711
19453.8  1.50000000  0.96791024  0.00482161  0.96792225 -0.25159944
19453.9  1.50000000  0.96790864  0.00499388  0.96792152 -0.25160287
19454.0  1.50000000  0.96790728  0.00508547  0.96792064 -0.25160698
19454.1  1.50000000  0.96790637  0.00508763  0.96791974 -0.25161123
19454.2  1.50000000  0.96790598  0.00500272  0.96791891 -0.25161513
19454.3  1.50000000  0.96790613  0.00484335  0.96791825 -0.25161820
19454.4  1.50000000  0.96790678  0.00463107  0.96791785 -0.25162009
19454.5  1.50000000  0.96790777  0.00439285  0.96791774 -0.25162063
19454.6  1.50000000  0.96790900  0.00415823  0.96791793 -0.25161976
19454.7  1.50000000  0.96791029  0.00395550  0.96791838 -0.25161766
19454.8  1.50000000  0.96791155  0.00380797  0.96791904 -0.25161459
19454.9  1.50000000  0.96791261  0.00373201  0.96791980 -0.25161098
19455.0  1.50000000  0.96791340  0.00373457  0.96792061 -0.25160725
19455.1  1.50000000  0.96791380  0.00381303  0.96792131 -0.25160388
19455.2  1.50000000  0.96791381  0.00395589  0.96792189 -0.25160122
19455.3  1.50000000  0.96791332  0.00414383  0.96792220 -0.25159965
19455.4  1.50000000  0.96791252  0.00435313  0.96792230 -0.25159922
19455.5  1.50000000  0.96791137  0.00455777  0.96792210 -0.25160006
19455.6  1.50000000  0.96791014  0.00473339  0.96792171 -0.25160194
19455.7  1.50000000  0.96790892  0.00485949  0.96792112 -0.25160467
19455.8  1.50000000  0.96790793  0.00492258  0.96792045 -0.25160785
19455.9  1.50000000  0.96790727  0.00491651  0.96791975 -0.25161112
19456.0  1.50000000  0.96790702  0.00484450  0.96791914 -0.25161405
19456.1  1.50000000  0.96790716  0.00471664  0.96791865 -0.25161632
19456.2  1.50000000  0.96790769  0.00455037  0.96791839 -0.25161766
19456.3  1.50000000  0.96790846  0.00436659  0.96791831 -0.25161796
19456.4  1.50000000  0.96790943  0.00418802  0.96791849 -0.25161718
19456.5  1.50000000  0.96791043  0.00403603  0.96791884 -0.25161548
19456.6  1.50000000  0.96791139  0.00392814  0.96791937 -0.25161306
19456.7  1.50000000  0.96791219  0.00387598  0.96791995 -0.25161027
19456.8  1.50000000  0.96791277  0.00388443  0.96792056 -0.25160741
19456.9  1.50000000  0.96791303  0.00395040  0.96792109 -0.25160487
19457.0  1.50000000  0.96791298  0.00406466  0.96792151 -0.25160291
19457.1  1.50000000  0.96791258  0.00421168  0.96792174 -0.25160178
19457.2  1.50000000  0.96791191  0.00437313  0.96792179 -0.25160157
19457.3  1.50000000  0.96791104  0.00452892  0.96792164 -0.25160229
19457.4  1.50000000  0.96791009  0.00466058  0.96792131 -0.25160383
19457.5  1.50000000  0.96790919  0.00475284  0.96792086 -0.25160597
19457.6  1.50000000  0.96790845  0.00479584  0.96792033 -0.25160844
19457.7  1.50000000  0.96790797  0.00478564  0.96791980 -0.25161093
19457.8  1.50000000  0.96790780  0.00472521  0.96791934 -0.25161315
19457.9  1.50000000  0.96790793  0.00462309  0.96791897 -0.25161483
19458.0  1.50000000  0.96790835  0.00449294  0.96791878 -0.25161578
19458.1  1.50000000  0.96790896  0.00435117  0.96791874 -0.25161592
19458.2  1.50000000  0.96790971  0.00421525  0.96791889 -0.25161524
19458.3  1.50000000  0.96791049  0.00410134  0.96791918 -0.25161386
19458.4  1.50000000  0.96791123  0.00402262  0.96791959 -0.25161196
19458.5  1.50000000  0.96791184  0.00398743  0.96792005 -0.25160978
19458.6  1.50000000  0.96791226  0.00399891  0.96792052 -0.25160760
19458.7  1.50000000  0.96791244  0.00405414  0.96792093 -0.25160568
19458.8  1.50000000  0.96791236  0.00414537  0.96792123 -0.25160424
19458.9  1.50000000  0.96791202  0.00426043  0.96792140 -0.25160344
19459.0  1.50000000  0.96791148  0.00438484  0.96792141 -0.25160336
19459.1  1.50000000  0.96791080  0.00450330  0.96792128 -0.25160399
19459.2  1.50000000  0.96791007  0.00460172  0.96792101 -0.25160523
19459.3  1.50000000  0.96790939  0.00466880  0.96792065 -0.25160692
19459.4  1.50000000  0.96790885  0.00469741  0.96792024 -0.25160883
19459.5  1.50000000  0.96790850  0.00468517  0.96791984 -0.25161074
19459.6  1.50000000  0.96790839  0.00463480  0.96791949 -0.25161240
19459.7  1.50000000  0.96790852  0.00455342  0.96791923 -0.25161364
19459.8  1.50000000  0.96790885  0.00445178  0.96791909 -0.25161430
19459.9  1.50000000  0.96790934  0.00434270  0.96791909 -0.25161434
19460.0  1.50000000  0.96790993  0.00423954  0.96791921 -0.25161375
19460.1  1.50000000  0.96791053  0.00415455  0.96791945 -0.25161264
19460.2  1.50000000  0.96791109  0.00409744  0.96791976 -0.25161115
19460.3  1.50000000  0.96791155  0.00407426  0.96792012 -0.25160947
19460.4  1.50000000  0.96791185  0.00408685  0.96792047 -0.25160781
19460.5  1.50000000  0.96791196  0.00413262  0.96792078 -0.25160636
19460.6  1.50000000  0.96791187  0.00420512  0.96792100 -0.25160530
19460.7  1.50000000  0.96791159  0.00429483  0.96792112 -0.25160475
19460.8  1.50000000  0.96791116  0.00439045  0.96792112 -0.25160475
19460.9  1.50000000  0.96791063  0.00448031  0.96792100 -0.25160528
19461.0  1.50000000  0.96791008  0.00455374  0.96792079 -0.25160628
19461.1  1.50000000  0.96790957  0.00460236  0.96792051 -0.25160760
19461.2  1.50000000  0.96790917  0.00462105  0.96792020 -0.25160908
19461.3  1.50000000  0.96790892  0.00460840  0.96791989 -0.25161053
19461.4  1.50000000  0.96790885  0.00456686  0.96791963 -0.25161178
19461.5  1.50000000  0.96790896  0.00450225  0.96791943 -0.25161269
19461.6  1.50000000  0.96790923  0.00442303  0.96791933 -0.25161315
19461.7  1.50000000  0.96790961  0.00433917  0.96791934 -0.25161313
19461.8  1.50000000  0.96791007  0.00426090  0.96791944 -0.25161263
19461.9  1.50000000  0.96791053  0.00419750  0.96791963 -0.25161174
19462.0  1.50000000  0.96791096  0.00415617  0.96791988 -0.25161057
19462.1  1.50000000  0.96791130  0.00414125  0.96792016 -0.25160927
19462.2  1.50000000  0.96791152  0.00415380  0.96792043 -0.25160800
19462.3  1.50000000  0.96791158  0.00419148  0.96792066 -0.25160692
19462.4  1.50000000  0.96791150  0.00424905  0.96792083 -0.25160614
19462.5  1.50000000  0.96791127  0.00431898  0.96792091 -0.25160576
19462.6  1.50000000  0.96791093  0.00439249  0.96792090 -0.25160580
19462.7  1.50000000  0.96791052  0.00446062  0.96792080 -0.25160626
19462.8  1.50000000  0.96791010  0.00451531  0.96792063 -0.25160706
19462.9  1.50000000  0.96790971  0.00455035  0.96792041 -0.25160809
19463.0  1.50000000  0.96790941  0.00456211  0.96792016 -0.25160924
19463.1  1.50000000  0.96790923  0.00454982  0.96791993 -0.25161034
19463.2  1.50000000  0.96790919  0.00451567  0.96791973 -0.25161128
19463.3  1.50000000  0.96790929  0.00446442  0.96791959 -0.25161194
19463.4  1.50000000  0.96790951  0.00440274  0.96791952 -0.25161226
19463.5  1.50000000  0.96790981  0.00433836  0.96791954 -0.25161220
19463.6  1.50000000  0.96791017  0.00427912  0.96791963 -0.25161178
19463.7  1.50000000  0.96791053  0.00423201  0.96791978 -0.25161107
19463.8  1.50000000  0.96791085  0.00420235  0.96791998 -0.25161015
19463.9  1.50000000  0.96791111  0.00419320  0.96792019 -0.25160915
19464.0  1.50000000  0.96791126  0.00420507  0.96792039 -0.25160819
19464.1  1.50000000  0.96791129  0.00423592  0.96792056 -0.25160737
19464.2  1.50000000  0.96791121  0.00428147  0.96792068 -0.25160681
19464.3  1.50000000  0.96791102  0.00433583  0.96792074 -0.25160655
19464.4  1.50000000  0.96791075  0.00439218  0.96792072 -0.25160662
19464.5  1.50000000  0.96791044  0.00444368  0.96792064 -0.25160700
19464.6  1.50000000  0.96791011  0.00448427  0.96792050 -0.25160764
19464.7  1.50000000  0.96790983  0.00450937  0.96792033 -0.25160845
19464.8  1.50000000  0.96790961  0.00451641  0.96792015 -0.25160933
19464.9  1.50000000  0.96790948  0.00450507  0.96791997 -0.25161017
19465.0  1.50000000  0.96790946  0.00447724  0.96791982 -0.25161087
19465.1  1.50000000  0.96790955  0.00443676  0.96791972 -0.25161135
19465.2  1.50000000  0.96790972  0.00438885  0.96791967 -0.25161156
19465.3  1.50000000  0.96790996  0.00433952  0.96791969 -0.25161149
19465.4  1.50000000  0.96791023  0.00429474  0.96791976 -0.25161114
19465.5  1.50000000  0.96791051  0.00425978  0.96791988 -0.25161057
19465.6  1.50000000  0.96791075  0.00423856  0.96792003 -0.25160986
19465.7  1.50000000  0.96791094  0.00423324  0.96792020 -0.25160908
19465.8  1.50000000  0.96791105  0.00424402  0.96792035 -0.25160835
19465.9  1.50000000  0.96791107  0.00426911  0.96792048 -0.25160774
19466.0  1.50000000  0.96791100  0.00430509  0.96792057 -0.25160733
19466.1  1.50000000  0.96791084  0.00434731  0.96792061 -0.25160716
19466.2  1.50000000  0.96791063  0.00439050  0.96792059 -0.25160724
19466.3  1.50000000  0.96791039  0.00442942  0.96792052 -0.25160756
19466.4  1.50000000  0.96791014  0.00445951  0.96792041 -0.25160806
19466.5  1.50000000  0.96790992  0.00447740  0.96792028 -0.25160870
19466.6  1.50000000  0.96790976  0.00448115  0.96792014 -0.25160937
19466.7  1.50000000  0.96790967  0.00447101  0.96792000 -0.25161001
19466.8  1.50000000  0.96790967  0.00444845  0.96791989 -0.25161054
19466.9  1.50000000  0.96790974  0.00441653  0.96791981 -0.25161089
19467.0  1.50000000  0.96790988  0.00437934  0.96791978 -0.25161103
19467.1  1.50000000  0.96791007  0.00434152  0.96791980 -0.25161094
19467.2  1.50000000  0.96791028  0.00430770  0.96791987 -0.25161066
19467.3  1.50000000  0.96791049  0.00428185  0.96791996 -0.25161020
19467.4  1.50000000  0.96791068  0.00426684  0.96792008 -0.25160964
19467.5  1.50000000  0.96791081  0.00426416  0.96792021 -0.25160905
19467.6  1.50000000  0.96791089  0.00427380  0.96792033 -0.25160849
19467.7  1.50000000  0.96791090  0.00429422  0.96792042 -0.25160804
19467.8  1.50000000  0.96791083  0.00432264  0.96792048 -0.25160774
19467.9  1.50000000  0.96791071  0.00435542  0.96792051 -0.25160763
19468.0  1.50000000  0.96791054  0.00438846  0.96792049 -0.25160772
19468.1  1.50000000  0.96791035  0.00441777  0.96792043 -0.25160798
19468.2  1.50000000  0.96791016  0.00443992  0.96792034 -0.25160838
19468.3  1.50000000  0.96791000  0.00445246  0.96792024 -0.25160888
19468.4  1.50000000  0.96790988  0.00445413  0.96792013 -0.25160940
19468.5  1.50000000  0.96790982  0.00444504  0.96792003 -0.25160988
19468.6  1.50000000  0.96790982  0.00442664  0.96791995 -0.25161027
19468.7  1.50000000  0.96790988  0.00440141  0.96791989 -0.25161052
19468.8  1.50000000  0.96791000  0.00437253  0.96791987 -0.25161061
19468.9  1.50000000  0.96791015  0.00434367  0.96791990 -0.25161053
19469.0  1.50000000  0.96791031  0.00431830  0.96791994 -0.25161029
19469.1  1.50000000  0.96791047  0.00429926  0.96792002 -0.25160993
19469.2  1.50000000  0.96791062  0.00428882  0.96792012 -0.25160949
19469.3  1.50000000  0.96791070  0.00428797  0.96792020 -0.25160904
19469.4  1.50000000  0.96791076  0.00429624  0.96792030 -0.25160862
19469.5  1.50000000  0.96791077  0.00431295  0.96792038 -0.25160827
19469.6  1.50000000  0.96791069  0.00433526  0.96792040 -0.25160808
19469.7  1.50000000  0.96791062  0.00436055  0.96792044 -0.25160799
19469.8  1.50000000  0.96791047  0.00438598  0.96792041 -0.25160808
19469.9  1.50000000  0.96791032  0.00440784  0.96792036 -0.25160830
19470.0  1.50000000  0.96791019  0.00442423  0.96792030 -0.25160861
19470.1  1.50000000  0.96791006  0.00443307  0.96792021 -0.25160900
19470.2  1.50000000  0.96790997  0.00443324  0.96792012 -0.25160941
19470.3  1.50000000  0.96790995  0.00442558  0.96792007 -0.25160975
19470.4  1.50000000  0.96790992  0.00441073  0.96791997 -0.25161008
19470.5  1.50000000  0.96791001  0.00439069  0.96791997 -0.25161022
19470.6  1.50000000  0.96791007  0.00436869  0.96791993 -0.25161030
19470.7  1.50000000  0.96791020  0.00434627  0.96791996 -0.25161021
19470.8  1.50000000  0.96791034  0.00432740  0.96792001 -0.25161001
19470.9  1.50000000  0.96791044  0.00431334  0.96792005 -0.25160974
19471.0  1.50000000  0.96791055  0.00430600  0.96792013 -0.25160939
19471.1  1.50000000  0.96791064  0.00430619  0.96792022 -0.25160903
19471.2  1.50000000  0.96791065  0.00431341  0.96792026 -0.25160874
19471.3  1.50000000  0.96791068  0.00432655  0.96792035 -0.25160846
19471.4  1.50000000  0.96791060  0.00434447  0.96792035 -0.25160833
19471.5  1.50000000  0.96791054  0.00436370  0.96792037 -0.25160828
19471.6  1.50000000  0.96791043  0.00438330  0.96792036 -0.25160835
19471.7  1.50000000  0.96791031  0.00439968  0.96792031 -0.25160854
19471.8  1.50000000  0.96791021  0.00441165  0.96792026 -0.25160878
19471.9  1.50000000  0.96791012  0.00441779  0.96792020 -0.25160908
19472.0  1.50000000  0.96791004  0.00441728  0.96792012 -0.25160940
19472.1  1.50000000  0.96791004  0.00441059  0.96792009 -0.25160965
19472.2  1.50000000  0.96791002  0.00439886  0.96792001 -0.25160989
19472.3  1.50000000  0.96791009  0.00438301  0.96792001 -0.25161000
19472.4  1.50000000  0.96791015  0.00436605  0.96792000 -0.25161004
19472.5  1.50000000  0.96791023  0.00434903  0.96792000 -0.25160998
19472.6  1.50000000  0.96791034  0.00433480  0.96792005 -0.25160981
19472.7  1.50000000  0.96791043  0.00432457  0.96792009 -0.25160959
19472.8  1.50000000  0.96791050  0.00431952  0.96792014 -0.25160933
19472.9  1.50000000  0.96791058  0.00432022  0.96792022 -0.25160904
19473.0  1.50000000  0.96791057  0.00432637  0.96792024 -0.25160883
19473.1  1.50000000  0.96791059  0.00433689  0.96792031 -0.25160862
19473.2  1.50000000  0.96791053  0.00435085  0.96792031 -0.25160853
19473.3  1.50000000  0.96791048  0.00436581  0.96792032 -0.25160850
19473.4  1.50000000  0.96791040  0.00438058  0.96792031 -0.25160856
19473.5  1.50000000  0.96791031  0.00439299  0.96792028 -0.25160871
19473.6  1.50000000  0.96791022  0.00440167  0.96792023 -0.25160891
19473.7  1.50000000  0.96791016  0.00440588  0.96792019 -0.25160914
19473.8  1.50000000  0.96791011  0.00440499  0.96792013 -0.25160938
19473.9  1.50000000  0.96791010  0.00439936  0.96792010 -0.25160958
19474.0  1.50000000  0.96791010  0.00438994  0.96792005 -0.25160975
19474.1  1.50000000  0.96791014  0.00437764  0.96792004 -0.25160983
19474.2  1.50000000  0.96791020  0.00436443  0.96792004 -0.25160985
19474.3  1.50000000  0.96791026  0.00435160  0.96792005 -0.25160979
19474.4  1.50000000  0.96791034  0.00434084  0.96792008 -0.25160966
19474.5  1.50000000  0.96791042  0.00433342  0.96792012 -0.25160948
19474.6  1.50000000  0.96791047  0.00432997  0.96792015 -0.25160928
19474.7  1.50000000  0.96791052  0.00433099  0.96792021 -0.25160907
19474.8  1.50000000  0.96791052  0.00433612  0.96792023 -0.25160889
19474.9  1.50000000  0.96791052  0.00434457  0.96792027 -0.25160875
19475.0  1.50000000  0.96791049  0.00435541  0.96792028 -0.25160868
19475.1  1.50000000  0.96791043  0.00436704  0.96792028 -0.25160867
19475.2  1.50000000  0.96791037  0.00437820  0.96792028 -0.25160872
19475.3  1.50000000  0.96791030  0.00438752  0.96792025 -0.25160884
19475.4  1.50000000  0.96791024  0.00439384  0.96792021 -0.25160900
19475.5  1.50000000  0.96791020  0.00439664  0.96792018 -0.25160918
19475.6  1.50000000  0.96791015  0.00439556  0.96792014 -0.25160936
19475.7  1.50000000  0.96791015  0.00439088  0.96792011 -0.25160951
19475.8  1.50000000  0.96791015  0.00438332  0.96792008 -0.25160963
19475.9  1.50000000  0.96791019  0.00437377  0.96792007 -0.25160970
19476.0  1.50000000  0.96791023  0.00436354  0.96792007 -0.25160970
19476.1  1.50000000  0.96791029  0.00435383  0.96792008 -0.25160965
19476.2  1.50000000  0.96791035  0.00434578  0.96792010 -0.25160954
19476.3  1.50000000  0.96791040  0.00434039  0.96792013 -0.25160940
19476.4  1.50000000  0.96791044  0.00433812  0.96792016 -0.25160925
19476.5  1.50000000  0.96791047  0.00433925  0.96792020 -0.25160909
19476.6  1.50000000  0.96791048  0.00434350  0.96792022 -0.25160895
19476.7  1.50000000  0.96791047  0.00435025  0.96792025 -0.25160885
19476.8  1.50000000  0.96791045  0.00435867  0.96792026 -0.25160880
19476.9  1.50000000  0.96791040  0.00436765  0.96792026 -0.25160880
19477.0  1.50000000  0.96791036  0.00437610  0.96792025 -0.25160885
19477.1  1.50000000  0.96791030  0.00438305  0.96792023 -0.25160894
19477.2  1.50000000  0.96791026  0.00438765  0.96792020 -0.25160907
19477.3  1.50000000  0.96791022  0.00438947  0.96792017 -0.25160920
19477.4  1.50000000  0.96791019  0.00438834  0.96792014 -0.25160934
19477.5  1.50000000  0.96791019  0.00438448  0.96792012 -0.25160946
19477.6  1.50000000  0.96791020  0.00437846  0.96792010 -0.25160954
19477.7  1.50000000  0.96791022  0.00437103  0.96792009 -0.25160959
19477.8  1.50000000  0.96791026  0.00436315  0.96792009 -0.25160959
19477.9  1.50000000  0.96791030  0.00435580  0.96792010 -0.25160954
19478.0  1.50000000  0.96791034  0.00434979  0.96792012 -0.25160946
19478.1  1.50000000  0.96791039  0.00434588  0.96792014 -0.25160935
19478.2  1.50000000  0.96791042  0.00434442  0.96792017 -0.25160923
19478.3  1.50000000  0.96791044  0.00434555  0.96792019 -0.25160911
19478.4  1.50000000  0.96791044  0.00434905  0.96792021 -0.25160900
19478.5  1.50000000  0.96791044  0.00435441  0.96792023 -0.25160893
19478.6  1.50000000  0.96791041  0.00436097  0.96792024 -0.25160889
19478.7  1.50000000  0.96791038  0.00436788  0.96792024 -0.25160890
19478.8  1.50000000  0.96791034  0.00437428  0.96792023 -0.25160894
19478.9  1.50000000  0.96791031  0.00437946  0.96792021 -0.25160901
19479.0  1.50000000  0.96791027  0.00438279  0.96792019 -0.25160911
19479.1  1.50000000  0.96791024  0.00438394  0.96792017 -0.25160922
19479.2  1.50000000  0.96791022  0.00438283  0.96792015 -0.25160932
19479.3  1.50000000  0.96791022  0.00437966  0.96792013 -0.25160941
19479.4  1.50000000  0.96791023  0.00437488  0.96792012 -0.25160947
19479.5  1.50000000  0.96791025  0.00436910  0.96792011 -0.25160950
19479.6  1.50000000  0.96791028  0.00436304  0.96792011 -0.25160950
19479.7  1.50000000  0.96791031  0.00435747  0.96792012 -0.25160946
19479.8  1.50000000  0.96791034  0.00435301  0.96792013 -0.25160939
19479.9  1.50000000  0.96791038  0.00435019  0.96792015 -0.25160931
19480.0  1.50000000  0.96791040  0.00434929  0.96792017 -0.25160921
19480.1  1.50000000  0.96791041  0.00435036  0.96792019 -0.25160912
19480.2  1.50000000  0.96791042  0.00435323  0.96792021 -0.25160905
19480.3  1.50000000  0.96791041  0.00435749  0.96792022 -0.25160899
19480.4  1.50000000  0.96791039  0.00436258  0.96792022 -0.25160897
19480.5  1.50000000  0.96791037  0.00436788  0.96792022 -0.25160897
19480.6  1.50000000  0.96791034  0.00437263  0.96792021 -0.25160901
19480.7  1.50000000  0.96791031  0.00437641  0.96792020 -0.25160907
19480.8  1.50000000  0.96791028  0.00437879  0.96792019 -0.25160914
19480.9  1.50000000  0.96791026  0.00437953  0.96792017 -0.25160923
19481.0  1.50000000  0.96791025  0.00437858  0.96792015 -0.25160930
19481.1  1.50000000  0.96791024  0.00437607  0.96792014 -0.25160937
19481.2  1.50000000  0.96791025  0.00437233  0.96792013 -0.25160942
19481.3  1.50000000  0.96791027  0.00436787  0.96792012 -0.25160944
19481.4  1.50000000  0.96791029  0.00436323  0.96792012 -0.25160943
19481.5  1.50000000  0.96791032  0.00435897  0.96792013 -0.25160940
19481.6  1.50000000  0.96791034  0.00435560  0.96792014 -0.25160935
19481.7  1.50000000  0.96791037  0.00435350  0.96792016 -0.25160928
19481.8  1.50000000  0.96791038  0.00435289  0.96792017 -0.25160921
19481.9  1.50000000  0.96791039  0.00435381  0.96792019 -0.25160914
19482.0  1.50000000  0.96791040  0.00435612  0.96792020 -0.25160908
19482.1  1.50000000  0.96791039  0.00435949  0.96792021 -0.25160904
19482.2  1.50000000  0.96791038  0.00436350  0.96792021 -0.25160902
19482.3  1.50000000  0.96791036  0.00436765  0.96792021 -0.25160903
19482.4  1.50000000  0.96791033  0.00437143  0.96792020 -0.25160906
19482.5  1.50000000  0.96791031  0.00437441  0.96792019 -0.25160910
19482.6  1.50000000  0.96791029  0.00437624  0.96792018 -0.25160916
19482.7  1.50000000  0.96791027  0.00437673  0.96792017 -0.25160923
19482.8  1.50000000  0.96791026  0.00437584  0.96792015 -0.25160929
19482.9  1.50000000  0.96791026  0.00437374  0.96792014 -0.25160934
19483.0  1.50000000  0.96791027  0.00437067  0.96792014 -0.25160938
19483.1  1.50000000  0.96791028  0.00436705  0.96792013 -0.25160940
19483.2  1.50000000  0.96791030  0.00436334  0.96792013 -0.25160939
19483.3  1.50000000  0.96791032  0.00435999  0.96792014 -0.25160936
19483.4  1.50000000  0.96791034  0.00435741  0.96792015 -0.25160932
19483.5  1.50000000  0.96791036  0.00435588  0.96792016 -0.25160926
19483.6  1.50000000  0.96791037  0.00435555  0.96792017 -0.25160921
19483.7  1.50000000  0.96791038  0.00435644  0.96792018 -0.25160915
19483.8  1.50000000  0.96791038  0.00435839  0.96792019 -0.25160911
19483.9  1.50000000  0.96791037  0.00436115  0.96792020 -0.25160908
19484.0  1.50000000  0.96791036  0.00436436  0.96792020 -0.25160906
19484.1  1.50000000  0.96791035  0.00436762  0.96792020 -0.25160907
19484.2  1.50000000  0.96791033  0.00437053  0.96792020 -0.25160910
19484.3  1.50000000  0.96791031  0.00437274  0.96792019 -0.25160914
19484.4  1.50000000  0.96791029  0.00437402  0.96792018 -0.25160918
19484.5  1.50000000  0.96791028  0.00437424  0.96792017 -0.25160923
19484.6  1.50000000  0.96791028  0.00437342  0.96792016 -0.25160928
19484.7  1.50000000  0.96791027  0.00437170  0.96792015 -0.25160932
19484.8  1.50000000  0.96791028  0.00436932  0.96792014 -0.25160935
19484.9  1.50000000  0.96791029  0.00436654  0.96792014 -0.25160936
19485.0  1.50000000  0.96791031  0.00436371  0.96792014 -0.25160935
19485.1  1.50000000  0.96791032  0.00436117  0.96792015 -0.25160933
19485.2  1.50000000  0.96791034  0.00435915  0.96792015 -0.25160930
19485.3  1.50000000  0.96791035  0.00435794  0.96792016 -0.25160925
19485.4  1.50000000  0.96791036  0.00435767  0.96792017 -0.25160921
19485.5  1.50000000  0.96791037  0.00435835  0.96792018 -0.25160917
19485.6  1.50000000  0.96791037  0.00435984  0.96792019 -0.25160913
19485.7  1.50000000  0.96791036  0.00436194  0.96792019 -0.25160911
19485.8  1.50000000  0.96791036  0.00436439  0.96792020 -0.25160910
19485.9  1.50000000  0.96791034  0.00436690  0.96792019 -0.25160910
19486.0  1.50000000  0.96791033  0.00436919  0.96792019 -0.25160912
19486.1  1.50000000  0.96791031  0.00437102  0.96792018 -0.25160915
19486.2  1.50000000  0.96791030  0.00437216  0.96792018 -0.25160919
19486.3  1.50000000  0.96791029  0.00437247  0.96792017 -0.25160923
19486.4  1.50000000  0.96791029  0.00437194  0.96792016 -0.25160926
19486.5  1.50000000  0.96791028  0.00437064  0.96792015 -0.25160930
19486.6  1.50000000  0.96791029  0.00436874  0.96792015 -0.25160932
19486.7  1.50000000  0.96791030  0.00436649  0.96792015 -0.25160933
19486.8  1.50000000  0.96791031  0.00436415  0.96792015 -0.25160933
19486.9  1.50000000  0.96791032  0.00436202  0.96792015 -0.25160931
19487.0  1.50000000  0.96791033  0.00436036  0.96792016 -0.25160928
19487.1  1.50000000  0.96791035  0.00435939  0.96792016 -0.25160925
19487.2  1.50000000  0.96791036  0.00435918  0.96792017 -0.25160921
19487.3  1.50000000  0.96791036  0.00435976  0.96792018 -0.25160917
19487.4  1.50000000  0.96791036  0.00436101  0.96792018 -0.25160915
19487.5  1.50000000  0.96791036  0.00436280  0.96792019 -0.25160913
19487.6  1.50000000  0.96791035  0.00436487  0.96792019 -0.25160912
19487.7  1.50000000  0.96791034  0.00436696  0.96792019 -0.25160912
19487.8  1.50000000  0.96791033  0.00436884  0.96792019 -0.25160914
19487.9  1.50000000  0.96791031  0.00437024  0.96792018 -0.25160917
19488.0  1.50000000  0.96791030  0.00437101  0.96792017 -0.25160920
19488.1  1.50000000  0.96791030  0.00437107  0.96792017 -0.25160923
19488.2  1.50000000  0.96791029  0.00437043  0.96792016 -0.25160926
19488.3  1.50000000  0.96791029  0.00436918  0.96792015 -0.25160929
19488.4  1.50000000  0.96791030  0.00436751  0.96792015 -0.25160930
19488.5  1.50000000  0.96791031  0.00436562  0.96792015 -0.25160931
19488.6  1.50000000  0.96791031  0.00436377  0.96792015 -0.25160930
19488.7  1.50000000  0.96791033  0.00436218  0.96792016 -0.25160928
19488.8  1.50000000  0.96791034  0.00436105  0.96792016 -0.25160926
19488.9  1.50000000  0.96791035  0.00436051  0.96792017 -0.25160923
19489.0  1.50000000  0.96791035  0.00436058  0.96792017 -0.25160920
19489.1  1.50000000  0.96791035  0.00436122  0.96792018 -0.25160918
19489.2  1.50000000  0.96791035  0.00436238  0.96792018 -0.25160915
19489.3  1.50000000  0.96791035  0.00436388  0.96792018 -0.25160914
19489.4  1.50000000  0.96791034  0.00436548  0.96792018 -0.25160914
19489.5  1.50000000  0.96791033  0.00436707  0.96792019 -0.25160915
19489.6  1.50000000  0.96791032  0.00436844  0.96792018 -0.25160916
19489.7  1.50000000  0.96791031  0.00436936  0.96792018 -0.25160919
19489.8  1.50000000  0.96791031  0.00436982  0.96792017 -0.25160921
19489.9  1.50000000  0.96791030  0.00436976  0.96792017 -0.25160923
19490.0  1.50000000  0.96791030  0.00436918  0.96792016 -0.25160926
19490.1  1.50000000  0.96791030  0.00436818  0.96792016 -0.25160927
19490.2  1.50000000  0.96791030  0.00436689  0.96792016 -0.25160928
19490.3  1.50000000  0.96791031  0.00436547  0.96792015 -0.25160929
19490.4  1.50000000  0.96791032  0.00436416  0.96792016 -0.25160928
19490.5  1.50000000  0.96791033  0.00436310  0.96792016 -0.25160927
19490.6  1.50000000  0.96791033  0.00436230  0.96792016 -0.25160925
19490.7  1.50000000  0.96791034  0.00436190  0.96792017 -0.25160923
19490.8  1.50000000  0.96791034  0.00436192  0.96792017 -0.25160921
19490.9  1.50000000  0.96791035  0.00436231  0.96792018 -0.25160919
19491.0  1.50000000  0.96791035  0.00436305  0.96792018 -0.25160918
19491.1  1.50000000  0.96791034  0.00436404  0.96792018 -0.25160917
19491.2  1.50000000  0.96791034  0.00436516  0.96792018 -0.25160916
19491.3  1.50000000  0.96791033  0.00436628  0.96792018 -0.25160917
19491.4  1.50000000  0.96791033  0.00436728  0.96792018 -0.25160917
19491.5  1.50000000  0.96791032  0.00436805  0.96792018 -0.25160919
19491.6  1.50000000  0.96791031  0.00436852  0.96792017 -0.25160921
19491.7  1.50000000  0.96791031  0.00436864  0.96792017 -0.25160922
19491.8  1.50000000  0.96791031  0.00436838  0.96792016 -0.25160924
19491.9  1.50000000  0.96791031  0.00436777  0.96792016 -0.25160926
19492.0  1.50000000  0.96791031  0.00436690  0.96792016 -0.25160927
19492.1  1.50000000  0.96791031  0.00436586  0.96792016 -0.25160927
19492.2  1.50000000  0.96791032  0.00436480  0.96792016 -0.25160927
19492.3  1.50000000  0.96791032  0.00436383  0.96792016 -0.25160926
19492.4  1.50000000  0.96791033  0.00436307  0.96792016 -0.25160925
19492.5  1.50000000  0.96791034  0.00436261  0.96792017 -0.25160923
19492.6  1.50000000  0.96791034  0.00436250  0.96792017 -0.25160921
19492.7  1.50000000  0.96791034  0.00436275  0.96792017 -0.25160920
19492.8  1.50000000  0.96791034  0.00436332  0.96792018 -0.25160918
19492.9  1.50000000  0.96791034  0.00436414  0.96792018 -0.25160918
19493.0  1.50000000  0.96791034  0.00436511  0.96792018 -0.25160917
19493.1  1.50000000  0.96791033  0.00436610  0.96792018 -0.25160917
19493.2  1.50000000  0.96791033  0.00436701  0.96792018 -0.25160918
19493.3  1.50000000  0.96791032  0.00436772  0.96792018 -0.25160919
19493.4  1.50000000  0.96791032  0.00436815  0.96792017 -0.25160921
19493.5  1.50000000  0.96791031  0.00436827  0.96792017 -0.25160922
19493.6  1.50000000  0.96791031  0.00436804  0.96792017 -0.25160924
19493.7  1.50000000  0.96791031  0.00436753  0.96792016 -0.25160925
19493.8  1.50000000  0.96791031  0.00436678  0.96792016 -0.25160926
19493.9  1.50000000  0.96791031  0.00436589  0.96792016 -0.25160926
19494.0  1.50000000  0.96791032  0.00436496  0.96792016 -0.25160926
19494.1  1.50000000  0.96791032  0.00436411  0.96792016 -0.25160926
19494.2  1.50000000  0.96791033  0.00436342  0.96792016 -0.25160925
19494.3  1.50000000  0.96791033  0.00436296  0.96792017 -0.25160923
19494.4  1.50000000  0.96791034  0.00436281  0.96792017 -0.25160922
19494.5  1.50000000  0.96791034  0.00436296  0.96792017 -0.25160920
19494.6  1.50000000  0.96791034  0.00436340  0.96792018 -0.25160919
19494.7  1.50000000  0.96791034  0.00436410  0.96792018 -0.25160918
19494.8  1.50000000  0.96791034  0.00436496  0.96792018 -0.25160918
19494.9  1.50000000  0.96791033  0.00436588  0.96792018 -0.25160918
19495.0  1.50000000  0.96791033  0.00436676  0.96792018 -0.25160918
19495.1  1.50000000  0.96791032  0.00436748  0.96792018 -0.25160919
19495.2  1.50000000  0.96791032  0.00436797  0.96792017 -0.25160920
19495.3  1.50000000  0.96791031  0.00436815  0.96792017 -0.25160922
19495.4  1.50000000  0.96791031  0.00436802  0.96792017 -0.25160923
19495.5  1.50000000  0.96791031  0.00436759  0.96792016 -0.25160925
19495.6  1.50000000  0.96791031  0.00436690  0.96792016 -0.25160926
19495.7  1.50000000  0.96791031  0.00436603  0.96792016 -0.25160926
19495.8  1.50000000  0.96791032  0.00436511  0.96792016 -0.25160926
19495.9  1.50000000  0.96791032  0.00436422  0.96792016 -0.25160926
19496.0  1.50000000  0.96791033  0.00436349  0.96792016 -0.25160925
19496.1  1.50000000  0.96791033  0.00436299  0.96792017 -0.25160923
19496.2  1.50000000  0.96791034  0.00436279  0.96792017 -0.25160922
19496.3  1.50000000  0.96791034  0.00436292  0.96792017 -0.25160920
19496.4  1.50000000  0.96791034  0.00436334  0.96792018 -0.25160919
19496.5  1.50000000  0.96791034  0.00436403  0.96792018 -0.25160918
19496.6  1.50000000  0.96791034  0.00436489  0.96792018 -0.25160918
19496.7  1.50000000  0.96791033  0.00436582  0.96792018 -0.25160918
19496.8  1.50000000  0.96791033  0.00436671  0.96792018 -0.25160918
19496.9  1.50000000  0.96791032  0.00436745  0.96792018 -0.25160919
19497.0  1.50000000  0.96791032  0.00436795  0.96792017 -0.25160920
19497.1  1.50000000  0.96791031  0.00436816  0.96792017 -0.25160922
19497.2  1.50000000  0.96791031  0.00436804  0.96792017 -0.25160923
19497.3  1.50000000  0.96791031  0.00436762  0.96792016 -0.25160925
19497.4  1.50000000  0.96791031  0.00436694  0.96792016 -0.25160926
19497.5  1.50000000  0.96791031  0.00436609  0.96792016 -0.25160926
19497.6  1.50000000  0.96791032  0.00436516  0.96792016 -0.25160926
19497.7  1.50000000  0.96791032  0.00436426  0.96792016 -0.25160926
19497.8  1.50000000  0.96791033  0.00436352  0.96792016 -0.25160925
19497.9  1.50000000  0.96791033  0.00436300  0.96792017 -0.25160924
19498.0  1.50000000  0.96791034  0.00436278  0.96792017 -0.25160922
19498.1  1.50000000  0.96791034  0.00436288  0.96792017 -0.25160920
19498.2  1.50000000  0.96791034  0.00436329  0.96792018 -0.25160919
19498.3  1.50000000  0.96791034  0.00436397  0.96792018 -0.25160918
19498.4  1.50000000  0.96791034  0.00436482  0.96792018 -0.25160918
19498.5  1.50000000  0.96791033  0.00436576  0.96792018 -0.25160918
19498.6  1.50000000  0.96791033  0.00436665  0.96792018 -0.25160918
19498.7  1.50000000  0.96791032  0.00436740  0.96792018 -0.25160919
19498.8  1.50000000  0.96791032  0.00436792  0.96792017 -0.25160920
19498.9  1.50000000  0.96791031  0.00436815  0.96792017 -0.25160922
19499.0  1.50000000  0.96791031  0.00436805  0.96792017 -0.25160923
19499.1  1.50000000  0.96791031  0.00436764  0.96792016 -0.25160925
19499.2  1.50000000  0.96791031  0.00436697  0.96792016 -0.25160926
19499.3  1.50000000  0.96791031  0.00436612  0.96792016 -0.25160926
19499.4  1.50000000  0.96791032  0.00436519  0.96792016 -0.25160926
19499.5  1.50000000  0.96791032  0.00436431  0.96792016 -0.25160926
19499.6  1.50000000  0.96791033  0.00436356  0.96792016 -0.25160925
19499.7  1.50000000  0.96791033  0.00436304  0.96792017 -0.25160924
19499.8  1.50000000  0.96791034  0.00436280  0.96792017 -0.25160922
19499.9  1.50000000  0.96791034  0.00436289  0.96792017 -0.25160921
19500.0  1.50000000  0.96791034  0.00436330  0.96792018 -0.25160919
19500.1  1.50000000  0.96791034  0.00436398  0.96792018 -0.25160918
19500.2  1.50000000  0.96791034  0.00436483  0.96792018 -0.25160918
19500.3  1.50000000  0.96791033  0.00436573  0.96792018 -0.25160918
19500.4  1.50000000  0.96791033  0.00436657  0.96792018 -0.25160918
19500.5  1.50000000  0.96791032  0.00436728  0.96792018 -0.25160919
19500.6  1.50000000  0.96791032  0.00436776  0.96792017 -0.25160920
19500.7  1.50000000  0.96791031  0.00436795  0.96792017 -0.25160922
19500.8  1.50000000  0.96791031  0.00436782  0.96792016 -0.25160923
19500.9  1.50000000  0.96791031  0.00436740  0.96792016 -0.25160924
19501.0  1.50000000  0.96791031  0.00436680  0.96792016 -0.25160925
19501.1  1.50000000  0.96791031  0.00436605  0.96792016 -0.25160926
19501.2  1.50000000  0.96791032  0.00436523  0.96792016 -0.25160926
19501.3  1.50000000  0.96791032  0.00436448  0.96792016 -0.25160925
19501.4  1.50000000  0.96791033  0.00436388  0.96792016 -0.25160924
19501.5  1.50000000  0.96791033  0.00436347  0.96792017 -0.25160923
19501.6  1.50000000  0.96791033  0.00436331  0.96792017 -0.25160922
19501.7  1.50000000  0.96791034  0.00436341  0.96792017 -0.25160921
19501.8  1.50000000  0.96791034  0.00436376  0.96792017 -0.25160920
19501.9  1.50000000  0.96791034  0.00436430  0.96792018 -0.25160919
19502.0  1.50000000  0.96791033  0.00436497  0.96792018 -0.25160919
19502.1  1.50000000  0.96791033  0.00436569  0.96792018 -0.25160919
19502.2  1.50000000  0.96791033  0.00436636  0.96792018 -0.25160919
19502.3  1.50000000  0.96791032  0.00436692  0.96792017 -0.25160920
19502.4  1.50000000  0.96791032  0.00436728  0.96792017 -0.25160921
19502.5  1.50000000  0.96791032  0.00436743  0.96792017 -0.25160922
19502.6  1.50000000  0.96791031  0.00436734  0.96792017 -0.25160923
19502.7  1.50000000  0.96791031  0.00436704  0.96792017 -0.25160924
19502.8  1.50000000  0.96791031  0.00436658  0.96792016 -0.25160925
19502.9  1.50000000  0.96791032  0.00436601  0.96792016 -0.25160925
19503.0  1.50000000  0.96791032  0.00436539  0.96792016 -0.25160925
19503.1  1.50000000  0.96791032  0.00436482  0.96792016 -0.25160925
19503.2  1.50000000  0.96791033  0.00436430  0.96792017 -0.25160924
19503.3  1.50000000  0.96791033  0.00436392  0.96792017 -0.25160923
19503.4  1.50000000  0.96791033  0.00436370  0.96792017 -0.25160922
19503.5  1.50000000  0.96791033  0.00436370  0.96792017 -0.25160921
19503.6  1.50000000  0.96791034  0.00436390  0.96792017 -0.25160920
19503.7  1.50000000  0.96791033  0.00436429  0.96792017 -0.25160920
19503.8  1.50000000  0.96791033  0.00436482  0.96792018 -0.25160919
19503.9  1.50000000  0.96791033  0.00436542  0.96792018 -0.25160919
19504.0  1.50000000  0.96791033  0.00436602  0.96792018 -0.25160919
19504.1  1.50000000  0.96791032  0.00436655  0.96792017 -0.25160920
19504.2  1.50000000  0.96791032  0.00436695  0.96792017 -0.25160920
19504.3  1.50000000  0.96791032  0.00436719  0.96792017 -0.25160921
19504.4  1.50000000  0.96791032  0.00436721  0.96792017 -0.25160922
19504.5  1.50000000  0.96791032  0.00436704  0.96792017 -0.25160923
19504.6  1.50000000  0.96791032  0.00436668  0.96792017 -0.25160924
19504.7  1.50000000  0.96791032  0.00436619  0.96792016 -0.25160925
19504.8  1.50000000  0.96791032  0.00436562  0.96792016 -0.25160925
19504.9  1.50000000  0.96791032  0.00436504  0.96792016 -0.25160925
19505.0  1.50000000  0.96791032  0.00436452  0.96792016 -0.25160924
19505.1  1.50000000  0.96791033  0.00436410  0.96792017 -0.25160923
19505.2  1.50000000  0.96791033  0.00436386  0.96792017 -0.25160923
19505.3  1.50000000  0.96791033  0.00436379  0.96792017 -0.25160922
19505.4  1.50000000  0.96791033  0.00436392  0.96792017 -0.25160921
19505.5  1.50000000  0.96791033  0.00436423  0.96792017 -0.25160920
19505.6  1.50000000  0.96791033  0.00436468  0.96792017 -0.25160919
19505.7  1.50000000  0.96791033  0.00436521  0.96792018 -0.25160919
19505.8  1.50000000  0.96791033  0.00436576  0.96792018 -0.25160919
19505.9  1.50000000  0.96791033  0.00436626  0.96792017 -0.25160920
19506.0  1.50000000  0.96791032  0.00436665  0.96792017 -0.25160920
19506.1  1.50000000  0.96791032  0.00436693  0.96792017 -0.25160921
19506.2  1.50000000  0.96791032  0.00436703  0.96792017 -0.25160922
19506.3  1.50000000  0.96791032  0.00436696  0.96792017 -0.25160923
19506.4  1.50000000  0.96791032  0.00436672  0.96792017 -0.25160924
19506.5  1.50000000  0.96791032  0.00436632  0.96792016 -0.25160924
19506.6  1.50000000  0.96791032  0.00436584  0.96792016 -0.25160924
19506.7  1.50000000  0.96791032  0.00436531  0.96792016 -0.25160924
19506.8  1.50000000  0.96791032  0.00436480  0.96792016 -0.25160924
19506.9  1.50000000  0.96791033  0.00436438  0.96792017 -0.25160924
19507.0  1.50000000  0.96791033  0.00436409  0.96792017 -0.25160923
19507.1  1.50000000  0.96791033  0.00436397  0.96792017 -0.25160922
19507.2  1.50000000  0.96791033  0.00436402  0.96792017 -0.25160921
19507.3  1.50000000  0.96791033  0.00436424  0.96792017 -0.25160920
19507.4  1.50000000  0.96791033  0.00436461  0.96792017 -0.25160920
19507.5  1.50000000  0.96791033  0.00436507  0.96792017 -0.25160919
19507.6  1.50000000  0.96791033  0.00436558  0.96792017 -0.25160919
19507.7  1.50000000  0.96791033  0.00436606  0.96792017 -0.25160920
19507.8  1.50000000  0.96791032  0.00436648  0.96792017 -0.25160920
19507.9  1.50000000  0.96791032  0.00436677  0.96792017 -0.25160921
19508.0  1.50000000  0.96791032  0.00436691  0.96792017 -0.25160922
19508.1  1.50000000  0.96791032  0.00436689  0.96792017 -0.25160923
19508.2  1.50000000  0.96791032  0.00436669  0.96792017 -0.25160923
19508.3  1.50000000  0.96791032  0.00436636  0.96792017 -0.25160924
19508.4  1.50000000  0.96791032  0.00436592  0.96792016 -0.25160924
19508.5  1.50000000  0.96791032  0.00436543  0.96792016 -0.25160924
19508.6  1.50000000  0.96791032  0.00436494  0.96792017 -0.25160924
19508.7  1.50000000  0.96791033  0.00436452  0.96792017 -0.25160924
19508.8  1.50000000  0.96791033  0.00436423  0.96792017 -0.25160923
19508.9  1.50000000  0.96791033  0.00436409  0.96792017 -0.25160922
19509.0  1.50000000  0.96791033  0.00436413  0.96792017 -0.25160921
19509.1  1.50000000  0.96791033  0.00436434  0.96792017 -0.25160921
19509.2  1.50000000  0.96791033  0.00436469  0.96792017 -0.25160920
19509.3  1.50000000  0.96791033  0.00436513  0.96792017 -0.25160920
19509.4  1.50000000  0.96791033  0.00436561  0.96792017 -0.25160920
19509.5  1.50000000  0.96791033  0.00436606  0.96792017 -0.25160920
19509.6  1.50000000  0.96791032  0.00436644  0.96792017 -0.25160920
19509.7  1.50000000  0.96791032  0.00436668  0.96792017 -0.25160921
19509.8  1.50000000  0.96791032  0.00436677  0.96792017 -0.25160922
19509.9  1.50000000  0.96791032  0.00436669  0.96792017 -0.25160923
19510.0  1.50000000  0.96791032  0.00436646  0.96792017 -0.25160923
19510.1  1.50000000  0.96791032  0.00436611  0.96792017 -0.25160924
19510.2  1.50000000  0.96791032  0.00436569  0.96792016 -0.25160924
19510.3  1.50000000  0.96791032  0.00436524  0.96792016 -0.25160924
19510.4  1.50000000  0.96791032  0.00436483  0.96792017 -0.25160924
19510.5  1.50000000  0.96791033  0.00436452  0.96792017 -0.25160923
19510.6  1.50000000  0.96791033  0.00436432  0.96792017 -0.25160922
19510.7  1.50000000  0.96791033  0.00436428  0.96792017 -0.25160922
19510.8  1.50000000  0.96791033  0.00436439  0.96792017 -0.25160921
19510.9  1.50000000  0.96791033  0.00436464  0.96792017 -0.25160920
19511.0  1.50000000  0.96791033  0.00436499  0.96792017 -0.25160920
19511.1  1.50000000  0.96791033  0.00436539  0.96792017 -0.25160920
19511.2  1.50000000  0.96791033  0.00436579  0.96792017 -0.25160920
19511.3  1.50000000  0.96791033  0.00436615  0.96792017 -0.25160920
19511.4  1.50000000  0.96791032  0.00436641  0.96792017 -0.25160921
19511.5  1.50000000  0.96791032  0.00436655  0.96792017 -0.25160922
19511.6  1.50000000  0.96791032  0.00436655  0.96792017 -0.25160922
19511.7  1.50000000  0.96791032  0.00436642  0.96792017 -0.25160923
19511.8  1.50000000  0.96791032  0.00436619  0.96792017 -0.25160923
19511.9  1.50000000  0.96791032  0.00436587  0.96792017 -0.25160924
19512.0  1.50000000  0.96791032  0.00436551  0.96792017 -0.25160924
19512.1  1.50000000  0.96791032  0.00436516  0.96792017 -0.25160923
19512.2  1.50000000  0.96791033  0.00436486  0.96792017 -0.25160923
19512.3  1.50000000  0.96791033  0.00436463  0.96792017 -0.25160923
19512.4  1.50000000  0.96791033  0.00436452  0.96792017 -0.25160922
19512.5  1.50000000  0.96791033  0.00436452  0.96792017 -0.25160922
19512.6  1.50000000  0.96791033  0.00436463  0.96792017 -0.25160921
19512.7  1.50000000  0.96791033  0.00436485  0.96792017 -0.25160921
19512.8  1.50000000  0.96791033  0.00436513  0.96792017 -0.25160920
19512.9  1.50000000  0.96791033  0.00436544  0.96792017 -0.25160920
19513.0  1.50000000  0.96791033  0.00436575  0.96792017 -0.25160921
19513.1  1.50000000  0.96791032  0.00436602  0.96792017 -0.25160921
19513.2  1.50000000  0.96791032  0.00436622  0.96792017 -0.25160921
19513.3  1.50000000  0.96791032  0.00436632  0.96792017 -0.25160922
19513.4  1.50000000  0.96791032  0.00436633  0.96792017 -0.25160922
19513.5  1.50000000  0.96791032  0.00436623  0.96792017 -0.25160923
19513.6  1.50000000  0.96791032  0.00436604  0.96792017 -0.25160923
19513.7  1.50000000  0.96791032  0.00436579  0.96792017 -0.25160923
19513.8  1.50000000  0.96791032  0.00436550  0.96792017 -0.25160923
19513.9  1.50000000  0.96791032  0.00436522  0.96792017 -0.25160923
19514.0  1.50000000  0.96791032  0.00436497  0.96792017 -0.25160923
19514.1  1.50000000  0.96791033  0.00436479  0.96792017 -0.25160923
19514.2  1.50000000  0.96791033  0.00436470  0.96792017 -0.25160922
19514.3  1.50000000  0.96791033  0.00436470  0.96792017 -0.25160922
19514.4  1.50000000  0.96791033  0.00436480  0.96792017 -0.25160921
19514.5  1.50000000  0.96791033  0.00436497  0.96792017 -0.25160921
19514.6  1.50000000  0.96791033  0.00436521  0.96792017 -0.25160921
19514.7  1.50000000  0.96791033  0.00436547  0.96792017 -0.25160921
19514.8  1.50000000  0.96791033  0.00436573  0.96792017 -0.25160921
19514.9  1.50000000  0.96791032  0.00436595  0.96792017 -0.25160921
19515.0  1.50000000  0.96791032  0.00436610  0.96792017 -0.25160921
19515.1  1.50000000  0.96791032  0.00436617  0.96792017 -0.25160922
19515.2  1.50000000  0.96791032  0.00436616  0.96792017 -0.25160922
19515.3  1.50000000  0.96791032  0.00436606  0.96792017 -0.25160923
19515.4  1.50000000  0.96791032  0.00436590  0.96792017 -0.25160923
19515.5  1.50000000  0.96791032  0.00436568  0.96792017 -0.25160923
19515.6  1.50000000  0.96791032  0.00436545  0.96792017 -0.25160923
19515.7  1.50000000  0.96791032  0.00436523  0.96792017 -0.25160923
19515.8  1.50000000  0.96791033  0.00436504  0.96792017 -0.25160923
19515.9  1.50000000  0.96791033  0.00436492  0.96792017 -0.25160922
19516.0  1.50000000  0.96791033  0.00436486  0.96792017 -0.25160922
19516.1  1.50000000  0.96791033  0.00436488  0.96792017 -0.25160922
19516.2  1.50000000  0.96791033  0.00436497  0.96792017 -0.25160921
19516.3  1.50000000  0.96791033  0.00436512  0.96792017 -0.25160921
19516.4  1.50000000  0.96791033  0.00436530  0.96792017 -0.25160921
19516.5  1.50000000  0.96791033  0.00436550  0.96792017 -0.25160921
19516.6  1.50000000  0.96791033  0.00436569  0.96792017 -0.25160921
19516.7  1.50000000  0.96791032  0.00436585  0.96792017 -0.25160921
19516.8  1.50000000  0.96791032  0.00436596  0.96792017 -0.25160922
19516.9  1.50000000  0.96791032  0.00436600  0.96792017 -0.25160922
19517.0  1.50000000  0.96791032  0.00436599  0.96792017 -0.25160922
19517.1  1.50000000  0.96791032  0.00436592  0.96792017 -0.25160922
19517.2  1.50000000  0.96791032  0.00436580  0.96792017 -0.25160923
19517.3  1.50000000  0.96791032  0.00436564  0.96792017 -0.25160923
19517.4  1.50000000  0.96791032  0.00436547  0.96792017 -0.25160923
19517.5  1.50000000  0.96791032  0.00436530  0.96792017 -0.25160923
19517.6  1.50000000  0.96791033  0.00436515  0.96792017 -0.25160922
19517.7  1.50000000  0.96791033  0.00436505  0.96792017 -0.25160922
19517.8  1.50000000  0.96791033  0.00436500  0.96792017 -0.25160922
19517.9  1.50000000  0.96791033  0.00436501  0.96792017 -0.25160922
19518.0  1.50000000  0.96791033  0.00436508  0.96792017 -0.25160921
19518.1  1.50000000  0.96791033  0.00436519  0.96792017 -0.25160921
19518.2  1.50000000  0.96791033  0.00436533  0.96792017 -0.25160921
19518.3  1.50000000  0.96791033  0.00436549  0.96792017 -0.25160921
19518.4  1.50000000  0.96791033  0.00436564  0.96792017 -0.25160921
19518.5  1.50000000  0.96791033  0.00436577  0.96792017 -0.25160921
19518.6  1.50000000  0.96791032  0.00436586  0.96792017 -0.25160922
19518.7  1.50000000  0.96791032  0.00436591  0.96792017 -0.25160922
19518.8  1.50000000  0.96791032  0.00436589  0.96792017 -0.25160922
19518.9  1.50000000  0.96791032  0.00436583  0.96792017 -0.25160922
19519.0  1.50000000  0.96791032  0.00436572  0.96792017 -0.25160922
19519.1  1.50000000  0.96791032  0.00436559  0.96792017 -0.25160923
19519.2  1.50000000  0.96791032  0.00436545  0.96792017 -0.25160923
19519.3  1.50000000  0.96791032  0.00436531  0.96792017 -0.25160922
19519.4  1.50000000  0.96791032  0.00436520  0.96792017 -0.25160922
19519.5  1.50000000  0.96791033  0.00436512  0.96792017 -0.25160922
19519.6  1.50000000  0.96791033  0.00436509  0.96792017 -0.25160922
19519.7  1.50000000  0.96791033  0.00436511  0.96792017 -0.25160922
19519.8  1.50000000  0.96791033  0.00436517  0.96792017 -0.25160922
19519.9  1.50000000  0.96791033  0.00436527  0.96792017 -0.25160921
19520.0  1.50000000  0.96791033  0.00436539  0.96792017 -0.25160921
19520.1  1.50000000  0.96791033  0.00436551  0.96792017 -0.25160921
19520.2  1.50000000  0.96791033  0.00436562  0.96792017 -0.25160921
19520.3  1.50000000  0.96791032  0.00436572  0.96792017 -0.25160922
19520.4  1.50000000  0.96791032  0.00436578  0.96792017 -0.25160922
19520.5  1.50000000  0.96791032  0.00436580  0.96792017 -0.25160922
19520.6  1.50000000  0.96791032  0.00436579  0.96792017 -0.25160922
19520.7  1.50000000  0.96791032  0.00436573  0.96792017 -0.25160922
19520.8  1.50000000  0.96791032  0.00436564  0.96792017 -0.25160922
19520.9  1.50000000  0.96791032  0.00436554  0.96792017 -0.25160922
19521.0  1.50000000  0.96791032  0.00436544  0.96792017 -0.25160922
19521.1  1.50000000  0.96791032  0.00436535  0.96792017 -0.25160922
19521.2  1.50000000  0.96791033  0.00436526  0.96792017 -0.25160922
19521.3  1.50000000  0.96791033  0.00436521  0.96792017 -0.25160922
19521.4  1.50000000  0.96791033  0.00436519  0.96792017 -0.25160922
19521.5  1.50000000  0.96791033  0.00436519  0.96792017 -0.25160922
19521.6  1.50000000  0.96791033  0.00436525  0.96792017 -0.25160921
19521.7  1.50000000  0.96791032  0.00436536  0.96792017 -0.25160922
19521.8  1.50000000  0.96791032  0.00436537  0.96792017 -0.25160922
19521.9  1.50000000  0.96791033  0.00436550  0.96792018 -0.25160921
19522.0  1.50000000  0.96791032  0.00436564  0.96792017 -0.25160922
19522.1  1.50000000  0.96791033  0.00436559  0.96792017 -0.25160922
19522.2  1.50000000  0.96791033  0.00436577  0.96792018 -0.25160921
19522.3  1.50000000  0.96791031  0.00436574  0.96792016 -0.25160923
19522.4  1.50000000  0.96791033  0.00436564  0.96792018 -0.25160921
19522.5  1.50000000  0.96791032  0.00436578  0.96792017 -0.25160922
19522.6  1.50000000  0.96791031  0.00436554  0.96792016 -0.25160923
19522.7  1.50000000  0.96791034  0.00436551  0.96792018 -0.25160921
19522.8  1.50000000  0.96791032  0.00436553  0.96792016 -0.25160923
19522.9  1.50000000  0.96791032  0.00436526  0.96792017 -0.25160922
19523.0  1.50000000  0.96791033  0.00436534  0.96792018 -0.25160921
19523.1  1.50000000  0.96791031  0.00436530  0.96792016 -0.25160923
19523.2  1.50000000  0.96791033  0.00436513  0.96792017 -0.25160921
19523.3  1.50000000  0.96791033  0.00436538  0.96792018 -0.25160921
19523.4  1.50000000  0.96791031  0.00436526  0.96792016 -0.25160923
19523.5  1.50000000  0.96791034  0.00436531  0.96792019 -0.25160920
19523.6  1.50000000  0.96791032  0.00436556  0.96792016 -0.25160922
19523.7  1.50000000  0.96791032  0.00436539  0.96792017 -0.25160922
19523.8  1.50000000  0.96791034  0.00436561  0.96792018 -0.25160921
19523.9  1.50000000  0.96791031  0.00436569  0.96792016 -0.25160923
19524.0  1.50000000  0.96791033  0.00436555  0.96792017 -0.25160922
19524.1  1.50000000  0.96791033  0.00436577  0.96792018 -0.25160921
19524.2  1.50000000  0.96791031  0.00436564  0.96792015 -0.25160923
19524.3  1.50000000  0.96791034  0.00436553  0.96792018 -0.25160921
19524.4  1.50000000  0.96791032  0.00436572  0.96792017 -0.25160922
19524.5  1.50000000  0.96791032  0.00436536  0.96792016 -0.25160923
19524.6  1.50000000  0.96791034  0.00436548  0.96792019 -0.25160921
19524.7  1.50000000  0.96791031  0.00436546  0.96792015 -0.25160924
19524.8  1.50000000  0.96791033  0.00436519  0.96792018 -0.25160921
19524.9  1.50000000  0.96791033  0.00436544  0.96792017 -0.25160922
19525.0  1.50000000  0.96791031  0.00436528  0.96792016 -0.25160923
19525.1  1.50000000  0.96791034  0.00436522  0.96792018 -0.25160921
19525.2  1.50000000  0.96791032  0.00436551  0.96792017 -0.25160922
19525.3  1.50000000  0.96791031  0.00436526  0.96792016 -0.25160923
19525.4  1.50000000  0.96791035  0.00436548  0.96792019 -0.25160920
19525.5  1.50000000  0.96791030  0.00436560  0.96792015 -0.25160923
19525.6  1.50000000  0.96791034  0.00436538  0.96792018 -0.25160921
19525.7  1.50000000  0.96791033  0.00436575  0.96792017 -0.25160922
19525.8  1.50000000  0.96791031  0.00436555  0.96792016 -0.25160923
19525.9  1.50000000  0.96791034  0.00436556  0.96792018 -0.25160921
19526.0  1.50000000  0.96791032  0.00436576  0.96792017 -0.25160922
19526.1  1.50000000  0.96791031  0.00436546  0.96792016 -0.25160923
19526.2  1.50000000  0.96791034  0.00436556  0.96792019 -0.25160920
19526.3  1.50000000  0.96791030  0.00436561  0.96792015 -0.25160924
19526.4  1.50000000  0.96791033  0.00436523  0.96792018 -0.25160921
19526.5  1.50000000  0.96791033  0.00436561  0.96792018 -0.25160921
19526.6  1.50000000  0.96791030  0.00436526  0.96792015 -0.25160924
19526.7  1.50000000  0.96791035  0.00436531  0.96792019 -0.25160920
19526.8  1.50000000  0.96791031  0.00436548  0.96792015 -0.25160923
19526.9  1.50000000  0.96791033  0.00436521  0.96792017 -0.25160922
19527.0  1.50000000  0.96791034  0.00436542  0.96792018 -0.25160921
19527.1  1.50000000  0.96791031  0.00436554  0.96792015 -0.25160923
19527.2  1.50000000  0.96791033  0.00436520  0.96792018 -0.25160921
19527.3  1.50000000  0.96791033  0.00436580  0.96792018 -0.25160921
19527.4  1.50000000  0.96791030  0.00436531  0.96792015 -0.25160924
19527.5  1.50000000  0.96791035  0.00436565  0.96792020 -0.25160919
19527.6  1.50000000  0.96791030  0.00436565  0.96792015 -0.25160924
19527.7  1.50000000  0.96791033  0.00436547  0.96792018 -0.25160921
19527.8  1.50000000  0.96791033  0.00436566  0.96792018 -0.25160921
19527.9  1.50000000  0.96791031  0.00436558  0.96792015 -0.25160923
19528.0  1.50000000  0.96791034  0.00436537  0.96792019 -0.25160921
19528.1  1.50000000  0.96791032  0.00436570  0.96792016 -0.25160922
19528.2  1.50000000  0.96791031  0.00436524  0.96792016 -0.25160923
19528.3  1.50000000  0.96791035  0.00436552  0.96792020 -0.25160920
19528.4  1.50000000  0.96791030  0.00436539  0.96792014 -0.25160924
19528.5  1.50000000  0.96791034  0.00436530  0.96792019 -0.25160920
19528.6  1.50000000  0.96791032  0.00436547  0.96792017 -0.25160922
19528.7  1.50000000  0.96791032  0.00436535  0.96792016 -0.25160922
19528.8  1.50000000  0.96791034  0.00436534  0.96792018 -0.25160921
19528.9  1.50000000  0.96791032  0.00436559  0.96792016 -0.25160922
19529.0  1.50000000  0.96791033  0.00436528  0.96792017 -0.25160922
19529.1  1.50000000  0.96791033  0.00436565  0.96792018 -0.25160921
19529.2  1.50000000  0.96791031  0.00436546  0.96792016 -0.25160923
19529.3  1.50000000  0.96791034  0.00436553  0.96792018 -0.25160921
19529.4  1.50000000  0.96791032  0.00436563  0.96792016 -0.25160922
19529.5  1.50000000  0.96791032  0.00436549  0.96792017 -0.25160922
19529.6  1.50000000  0.96791033  0.00436557  0.96792018 -0.25160921
19529.7  1.50000000  0.96791031  0.00436558  0.96792016 -0.25160923
19529.8  1.50000000  0.96791033  0.00436541  0.96792018 -0.25160922
19529.9  1.50000000  0.96791032  0.00436558  0.96792017 -0.25160922
19530.0  1.50000000  0.96791032  0.00436538  0.96792016 -0.25160923
19530.1  1.50000000  0.96791033  0.00436545  0.96792018 -0.25160921
19530.2  1.50000000  0.96791032  0.00436543  0.96792016 -0.25160922
19530.3  1.50000000  0.96791033  0.00436535  0.96792017 -0.25160922
19530.4  1.50000000  0.96791033  0.00436543  0.96792017 -0.25160922
19530.5  1.50000000  0.96791032  0.00436540  0.96792016 -0.25160922
19530.6  1.50000000  0.96791033  0.00436538  0.96792018 -0.25160921
19530.7  1.50000000  0.96791032  0.00436551  0.96792017 -0.25160922
19530.8  1.50000000  0.96791032  0.00436541  0.96792017 -0.25160922
19530.9  1.50000000  0.96791033  0.00436553  0.96792017 -0.25160921
19531.0  1.50000000  0.96791032  0.00436552  0.96792016 -0.25160922
19531.1  1.50000000  0.96791033  0.00436550  0.96792017 -0.25160922
19531.2  1.50000000  0.96791032  0.00436558  0.96792017 -0.25160922
19531.3  1.50000000  0.96791032  0.00436552  0.96792017 -0.25160922
19531.4  1.50000000  0.96791033  0.00436553  0.96792017 -0.25160922
19531.5  1.50000000  0.96791032  0.00436555  0.96792016 -0.25160922
19531.6  1.50000000  0.96791033  0.00436546  0.96792017 -0.25160922
19531.7  1.50000000  0.96791033  0.00436551  0.96792017 -0.25160922
19531.8  1.50000000  0.96791032  0.00436544  0.96792017 -0.25160922
19531.9  1.50000000  0.96791033  0.00436542  0.96792017 -0.25160922
19532.0  1.50000000  0.96791033  0.00436544  0.96792017 -0.25160922
19532.1  1.50000000  0.96791032  0.00436541  0.96792017 -0.25160922
19532.2  1.50000000  0.96791033  0.00436539  0.96792017 -0.25160922
19532.3  1.50000000  0.96791033  0.00436545  0.96792017 -0.25160922
19532.4  1.50000000  0.96791032  0.00436545  0.96792017 -0.25160922
19532.5  1.50000000  0.96791033  0.00436542  0.96792017 -0.25160922
19532.6  1.50000000  0.96791033  0.00436550  0.96792017 -0.25160922
19532.7  1.50000000  0.96791032  0.00436550  0.96792017 -0.25160922
19532.8  1.50000000  0.96791033  0.00436548  0.96792017 -0.25160922
19532.9  1.50000000  0.96791033  0.00436554  0.96792017 -0.25160922
19533.0  1.50000000  0.96791032  0.00436553  0.96792017 -0.25160922
19533.1  1.50000000  0.96791032  0.00436550  0.96792017 -0.25160922
19533.2  1.50000000  0.96791033  0.00436552  0.96792017 -0.25160922
19533.3  1.50000000  0.96791032  0.00436552  0.96792017 -0.25160922
19533.4  1.50000000  0.96791032  0.00436548  0.96792017 -0.25160922
19533.5  1.50000000  0.96791033  0.00436547  0.96792017 -0.25160922
19533.6  1.50000000  0.96791032  0.00436546  0.96792017 -0.25160922
19533.7  1.50000000  0.96791032  0.00436544  0.96792017 -0.25160922
19533.8  1.50000000  0.96791033  0.00436543  0.96792017 -0.25160922
19533.9  1.50000000  0.96791033  0.00436543  0.96792017 -0.25160922
19534.0  1.50000000  0.96791033  0.00436543  0.96792017 -0.25160922
19534.1  1.50000000  0.96791033  0.00436544  0.96792017 -0.25160922
19534.2  1.50000000  0.96791033  0.00436545  0.96792017 -0.25160922
19534.3  1.50000000  0.96791033  0.00436546  0.96792017 -0.25160922
19534.4  1.50000000  0.96791033  0.00436546  0.96792017 -0.25160922
19534.5  1.50000000  0.96791032  0.00436547  0.96792017 -0.25160922
19534.6  1.50000000  0.96791032  0.00436548  0.96792017 -0.25160922
19534.7  1.50000000  0.96791032  0.00436548  0.96792017 -0.25160922
19534.8  1.50000000  0.96791032  0.00436548  0.96792017 -0.25160922
19534.9  1.50000000  0.96791032  0.00436548  0.96792017 -0.25160922
19535.0  1.50000000  0.96791032  0.00436548  0.96792017 -0.25160922
19535.1  1.50000000  0.96791032  0.00436548  0.96792017 -0.25160922
19535.2  1.50000000  0.96791032  0.00436548  0.96792017 -0.25160922
19535.3  1.50000000  0.96791032  0.00436548  0.96792017 -0.25160922
19535.4  1.50000000  0.96791032  0.00436548  0.96792017 -0.25160922
19535.5  1.50000000  0.96791032  0.00436548  0.96792017 -0.25160922
19535.6  1.50000000  0.96791032  0.00436548  0.96792017 -0.25160922
19535.7  1.50000000  0.96791032  0.00436548  0.96792017 -0.25160922
19535.8  1.50000000  0.96791032  0.00436548  0.96792017 -0.25160922
19535.9  1.50000000  0.96791032  0.00436548  0.96792017 -0.25160922
19536.0  1.50000000  0.96791032  0.00436548  0.96792017 -0.25160922
19536.1  1.50000000  0.96791032  0.00436548  0.96792017 -0.25160922
19536.2  1.50000000  0.96791032  0.00436547  0.96792017 -0.25160922
19536.3  1.50000000  0.96791032  0.00436547  0.96792017 -0.25160922
19536.4  1.50000000  0.96791032  0.00436547  0.96792017 -0.25160922
19536.5  1.50000000  0.96791032  0.00436547  0.96792017 -0.25160922
19536.6  1.50000000  0.96791032  0.00436547  0.96792017 -0.25160922
19536.7  1.50000000  0.96791032  0.00436547  0.96792017 -0.25160922
19536.8  1.50000000  0.96791032  0.00436547  0.96792017 -0.25160922
19536.9  1.50000000  0.96791032  0.00436547  0.96792017 -0.25160922
19537.0  1.50000000  0.96791032  0.00436547  0.96792017 -0.25160922
19537.1  1.50000000  0.96791032  0.00436547  0.96792017 -0.25160922
19537.2  1.50000000  0.96791032  0.00436547  0.96792017 -0.25160922
19537.3  1.50000000  0.96791032  0.00436547  0.96792017 -0.25160922
19537.4  1.50000000  0.96791032  0.00436547  0.96792017 -0.25160922
19537.5  1.50000000  0.96791032  0.00436547  0.96792017 -0.25160922
19537.6  1.50000000  0.96791032  0.00436547  0.96792017 -0.25160922
19537.7  1.50000000  0.96791032  0.00436547  0.96792017 -0.25160922
19537.8  1.50000000  0.96791032  0.00436547  0.96792017 -0.25160922
19537.9  1.50000000  0.96791032  0.00436547  0.96792017 -0.25160922
19538.0  1.50000000  0.96791032  0.00436547  0.96792017 -0.25160922
19538.1  1.50000000  0.96791032  0.00436547  0.96792017 -0.25160922
19538.2  1.50000000  0.96791032  0.00436547  0.96792017 -0.25160922
19538.3  1.50000000  0.96791032  0.00436547  0.96792017 -0.25160922
19538.4  1.50000000  0.96791032  0.00436547  0.96792017 -0.25160922
19538.5  1.50000000  0.96791032  0.00436547  0.96792017 -0.25160922
19538.6  1.50000000  0.96791032  0.00436547  0.96792017 -0.25160922
19538.7  1.50000000  0.96791032  0.00436547  0.96792017 -0.25160922
19538.8  1.50000000  0.96791032  0.00436547  0.96792017 -0.25160922
19538.9  1.50000000  0.96791032  0.00436547  0.96792017 -0.25160922
19539.0  1.50000000  0.96791032  0.00436547  0.96792017 -0.25160922
19539.1  1.50000000  0.96791032  0.00436547  0.96792017 -0.25160922
19539.2  1.50000000  0.96791032  0.00436547  0.96792017 -0.25160922
19539.3  1.50000000  0.96791032  0.00436547  0.96792017 -0.25160922
19539.4  1.50000000  0.96791032  0.00436547  0.96792017 -0.25160922
19539.5  1.50000000  0.96791032  0.00436547  0.96792017 -0.25160922
19539.6  1.50000000  0.96791032  0.00436547  0.96792017 -0.25160922
