 # TIME  LP  TMAB  TMDS  TMPC  TMZ
 4619.9  3.00000000  0.90285741  0.33774835  0.96396341 -0.26608286
 4620.0  3.00000000  0.90285741  0.33774835  0.96396341 -0.26608286
 4620.1  3.00000000  0.90334789  0.33643504  0.96396366 -0.26608194
 4620.2  3.00000000  0.90403018  0.33460059  0.96396480 -0.26607772
 4620.3  3.00000000  0.90469846  0.33279522  0.96396678 -0.26607035
 4620.4  3.00000000  0.90534705  0.33103471  0.96396953 -0.26606017
 4620.5  3.00000000  0.90597106  0.32933316  0.96397297 -0.26604747
 4620.6  3.00000000  0.90656629  0.32770304  0.96397703 -0.26603259
 4620.7  3.00000000  0.90712921  0.32615512  0.96398163 -0.26601584
 4620.8  3.00000000  0.90765696  0.32469860  0.96398669 -0.26599753
 4620.9  3.00000000  0.90814725  0.32334102  0.96399214 -0.26597797
 4621.0  3.00000000  0.90859839  0.32208838  0.96399790 -0.26595745
 4621.1  3.00000000  0.90900921  0.32094517  0.96400391 -0.26593624
 4621.2  3.00000000  0.90937901  0.31991447  0.96401009 -0.26591461
 4621.3  3.00000000  0.90970757  0.31899796  0.96401637 -0.26589280
 4621.4  3.00000000  0.90999505  0.31819609  0.96402269 -0.26587106
 4621.5  3.00000000  0.91024199  0.31750807  0.96402897 -0.26584958
 4621.6  3.00000000  0.91044927  0.31693206  0.96403517 -0.26582857
 4621.7  3.00000000  0.91061804  0.31646522  0.96404121 -0.26580820
 4621.8  3.00000000  0.91074975  0.31610381  0.96404705 -0.26578861
 4621.9  3.00000000  0.91084603  0.31584334  0.96405265 -0.26576996
 4622.0  3.00000000  0.91090874  0.31567863  0.96405795 -0.26575234
 4622.1  3.00000000  0.91093989  0.31560392  0.96406293 -0.26573587
 4622.2  3.00000000  0.91094163  0.31561302  0.96406754 -0.26572062
 4622.3  3.00000000  0.91091620  0.31569931  0.96407177 -0.26570664
 4622.4  3.00000000  0.91086596  0.31585590  0.96407559 -0.26569398
 4622.5  3.00000000  0.91079331  0.31607575  0.96407900 -0.26568266
 4622.6  3.00000000  0.91070065  0.31635172  0.96408199 -0.26567270
 4622.7  3.00000000  0.91059042  0.31667668  0.96408455 -0.26566408
 4622.8  3.00000000  0.91046503  0.31704351  0.96408670 -0.26565680
 4622.9  3.00000000  0.91032688  0.31744526  0.96408844 -0.26565081
 4623.0  3.00000000  0.91017828  0.31787514  0.96408978 -0.26564609
 4623.1  3.00000000  0.91002150  0.31832662  0.96409074 -0.26564258
 4623.2  3.00000000  0.90985871  0.31879346  0.96409135 -0.26564022
 4623.3  3.00000000  0.90969198  0.31926974  0.96409163 -0.26563895
 4623.4  3.00000000  0.90952328  0.31974991  0.96409159 -0.26563869
 4623.5  3.00000000  0.90935444  0.32022884  0.96409128 -0.26563937
 4623.6  3.00000000  0.90918716  0.32070177  0.96409072 -0.26564091
 4623.7  3.00000000  0.90902300  0.32116442  0.96408993 -0.26564323
 4623.8  3.00000000  0.90886338  0.32161290  0.96408895 -0.26564623
 4623.9  3.00000000  0.90870957  0.32204381  0.96408780 -0.26564985
 4624.0  3.00000000  0.90856267  0.32245417  0.96408652 -0.26565400
 4624.1  3.00000000  0.90842364  0.32284145  0.96408512 -0.26565858
 4624.2  3.00000000  0.90829330  0.32320353  0.96408363 -0.26566353
 4624.3  3.00000000  0.90817231  0.32353874  0.96408208 -0.26566876
 4624.4  3.00000000  0.90806117  0.32384579  0.96408048 -0.26567421
 4624.5  3.00000000  0.90796026  0.32412377  0.96407886 -0.26567979
 4624.6  3.00000000  0.90786983  0.32437214  0.96407724 -0.26568544
 4624.7  3.00000000  0.90778999  0.32459071  0.96407562 -0.26569110
 4624.8  3.00000000  0.90772075  0.32477958  0.96407403 -0.26569671
 4624.9  3.00000000  0.90766198  0.32493916  0.96407247 -0.26570222
 4625.0  3.00000000  0.90761349  0.32507011  0.96407096 -0.26570759
 4625.1  3.00000000  0.90757497  0.32517334  0.96406951 -0.26571276
 4625.2  3.00000000  0.90754604  0.32524994  0.96406812 -0.26571770
 4625.3  3.00000000  0.90752627  0.32530120  0.96406681 -0.26572239
 4625.4  3.00000000  0.90751514  0.32532858  0.96406557 -0.26572679
 4625.5  3.00000000  0.90751211  0.32533364  0.96406442 -0.26573087
 4625.6  3.00000000  0.90751656  0.32531805  0.96406335 -0.26573463
 4625.7  3.00000000  0.90752789  0.32528356  0.96406237 -0.26573806
 4625.8  3.00000000  0.90754543  0.32523198  0.96406149 -0.26574113
 4625.9  3.00000000  0.90756854  0.32516515  0.96406070 -0.26574386
 4626.0  3.00000000  0.90759655  0.32508492  0.96406001 -0.26574623
 4626.1  3.00000000  0.90762878  0.32499312  0.96405941 -0.26574825
 4626.2  3.00000000  0.90766460  0.32489157  0.96405890 -0.26574993
 4626.3  3.00000000  0.90770336  0.32478204  0.96405848 -0.26575129
 4626.4  3.00000000  0.90774444  0.32466624  0.96405816 -0.26575232
 4626.5  3.00000000  0.90778725  0.32454583  0.96405793 -0.26575304
 4626.6  3.00000000  0.90783122  0.32442237  0.96405778 -0.26575347
 4626.7  3.00000000  0.90787581  0.32429735  0.96405771 -0.26575363
 4626.8  3.00000000  0.90792053  0.32417215  0.96405771 -0.26575354
 4626.9  3.00000000  0.90796492  0.32404804  0.96405779 -0.26575322
 4627.0  3.00000000  0.90800855  0.32392619  0.96405793 -0.26575269
 4627.1  3.00000000  0.90805103  0.32380767  0.96405813 -0.26575196
 4627.2  3.00000000  0.90809204  0.32369341  0.96405839 -0.26575107
 4627.3  3.00000000  0.90813127  0.32358423  0.96405869 -0.26575003
 4627.4  3.00000000  0.90816847  0.32348084  0.96405903 -0.26574887
 4627.5  3.00000000  0.90820342  0.32338384  0.96405941 -0.26574761
 4627.6  3.00000000  0.90823593  0.32329370  0.96405981 -0.26574627
 4627.7  3.00000000  0.90826587  0.32321084  0.96406024 -0.26574486
 4627.8  3.00000000  0.90829314  0.32313550  0.96406068 -0.26574342
 4627.9  3.00000000  0.90831768  0.32306786  0.96406112 -0.26574194
 4628.0  3.00000000  0.90833945  0.32300798  0.96406157 -0.26574046
 4628.1  3.00000000  0.90835845  0.32295588  0.96406202 -0.26573899
 4628.2  3.00000000  0.90837470  0.32291147  0.96406245 -0.26573754
 4628.3  3.00000000  0.90838826  0.32287460  0.96406288 -0.26573613
 4628.4  3.00000000  0.90839919  0.32284507  0.96406329 -0.26573476
 4628.5  3.00000000  0.90840759  0.32282261  0.96406368 -0.26573344
 4628.6  3.00000000  0.90841357  0.32280688  0.96406405 -0.26573220
 4628.7  3.00000000  0.90841726  0.32279752  0.96406440 -0.26573102
 4628.8  3.00000000  0.90841880  0.32279414  0.96406471 -0.26572993
 4628.9  3.00000000  0.90841834  0.32279629  0.96406500 -0.26572892
 4629.0  3.00000000  0.90841605  0.32280353  0.96406527 -0.26572800
 4629.1  3.00000000  0.90841209  0.32281540  0.96406551 -0.26572716
 4629.2  3.00000000  0.90840661  0.32283143  0.96406571 -0.26572642
 4629.3  3.00000000  0.90839979  0.32285117  0.96406589 -0.26572577
 4629.4  3.00000000  0.90839184  0.32287398  0.96406605 -0.26572521
 4629.5  3.00000000  0.90838291  0.32289948  0.96406617 -0.26572474
 4629.6  3.00000000  0.90837315  0.32292725  0.96406627 -0.26572436
 4629.7  3.00000000  0.90836271  0.32295683  0.96406635 -0.26572406
 4629.8  3.00000000  0.90835177  0.32298776  0.96406641 -0.26572385
 4629.9  3.00000000  0.90834048  0.32301963  0.96406644 -0.26572371
 4630.0  3.00000000  0.90832897  0.32305203  0.96406646 -0.26572364
 4630.1  3.00000000  0.90831737  0.32308462  0.96406645 -0.26572364
 4630.2  3.00000000  0.90830582  0.32311705  0.96406643 -0.26572370
 4630.3  3.00000000  0.90829441  0.32314899  0.96406639 -0.26572382
 4630.4  3.00000000  0.90828327  0.32318018  0.96406635 -0.26572399
 4630.5  3.00000000  0.90827247  0.32321035  0.96406628 -0.26572421
 4630.6  3.00000000  0.90826209  0.32323928  0.96406621 -0.26572446
 4630.7  3.00000000  0.90825222  0.32326677  0.96406613 -0.26572475
 4630.8  3.00000000  0.90824291  0.32329266  0.96406604 -0.26572507
 4630.9  3.00000000  0.90823422  0.32331679  0.96406595 -0.26572541
 4631.0  3.00000000  0.90822618  0.32333907  0.96406585 -0.26572577
 4631.1  3.00000000  0.90821883  0.32335942  0.96406574 -0.26572614
 4631.2  3.00000000  0.90821218  0.32337778  0.96406564 -0.26572652
 4631.3  3.00000000  0.90820624  0.32339413  0.96406553 -0.26572691
 4631.4  3.00000000  0.90820102  0.32340845  0.96406542 -0.26572729
 4631.5  3.00000000  0.90819652  0.32342077  0.96406531 -0.26572767
 4631.6  3.00000000  0.90819273  0.32343111  0.96406520 -0.26572804
 4631.7  3.00000000  0.90818962  0.32343952  0.96406510 -0.26572840
 4631.8  3.00000000  0.90818718  0.32344606  0.96406499 -0.26572875
 4631.9  3.00000000  0.90818539  0.32345080  0.96406490 -0.26572908
 4632.0  3.00000000  0.90818421  0.32345385  0.96406480 -0.26572940
 4632.1  3.00000000  0.90818360  0.32345530  0.96406472 -0.26572969
 4632.2  3.00000000  0.90818353  0.32345526  0.96406464 -0.26572996
 4632.3  3.00000000  0.90818395  0.32345385  0.96406456 -0.26573021
 4632.4  3.00000000  0.90818483  0.32345118  0.96406449 -0.26573044
 4632.5  3.00000000  0.90818611  0.32344739  0.96406443 -0.26573064
 4632.6  3.00000000  0.90818776  0.32344259  0.96406438 -0.26573082
 4632.7  3.00000000  0.90818973  0.32343692  0.96406433 -0.26573097
 4632.8  3.00000000  0.90819198  0.32343051  0.96406429 -0.26573110
 4632.9  3.00000000  0.90819445  0.32342346  0.96406426 -0.26573121
 4633.0  3.00000000  0.90819711  0.32341591  0.96406423 -0.26573130
 4633.1  3.00000000  0.90819992  0.32340796  0.96406421 -0.26573136
 4633.2  3.00000000  0.90820284  0.32339973  0.96406420 -0.26573140
 4633.3  3.00000000  0.90820582  0.32339133  0.96406420 -0.26573143
 4633.4  3.00000000  0.90820884  0.32338285  0.96406419 -0.26573143
 4633.5  3.00000000  0.90821186  0.32337438  0.96406420 -0.26573142
 4633.6  3.00000000  0.90821485  0.32336602  0.96406421 -0.26573140
 4633.7  3.00000000  0.90821778  0.32335782  0.96406422 -0.26573136
 4633.8  3.00000000  0.90822063  0.32334987  0.96406424 -0.26573131
 4633.9  3.00000000  0.90822337  0.32334223  0.96406426 -0.26573124
 4634.0  3.00000000  0.90822599  0.32333494  0.96406428 -0.26573117
 4634.1  3.00000000  0.90822847  0.32332806  0.96406431 -0.26573109
 4634.2  3.00000000  0.90823079  0.32332162  0.96406433 -0.26573100
 4634.3  3.00000000  0.90823294  0.32331565  0.96406436 -0.26573091
 4634.4  3.00000000  0.90823492  0.32331018  0.96406439 -0.26573082
 4634.5  3.00000000  0.90823672  0.32330521  0.96406442 -0.26573072
 4634.6  3.00000000  0.90823833  0.32330077  0.96406445 -0.26573062
 4634.7  3.00000000  0.90823976  0.32329686  0.96406448 -0.26573052
 4634.8  3.00000000  0.90824099  0.32329347  0.96406451 -0.26573042
 4634.9  3.00000000  0.90824205  0.32329060  0.96406453 -0.26573032
 4635.0  3.00000000  0.90824292  0.32328823  0.96406456 -0.26573023
 4635.1  3.00000000  0.90824361  0.32328636  0.96406459 -0.26573013
 4635.2  3.00000000  0.90824414  0.32328496  0.96406461 -0.26573005
 4635.3  3.00000000  0.90824450  0.32328400  0.96406463 -0.26572996
 4635.4  3.00000000  0.90824471  0.32328347  0.96406466 -0.26572989
 4635.5  3.00000000  0.90824478  0.32328334  0.96406468 -0.26572981
 4635.6  3.00000000  0.90824472  0.32328358  0.96406470 -0.26572975
 4635.7  3.00000000  0.90824453  0.32328415  0.96406471 -0.26572969
 4635.8  3.00000000  0.90824423  0.32328503  0.96406473 -0.26572963
 4635.9  3.00000000  0.90824384  0.32328618  0.96406474 -0.26572958
 4636.0  3.00000000  0.90824336  0.32328757  0.96406475 -0.26572954
 4636.1  3.00000000  0.90824280  0.32328917  0.96406476 -0.26572950
 4636.2  3.00000000  0.90824218  0.32329094  0.96406477 -0.26572947
 4636.3  3.00000000  0.90824150  0.32329286  0.96406478 -0.26572945
 4636.4  3.00000000  0.90824079  0.32329488  0.96406479 -0.26572943
 4636.5  3.00000000  0.90824004  0.32329700  0.96406479 -0.26572942
 4636.6  3.00000000  0.90823927  0.32329917  0.96406479 -0.26572941
 4636.7  3.00000000  0.90823849  0.32330136  0.96406479 -0.26572941
 4636.8  3.00000000  0.90823771  0.32330357  0.96406479 -0.26572941
 4636.9  3.00000000  0.90823693  0.32330575  0.96406479 -0.26572941
 4637.0  3.00000000  0.90823616  0.32330790  0.96406479 -0.26572942
 4637.1  3.00000000  0.90823541  0.32330999  0.96406479 -0.26572943
 4637.2  3.00000000  0.90823469  0.32331201  0.96406478 -0.26572945
 4637.3  3.00000000  0.90823400  0.32331394  0.96406478 -0.26572947
 4637.4  3.00000000  0.90823334  0.32331577  0.96406477 -0.26572949
 4637.5  3.00000000  0.90823272  0.32331748  0.96406477 -0.26572951
 4637.6  3.00000000  0.90823215  0.32331908  0.96406476 -0.26572953
 4637.7  3.00000000  0.90823162  0.32332055  0.96406475 -0.26572956
 4637.8  3.00000000  0.90823113  0.32332188  0.96406474 -0.26572958
 4637.9  3.00000000  0.90823070  0.32332308  0.96406474 -0.26572961
 4638.0  3.00000000  0.90823031  0.32332415  0.96406473 -0.26572963
 4638.1  3.00000000  0.90822997  0.32332508  0.96406472 -0.26572966
 4638.2  3.00000000  0.90822968  0.32332587  0.96406471 -0.26572969
 4638.3  3.00000000  0.90822944  0.32332653  0.96406471 -0.26572971
 4638.4  3.00000000  0.90822924  0.32332706  0.96406470 -0.26572973
 4638.5  3.00000000  0.90822909  0.32332746  0.96406469 -0.26572976
 4638.6  3.00000000  0.90822898  0.32332775  0.96406468 -0.26572978
 4638.7  3.00000000  0.90822891  0.32332792  0.96406468 -0.26572980
 4638.8  3.00000000  0.90822888  0.32332799  0.96406467 -0.26572982
 4638.9  3.00000000  0.90822889  0.32332796  0.96406467 -0.26572984
 4639.0  3.00000000  0.90822892  0.32332784  0.96406466 -0.26572985
 4639.1  3.00000000  0.90822899  0.32332764  0.96406466 -0.26572987
 4639.2  3.00000000  0.90822909  0.32332737  0.96406465 -0.26572988
 4639.3  3.00000000  0.90822920  0.32332703  0.96406465 -0.26572989
 4639.4  3.00000000  0.90822934  0.32332663  0.96406465 -0.26572990
 4639.5  3.00000000  0.90822950  0.32332619  0.96406465 -0.26572991
 4639.6  3.00000000  0.90822967  0.32332571  0.96406464 -0.26572992
 4639.7  3.00000000  0.90822985  0.32332519  0.96406464 -0.26572992
 4639.8  3.00000000  0.90823004  0.32332465  0.96406464 -0.26572993
 4639.9  3.00000000  0.90823024  0.32332409  0.96406464 -0.26572993
 4640.0  3.00000000  0.90823044  0.32332353  0.96406464 -0.26572993
 4640.1  3.00000000  0.90823064  0.32332296  0.96406464 -0.26572993
 4640.2  3.00000000  0.90823084  0.32332239  0.96406464 -0.26572993
 4640.3  3.00000000  0.90823104  0.32332183  0.96406464 -0.26572993
 4640.4  3.00000000  0.90823124  0.32332128  0.96406464 -0.26572993
 4640.5  3.00000000  0.90823143  0.32332076  0.96406464 -0.26572992
 4640.6  3.00000000  0.90823161  0.32332025  0.96406465 -0.26572992
 4640.7  3.00000000  0.90823178  0.32331977  0.96406465 -0.26572991
 4640.8  3.00000000  0.90823195  0.32331931  0.96406465 -0.26572991
 4640.9  3.00000000  0.90823210  0.32331889  0.96406465 -0.26572990
 4641.0  3.00000000  0.90823224  0.32331849  0.96406465 -0.26572989
 4641.1  3.00000000  0.90823237  0.32331814  0.96406465 -0.26572989
 4641.2  3.00000000  0.90823249  0.32331781  0.96406466 -0.26572988
 4641.3  3.00000000  0.90823259  0.32331752  0.96406466 -0.26572987
 4641.4  3.00000000  0.90823269  0.32331727  0.96406466 -0.26572987
 4641.5  3.00000000  0.90823277  0.32331705  0.96406466 -0.26572986
 4641.6  3.00000000  0.90823283  0.32331687  0.96406466 -0.26572986
 4641.7  3.00000000  0.90823289  0.32331672  0.96406467 -0.26572985
 4641.8  3.00000000  0.90823293  0.32331660  0.96406467 -0.26572984
 4641.9  3.00000000  0.90823296  0.32331652  0.96406467 -0.26572984
 4642.0  3.00000000  0.90823299  0.32331646  0.96406467 -0.26572983
 4642.1  3.00000000  0.90823300  0.32331643  0.96406467 -0.26572983
 4642.2  3.00000000  0.90823300  0.32331643  0.96406467 -0.26572982
 4642.3  3.00000000  0.90823299  0.32331645  0.96406467 -0.26572982
 4642.4  3.00000000  0.90823298  0.32331650  0.96406468 -0.26572981
 4642.5  3.00000000  0.90823296  0.32331656  0.96406468 -0.26572981
 4642.6  3.00000000  0.90823293  0.32331664  0.96406468 -0.26572981
 4642.7  3.00000000  0.90823289  0.32331674  0.96406468 -0.26572980
 4642.8  3.00000000  0.90823286  0.32331685  0.96406468 -0.26572980
 4642.9  3.00000000  0.90823281  0.32331697  0.96406468 -0.26572980
 4643.0  3.00000000  0.90823277  0.32331710  0.96406468 -0.26572980
 4643.1  3.00000000  0.90823272  0.32331724  0.96406468 -0.26572980
 4643.2  3.00000000  0.90823267  0.32331739  0.96406468 -0.26572980
 4643.3  3.00000000  0.90823261  0.32331753  0.96406468 -0.26572980
 4643.4  3.00000000  0.90823256  0.32331768  0.96406468 -0.26572980
 4643.5  3.00000000  0.90823251  0.32331783  0.96406468 -0.26572980
 4643.6  3.00000000  0.90823246  0.32331798  0.96406468 -0.26572980
 4643.7  3.00000000  0.90823240  0.32331812  0.96406468 -0.26572980
 4643.8  3.00000000  0.90823235  0.32331826  0.96406468 -0.26572980
 4643.9  3.00000000  0.90823231  0.32331840  0.96406468 -0.26572980
 4644.0  3.00000000  0.90823226  0.32331852  0.96406468 -0.26572980
 4644.1  3.00000000  0.90823222  0.32331865  0.96406468 -0.26572980
 4644.2  3.00000000  0.90823217  0.32331876  0.96406468 -0.26572980
 4644.3  3.00000000  0.90823214  0.32331887  0.96406468 -0.26572980
 4644.4  3.00000000  0.90823210  0.32331897  0.96406468 -0.26572981
 4644.5  3.00000000  0.90823207  0.32331905  0.96406468 -0.26572981
 4644.6  3.00000000  0.90823204  0.32331913  0.96406468 -0.26572981
 4644.7  3.00000000  0.90823202  0.32331920  0.96406468 -0.26572981
 4644.8  3.00000000  0.90823199  0.32331926  0.96406468 -0.26572981
 4644.9  3.00000000  0.90823197  0.32331931  0.96406468 -0.26572981
 4645.0  3.00000000  0.90823196  0.32331936  0.96406467 -0.26572982
 4645.1  3.00000000  0.90823195  0.32331939  0.96406467 -0.26572982
 4645.2  3.00000000  0.90823193  0.32331942  0.96406467 -0.26572982
 4645.3  3.00000000  0.90823193  0.32331944  0.96406467 -0.26572982
 4645.4  3.00000000  0.90823192  0.32331945  0.96406467 -0.26572982
 4645.5  3.00000000  0.90823192  0.32331945  0.96406467 -0.26572982
 4645.6  3.00000000  0.90823192  0.32331945  0.96406467 -0.26572982
 4645.7  3.00000000  0.90823192  0.32331945  0.96406467 -0.26572983
 4645.8  3.00000000  0.90823193  0.32331944  0.96406467 -0.26572983
 4645.9  3.00000000  0.90823193  0.32331942  0.96406467 -0.26572983
 4646.0  3.00000000  0.90823194  0.32331939  0.96406467 -0.26572983
 4646.1  3.00000000  0.90823195  0.32331937  0.96406467 -0.26572983
 4646.2  3.00000000  0.90823196  0.32331934  0.96406467 -0.26572983
 4646.3  3.00000000  0.90823197  0.32331931  0.96406467 -0.26572983
 4646.4  3.00000000  0.90823198  0.32331928  0.96406467 -0.26572983
 4646.5  3.00000000  0.90823200  0.32331924  0.96406467 -0.26572983
 4646.6  3.00000000  0.90823201  0.32331920  0.96406467 -0.26572983
 4646.7  3.00000000  0.90823202  0.32331916  0.96406467 -0.26572983
 4646.8  3.00000000  0.90823204  0.32331913  0.96406467 -0.26572983
 4646.9  3.00000000  0.90823205  0.32331909  0.96406467 -0.26572983
 4647.0  3.00000000  0.90823206  0.32331905  0.96406467 -0.26572983
 4647.1  3.00000000  0.90823208  0.32331901  0.96406467 -0.26572983
 4647.2  3.00000000  0.90823209  0.32331897  0.96406467 -0.26572983
 4647.3  3.00000000  0.90823211  0.32331893  0.96406467 -0.26572983
 4647.4  3.00000000  0.90823212  0.32331889  0.96406467 -0.26572983
 4647.5  3.00000000  0.90823213  0.32331886  0.96406467 -0.26572983
 4647.6  3.00000000  0.90823215  0.32331882  0.96406467 -0.26572983
 4647.7  3.00000000  0.90823216  0.32331879  0.96406467 -0.26572983
 4647.8  3.00000000  0.90823217  0.32331876  0.96406467 -0.26572983
 4647.9  3.00000000  0.90823218  0.32331873  0.96406467 -0.26572983
 4648.0  3.00000000  0.90823219  0.32331870  0.96406467 -0.26572983
 4648.1  3.00000000  0.90823220  0.32331868  0.96406467 -0.26572983
 4648.2  3.00000000  0.90823221  0.32331866  0.96406467 -0.26572983
 4648.3  3.00000000  0.90823221  0.32331864  0.96406467 -0.26572983
 4648.4  3.00000000  0.90823222  0.32331862  0.96406467 -0.26572983
 4648.5  3.00000000  0.90823222  0.32331861  0.96406467 -0.26572982
 4648.6  3.00000000  0.90823223  0.32331860  0.96406467 -0.26572982
 4648.7  3.00000000  0.90823223  0.32331859  0.96406467 -0.26572982
 4648.8  3.00000000  0.90823223  0.32331859  0.96406467 -0.26572982
 4648.9  3.00000000  0.90823223  0.32331858  0.96406467 -0.26572982
 4649.0  3.00000000  0.90823223  0.32331858  0.96406467 -0.26572982
 4649.1  3.00000000  0.90823223  0.32331858  0.96406467 -0.26572982
 4649.2  3.00000000  0.90823223  0.32331859  0.96406467 -0.26572982
 4649.3  3.00000000  0.90823223  0.32331859  0.96406467 -0.26572982
 4649.4  3.00000000  0.90823223  0.32331860  0.96406467 -0.26572982
 4649.5  3.00000000  0.90823222  0.32331861  0.96406467 -0.26572982
 4649.6  3.00000000  0.90823222  0.32331862  0.96406467 -0.26572982
 4649.7  3.00000000  0.90823222  0.32331863  0.96406467 -0.26572982
 4649.8  3.00000000  0.90823221  0.32331864  0.96406467 -0.26572982
 4649.9  3.00000000  0.90823221  0.32331866  0.96406467 -0.26572982
 4650.0  3.00000000  0.90823220  0.32331867  0.96406467 -0.26572982
 4650.1  3.00000000  0.90823220  0.32331869  0.96406467 -0.26572982
 4650.2  3.00000000  0.90823219  0.32331870  0.96406467 -0.26572982
 4650.3  3.00000000  0.90823219  0.32331872  0.96406467 -0.26572982
 4650.4  3.00000000  0.90823218  0.32331873  0.96406467 -0.26572982
 4650.5  3.00000000  0.90823217  0.32331875  0.96406467 -0.26572982
 4650.6  3.00000000  0.90823217  0.32331876  0.96406467 -0.26572982
 4650.7  3.00000000  0.90823216  0.32331877  0.96406467 -0.26572982
 4650.8  3.00000000  0.90823216  0.32331879  0.96406467 -0.26572982
 4650.9  3.00000000  0.90823216  0.32331880  0.96406467 -0.26572982
 4651.0  3.00000000  0.90823215  0.32331881  0.96406467 -0.26572982
 4651.1  3.00000000  0.90823215  0.32331883  0.96406467 -0.26572982
 4651.2  3.00000000  0.90823214  0.32331884  0.96406467 -0.26572982
 4651.3  3.00000000  0.90823214  0.32331885  0.96406467 -0.26572982
 4651.4  3.00000000  0.90823213  0.32331886  0.96406467 -0.26572982
 4651.5  3.00000000  0.90823213  0.32331887  0.96406467 -0.26572982
 4651.6  3.00000000  0.90823213  0.32331888  0.96406467 -0.26572982
 4651.7  3.00000000  0.90823212  0.32331888  0.96406467 -0.26572982
 4651.8  3.00000000  0.90823212  0.32331889  0.96406467 -0.26572982
 4651.9  3.00000000  0.90823212  0.32331889  0.96406467 -0.26572982
 4652.0  3.00000000  0.90823212  0.32331890  0.96406467 -0.26572982
 4652.1  3.00000000  0.90823212  0.32331890  0.96406467 -0.26572982
 4652.2  3.00000000  0.90823212  0.32331891  0.96406467 -0.26572982
 4652.3  3.00000000  0.90823212  0.32331891  0.96406467 -0.26572982
 4652.4  3.00000000  0.90823212  0.32331891  0.96406467 -0.26572982
 4652.5  3.00000000  0.90823212  0.32331891  0.96406467 -0.26572982
 4652.6  3.00000000  0.90823212  0.32331891  0.96406467 -0.26572982
 4652.7  3.00000000  0.90823212  0.32331890  0.96406467 -0.26572982
 4652.8  3.00000000  0.90823212  0.32331890  0.96406467 -0.26572982
 4652.9  3.00000000  0.90823212  0.32331890  0.96406467 -0.26572982
 4653.0  3.00000000  0.90823212  0.32331889  0.96406467 -0.26572982
 4653.1  3.00000000  0.90823212  0.32331889  0.96406467 -0.26572982
 4653.2  3.00000000  0.90823212  0.32331888  0.96406467 -0.26572982
 4653.3  3.00000000  0.90823213  0.32331888  0.96406467 -0.26572982
 4653.4  3.00000000  0.90823213  0.32331887  0.96406467 -0.26572982
 4653.5  3.00000000  0.90823213  0.32331887  0.96406467 -0.26572982
 4653.6  3.00000000  0.90823213  0.32331886  0.96406467 -0.26572982
 4653.7  3.00000000  0.90823214  0.32331885  0.96406467 -0.26572982
 4653.8  3.00000000  0.90823214  0.32331885  0.96406467 -0.26572982
 4653.9  3.00000000  0.90823214  0.32331884  0.96406467 -0.26572982
 4654.0  3.00000000  0.90823214  0.32331883  0.96406467 -0.26572982
 4654.1  3.00000000  0.90823215  0.32331883  0.96406467 -0.26572982
 4654.2  3.00000000  0.90823215  0.32331882  0.96406467 -0.26572982
 4654.3  3.00000000  0.90823215  0.32331881  0.96406467 -0.26572982
 4654.4  3.00000000  0.90823215  0.32331881  0.96406467 -0.26572982
 4654.5  3.00000000  0.90823215  0.32331880  0.96406467 -0.26572982
 4654.6  3.00000000  0.90823216  0.32331879  0.96406467 -0.26572982
 4654.7  3.00000000  0.90823216  0.32331879  0.96406467 -0.26572982
 4654.8  3.00000000  0.90823216  0.32331878  0.96406467 -0.26572982
 4654.9  3.00000000  0.90823216  0.32331878  0.96406467 -0.26572982
 4655.0  3.00000000  0.90823216  0.32331877  0.96406467 -0.26572982
 4655.1  3.00000000  0.90823216  0.32331877  0.96406467 -0.26572982
 4655.2  3.00000000  0.90823217  0.32331877  0.96406467 -0.26572982
 4655.3  3.00000000  0.90823217  0.32331876  0.96406467 -0.26572982
 4655.4  3.00000000  0.90823217  0.32331876  0.96406467 -0.26572982
 4655.5  3.00000000  0.90823217  0.32331876  0.96406467 -0.26572982
 4655.6  3.00000000  0.90823217  0.32331876  0.96406467 -0.26572982
 4655.7  3.00000000  0.90823217  0.32331876  0.96406467 -0.26572982
 4655.8  3.00000000  0.90823217  0.32331876  0.96406467 -0.26572982
 4655.9  3.00000000  0.90823217  0.32331876  0.96406467 -0.26572982
 4656.0  3.00000000  0.90823217  0.32331876  0.96406467 -0.26572982
 4656.1  3.00000000  0.90823217  0.32331876  0.96406467 -0.26572982
 4656.2  3.00000000  0.90823217  0.32331876  0.96406467 -0.26572982
 4656.3  3.00000000  0.90823217  0.32331876  0.96406467 -0.26572982
 4656.4  3.00000000  0.90823217  0.32331876  0.96406467 -0.26572982
 4656.5  3.00000000  0.90823217  0.32331876  0.96406467 -0.26572982
 4656.6  3.00000000  0.90823217  0.32331877  0.96406467 -0.26572982
 4656.7  3.00000000  0.90823217  0.32331877  0.96406467 -0.26572982
 4656.8  3.00000000  0.90823216  0.32331877  0.96406467 -0.26572982
 4656.9  3.00000000  0.90823216  0.32331878  0.96406467 -0.26572982
 4657.0  3.00000000  0.90823216  0.32331878  0.96406467 -0.26572982
 4657.1  3.00000000  0.90823216  0.32331878  0.96406467 -0.26572982
 4657.2  3.00000000  0.90823216  0.32331878  0.96406467 -0.26572982
 4657.3  3.00000000  0.90823216  0.32331879  0.96406467 -0.26572982
 4657.4  3.00000000  0.90823216  0.32331879  0.96406467 -0.26572982
 4657.5  3.00000000  0.90823216  0.32331879  0.96406467 -0.26572982
 4657.6  3.00000000  0.90823216  0.32331880  0.96406467 -0.26572982
 4657.7  3.00000000  0.90823215  0.32331880  0.96406467 -0.26572982
 4657.8  3.00000000  0.90823215  0.32331880  0.96406467 -0.26572982
 4657.9  3.00000000  0.90823215  0.32331881  0.96406467 -0.26572982
 4658.0  3.00000000  0.90823215  0.32331881  0.96406467 -0.26572982
 4658.1  3.00000000  0.90823215  0.32331881  0.96406467 -0.26572982
 4658.2  3.00000000  0.90823215  0.32331882  0.96406467 -0.26572982
 4658.3  3.00000000  0.90823215  0.32331882  0.96406467 -0.26572982
 4658.4  3.00000000  0.90823215  0.32331882  0.96406467 -0.26572982
 4658.5  3.00000000  0.90823215  0.32331882  0.96406467 -0.26572982
 4658.6  3.00000000  0.90823215  0.32331883  0.96406467 -0.26572982
 4658.7  3.00000000  0.90823215  0.32331883  0.96406467 -0.26572982
 4658.8  3.00000000  0.90823214  0.32331883  0.96406467 -0.26572982
 4658.9  3.00000000  0.90823214  0.32331883  0.96406467 -0.26572982
 4659.0  3.00000000  0.90823214  0.32331883  0.96406467 -0.26572982
 4659.1  3.00000000  0.90823214  0.32331883  0.96406467 -0.26572982
 4659.2  3.00000000  0.90823214  0.32331883  0.96406467 -0.26572982
 4659.3  3.00000000  0.90823214  0.32331883  0.96406467 -0.26572982
 4659.4  3.00000000  0.90823214  0.32331883  0.96406467 -0.26572982
 4659.5  3.00000000  0.90823214  0.32331883  0.96406467 -0.26572982
 4659.6  3.00000000  0.90823214  0.32331883  0.96406467 -0.26572982
 4659.7  3.00000000  0.90823214  0.32331883  0.96406467 -0.26572982
 4659.8  3.00000000  0.90823214  0.32331883  0.96406467 -0.26572982
 4659.9  3.00000000  0.90823214  0.32331883  0.96406467 -0.26572982
 4660.0  3.00000000  0.90823214  0.32331883  0.96406467 -0.26572982
 4660.1  3.00000000  0.90823214  0.32331883  0.96406467 -0.26572982
 4660.2  3.00000000  0.90823215  0.32331883  0.96406467 -0.26572982
 4660.3  3.00000000  0.90823215  0.32331883  0.96406467 -0.26572982
 4660.4  3.00000000  0.90823215  0.32331882  0.96406467 -0.26572982
 4660.5  3.00000000  0.90823215  0.32331882  0.96406467 -0.26572982
 4660.6  3.00000000  0.90823215  0.32331882  0.96406467 -0.26572982
 4660.7  3.00000000  0.90823215  0.32331882  0.96406467 -0.26572982
 4660.8  3.00000000  0.90823215  0.32331882  0.96406467 -0.26572982
 4660.9  3.00000000  0.90823215  0.32331882  0.96406467 -0.26572982
 4661.0  3.00000000  0.90823215  0.32331881  0.96406467 -0.26572982
 4661.1  3.00000000  0.90823215  0.32331881  0.96406467 -0.26572982
 4661.2  3.00000000  0.90823215  0.32331881  0.96406467 -0.26572982
 4661.3  3.00000000  0.90823215  0.32331881  0.96406467 -0.26572982
 4661.4  3.00000000  0.90823215  0.32331881  0.96406467 -0.26572982
 4661.5  3.00000000  0.90823215  0.32331881  0.96406467 -0.26572982
 4661.6  3.00000000  0.90823215  0.32331881  0.96406467 -0.26572982
 4661.7  3.00000000  0.90823215  0.32331881  0.96406467 -0.26572982
 4661.8  3.00000000  0.90823215  0.32331880  0.96406467 -0.26572982
 4661.9  3.00000000  0.90823215  0.32331880  0.96406467 -0.26572982
 4662.0  3.00000000  0.90823215  0.32331880  0.96406467 -0.26572982
 4662.1  3.00000000  0.90823215  0.32331880  0.96406467 -0.26572982
 4662.2  3.00000000  0.90823215  0.32331880  0.96406467 -0.26572982
 4662.3  3.00000000  0.90823215  0.32331880  0.96406467 -0.26572982
 4662.4  3.00000000  0.90823215  0.32331880  0.96406467 -0.26572982
 4662.5  3.00000000  0.90823215  0.32331880  0.96406467 -0.26572982
 4662.6  3.00000000  0.90823215  0.32331880  0.96406467 -0.26572982
 4662.7  3.00000000  0.90823215  0.32331880  0.96406467 -0.26572982
 4662.8  3.00000000  0.90823215  0.32331880  0.96406467 -0.26572982
 4662.9  3.00000000  0.90823215  0.32331880  0.96406467 -0.26572982
 4663.0  3.00000000  0.90823216  0.32331880  0.96406467 -0.26572982
 4663.1  3.00000000  0.90823216  0.32331880  0.96406467 -0.26572982
 4663.2  3.00000000  0.90823216  0.32331880  0.96406467 -0.26572982
 4663.3  3.00000000  0.90823216  0.32331880  0.96406467 -0.26572982
 4663.4  3.00000000  0.90823216  0.32331880  0.96406467 -0.26572982
 4663.5  3.00000000  0.90823216  0.32331880  0.96406467 -0.26572982
 4663.6  3.00000000  0.90823215  0.32331880  0.96406467 -0.26572982
 4663.7  3.00000000  0.90823215  0.32331880  0.96406467 -0.26572982
 4663.8  3.00000000  0.90823215  0.32331880  0.96406467 -0.26572982
 4663.9  3.00000000  0.90823216  0.32331880  0.96406467 -0.26572982
 4664.0  3.00000000  0.90823215  0.32331880  0.96406467 -0.26572982
 4664.1  3.00000000  0.90823215  0.32331880  0.96406467 -0.26572982
 4664.2  3.00000000  0.90823215  0.32331880  0.96406467 -0.26572982
 4664.3  3.00000000  0.90823215  0.32331880  0.96406467 -0.26572982
 4664.4  3.00000000  0.90823215  0.32331880  0.96406467 -0.26572982
 4664.5  3.00000000  0.90823215  0.32331880  0.96406467 -0.26572982
 4664.6  3.00000000  0.90823215  0.32331880  0.96406467 -0.26572982
 4664.7  3.00000000  0.90823215  0.32331880  0.96406467 -0.26572982
 4664.8  3.00000000  0.90823215  0.32331880  0.96406467 -0.26572982
 4664.9  3.00000000  0.90823215  0.32331880  0.96406467 -0.26572982
 4665.0  3.00000000  0.90823215  0.32331880  0.96406467 -0.26572982
 4665.1  3.00000000  0.90823215  0.32331880  0.96406467 -0.26572982
 4665.2  3.00000000  0.90823215  0.32331880  0.96406467 -0.26572982
 4665.3  3.00000000  0.90823215  0.32331880  0.96406467 -0.26572982
 4665.4  3.00000000  0.90823215  0.32331880  0.96406467 -0.26572982
 4665.5  3.00000000  0.90823215  0.32331881  0.96406467 -0.26572982
 4665.6  3.00000000  0.90823215  0.32331881  0.96406467 -0.26572982
 4665.7  3.00000000  0.90823215  0.32331881  0.96406467 -0.26572982
 4665.8  3.00000000  0.90823215  0.32331881  0.96406467 -0.26572982
 4665.9  3.00000000  0.90823215  0.32331881  0.96406467 -0.26572982
 4666.0  3.00000000  0.90823215  0.32331881  0.96406467 -0.26572982
 4666.1  3.00000000  0.90823215  0.32331881  0.96406467 -0.26572982
 4666.2  3.00000000  0.90823215  0.32331881  0.96406467 -0.26572982
 4666.3  3.00000000  0.90823215  0.32331881  0.96406467 -0.26572982
 4666.4  3.00000000  0.90823215  0.32331881  0.96406467 -0.26572982
 4666.5  3.00000000  0.90823215  0.32331881  0.96406467 -0.26572982
 4666.6  3.00000000  0.90823215  0.32331881  0.96406467 -0.26572982
 4666.7  3.00000000  0.90823215  0.32331881  0.96406467 -0.26572982
 4666.8  3.00000000  0.90823215  0.32331881  0.96406467 -0.26572982
 4666.9  3.00000000  0.90823215  0.32331881  0.96406467 -0.26572982
 4667.0  3.00000000  0.90823215  0.32331881  0.96406467 -0.26572982
 4667.1  3.00000000  0.90823215  0.32331881  0.96406467 -0.26572982
 4667.2  3.00000000  0.90823215  0.32331881  0.96406467 -0.26572982
 4667.3  3.00000000  0.90823215  0.32331881  0.96406467 -0.26572982
 4667.4  3.00000000  0.90823215  0.32331881  0.96406467 -0.26572982
 4667.5  3.00000000  0.90823215  0.32331881  0.96406467 -0.26572982
 4667.6  3.00000000  0.90823215  0.32331881  0.96406467 -0.26572982
 4667.7  3.00000000  0.90823215  0.32331881  0.96406467 -0.26572982
 4667.8  3.00000000  0.90823215  0.32331881  0.96406467 -0.26572982
 4667.9  3.00000000  0.90823215  0.32331881  0.96406467 -0.26572982
 4668.0  3.00000000  0.90823215  0.32331881  0.96406467 -0.26572982
 4668.1  3.00000000  0.90823215  0.32331881  0.96406467 -0.26572982
 4668.2  3.00000000  0.90823215  0.32331881  0.96406467 -0.26572982
 4668.3  3.00000000  0.90823215  0.32331881  0.96406467 -0.26572982
 4668.4  3.00000000  0.90823215  0.32331881  0.96406467 -0.26572982
 4668.5  3.00000000  0.90823215  0.32331881  0.96406467 -0.26572982
 4668.6  3.00000000  0.90823215  0.32331881  0.96406467 -0.26572982
 4668.7  3.00000000  0.90823215  0.32331881  0.96406467 -0.26572982
 4668.8  3.00000000  0.90823215  0.32331881  0.96406467 -0.26572982
 4668.9  3.00000000  0.90823215  0.32331881  0.96406467 -0.26572982
 4669.0  3.00000000  0.90823215  0.32331881  0.96406467 -0.26572982
 4669.1  3.00000000  0.90823215  0.32331881  0.96406467 -0.26572982
 4669.2  3.00000000  0.90823215  0.32331881  0.96406467 -0.26572982
 4669.3  3.00000000  0.90823215  0.32331881  0.96406467 -0.26572982
 4669.4  3.00000000  0.90823215  0.32331881  0.96406467 -0.26572982
 4669.5  3.00000000  0.90823215  0.32331881  0.96406467 -0.26572982
 4669.6  3.00000000  0.90823215  0.32331881  0.96406467 -0.26572982
 4669.7  3.00000000  0.90823215  0.32331881  0.96406467 -0.26572982
 4669.8  3.00000000  0.90823215  0.32331881  0.96406467 -0.26572982
 4669.9  3.00000000  0.90823215  0.32331881  0.96406467 -0.26572982
 4670.0  3.00000000  0.90823215  0.32331881  0.96406467 -0.26572982
 4670.1  3.00000000  0.90823215  0.32331881  0.96406467 -0.26572982
 4670.2  3.00000000  0.90823215  0.32331881  0.96406467 -0.26572982
 4670.3  3.00000000  0.90823215  0.32331881  0.96406467 -0.26572982
 4670.4  3.00000000  0.90823215  0.32331881  0.96406467 -0.26572982
 4670.5  3.00000000  0.90823215  0.32331881  0.96406467 -0.26572982
 4670.6  3.00000000  0.90823215  0.32331881  0.96406467 -0.26572982
 4670.7  3.00000000  0.90823215  0.32331881  0.96406467 -0.26572982
 4670.8  3.00000000  0.90823215  0.32331881  0.96406467 -0.26572982
 4670.9  3.00000000  0.90823215  0.32331881  0.96406467 -0.26572982
 4671.0  3.00000000  0.90823215  0.32331881  0.96406467 -0.26572982
 4671.1  3.00000000  0.90823215  0.32331881  0.96406467 -0.26572982
 4671.2  3.00000000  0.90823215  0.32331881  0.96406467 -0.26572982
 4671.3  3.00000000  0.90823215  0.32331881  0.96406467 -0.26572982
 4671.4  3.00000000  0.90823215  0.32331881  0.96406467 -0.26572982
 4671.5  3.00000000  0.90823215  0.32331881  0.96406467 -0.26572982
 4671.6  3.00000000  0.90823215  0.32331881  0.96406467 -0.26572982
 4671.7  3.00000000  0.90823215  0.32331881  0.96406467 -0.26572982
 4671.8  3.00000000  0.90823215  0.32331881  0.96406467 -0.26572982
 4671.9  3.00000000  0.90823215  0.32331881  0.96406467 -0.26572982
 4672.0  3.00000000  0.90823215  0.32331881  0.96406467 -0.26572982
 4672.1  3.00000000  0.90823215  0.32331881  0.96406467 -0.26572982
 4672.2  3.00000000  0.90823215  0.32331881  0.96406467 -0.26572982
 4672.3  3.00000000  0.90823215  0.32331881  0.96406467 -0.26572982
 4672.4  3.00000000  0.90823215  0.32331881  0.96406467 -0.26572982
 4672.5  3.00000000  0.90823215  0.32331881  0.96406467 -0.26572982
 4672.6  3.00000000  0.90823215  0.32331881  0.96406467 -0.26572982
 4672.7  3.00000000  0.90823215  0.32331881  0.96406467 -0.26572982
 4672.8  3.00000000  0.90823215  0.32331881  0.96406467 -0.26572982
 4672.9  3.00000000  0.90823215  0.32331881  0.96406467 -0.26572982
 4673.0  3.00000000  0.90823215  0.32331881  0.96406467 -0.26572982
 4673.1  3.00000000  0.90823215  0.32331881  0.96406467 -0.26572982
 4673.2  3.00000000  0.90823215  0.32331881  0.96406467 -0.26572982
 4673.3  3.00000000  0.90823215  0.32331881  0.96406467 -0.26572982
 4673.4  3.00000000  0.90823215  0.32331881  0.96406467 -0.26572982
 4673.5  3.00000000  0.90823215  0.32331881  0.96406467 -0.26572982
 4673.6  3.00000000  0.90823215  0.32331881  0.96406467 -0.26572982
 4673.7  3.00000000  0.90823215  0.32331881  0.96406467 -0.26572982
 4673.8  3.00000000  0.90823215  0.32331881  0.96406467 -0.26572982
 4673.9  3.00000000  0.90823215  0.32331881  0.96406467 -0.26572982
 4674.0  3.00000000  0.90823215  0.32331881  0.96406467 -0.26572982
 4674.1  3.00000000  0.90823215  0.32331881  0.96406467 -0.26572982
 4674.2  3.00000000  0.90823215  0.32331881  0.96406467 -0.26572982
 4674.3  3.00000000  0.90823215  0.32331881  0.96406467 -0.26572982
 4674.4  3.00000000  0.90823215  0.32331881  0.96406467 -0.26572982
 4674.5  3.00000000  0.90823215  0.32331881  0.96406467 -0.26572982
 4674.6  3.00000000  0.90823215  0.32331881  0.96406467 -0.26572982
 4674.7  3.00000000  0.90823215  0.32331881  0.96406467 -0.26572982
 4674.8  3.00000000  0.90823215  0.32331881  0.96406467 -0.26572982
 4674.9  3.00000000  0.90823215  0.32331881  0.96406467 -0.26572982
 4675.0  3.00000000  0.90823215  0.32331881  0.96406467 -0.26572982
 4675.1  3.00000000  0.90823215  0.32331881  0.96406467 -0.26572982
 4675.2  3.00000000  0.90823215  0.32331881  0.96406467 -0.26572982
 4675.3  3.00000000  0.90823215  0.32331881  0.96406467 -0.26572982
 4675.4  3.00000000  0.90823215  0.32331881  0.96406467 -0.26572982
 4675.5  3.00000000  0.90823215  0.32331881  0.96406467 -0.26572982
 4675.6  3.00000000  0.90823215  0.32331881  0.96406467 -0.26572982
 4675.7  3.00000000  0.90823215  0.32331881  0.96406467 -0.26572982
 4675.8  3.00000000  0.90823215  0.32331881  0.96406467 -0.26572982
 4675.9  3.00000000  0.90823215  0.32331881  0.96406467 -0.26572982
 4676.0  3.00000000  0.90823215  0.32331881  0.96406467 -0.26572982
 4676.1  3.00000000  0.90823215  0.32331881  0.96406467 -0.26572982
 4676.2  3.00000000  0.90823215  0.32331881  0.96406467 -0.26572982
 4676.3  3.00000000  0.90823215  0.32331881  0.96406467 -0.26572982
 4676.4  3.00000000  0.90823215  0.32331881  0.96406467 -0.26572982
 4676.5  3.00000000  0.90823215  0.32331881  0.96406467 -0.26572982
 4676.6  3.00000000  0.90823215  0.32331881  0.96406467 -0.26572982
 4676.7  3.00000000  0.90823215  0.32331881  0.96406467 -0.26572982
 4676.8  3.00000000  0.90823215  0.32331881  0.96406467 -0.26572982
 4676.9  3.00000000  0.90823215  0.32331881  0.96406467 -0.26572982
 4677.0  3.00000000  0.90823215  0.32331881  0.96406467 -0.26572982
 4677.1  3.00000000  0.90823215  0.32331881  0.96406467 -0.26572982
 4677.2  3.00000000  0.90823215  0.32331881  0.96406467 -0.26572982
 4677.3  3.00000000  0.90823215  0.32331881  0.96406467 -0.26572982
 4677.4  3.00000000  0.90823215  0.32331881  0.96406467 -0.26572982
 4677.5  3.00000000  0.90823215  0.32331881  0.96406467 -0.26572982
 4677.6  3.00000000  0.90823215  0.32331881  0.96406467 -0.26572982
 4677.7  3.00000000  0.90823215  0.32331881  0.96406467 -0.26572982
 4677.8  3.00000000  0.90823215  0.32331881  0.96406467 -0.26572982
 4677.9  3.00000000  0.90823215  0.32331881  0.96406467 -0.26572982
 4678.0  3.00000000  0.90823215  0.32331881  0.96406467 -0.26572982
 4678.1  3.00000000  0.90823215  0.32331881  0.96406467 -0.26572982
 4678.2  3.00000000  0.90823215  0.32331881  0.96406467 -0.26572982
 4678.3  3.00000000  0.90823215  0.32331881  0.96406467 -0.26572982
 4678.4  3.00000000  0.90823215  0.32331881  0.96406467 -0.26572982
 4678.5  3.00000000  0.90823215  0.32331881  0.96406467 -0.26572982
 4678.6  3.00000000  0.90823215  0.32331881  0.96406467 -0.26572982
 4678.7  3.00000000  0.90823215  0.32331881  0.96406467 -0.26572982
 4678.8  3.00000000  0.90823215  0.32331881  0.96406467 -0.26572982
 4678.9  3.00000000  0.90823215  0.32331881  0.96406467 -0.26572982
 4679.0  3.00000000  0.90823215  0.32331881  0.96406467 -0.26572982
 4679.1  3.00000000  0.90823215  0.32331881  0.96406467 -0.26572982
 4679.2  3.00000000  0.90823215  0.32331881  0.96406467 -0.26572982
 4679.3  3.00000000  0.90823215  0.32331881  0.96406467 -0.26572982
 4679.4  3.00000000  0.90823215  0.32331881  0.96406467 -0.26572982
 4679.5  3.00000000  0.90823215  0.32331881  0.96406467 -0.26572982
 4679.6  3.00000000  0.90823215  0.32331881  0.96406467 -0.26572982
 4679.7  3.00000000  0.90823215  0.32331881  0.96406467 -0.26572982
 4679.8  3.00000000  0.90823215  0.32331881  0.96406467 -0.26572982
 4679.9  3.00000000  0.90823215  0.32331881  0.96406467 -0.26572982
 4680.0  3.00000000  0.90823215  0.32331881  0.96406467 -0.26572982
 4680.1  3.00000000  0.90823215  0.32331881  0.96406467 -0.26572982
 4680.2  3.00000000  0.90823215  0.32331881  0.96406467 -0.26572982
 4680.3  3.00000000  0.90823215  0.32331881  0.96406467 -0.26572982
 4680.4  3.00000000  0.90823215  0.32331881  0.96406467 -0.26572982
 4680.5  3.00000000  0.90823215  0.32331881  0.96406467 -0.26572982
 4680.6  3.00000000  0.90823215  0.32331881  0.96406467 -0.26572982
 4680.7  3.00000000  0.90823215  0.32331881  0.96406467 -0.26572982
 4680.8  3.00000000  0.90823215  0.32331881  0.96406467 -0.26572982
 4680.9  3.00000000  0.90823215  0.32331881  0.96406467 -0.26572982
 4681.0  3.00000000  0.90823215  0.32331881  0.96406467 -0.26572982
 4681.1  3.00000000  0.90823215  0.32331881  0.96406467 -0.26572982
 4681.2  3.00000000  0.90823215  0.32331881  0.96406467 -0.26572982
 4681.3  3.00000000  0.90823215  0.32331881  0.96406467 -0.26572982
 4681.4  3.00000000  0.90823215  0.32331881  0.96406467 -0.26572982
 4681.5  3.00000000  0.90823215  0.32331881  0.96406467 -0.26572982
 4681.6  3.00000000  0.90823215  0.32331881  0.96406467 -0.26572982
 4681.7  3.00000000  0.90823215  0.32331881  0.96406467 -0.26572982
 4681.8  3.00000000  0.90823215  0.32331881  0.96406467 -0.26572982
 4681.9  3.00000000  0.90823215  0.32331881  0.96406467 -0.26572982
 4682.0  3.00000000  0.90823215  0.32331881  0.96406467 -0.26572982
 4682.1  3.00000000  0.90823215  0.32331881  0.96406467 -0.26572982
 4682.2  3.00000000  0.90823215  0.32331881  0.96406467 -0.26572982
 4682.3  3.00000000  0.90823215  0.32331881  0.96406467 -0.26572982
 4682.4  3.00000000  0.90823215  0.32331881  0.96406467 -0.26572982
 4682.5  3.00000000  0.90823215  0.32331881  0.96406467 -0.26572982
 4682.6  3.00000000  0.90823215  0.32331881  0.96406467 -0.26572982
 4682.7  3.00000000  0.90823215  0.32331881  0.96406467 -0.26572982
 4682.8  3.00000000  0.90823215  0.32331881  0.96406467 -0.26572982
 4682.9  3.00000000  0.90823215  0.32331881  0.96406467 -0.26572982
 4683.0  3.00000000  0.90823215  0.32331881  0.96406467 -0.26572982
 4683.1  3.00000000  0.90823215  0.32331881  0.96406467 -0.26572982
 4683.2  3.00000000  0.90823215  0.32331881  0.96406467 -0.26572982
 4683.3  3.00000000  0.90823215  0.32331881  0.96406467 -0.26572982
 4683.4  3.00000000  0.90823215  0.32331881  0.96406467 -0.26572982
 4683.5  3.00000000  0.90823215  0.32331881  0.96406467 -0.26572982
 4683.6  3.00000000  0.90823215  0.32331881  0.96406467 -0.26572982
 4683.7  3.00000000  0.90823215  0.32331881  0.96406467 -0.26572982
 4683.8  3.00000000  0.90823215  0.32331881  0.96406467 -0.26572982
 4683.9  3.00000000  0.90823215  0.32331881  0.96406467 -0.26572982
 4684.0  3.00000000  0.90823215  0.32331881  0.96406467 -0.26572982
 4684.1  3.00000000  0.90823215  0.32331881  0.96406467 -0.26572982
 4684.2  3.00000000  0.90823215  0.32331881  0.96406467 -0.26572982
 4684.3  3.00000000  0.90823215  0.32331881  0.96406467 -0.26572982
 4684.4  3.00000000  0.90823215  0.32331881  0.96406467 -0.26572982
 4684.5  3.00000000  0.90823215  0.32331881  0.96406467 -0.26572982
 4684.6  3.00000000  0.90823215  0.32331881  0.96406467 -0.26572982
 4684.7  3.00000000  0.90823215  0.32331881  0.96406467 -0.26572982
 4684.8  3.00000000  0.90823215  0.32331881  0.96406467 -0.26572982
 4684.9  3.00000000  0.90823215  0.32331881  0.96406467 -0.26572982
 4685.0  3.00000000  0.90823215  0.32331881  0.96406467 -0.26572982
 4685.1  3.00000000  0.90823215  0.32331881  0.96406467 -0.26572982
 4685.2  3.00000000  0.90823215  0.32331881  0.96406467 -0.26572982
 4685.3  3.00000000  0.90823215  0.32331881  0.96406467 -0.26572982
 4685.4  3.00000000  0.90823215  0.32331881  0.96406467 -0.26572982
 4685.5  3.00000000  0.90823215  0.32331881  0.96406467 -0.26572982
 4685.6  3.00000000  0.90823215  0.32331881  0.96406467 -0.26572982
 4685.7  3.00000000  0.90823215  0.32331881  0.96406467 -0.26572982
 4685.8  3.00000000  0.90823215  0.32331881  0.96406467 -0.26572982
 4685.9  3.00000000  0.90823215  0.32331881  0.96406467 -0.26572982
 4686.0  3.00000000  0.90823215  0.32331881  0.96406467 -0.26572982
 4686.1  3.00000000  0.90823215  0.32331881  0.96406467 -0.26572982
 4686.2  3.00000000  0.90823215  0.32331881  0.96406467 -0.26572982
 4686.3  3.00000000  0.90823215  0.32331881  0.96406467 -0.26572982
 4686.4  3.00000000  0.90823215  0.32331881  0.96406467 -0.26572982
 4686.5  3.00000000  0.90823215  0.32331881  0.96406467 -0.26572982
 4686.6  3.00000000  0.90823215  0.32331881  0.96406467 -0.26572982
 4686.7  3.00000000  0.90823215  0.32331881  0.96406467 -0.26572982
 4686.8  3.00000000  0.90823215  0.32331881  0.96406467 -0.26572982
 4686.9  3.00000000  0.90823215  0.32331881  0.96406467 -0.26572982
 4687.0  3.00000000  0.90823215  0.32331881  0.96406467 -0.26572982
 4687.1  3.00000000  0.90823215  0.32331881  0.96406467 -0.26572982
 4687.2  3.00000000  0.90823215  0.32331881  0.96406467 -0.26572982
 4687.3  3.00000000  0.90823215  0.32331881  0.96406467 -0.26572982
 4687.4  3.00000000  0.90823215  0.32331881  0.96406467 -0.26572982
 4687.5  3.00000000  0.90823215  0.32331881  0.96406467 -0.26572982
 4687.6  3.00000000  0.90823215  0.32331881  0.96406467 -0.26572982
 4687.7  3.00000000  0.90823215  0.32331881  0.96406467 -0.26572982
 4687.8  3.00000000  0.90823215  0.32331881  0.96406467 -0.26572982
 4687.9  3.00000000  0.90823215  0.32331881  0.96406467 -0.26572982
 4688.0  3.00000000  0.90823215  0.32331881  0.96406467 -0.26572982
 4688.1  3.00000000  0.90823215  0.32331881  0.96406467 -0.26572982
 4688.2  3.00000000  0.90823215  0.32331881  0.96406467 -0.26572982
 4688.3  3.00000000  0.90823215  0.32331881  0.96406467 -0.26572982
 4688.4  3.00000000  0.90823215  0.32331881  0.96406467 -0.26572982
 4688.5  3.00000000  0.90823215  0.32331881  0.96406467 -0.26572982
 4688.6  3.00000000  0.90823215  0.32331881  0.96406467 -0.26572982
 4688.7  3.00000000  0.90823215  0.32331881  0.96406467 -0.26572982
 4688.8  3.00000000  0.90823215  0.32331881  0.96406467 -0.26572982
 4688.9  3.00000000  0.90823215  0.32331881  0.96406467 -0.26572982
 4689.0  3.00000000  0.90823215  0.32331881  0.96406467 -0.26572982
 4689.1  3.00000000  0.90823215  0.32331881  0.96406467 -0.26572982
 4689.2  3.00000000  0.90823215  0.32331881  0.96406467 -0.26572982
 4689.3  3.00000000  0.90823215  0.32331881  0.96406467 -0.26572982
 4689.4  3.00000000  0.90823215  0.32331881  0.96406467 -0.26572982
 4689.5  3.00000000  0.90823215  0.32331881  0.96406467 -0.26572982
 4689.6  3.00000000  0.90823215  0.32331881  0.96406467 -0.26572982
 4689.7  3.00000000  0.90823215  0.32331881  0.96406467 -0.26572982
 4689.8  3.00000000  0.90823215  0.32331881  0.96406467 -0.26572982
 4689.9  3.00000000  0.90823215  0.32331881  0.96406467 -0.26572982
 4690.0  3.00000000  0.90823215  0.32331881  0.96406467 -0.26572982
 4690.1  3.00000000  0.90823215  0.32331881  0.96406467 -0.26572982
 4690.2  3.00000000  0.90823215  0.32331881  0.96406467 -0.26572982
 4690.3  3.00000000  0.90823215  0.32331881  0.96406467 -0.26572982
 4690.4  3.00000000  0.90823215  0.32331881  0.96406467 -0.26572982
 4690.5  3.00000000  0.90823215  0.32331881  0.96406467 -0.26572982
 4690.6  3.00000000  0.90823215  0.32331881  0.96406467 -0.26572982
 4690.7  3.00000000  0.90823215  0.32331881  0.96406467 -0.26572982
 4690.8  3.00000000  0.90823215  0.32331881  0.96406467 -0.26572982
 4690.9  3.00000000  0.90823215  0.32331881  0.96406467 -0.26572982
 4691.0  3.00000000  0.90823215  0.32331881  0.96406467 -0.26572982
 4691.1  3.00000000  0.90823215  0.32331881  0.96406467 -0.26572982
 4691.2  3.00000000  0.90823215  0.32331881  0.96406467 -0.26572982
 4691.3  3.00000000  0.90823215  0.32331881  0.96406467 -0.26572982
 4691.4  3.00000000  0.90823215  0.32331881  0.96406467 -0.26572982
 4691.5  3.00000000  0.90823215  0.32331881  0.96406467 -0.26572982
 4691.6  3.00000000  0.90823215  0.32331881  0.96406467 -0.26572982
 4691.7  3.00000000  0.90823215  0.32331881  0.96406467 -0.26572982
 4691.8  3.00000000  0.90823215  0.32331881  0.96406467 -0.26572982
 4691.9  3.00000000  0.90823215  0.32331881  0.96406467 -0.26572982
 4692.0  3.00000000  0.90823215  0.32331881  0.96406467 -0.26572982
 4692.1  3.00000000  0.90823215  0.32331881  0.96406467 -0.26572982
 4692.2  3.00000000  0.90823215  0.32331881  0.96406467 -0.26572982
 4692.3  3.00000000  0.90823215  0.32331881  0.96406467 -0.26572982
 4692.4  3.00000000  0.90823215  0.32331881  0.96406467 -0.26572982
 4692.5  3.00000000  0.90823215  0.32331881  0.96406467 -0.26572982
 4692.6  3.00000000  0.90823215  0.32331881  0.96406467 -0.26572982
 4692.7  3.00000000  0.90823215  0.32331881  0.96406467 -0.26572982
 4692.8  3.00000000  0.90823215  0.32331881  0.96406467 -0.26572982
 4692.9  3.00000000  0.90823215  0.32331881  0.96406467 -0.26572982
 4693.0  3.00000000  0.90823215  0.32331881  0.96406467 -0.26572982
 4693.1  3.00000000  0.90823215  0.32331881  0.96406467 -0.26572982
 4693.2  3.00000000  0.90823215  0.32331881  0.96406467 -0.26572982
 4693.3  3.00000000  0.90823215  0.32331881  0.96406467 -0.26572982
 4693.4  3.00000000  0.90823215  0.32331881  0.96406467 -0.26572982
 4693.5  3.00000000  0.90823215  0.32331881  0.96406467 -0.26572982
 4693.6  3.00000000  0.90823215  0.32331881  0.96406467 -0.26572982
 4693.7  3.00000000  0.90823215  0.32331881  0.96406467 -0.26572982
 4693.8  3.00000000  0.90823215  0.32331881  0.96406467 -0.26572982
 4693.9  3.00000000  0.90823215  0.32331881  0.96406467 -0.26572982
 4694.0  3.00000000  0.90823215  0.32331881  0.96406467 -0.26572982
 4694.1  3.00000000  0.90823215  0.32331881  0.96406467 -0.26572982
 4694.2  3.00000000  0.90823215  0.32331881  0.96406467 -0.26572982
 4694.3  3.00000000  0.90823215  0.32331881  0.96406467 -0.26572982
 4694.4  3.00000000  0.90823215  0.32331881  0.96406467 -0.26572982
 4694.5  3.00000000  0.90823215  0.32331881  0.96406467 -0.26572982
 4694.6  3.00000000  0.90823215  0.32331881  0.96406467 -0.26572982
 4694.7  3.00000000  0.90823215  0.32331881  0.96406467 -0.26572982
 4694.8  3.00000000  0.90823215  0.32331881  0.96406467 -0.26572982
 4694.9  3.00000000  0.90823215  0.32331881  0.96406467 -0.26572982
 4695.0  3.00000000  0.90823215  0.32331881  0.96406467 -0.26572982
 4695.1  3.00000000  0.90823215  0.32331881  0.96406467 -0.26572982
 4695.2  3.00000000  0.90823215  0.32331881  0.96406467 -0.26572982
 4695.3  3.00000000  0.90823215  0.32331881  0.96406467 -0.26572982
 4695.4  3.00000000  0.90823215  0.32331881  0.96406467 -0.26572982
 4695.5  3.00000000  0.90823215  0.32331881  0.96406467 -0.26572982
 4695.6  3.00000000  0.90823215  0.32331881  0.96406467 -0.26572982
 4695.7  3.00000000  0.90823215  0.32331881  0.96406467 -0.26572982
 4695.8  3.00000000  0.90823215  0.32331881  0.96406467 -0.26572982
 4695.9  3.00000000  0.90823215  0.32331881  0.96406467 -0.26572982
 4696.0  3.00000000  0.90823215  0.32331881  0.96406467 -0.26572982
 4696.1  3.00000000  0.90823215  0.32331881  0.96406467 -0.26572982
 4696.2  3.00000000  0.90823215  0.32331881  0.96406467 -0.26572982
 4696.3  3.00000000  0.90823215  0.32331881  0.96406467 -0.26572982
 4696.4  3.00000000  0.90823215  0.32331881  0.96406467 -0.26572982
 4696.5  3.00000000  0.90823215  0.32331881  0.96406467 -0.26572982
 4696.6  3.00000000  0.90823215  0.32331881  0.96406467 -0.26572982
 4696.7  3.00000000  0.90823215  0.32331881  0.96406467 -0.26572982
 4696.8  3.00000000  0.90823215  0.32331881  0.96406467 -0.26572982
 4696.9  3.00000000  0.90823215  0.32331881  0.96406467 -0.26572982
 4697.0  3.00000000  0.90823215  0.32331881  0.96406467 -0.26572982
 4697.1  3.00000000  0.90823215  0.32331881  0.96406467 -0.26572982
 4697.2  3.00000000  0.90823215  0.32331881  0.96406467 -0.26572982
 4697.3  3.00000000  0.90823215  0.32331881  0.96406467 -0.26572982
 4697.4  3.00000000  0.90823215  0.32331881  0.96406467 -0.26572982
 4697.5  3.00000000  0.90823215  0.32331881  0.96406467 -0.26572982
 4697.6  3.00000000  0.90823215  0.32331881  0.96406467 -0.26572982
 4697.7  3.00000000  0.90823215  0.32331881  0.96406467 -0.26572982
 4697.8  3.00000000  0.90823215  0.32331881  0.96406467 -0.26572982
 4697.9  3.00000000  0.90823215  0.32331881  0.96406467 -0.26572982
 4698.0  3.00000000  0.90823215  0.32331881  0.96406467 -0.26572982
 4698.1  3.00000000  0.90823215  0.32331881  0.96406467 -0.26572982
 4698.2  3.00000000  0.90823215  0.32331881  0.96406467 -0.26572982
 4698.3  3.00000000  0.90823215  0.32331881  0.96406467 -0.26572982
 4698.4  3.00000000  0.90823215  0.32331881  0.96406467 -0.26572982
 4698.5  3.00000000  0.90823215  0.32331881  0.96406467 -0.26572982
 4698.6  3.00000000  0.90823215  0.32331881  0.96406467 -0.26572982
 4698.7  3.00000000  0.90823215  0.32331881  0.96406467 -0.26572982
 4698.8  3.00000000  0.90823215  0.32331881  0.96406467 -0.26572982
 4698.9  3.00000000  0.90823215  0.32331881  0.96406467 -0.26572982
 4699.0  3.00000000  0.90823215  0.32331881  0.96406467 -0.26572982
 4699.1  3.00000000  0.90823215  0.32331881  0.96406467 -0.26572982
 4699.2  3.00000000  0.90823215  0.32331881  0.96406467 -0.26572982
 4699.3  3.00000000  0.90823215  0.32331881  0.96406467 -0.26572982
 4699.4  3.00000000  0.90823215  0.32331881  0.96406467 -0.26572982
 4699.5  3.00000000  0.90823215  0.32331881  0.96406467 -0.26572982
 4699.6  3.00000000  0.90823215  0.32331881  0.96406467 -0.26572982
 4699.7  3.00000000  0.90823215  0.32331881  0.96406467 -0.26572982
 4699.8  3.00000000  0.90823215  0.32331881  0.96406467 -0.26572982
 4699.9  3.00000000  0.90823215  0.32331881  0.96406467 -0.26572982
 4700.0  3.00000000  0.90823215  0.32331881  0.96406467 -0.26572982
 4700.1  3.00000000  0.90823215  0.32331881  0.96406467 -0.26572982
 4700.2  3.00000000  0.90823215  0.32331881  0.96406467 -0.26572982
 4700.3  3.00000000  0.90823215  0.32331881  0.96406467 -0.26572982
 4700.4  3.00000000  0.90823215  0.32331881  0.96406467 -0.26572982
 4700.5  3.00000000  0.90823215  0.32331881  0.96406467 -0.26572982
 4700.6  3.00000000  0.90823215  0.32331881  0.96406467 -0.26572982
 4700.7  3.00000000  0.90823215  0.32331881  0.96406467 -0.26572982
 4700.8  3.00000000  0.90823215  0.32331881  0.96406467 -0.26572982
 4700.9  3.00000000  0.90823215  0.32331881  0.96406467 -0.26572982
 4701.0  3.00000000  0.90823215  0.32331881  0.96406467 -0.26572982
 4701.1  3.00000000  0.90823215  0.32331881  0.96406467 -0.26572982
 4701.2  3.00000000  0.90823215  0.32331881  0.96406467 -0.26572982
 4701.3  3.00000000  0.90823215  0.32331881  0.96406467 -0.26572982
 4701.4  3.00000000  0.90823215  0.32331881  0.96406467 -0.26572982
 4701.5  3.00000000  0.90823215  0.32331881  0.96406467 -0.26572982
 4701.6  3.00000000  0.90823215  0.32331881  0.96406467 -0.26572982
 4701.7  3.00000000  0.90823215  0.32331881  0.96406467 -0.26572982
 4701.8  3.00000000  0.90823215  0.32331881  0.96406467 -0.26572982
 4701.9  3.00000000  0.90823215  0.32331881  0.96406467 -0.26572982
 4702.0  3.00000000  0.90823215  0.32331881  0.96406467 -0.26572982
 4702.1  3.00000000  0.90823215  0.32331881  0.96406467 -0.26572982
 4702.2  3.00000000  0.90823215  0.32331881  0.96406467 -0.26572982
 4702.3  3.00000000  0.90823215  0.32331881  0.96406467 -0.26572982
 4702.4  3.00000000  0.90823215  0.32331881  0.96406467 -0.26572982
 4702.5  3.00000000  0.90823215  0.32331881  0.96406467 -0.26572982
 4702.6  3.00000000  0.90823215  0.32331881  0.96406467 -0.26572982
 4702.7  3.00000000  0.90823215  0.32331881  0.96406467 -0.26572982
 4702.8  3.00000000  0.90823215  0.32331881  0.96406467 -0.26572982
 4702.9  3.00000000  0.90823215  0.32331881  0.96406467 -0.26572982
 4703.0  3.00000000  0.90823215  0.32331881  0.96406467 -0.26572982
 4703.1  3.00000000  0.90823215  0.32331881  0.96406467 -0.26572982
 4703.2  3.00000000  0.90823215  0.32331881  0.96406467 -0.26572982
 4703.3  3.00000000  0.90823215  0.32331881  0.96406467 -0.26572982
 4703.4  3.00000000  0.90823215  0.32331881  0.96406467 -0.26572982
 4703.5  3.00000000  0.90823215  0.32331881  0.96406467 -0.26572982
 4703.6  3.00000000  0.90823215  0.32331881  0.96406467 -0.26572982
 4703.7  3.00000000  0.90823215  0.32331881  0.96406467 -0.26572982
 4703.8  3.00000000  0.90823215  0.32331881  0.96406467 -0.26572982
 4703.9  3.00000000  0.90823215  0.32331881  0.96406467 -0.26572982
 4704.0  3.00000000  0.90823215  0.32331881  0.96406467 -0.26572982
 4704.1  3.00000000  0.90823215  0.32331881  0.96406467 -0.26572982
 4704.2  3.00000000  0.90823215  0.32331881  0.96406467 -0.26572982
 4704.3  3.00000000  0.90823215  0.32331881  0.96406467 -0.26572982
 4704.4  3.00000000  0.90823215  0.32331881  0.96406467 -0.26572982
 4704.5  3.00000000  0.90823215  0.32331881  0.96406467 -0.26572982
 4704.6  3.00000000  0.90823215  0.32331881  0.96406467 -0.26572982
 4704.7  3.00000000  0.90823215  0.32331881  0.96406467 -0.26572982
 4704.8  3.00000000  0.90823215  0.32331881  0.96406467 -0.26572982
 4704.9  3.00000000  0.90823215  0.32331881  0.96406467 -0.26572982
 4705.0  3.00000000  0.90823215  0.32331881  0.96406467 -0.26572982
 4705.1  3.00000000  0.90823215  0.32331881  0.96406467 -0.26572982
 4705.2  3.00000000  0.90823215  0.32331881  0.96406467 -0.26572982
 4705.3  3.00000000  0.90823215  0.32331881  0.96406467 -0.26572982
 4705.4  3.00000000  0.90823215  0.32331881  0.96406467 -0.26572982
 4705.5  3.00000000  0.90823215  0.32331881  0.96406467 -0.26572982
 4705.6  3.00000000  0.90823215  0.32331881  0.96406467 -0.26572982
 4705.7  3.00000000  0.90823215  0.32331881  0.96406467 -0.26572982
 4705.8  3.00000000  0.90823215  0.32331881  0.96406467 -0.26572982
 4705.9  3.00000000  0.90823215  0.32331881  0.96406467 -0.26572982
 4706.0  3.00000000  0.90823215  0.32331881  0.96406467 -0.26572982
 4706.1  3.00000000  0.90823215  0.32331881  0.96406467 -0.26572982
 4706.2  3.00000000  0.90823215  0.32331881  0.96406467 -0.26572982
 4706.3  3.00000000  0.90823215  0.32331881  0.96406467 -0.26572982
 4706.4  3.00000000  0.90823215  0.32331881  0.96406467 -0.26572982
 4706.5  3.00000000  0.90823215  0.32331881  0.96406467 -0.26572982
 4706.6  3.00000000  0.90823215  0.32331881  0.96406467 -0.26572982
 4706.7  3.00000000  0.90823215  0.32331881  0.96406467 -0.26572982
 4706.8  3.00000000  0.90823215  0.32331881  0.96406467 -0.26572982
 4706.9  3.00000000  0.90823215  0.32331881  0.96406467 -0.26572982
 4707.0  3.00000000  0.90823215  0.32331881  0.96406467 -0.26572982
 4707.1  3.00000000  0.90823215  0.32331881  0.96406467 -0.26572982
 4707.2  3.00000000  0.90823215  0.32331881  0.96406467 -0.26572982
 4707.3  3.00000000  0.90823215  0.32331881  0.96406467 -0.26572982
 4707.4  3.00000000  0.90823215  0.32331881  0.96406467 -0.26572982
 4707.5  3.00000000  0.90823215  0.32331881  0.96406467 -0.26572982
 4707.6  3.00000000  0.90823215  0.32331881  0.96406467 -0.26572982
 4707.7  3.00000000  0.90823215  0.32331881  0.96406467 -0.26572982
 4707.8  3.00000000  0.90823215  0.32331881  0.96406467 -0.26572982
 4707.9  3.00000000  0.90823215  0.32331881  0.96406467 -0.26572982
 4708.0  3.00000000  0.90823215  0.32331881  0.96406467 -0.26572982
 4708.1  3.00000000  0.90823215  0.32331881  0.96406467 -0.26572982
 4708.2  3.00000000  0.90823215  0.32331881  0.96406467 -0.26572982
 4708.3  3.00000000  0.90823215  0.32331881  0.96406467 -0.26572982
 4708.4  3.00000000  0.90823215  0.32331881  0.96406467 -0.26572982
 4708.5  3.00000000  0.90823215  0.32331881  0.96406467 -0.26572982
 4708.6  3.00000000  0.90823215  0.32331881  0.96406467 -0.26572982
 4708.7  3.00000000  0.90823215  0.32331881  0.96406467 -0.26572982
 4708.8  3.00000000  0.90823215  0.32331881  0.96406467 -0.26572982
 4708.9  3.00000000  0.90823215  0.32331881  0.96406467 -0.26572982
 4709.0  3.00000000  0.90823215  0.32331881  0.96406467 -0.26572982
 4709.1  3.00000000  0.90823215  0.32331881  0.96406467 -0.26572982
 4709.2  3.00000000  0.90823215  0.32331881  0.96406467 -0.26572982
 4709.3  3.00000000  0.90823215  0.32331881  0.96406467 -0.26572982
 4709.4  3.00000000  0.90823215  0.32331881  0.96406467 -0.26572982
 4709.5  3.00000000  0.90823215  0.32331881  0.96406467 -0.26572982
 4709.6  3.00000000  0.90823215  0.32331881  0.96406467 -0.26572982
 4709.7  3.00000000  0.90823215  0.32331881  0.96406467 -0.26572982
 4709.8  3.00000000  0.90823215  0.32331881  0.96406467 -0.26572982
 4709.9  3.00000000  0.90823215  0.32331881  0.96406467 -0.26572982
 4710.0  3.00000000  0.90823215  0.32331881  0.96406467 -0.26572982
 4710.1  3.00000000  0.90823215  0.32331881  0.96406467 -0.26572982
 4710.2  3.00000000  0.90823215  0.32331881  0.96406467 -0.26572982
 4710.3  3.00000000  0.90823215  0.32331881  0.96406467 -0.26572982
 4710.4  3.00000000  0.90823215  0.32331881  0.96406467 -0.26572982
 4710.5  3.00000000  0.90823215  0.32331881  0.96406467 -0.26572982
 4710.6  3.00000000  0.90823215  0.32331881  0.96406467 -0.26572982
 4710.7  3.00000000  0.90823215  0.32331881  0.96406467 -0.26572982
 4710.8  3.00000000  0.90823215  0.32331881  0.96406467 -0.26572982
 4710.9  3.00000000  0.90823215  0.32331881  0.96406467 -0.26572982
 4711.0  3.00000000  0.90823215  0.32331881  0.96406467 -0.26572982
 4711.1  3.00000000  0.90823215  0.32331881  0.96406467 -0.26572982
 4711.2  3.00000000  0.90823215  0.32331881  0.96406467 -0.26572982
 4711.3  3.00000000  0.90823215  0.32331881  0.96406467 -0.26572982
 4711.4  3.00000000  0.90823215  0.32331881  0.96406467 -0.26572982
 4711.5  3.00000000  0.90823215  0.32331881  0.96406467 -0.26572982
 4711.6  3.00000000  0.90823215  0.32331881  0.96406467 -0.26572982
 4711.7  3.00000000  0.90823215  0.32331881  0.96406467 -0.26572982
 4711.8  3.00000000  0.90823215  0.32331881  0.96406467 -0.26572982
 4711.9  3.00000000  0.90823215  0.32331881  0.96406467 -0.26572982
 4712.0  3.00000000  0.90823215  0.32331881  0.96406467 -0.26572982
 4712.1  3.00000000  0.90823215  0.32331881  0.96406467 -0.26572982
 4712.2  3.00000000  0.90823215  0.32331881  0.96406467 -0.26572982
 4712.3  3.00000000  0.90823215  0.32331881  0.96406467 -0.26572982
 4712.4  3.00000000  0.90823215  0.32331881  0.96406467 -0.26572982
 4712.5  3.00000000  0.90823215  0.32331881  0.96406467 -0.26572982
 4712.6  3.00000000  0.90823215  0.32331881  0.96406467 -0.26572982
 4712.7  3.00000000  0.90823215  0.32331881  0.96406467 -0.26572982
 4712.8  3.00000000  0.90823215  0.32331881  0.96406467 -0.26572982
 4712.9  3.00000000  0.90823215  0.32331881  0.96406467 -0.26572982
 4713.0  3.00000000  0.90823215  0.32331881  0.96406467 -0.26572982
 4713.1  3.00000000  0.90823215  0.32331881  0.96406467 -0.26572982
 4713.2  3.00000000  0.90823215  0.32331881  0.96406467 -0.26572982
 4713.3  3.00000000  0.90823215  0.32331881  0.96406467 -0.26572982
 4713.4  3.00000000  0.90823215  0.32331881  0.96406467 -0.26572982
 4713.5  3.00000000  0.90823215  0.32331881  0.96406467 -0.26572982
 4713.6  3.00000000  0.90823215  0.32331881  0.96406467 -0.26572982
 4713.7  3.00000000  0.90823215  0.32331881  0.96406467 -0.26572982
 4713.8  3.00000000  0.90823215  0.32331881  0.96406467 -0.26572982
 4713.9  3.00000000  0.90823215  0.32331881  0.96406467 -0.26572982
 4714.0  3.00000000  0.90823215  0.32331881  0.96406467 -0.26572982
 4714.1  3.00000000  0.90823215  0.32331881  0.96406467 -0.26572982
 4714.2  3.00000000  0.90823215  0.32331881  0.96406467 -0.26572982
 4714.3  3.00000000  0.90823215  0.32331881  0.96406467 -0.26572982
 4714.4  3.00000000  0.90823215  0.32331881  0.96406467 -0.26572982
 4714.5  3.00000000  0.90823215  0.32331881  0.96406467 -0.26572982
 4714.6  3.00000000  0.90823215  0.32331881  0.96406467 -0.26572982
 4714.7  3.00000000  0.90823215  0.32331881  0.96406467 -0.26572982
 4714.8  3.00000000  0.90823215  0.32331881  0.96406467 -0.26572982
 4714.9  3.00000000  0.90823215  0.32331881  0.96406467 -0.26572982
 4715.0  3.00000000  0.90823215  0.32331881  0.96406467 -0.26572982
 4715.1  3.00000000  0.90823215  0.32331881  0.96406467 -0.26572982
 4715.2  3.00000000  0.90823215  0.32331881  0.96406467 -0.26572982
 4715.3  3.00000000  0.90823215  0.32331881  0.96406467 -0.26572982
 4715.4  3.00000000  0.90823215  0.32331881  0.96406467 -0.26572982
 4715.5  3.00000000  0.90823215  0.32331881  0.96406467 -0.26572982
 4715.6  3.00000000  0.90823215  0.32331881  0.96406467 -0.26572982
 4715.7  3.00000000  0.90823215  0.32331881  0.96406467 -0.26572982
 4715.8  3.00000000  0.90823215  0.32331881  0.96406467 -0.26572982
 4715.9  3.00000000  0.90823215  0.32331881  0.96406467 -0.26572982
 4716.0  3.00000000  0.90823215  0.32331881  0.96406467 -0.26572982
 4716.1  3.00000000  0.90823215  0.32331881  0.96406467 -0.26572982
 4716.2  3.00000000  0.90823215  0.32331881  0.96406467 -0.26572982
 4716.3  3.00000000  0.90823215  0.32331881  0.96406467 -0.26572982
 4716.4  3.00000000  0.90823215  0.32331881  0.96406467 -0.26572982
 4716.5  3.00000000  0.90823215  0.32331881  0.96406467 -0.26572982
 4716.6  3.00000000  0.90823215  0.32331881  0.96406467 -0.26572982
 4716.7  3.00000000  0.90823215  0.32331881  0.96406467 -0.26572982
 4716.8  3.00000000  0.90823215  0.32331881  0.96406467 -0.26572982
 4716.9  3.00000000  0.90823215  0.32331881  0.96406467 -0.26572982
 4717.0  3.00000000  0.90823215  0.32331881  0.96406467 -0.26572982
 4717.1  3.00000000  0.90823215  0.32331881  0.96406467 -0.26572982
 4717.2  3.00000000  0.90823215  0.32331881  0.96406467 -0.26572982
 4717.3  3.00000000  0.90823215  0.32331881  0.96406467 -0.26572982
 4717.4  3.00000000  0.90823215  0.32331881  0.96406467 -0.26572982
 4717.5  3.00000000  0.90823215  0.32331881  0.96406467 -0.26572982
 4717.6  3.00000000  0.90823215  0.32331881  0.96406467 -0.26572982
 4717.7  3.00000000  0.90823215  0.32331881  0.96406467 -0.26572982
 4717.8  3.00000000  0.90823215  0.32331881  0.96406467 -0.26572982
 4717.9  3.00000000  0.90823215  0.32331881  0.96406467 -0.26572982
 4718.0  3.00000000  0.90823215  0.32331881  0.96406467 -0.26572982
 4718.1  3.00000000  0.90823215  0.32331881  0.96406467 -0.26572982
 4718.2  3.00000000  0.90823215  0.32331881  0.96406467 -0.26572982
 4718.3  3.00000000  0.90823215  0.32331881  0.96406467 -0.26572982
 4718.4  3.00000000  0.90823215  0.32331881  0.96406467 -0.26572982
 4718.5  3.00000000  0.90823215  0.32331881  0.96406467 -0.26572982
 4718.6  3.00000000  0.90823215  0.32331881  0.96406467 -0.26572982
 4718.7  3.00000000  0.90823215  0.32331881  0.96406467 -0.26572982
 4718.8  3.00000000  0.90823215  0.32331881  0.96406467 -0.26572982
 4718.9  3.00000000  0.90823215  0.32331881  0.96406467 -0.26572982
 4719.0  3.00000000  0.90823215  0.32331881  0.96406467 -0.26572982
 4719.1  3.00000000  0.90823215  0.32331881  0.96406467 -0.26572982
 4719.2  3.00000000  0.90823215  0.32331881  0.96406467 -0.26572982
 4719.3  3.00000000  0.90823215  0.32331881  0.96406467 -0.26572982
 4719.4  3.00000000  0.90823215  0.32331881  0.96406467 -0.26572982
 4719.5  3.00000000  0.90823215  0.32331881  0.96406467 -0.26572982
 4719.6  3.00000000  0.90823215  0.32331881  0.96406467 -0.26572982
 4719.7  3.00000000  0.90823215  0.32331881  0.96406467 -0.26572982
 4719.8  3.00000000  0.90823215  0.32331881  0.96406467 -0.26572982
 4719.9  3.00000000  0.90823215  0.32331881  0.96406467 -0.26572982
